# iteration  lambda_u  lambda_ut  lambda_r
0.000000e+00 7.739470e+00 3.378030e+00 1.739852e+00
1.000000e+02 1.486902e+01 4.207078e+00 1.438743e+00
2.000000e+02 2.219193e+01 6.137789e+00 1.262605e+00
3.000000e+02 5.940537e+01 1.009295e+01 1.131110e+00
4.000000e+02 9.992683e+01 1.380516e+01 1.089852e+00
5.000000e+02 1.494776e+02 1.155420e+01 1.102826e+00
6.000000e+02 1.965054e+02 1.296950e+01 1.089553e+00
7.000000e+02 2.774221e+02 1.423079e+01 1.079768e+00
8.000000e+02 3.297028e+02 1.330659e+01 1.084815e+00
9.000000e+02 3.777745e+02 1.242406e+01 1.090674e+00
1.000000e+03 5.168459e+02 1.082618e+01 1.104123e+00
1.100000e+03 8.008047e+02 1.399473e+01 1.078405e+00
1.200000e+03 6.492335e+02 1.097997e+01 1.102068e+00
1.300000e+03 1.035910e+03 1.332654e+01 1.082255e+00
1.400000e+03 1.067670e+03 1.030151e+01 1.108659e+00
1.500000e+03 1.416102e+03 1.252809e+01 1.087579e+00
1.600000e+03 1.551485e+03 1.277017e+01 1.085720e+00
1.700000e+03 1.570052e+03 1.495767e+01 1.072377e+00
1.800000e+03 1.873055e+03 1.342837e+01 1.081085e+00
1.900000e+03 2.168951e+03 1.505919e+01 1.071657e+00
2.000000e+03 1.936135e+03 1.256436e+01 1.087083e+00
2.100000e+03 2.406504e+03 1.537870e+01 1.070023e+00
2.200000e+03 2.607130e+03 1.485182e+01 1.072634e+00
2.300000e+03 2.617423e+03 1.473409e+01 1.073251e+00
2.400000e+03 2.651567e+03 1.438181e+01 1.075164e+00
2.500000e+03 2.921923e+03 1.543226e+01 1.069681e+00
2.600000e+03 2.844413e+03 1.534682e+01 1.070104e+00
2.700000e+03 2.972170e+03 1.635111e+01 1.065524e+00
2.800000e+03 3.222900e+03 1.704059e+01 1.062692e+00
2.900000e+03 3.074295e+03 1.658165e+01 1.064547e+00
3.000000e+03 3.606987e+03 1.827324e+01 1.058203e+00
3.100000e+03 3.361717e+03 1.685550e+01 1.063406e+00
3.200000e+03 3.665135e+03 1.929943e+01 1.054950e+00
3.300000e+03 3.688606e+03 1.870855e+01 1.056773e+00
3.400000e+03 3.839017e+03 1.970738e+01 1.053744e+00
3.500000e+03 4.222046e+03 2.047262e+01 1.051616e+00
3.600000e+03 4.096582e+03 2.069266e+01 1.051050e+00
3.700000e+03 4.380246e+03 2.254643e+01 1.046661e+00
3.800000e+03 5.005323e+03 2.547771e+01 1.041070e+00
3.900000e+03 4.913816e+03 2.484221e+01 1.042163e+00
4.000000e+03 5.092994e+03 2.590711e+01 1.040362e+00
4.100000e+03 5.814568e+03 3.000860e+01 1.034657e+00
4.200000e+03 5.126397e+03 2.513929e+01 1.041638e+00
4.300000e+03 5.248827e+03 2.455770e+01 1.042656e+00
4.400000e+03 5.329611e+03 2.622742e+01 1.039842e+00
4.500000e+03 5.725976e+03 2.908408e+01 1.035795e+00
4.600000e+03 5.856137e+03 2.782147e+01 1.037467e+00
4.700000e+03 5.722682e+03 2.838448e+01 1.036705e+00
4.800000e+03 6.201431e+03 3.465045e+01 1.029888e+00
4.900000e+03 6.315223e+03 3.296622e+01 1.031451e+00
5.000000e+03 6.117936e+03 3.202040e+01 1.032411e+00
5.100000e+03 5.810520e+03 2.713138e+01 1.038454e+00
5.200000e+03 6.450577e+03 3.046626e+01 1.034103e+00
5.300000e+03 6.370509e+03 3.354849e+01 1.030890e+00
5.400000e+03 6.481727e+03 3.245872e+01 1.031952e+00
5.500000e+03 6.849942e+03 3.459104e+01 1.029925e+00
5.600000e+03 6.358531e+03 3.291529e+01 1.031500e+00
5.700000e+03 6.111401e+03 3.056351e+01 1.034000e+00
5.800000e+03 6.732581e+03 3.491076e+01 1.029647e+00
5.900000e+03 6.419570e+03 3.031054e+01 1.034284e+00
6.000000e+03 6.139134e+03 3.226363e+01 1.032160e+00
6.100000e+03 6.545252e+03 3.298191e+01 1.031430e+00
6.200000e+03 6.461961e+03 3.153908e+01 1.032910e+00
6.300000e+03 7.466408e+03 3.532940e+01 1.029271e+00
6.400000e+03 6.507909e+03 3.462793e+01 1.029900e+00
6.500000e+03 6.482668e+03 3.286821e+01 1.031543e+00
6.600000e+03 6.577405e+03 3.423346e+01 1.030252e+00
6.700000e+03 6.502999e+03 3.430760e+01 1.030186e+00
6.800000e+03 6.727416e+03 3.477673e+01 1.029764e+00
6.900000e+03 6.470752e+03 3.302706e+01 1.031388e+00
7.000000e+03 6.485772e+03 3.326126e+01 1.031161e+00
7.100000e+03 6.501906e+03 3.313249e+01 1.031285e+00
7.200000e+03 5.898512e+03 2.966529e+01 1.035067e+00
7.300000e+03 6.143207e+03 3.099333e+01 1.033515e+00
7.400000e+03 6.539438e+03 3.358091e+01 1.030855e+00
7.500000e+03 6.208669e+03 3.189858e+01 1.032536e+00
7.600000e+03 6.371066e+03 3.080637e+01 1.033718e+00
7.700000e+03 6.483022e+03 3.390800e+01 1.030552e+00
7.800000e+03 6.999420e+03 3.502994e+01 1.029537e+00
7.900000e+03 6.320112e+03 3.444736e+01 1.030066e+00
8.000000e+03 6.598254e+03 3.228788e+01 1.032123e+00
8.100000e+03 6.355903e+03 3.202475e+01 1.032400e+00
8.200000e+03 6.355118e+03 3.103035e+01 1.033468e+00
8.300000e+03 6.363196e+03 3.018045e+01 1.034438e+00
8.400000e+03 6.275611e+03 3.253108e+01 1.031884e+00
8.500000e+03 6.473884e+03 3.418056e+01 1.030302e+00
8.600000e+03 6.489323e+03 3.301936e+01 1.031395e+00
8.700000e+03 6.035746e+03 2.841876e+01 1.036649e+00
8.800000e+03 6.450023e+03 3.333270e+01 1.031093e+00
8.900000e+03 6.484661e+03 3.203528e+01 1.032386e+00
9.000000e+03 6.562927e+03 3.511350e+01 1.029475e+00
9.100000e+03 6.402083e+03 3.130450e+01 1.033165e+00
9.200000e+03 6.049479e+03 3.127742e+01 1.033204e+00
9.300000e+03 6.896017e+03 3.453381e+01 1.029974e+00
9.400000e+03 5.902729e+03 3.059857e+01 1.033967e+00
9.500000e+03 6.204358e+03 3.136959e+01 1.033100e+00
9.600000e+03 6.600985e+03 3.230952e+01 1.032101e+00
9.700000e+03 5.988593e+03 3.104041e+01 1.033467e+00
9.800000e+03 6.140066e+03 2.806726e+01 1.037120e+00
9.900000e+03 5.788398e+03 3.034783e+01 1.034259e+00
1.000000e+04 6.418402e+03 3.150033e+01 1.032953e+00
1.010000e+04 5.841426e+03 2.982733e+01 1.034873e+00
1.020000e+04 6.765777e+03 3.402051e+01 1.030441e+00
1.030000e+04 6.409440e+03 3.157191e+01 1.032876e+00
1.040000e+04 6.114242e+03 2.990154e+01 1.034775e+00
1.050000e+04 6.356039e+03 3.274614e+01 1.031667e+00
1.060000e+04 6.310143e+03 3.329387e+01 1.031134e+00
1.070000e+04 6.433277e+03 3.284167e+01 1.031571e+00
1.080000e+04 6.581809e+03 3.278460e+01 1.031623e+00
1.090000e+04 6.413663e+03 3.111517e+01 1.033372e+00
1.100000e+04 6.407687e+03 3.320802e+01 1.031214e+00
1.110000e+04 6.242408e+03 3.434855e+01 1.030156e+00
1.120000e+04 5.761501e+03 3.038710e+01 1.034214e+00
1.130000e+04 6.080204e+03 3.091079e+01 1.033608e+00
1.140000e+04 6.387384e+03 3.163718e+01 1.032807e+00
1.150000e+04 6.326470e+03 3.055259e+01 1.034007e+00
1.160000e+04 5.926658e+03 2.923983e+01 1.035592e+00
1.170000e+04 6.415408e+03 3.200470e+01 1.032419e+00
1.180000e+04 6.126338e+03 3.122851e+01 1.033256e+00
1.190000e+04 6.128900e+03 3.254624e+01 1.031873e+00
1.200000e+04 6.093006e+03 2.889598e+01 1.036024e+00
1.210000e+04 6.166909e+03 3.079613e+01 1.033735e+00
1.220000e+04 6.383319e+03 3.087067e+01 1.033645e+00
1.230000e+04 6.277377e+03 3.188482e+01 1.032548e+00
1.240000e+04 5.917800e+03 2.927833e+01 1.035544e+00
1.250000e+04 5.903922e+03 2.929074e+01 1.035529e+00
1.260000e+04 6.226378e+03 3.167354e+01 1.032773e+00
1.270000e+04 6.132791e+03 2.866242e+01 1.036325e+00
1.280000e+04 6.247329e+03 3.137941e+01 1.033088e+00
1.290000e+04 6.253955e+03 3.169907e+01 1.032745e+00
1.300000e+04 5.957734e+03 3.055145e+01 1.034019e+00
1.310000e+04 5.941622e+03 3.078336e+01 1.033756e+00
1.320000e+04 6.300138e+03 3.174638e+01 1.032694e+00
1.330000e+04 6.192620e+03 3.270226e+01 1.031715e+00
1.340000e+04 6.119050e+03 3.114803e+01 1.033344e+00
1.350000e+04 6.294810e+03 3.476837e+01 1.029782e+00
1.360000e+04 5.944527e+03 3.001481e+01 1.034645e+00
1.370000e+04 6.066788e+03 3.056511e+01 1.034000e+00
1.380000e+04 6.107568e+03 3.015970e+01 1.034469e+00
1.390000e+04 6.194110e+03 3.243801e+01 1.031981e+00
1.400000e+04 6.111819e+03 3.139640e+01 1.033073e+00
1.410000e+04 6.381057e+03 3.242641e+01 1.031987e+00
1.420000e+04 6.382995e+03 3.304451e+01 1.031373e+00
1.430000e+04 6.525595e+03 3.235416e+01 1.032057e+00
1.440000e+04 5.914997e+03 3.098820e+01 1.033527e+00
1.450000e+04 6.158218e+03 3.154929e+01 1.032907e+00
1.460000e+04 5.973472e+03 2.979380e+01 1.034909e+00
1.470000e+04 6.231029e+03 2.901570e+01 1.035866e+00
1.480000e+04 6.423831e+03 3.161929e+01 1.032825e+00
1.490000e+04 6.515467e+03 3.123388e+01 1.033239e+00
1.500000e+04 6.278586e+03 3.042846e+01 1.034151e+00
1.510000e+04 6.214610e+03 3.177105e+01 1.032670e+00
1.520000e+04 6.029353e+03 2.975041e+01 1.034960e+00
1.530000e+04 6.165138e+03 3.214119e+01 1.032285e+00
1.540000e+04 6.336053e+03 3.179026e+01 1.032646e+00
1.550000e+04 6.408137e+03 3.082670e+01 1.033694e+00
1.560000e+04 6.205489e+03 3.166497e+01 1.032782e+00
1.570000e+04 6.697531e+03 3.092484e+01 1.033576e+00
1.580000e+04 6.369010e+03 3.213881e+01 1.032282e+00
1.590000e+04 6.439958e+03 3.272978e+01 1.031681e+00
1.600000e+04 5.769816e+03 2.993393e+01 1.034747e+00
1.610000e+04 6.500380e+03 3.132140e+01 1.033144e+00
1.620000e+04 6.149644e+03 3.156343e+01 1.032892e+00
1.630000e+04 6.010486e+03 3.077237e+01 1.033766e+00
1.640000e+04 6.194005e+03 3.374730e+01 1.030708e+00
1.650000e+04 6.335714e+03 3.099880e+01 1.033503e+00
1.660000e+04 6.074287e+03 3.120648e+01 1.033281e+00
1.670000e+04 6.453179e+03 3.306195e+01 1.031354e+00
1.680000e+04 6.291430e+03 3.425156e+01 1.030242e+00
1.690000e+04 6.123116e+03 3.039970e+01 1.034189e+00
1.700000e+04 6.279102e+03 3.279631e+01 1.031620e+00
1.710000e+04 6.410806e+03 3.274535e+01 1.031667e+00
1.720000e+04 6.517604e+03 3.348858e+01 1.030943e+00
1.730000e+04 6.385771e+03 3.348885e+01 1.030946e+00
1.740000e+04 6.140043e+03 3.290435e+01 1.031517e+00
1.750000e+04 5.889958e+03 2.851032e+01 1.036532e+00
1.760000e+04 5.801220e+03 3.106420e+01 1.033446e+00
1.770000e+04 5.957616e+03 3.037955e+01 1.034217e+00
1.780000e+04 5.933162e+03 3.033527e+01 1.034269e+00
1.790000e+04 6.488023e+03 3.280656e+01 1.031604e+00
1.800000e+04 6.010322e+03 2.989747e+01 1.034783e+00
1.810000e+04 6.184178e+03 3.201695e+01 1.032413e+00
1.820000e+04 6.461474e+03 3.275214e+01 1.031659e+00
1.830000e+04 6.302837e+03 2.961791e+01 1.035113e+00
1.840000e+04 6.174651e+03 3.348195e+01 1.030958e+00
1.850000e+04 6.299466e+03 3.235335e+01 1.032064e+00
1.860000e+04 5.805328e+03 2.902618e+01 1.035866e+00
1.870000e+04 6.235027e+03 3.327868e+01 1.031151e+00
1.880000e+04 6.248441e+03 3.144725e+01 1.033015e+00
1.890000e+04 6.204772e+03 3.268016e+01 1.031737e+00
1.900000e+04 6.110859e+03 2.976089e+01 1.034945e+00
1.910000e+04 6.154627e+03 3.171609e+01 1.032730e+00
1.920000e+04 6.495468e+03 3.281593e+01 1.031595e+00
1.930000e+04 6.189578e+03 3.227873e+01 1.032143e+00
1.940000e+04 6.218346e+03 3.203479e+01 1.032393e+00
1.950000e+04 6.448058e+03 3.425986e+01 1.030231e+00
1.960000e+04 6.365012e+03 3.089016e+01 1.033624e+00
1.970000e+04 6.203338e+03 3.152616e+01 1.032931e+00
1.980000e+04 6.494434e+03 3.278759e+01 1.031623e+00
1.990000e+04 6.391890e+03 3.253779e+01 1.031875e+00
2.000000e+04 6.142142e+03 3.082194e+01 1.033706e+00
2.010000e+04 6.277514e+03 3.089190e+01 1.033624e+00
2.020000e+04 6.310352e+03 3.294297e+01 1.031474e+00
2.030000e+04 6.090631e+03 3.123277e+01 1.033252e+00
2.040000e+04 6.086378e+03 3.139960e+01 1.033070e+00
2.050000e+04 6.574305e+03 3.394490e+01 1.030515e+00
2.060000e+04 5.995969e+03 3.076412e+01 1.033776e+00
2.070000e+04 6.347633e+03 2.960850e+01 1.035123e+00
2.080000e+04 6.302616e+03 3.055689e+01 1.034003e+00
2.090000e+04 6.106115e+03 3.146480e+01 1.032999e+00
2.100000e+04 6.246352e+03 3.099695e+01 1.033508e+00
2.110000e+04 6.266734e+03 3.035849e+01 1.034232e+00
2.120000e+04 6.016710e+03 2.843780e+01 1.036625e+00
2.130000e+04 6.514867e+03 3.114820e+01 1.033333e+00
2.140000e+04 6.120507e+03 3.092365e+01 1.033593e+00
2.150000e+04 6.236995e+03 3.138047e+01 1.033087e+00
2.160000e+04 5.705527e+03 2.716384e+01 1.038410e+00
2.170000e+04 5.989312e+03 2.980284e+01 1.034898e+00
2.180000e+04 6.127813e+03 2.977848e+01 1.034923e+00
2.190000e+04 6.524249e+03 3.444632e+01 1.030061e+00
2.200000e+04 6.419327e+03 3.196726e+01 1.032458e+00
2.210000e+04 6.380587e+03 3.118362e+01 1.033298e+00
2.220000e+04 6.503050e+03 3.097483e+01 1.033525e+00
2.230000e+04 6.129581e+03 3.151117e+01 1.032949e+00
2.240000e+04 6.318993e+03 3.243022e+01 1.031985e+00
2.250000e+04 5.959792e+03 2.868225e+01 1.036304e+00
2.260000e+04 6.069446e+03 3.020005e+01 1.034423e+00
2.270000e+04 6.515586e+03 3.598280e+01 1.028748e+00
2.280000e+04 6.464090e+03 3.282781e+01 1.031584e+00
2.290000e+04 6.435334e+03 3.182371e+01 1.032608e+00
2.300000e+04 5.908511e+03 3.008536e+01 1.034563e+00
2.310000e+04 6.277436e+03 3.276331e+01 1.031652e+00
2.320000e+04 6.306044e+03 3.053555e+01 1.034027e+00
2.330000e+04 6.339127e+03 3.289987e+01 1.031516e+00
2.340000e+04 5.961804e+03 2.985147e+01 1.034840e+00
2.350000e+04 6.241719e+03 3.236393e+01 1.032054e+00
2.360000e+04 6.234868e+03 3.070094e+01 1.033840e+00
2.370000e+04 6.526871e+03 3.191197e+01 1.032513e+00
2.380000e+04 6.256715e+03 3.264137e+01 1.031774e+00
2.390000e+04 6.172850e+03 3.176858e+01 1.032673e+00
2.400000e+04 5.701946e+03 2.826850e+01 1.036861e+00
2.410000e+04 6.245639e+03 2.987948e+01 1.034798e+00
2.420000e+04 6.280007e+03 3.238206e+01 1.032035e+00
2.430000e+04 6.530062e+03 3.147052e+01 1.032982e+00
2.440000e+04 6.309737e+03 3.318973e+01 1.031234e+00
2.450000e+04 6.263231e+03 3.342085e+01 1.031014e+00
2.460000e+04 6.627968e+03 3.310241e+01 1.031311e+00
2.470000e+04 6.132695e+03 3.171695e+01 1.032729e+00
2.480000e+04 6.073050e+03 2.993669e+01 1.034734e+00
2.490000e+04 6.436129e+03 3.183477e+01 1.032596e+00
2.500000e+04 6.629409e+03 3.430173e+01 1.030189e+00
2.510000e+04 6.095931e+03 2.909551e+01 1.035769e+00
2.520000e+04 5.879773e+03 2.871906e+01 1.036259e+00
2.530000e+04 6.095666e+03 3.192131e+01 1.032515e+00
2.540000e+04 6.016718e+03 2.909499e+01 1.035772e+00
2.550000e+04 6.864703e+03 3.306119e+01 1.031345e+00
2.560000e+04 6.372834e+03 3.093293e+01 1.033576e+00
2.570000e+04 6.078805e+03 3.084544e+01 1.033682e+00
2.580000e+04 6.229566e+03 3.292039e+01 1.031499e+00
2.590000e+04 5.852346e+03 3.165486e+01 1.032804e+00
2.600000e+04 5.882270e+03 2.807025e+01 1.037124e+00
2.610000e+04 6.151796e+03 3.025994e+01 1.034350e+00
2.620000e+04 6.294184e+03 3.073420e+01 1.033801e+00
2.630000e+04 6.289858e+03 3.259526e+01 1.031820e+00
2.640000e+04 6.255202e+03 2.962304e+01 1.035108e+00
2.650000e+04 5.940615e+03 2.888299e+01 1.036045e+00
2.660000e+04 6.415243e+03 3.274026e+01 1.031672e+00
2.670000e+04 6.174700e+03 3.178645e+01 1.032655e+00
2.680000e+04 5.997189e+03 3.164795e+01 1.032806e+00
2.690000e+04 6.308229e+03 3.153269e+01 1.032921e+00
2.700000e+04 6.386768e+03 3.279105e+01 1.031622e+00
2.710000e+04 6.414301e+03 3.247025e+01 1.031942e+00
2.720000e+04 6.307316e+03 3.026131e+01 1.034344e+00
2.730000e+04 6.061058e+03 3.219514e+01 1.032232e+00
2.740000e+04 6.559556e+03 3.288873e+01 1.031521e+00
2.750000e+04 6.458358e+03 3.046673e+01 1.034102e+00
2.760000e+04 5.861634e+03 3.091588e+01 1.033609e+00
2.770000e+04 6.083491e+03 2.886790e+01 1.036060e+00
2.780000e+04 6.170066e+03 2.889816e+01 1.036019e+00
2.790000e+04 6.015480e+03 2.975415e+01 1.034956e+00
2.800000e+04 6.151548e+03 3.077808e+01 1.033755e+00
2.810000e+04 5.974852e+03 2.999255e+01 1.034671e+00
2.820000e+04 6.112317e+03 3.032561e+01 1.034275e+00
2.830000e+04 6.343001e+03 3.329606e+01 1.031131e+00
2.840000e+04 5.710750e+03 2.947176e+01 1.035310e+00
2.850000e+04 6.239366e+03 3.371948e+01 1.030733e+00
2.860000e+04 6.276099e+03 3.006997e+01 1.034570e+00
2.870000e+04 6.417278e+03 3.185921e+01 1.032571e+00
2.880000e+04 6.681872e+03 3.271655e+01 1.031689e+00
2.890000e+04 6.236181e+03 3.234697e+01 1.032072e+00
2.900000e+04 6.195503e+03 3.259152e+01 1.031826e+00
2.910000e+04 6.646586e+03 3.446844e+01 1.030039e+00
2.920000e+04 6.278352e+03 3.097254e+01 1.033534e+00
2.930000e+04 6.144820e+03 2.974851e+01 1.034959e+00
2.940000e+04 5.999606e+03 2.849063e+01 1.036555e+00
2.950000e+04 6.183214e+03 3.074577e+01 1.033791e+00
2.960000e+04 6.189308e+03 3.096502e+01 1.033545e+00
2.970000e+04 6.597788e+03 3.305717e+01 1.031355e+00
2.980000e+04 6.452944e+03 3.338152e+01 1.031047e+00
2.990000e+04 5.962846e+03 3.054121e+01 1.034030e+00
3.000000e+04 5.725104e+03 2.798117e+01 1.037251e+00
3.010000e+04 5.951334e+03 2.931950e+01 1.035491e+00
3.020000e+04 6.593209e+03 3.389291e+01 1.030563e+00
3.030000e+04 6.440248e+03 3.309554e+01 1.031322e+00
3.040000e+04 6.016173e+03 3.326278e+01 1.031172e+00
3.050000e+04 6.186701e+03 3.116873e+01 1.033319e+00
3.060000e+04 5.940207e+03 2.993003e+01 1.034746e+00
3.070000e+04 6.404372e+03 3.177947e+01 1.032656e+00
3.080000e+04 5.979646e+03 2.928079e+01 1.035539e+00
3.090000e+04 6.459715e+03 3.159918e+01 1.032846e+00
3.100000e+04 6.229616e+03 2.960076e+01 1.035136e+00
3.110000e+04 6.139340e+03 2.912732e+01 1.035727e+00
3.120000e+04 5.948618e+03 3.165666e+01 1.032799e+00
3.130000e+04 6.141227e+03 2.956029e+01 1.035188e+00
3.140000e+04 5.685411e+03 2.892240e+01 1.036002e+00
3.150000e+04 6.309457e+03 3.241471e+01 1.032001e+00
3.160000e+04 6.169623e+03 3.138187e+01 1.033087e+00
3.170000e+04 6.610676e+03 3.381936e+01 1.030630e+00
3.180000e+04 6.647833e+03 3.384676e+01 1.030604e+00
3.190000e+04 5.915023e+03 3.000311e+01 1.034660e+00
3.200000e+04 6.594088e+03 3.269681e+01 1.031710e+00
3.210000e+04 6.083954e+03 2.912946e+01 1.035726e+00
3.220000e+04 6.114879e+03 3.278526e+01 1.031635e+00
3.230000e+04 6.254922e+03 2.867412e+01 1.036307e+00
3.240000e+04 6.297901e+03 3.110446e+01 1.033387e+00
3.250000e+04 6.063476e+03 3.123934e+01 1.033246e+00
3.260000e+04 6.199851e+03 3.106912e+01 1.033429e+00
3.270000e+04 5.813135e+03 2.675683e+01 1.039010e+00
3.280000e+04 6.612849e+03 3.229580e+01 1.032114e+00
3.290000e+04 6.344087e+03 3.152574e+01 1.032927e+00
3.300000e+04 6.064163e+03 2.985739e+01 1.034830e+00
3.310000e+04 6.338894e+03 3.075376e+01 1.033778e+00
3.320000e+04 6.329228e+03 3.123528e+01 1.033243e+00
3.330000e+04 6.004527e+03 3.260884e+01 1.031814e+00
3.340000e+04 6.194493e+03 3.138283e+01 1.033086e+00
3.350000e+04 6.226566e+03 2.945824e+01 1.035311e+00
3.360000e+04 6.436392e+03 3.359634e+01 1.030843e+00
3.370000e+04 6.061400e+03 2.764372e+01 1.037710e+00
3.380000e+04 6.278626e+03 3.047210e+01 1.034101e+00
3.390000e+04 5.943470e+03 2.998264e+01 1.034683e+00
3.400000e+04 6.397735e+03 3.255456e+01 1.031857e+00
3.410000e+04 6.133368e+03 3.094688e+01 1.033567e+00
3.420000e+04 6.083138e+03 3.085876e+01 1.033667e+00
3.430000e+04 6.342900e+03 3.127345e+01 1.033201e+00
3.440000e+04 6.533322e+03 3.118074e+01 1.033297e+00
3.450000e+04 6.048776e+03 3.050084e+01 1.034074e+00
3.460000e+04 6.398566e+03 3.109355e+01 1.033397e+00
3.470000e+04 6.242065e+03 3.362402e+01 1.030823e+00
3.480000e+04 6.376741e+03 3.320239e+01 1.031220e+00
3.490000e+04 5.946915e+03 2.986222e+01 1.034827e+00
3.500000e+04 5.834652e+03 2.789734e+01 1.037363e+00
3.510000e+04 6.332110e+03 3.153501e+01 1.032918e+00
3.520000e+04 6.244774e+03 3.125105e+01 1.033228e+00
3.530000e+04 6.424690e+03 3.319955e+01 1.031222e+00
3.540000e+04 6.476147e+03 3.315054e+01 1.031268e+00
3.550000e+04 6.193086e+03 3.116157e+01 1.033327e+00
3.560000e+04 6.281824e+03 3.063439e+01 1.033915e+00
3.570000e+04 6.390550e+03 3.151278e+01 1.032940e+00
3.580000e+04 6.526382e+03 3.066974e+01 1.033868e+00
3.590000e+04 6.388868e+03 3.130962e+01 1.033160e+00
3.600000e+04 6.302263e+03 3.150610e+01 1.032950e+00
3.610000e+04 6.761496e+03 3.469896e+01 1.029831e+00
3.620000e+04 6.105012e+03 3.084126e+01 1.033686e+00
3.630000e+04 6.263274e+03 3.331891e+01 1.031111e+00
3.640000e+04 6.188540e+03 3.206187e+01 1.032366e+00
3.650000e+04 6.650956e+03 3.206627e+01 1.032349e+00
3.660000e+04 5.912378e+03 2.832686e+01 1.036776e+00
3.670000e+04 6.071508e+03 3.085730e+01 1.033669e+00
3.680000e+04 6.097560e+03 3.033819e+01 1.034261e+00
3.690000e+04 5.826810e+03 2.792221e+01 1.037329e+00
3.700000e+04 6.271633e+03 3.145029e+01 1.033011e+00
3.710000e+04 6.151973e+03 3.166421e+01 1.032785e+00
3.720000e+04 6.062350e+03 3.028156e+01 1.034328e+00
3.730000e+04 6.126116e+03 2.952802e+01 1.035228e+00
3.740000e+04 5.909480e+03 3.175776e+01 1.032693e+00
3.750000e+04 6.452778e+03 3.338150e+01 1.031047e+00
3.760000e+04 6.139311e+03 3.053750e+01 1.034029e+00
3.770000e+04 6.043023e+03 3.041068e+01 1.034178e+00
3.780000e+04 6.275148e+03 3.065996e+01 1.033886e+00
3.790000e+04 6.468995e+03 3.311925e+01 1.031298e+00
3.800000e+04 6.280428e+03 3.087757e+01 1.033640e+00
3.810000e+04 6.098334e+03 3.230873e+01 1.032115e+00
3.820000e+04 5.988723e+03 2.989254e+01 1.034790e+00
3.830000e+04 6.089068e+03 3.247868e+01 1.031942e+00
3.840000e+04 6.059000e+03 3.058921e+01 1.033973e+00
3.850000e+04 6.691612e+03 3.518880e+01 1.029408e+00
3.860000e+04 6.055958e+03 3.052645e+01 1.034045e+00
3.870000e+04 5.896249e+03 3.006717e+01 1.034585e+00
3.880000e+04 6.093158e+03 3.138187e+01 1.033090e+00
3.890000e+04 6.192247e+03 3.029663e+01 1.034306e+00
3.900000e+04 6.199020e+03 3.190807e+01 1.032526e+00
3.910000e+04 6.497866e+03 3.354814e+01 1.030887e+00
3.920000e+04 6.343229e+03 3.256073e+01 1.031853e+00
3.930000e+04 6.025000e+03 3.135607e+01 1.033119e+00
3.940000e+04 6.428508e+03 3.343554e+01 1.030996e+00
3.950000e+04 6.078215e+03 3.099441e+01 1.033515e+00
3.960000e+04 5.962386e+03 2.961814e+01 1.035123e+00
3.970000e+04 5.869307e+03 3.108770e+01 1.033418e+00
3.980000e+04 6.105210e+03 2.876268e+01 1.036195e+00
3.990000e+04 5.741118e+03 3.036168e+01 1.034244e+00
4.000000e+04 6.407329e+03 3.085637e+01 1.033660e+00
4.010000e+04 6.309376e+03 3.310413e+01 1.031317e+00
4.020000e+04 6.100328e+03 2.930518e+01 1.035505e+00
4.030000e+04 6.051525e+03 2.806350e+01 1.037128e+00
4.040000e+04 6.006489e+03 3.206311e+01 1.032370e+00
4.050000e+04 6.117775e+03 3.046597e+01 1.034112e+00
4.060000e+04 5.888521e+03 2.974080e+01 1.034976e+00
4.070000e+04 6.102113e+03 3.072267e+01 1.033819e+00
4.080000e+04 6.112488e+03 3.077093e+01 1.033765e+00
4.090000e+04 6.261363e+03 3.260730e+01 1.031808e+00
4.100000e+04 5.868545e+03 3.060974e+01 1.033955e+00
4.110000e+04 6.123642e+03 3.055776e+01 1.034007e+00
4.120000e+04 6.378572e+03 3.319087e+01 1.031231e+00
4.130000e+04 5.858763e+03 3.012849e+01 1.034513e+00
4.140000e+04 6.289586e+03 3.324488e+01 1.031182e+00
4.150000e+04 6.375603e+03 3.054473e+01 1.034015e+00
4.160000e+04 6.617546e+03 3.362309e+01 1.030814e+00
4.170000e+04 5.999044e+03 3.031431e+01 1.034291e+00
4.180000e+04 5.903163e+03 3.085914e+01 1.033672e+00
4.190000e+04 5.985473e+03 3.113470e+01 1.033363e+00
4.200000e+04 6.326729e+03 3.038655e+01 1.034198e+00
4.210000e+04 5.855036e+03 2.998209e+01 1.034687e+00
4.220000e+04 6.618178e+03 3.492436e+01 1.029637e+00
4.230000e+04 6.058642e+03 2.968720e+01 1.035036e+00
4.240000e+04 5.701702e+03 2.833965e+01 1.036765e+00
4.250000e+04 6.354994e+03 3.190205e+01 1.032528e+00
4.260000e+04 5.745115e+03 2.786469e+01 1.037411e+00
4.270000e+04 6.369993e+03 3.147105e+01 1.032986e+00
4.280000e+04 6.335011e+03 2.993541e+01 1.034729e+00
4.290000e+04 6.235976e+03 3.204542e+01 1.032382e+00
4.300000e+04 5.762619e+03 2.666549e+01 1.039150e+00
4.310000e+04 6.599352e+03 3.259352e+01 1.031813e+00
4.320000e+04 6.723940e+03 3.199881e+01 1.032418e+00
4.330000e+04 6.066235e+03 3.198505e+01 1.032449e+00
4.340000e+04 5.975645e+03 2.968263e+01 1.035044e+00
4.350000e+04 6.079527e+03 2.944993e+01 1.035326e+00
4.360000e+04 6.046926e+03 3.267951e+01 1.031742e+00
4.370000e+04 5.696240e+03 3.011704e+01 1.034532e+00
4.380000e+04 6.172005e+03 3.068347e+01 1.033862e+00
4.390000e+04 5.774084e+03 2.890900e+01 1.036017e+00
4.400000e+04 6.382699e+03 3.148035e+01 1.032975e+00
4.410000e+04 6.294224e+03 3.016176e+01 1.034461e+00
4.420000e+04 5.995351e+03 3.156860e+01 1.032891e+00
4.430000e+04 6.180558e+03 3.169901e+01 1.032747e+00
4.440000e+04 6.547800e+03 3.202558e+01 1.032394e+00
4.450000e+04 6.086637e+03 3.152140e+01 1.032939e+00
4.460000e+04 6.436897e+03 3.294997e+01 1.031464e+00
4.470000e+04 6.173219e+03 2.999457e+01 1.034663e+00
4.480000e+04 6.225390e+03 3.022182e+01 1.034393e+00
4.490000e+04 6.265782e+03 2.946475e+01 1.035302e+00
4.500000e+04 6.541062e+03 3.397704e+01 1.030486e+00
4.510000e+04 6.242336e+03 3.051202e+01 1.034056e+00
4.520000e+04 6.311500e+03 3.063176e+01 1.033917e+00
4.530000e+04 6.661491e+03 3.234845e+01 1.032059e+00
4.540000e+04 6.289758e+03 2.873815e+01 1.036222e+00
4.550000e+04 5.843948e+03 2.916811e+01 1.035685e+00
4.560000e+04 6.026061e+03 2.820226e+01 1.036940e+00
4.570000e+04 6.615812e+03 3.314248e+01 1.031272e+00
4.580000e+04 6.096961e+03 3.053488e+01 1.034034e+00
4.590000e+04 5.776275e+03 2.874111e+01 1.036234e+00
4.600000e+04 6.394428e+03 3.231052e+01 1.032105e+00
4.610000e+04 6.127950e+03 3.192972e+01 1.032505e+00
4.620000e+04 6.096261e+03 3.193554e+01 1.032500e+00
4.630000e+04 5.952480e+03 3.219514e+01 1.032235e+00
4.640000e+04 6.198170e+03 3.116796e+01 1.033320e+00
4.650000e+04 6.251884e+03 3.187654e+01 1.032557e+00
4.660000e+04 6.339001e+03 3.134607e+01 1.033121e+00
4.670000e+04 6.647785e+03 3.449081e+01 1.030019e+00
4.680000e+04 6.097913e+03 3.148242e+01 1.032981e+00
4.690000e+04 6.145659e+03 2.800197e+01 1.037209e+00
4.700000e+04 6.413393e+03 3.109882e+01 1.033390e+00
4.710000e+04 6.030957e+03 2.984373e+01 1.034847e+00
4.720000e+04 5.702649e+03 2.791956e+01 1.037336e+00
4.730000e+04 6.198936e+03 3.198974e+01 1.032441e+00
4.740000e+04 5.813058e+03 2.917151e+01 1.035681e+00
4.750000e+04 6.291077e+03 3.319160e+01 1.031233e+00
4.760000e+04 5.922755e+03 3.179410e+01 1.032654e+00
4.770000e+04 6.157385e+03 3.020192e+01 1.034418e+00
4.780000e+04 6.247503e+03 3.362030e+01 1.030826e+00
4.790000e+04 6.230933e+03 3.175930e+01 1.032682e+00
4.800000e+04 6.206746e+03 2.995336e+01 1.034711e+00
4.810000e+04 5.986293e+03 2.900681e+01 1.035885e+00
4.820000e+04 6.143030e+03 3.189500e+01 1.032541e+00
4.830000e+04 6.334252e+03 3.322913e+01 1.031196e+00
4.840000e+04 6.092628e+03 3.164810e+01 1.032803e+00
4.850000e+04 6.080769e+03 2.961331e+01 1.035125e+00
4.860000e+04 6.031584e+03 2.964345e+01 1.035090e+00
4.870000e+04 5.958405e+03 3.029154e+01 1.034319e+00
4.880000e+04 5.916544e+03 2.832947e+01 1.036772e+00
4.890000e+04 6.263642e+03 3.022298e+01 1.034390e+00
4.900000e+04 6.064498e+03 3.126893e+01 1.033213e+00
4.910000e+04 6.667610e+03 3.568612e+01 1.028989e+00
4.920000e+04 6.150514e+03 3.137541e+01 1.033095e+00
4.930000e+04 6.448036e+03 3.384977e+01 1.030606e+00
4.940000e+04 6.097395e+03 3.028031e+01 1.034328e+00
4.950000e+04 6.023540e+03 3.028232e+01 1.034328e+00
4.960000e+04 6.181532e+03 3.060054e+01 1.033956e+00
4.970000e+04 6.194298e+03 3.101414e+01 1.033490e+00
4.980000e+04 6.257220e+03 3.096462e+01 1.033543e+00
4.990000e+04 6.644252e+03 3.340130e+01 1.031023e+00
5.000000e+04 6.078942e+03 3.053754e+01 1.034031e+00
5.010000e+04 6.081776e+03 3.249313e+01 1.031928e+00
5.020000e+04 6.314317e+03 3.028011e+01 1.034322e+00
5.030000e+04 6.005426e+03 3.253467e+01 1.031888e+00
5.040000e+04 6.149640e+03 3.180637e+01 1.032634e+00
5.050000e+04 5.936080e+03 3.002671e+01 1.034631e+00
5.060000e+04 6.096644e+03 2.999186e+01 1.034668e+00
5.070000e+04 6.029820e+03 3.047871e+01 1.034100e+00
5.080000e+04 5.955172e+03 3.110361e+01 1.033398e+00
5.090000e+04 5.947262e+03 3.045979e+01 1.034124e+00
5.100000e+04 6.451129e+03 2.980377e+01 1.034884e+00
5.110000e+04 6.256827e+03 3.368288e+01 1.030767e+00
5.120000e+04 6.290510e+03 3.139254e+01 1.033072e+00
5.130000e+04 6.111464e+03 3.002224e+01 1.034631e+00
5.140000e+04 6.260063e+03 3.355148e+01 1.030890e+00
5.150000e+04 6.112382e+03 3.106086e+01 1.033441e+00
5.160000e+04 6.316478e+03 3.601240e+01 1.028729e+00
5.170000e+04 6.575479e+03 3.380851e+01 1.030641e+00
5.180000e+04 6.351085e+03 3.232648e+01 1.032090e+00
5.190000e+04 6.138435e+03 3.049629e+01 1.034077e+00
5.200000e+04 6.266108e+03 2.982217e+01 1.034866e+00
5.210000e+04 6.386351e+03 3.254050e+01 1.031872e+00
5.220000e+04 6.232741e+03 3.120270e+01 1.033281e+00
5.230000e+04 5.935858e+03 2.819858e+01 1.036948e+00
5.240000e+04 6.312482e+03 3.310318e+01 1.031318e+00
5.250000e+04 6.073426e+03 3.071553e+01 1.033828e+00
5.260000e+04 6.066273e+03 3.118389e+01 1.033306e+00
5.270000e+04 6.127966e+03 3.198281e+01 1.032450e+00
5.280000e+04 6.577503e+03 3.494457e+01 1.029621e+00
5.290000e+04 6.130169e+03 3.097528e+01 1.033535e+00
5.300000e+04 6.617265e+03 3.271077e+01 1.031696e+00
5.310000e+04 6.271648e+03 3.191537e+01 1.032516e+00
5.320000e+04 6.318795e+03 3.341944e+01 1.031014e+00
5.330000e+04 5.971644e+03 3.019126e+01 1.034436e+00
5.340000e+04 6.154471e+03 3.363487e+01 1.030815e+00
5.350000e+04 6.102876e+03 3.286036e+01 1.031561e+00
5.360000e+04 5.865673e+03 2.911040e+01 1.035757e+00
5.370000e+04 6.196646e+03 3.282565e+01 1.031593e+00
5.380000e+04 6.138523e+03 3.160234e+01 1.032851e+00
5.390000e+04 5.816431e+03 2.932113e+01 1.035494e+00
5.400000e+04 6.270847e+03 3.007468e+01 1.034565e+00
5.410000e+04 6.043828e+03 3.037469e+01 1.034220e+00
5.420000e+04 6.254252e+03 2.892539e+01 1.035981e+00
5.430000e+04 5.984323e+03 3.032021e+01 1.034285e+00
5.440000e+04 6.494112e+03 3.126864e+01 1.033202e+00
5.450000e+04 6.257557e+03 3.323956e+01 1.031188e+00
5.460000e+04 6.314337e+03 3.203269e+01 1.032393e+00
5.470000e+04 6.331348e+03 3.153185e+01 1.032921e+00
5.480000e+04 6.333136e+03 3.056532e+01 1.033992e+00
5.490000e+04 5.894402e+03 3.038149e+01 1.034217e+00
5.500000e+04 6.135617e+03 3.321833e+01 1.031212e+00
5.510000e+04 6.081465e+03 3.077614e+01 1.033760e+00
5.520000e+04 6.609994e+03 3.265227e+01 1.031754e+00
5.530000e+04 6.432140e+03 3.302855e+01 1.031388e+00
5.540000e+04 6.175430e+03 2.999306e+01 1.034664e+00
5.550000e+04 5.888999e+03 3.108507e+01 1.033420e+00
5.560000e+04 6.038313e+03 2.901764e+01 1.035869e+00
5.570000e+04 6.144787e+03 2.919152e+01 1.035646e+00
5.580000e+04 6.394348e+03 3.213112e+01 1.032289e+00
5.590000e+04 6.418472e+03 3.294114e+01 1.031473e+00
5.600000e+04 5.977470e+03 3.326017e+01 1.031176e+00
5.610000e+04 5.671475e+03 3.009339e+01 1.034561e+00
5.620000e+04 6.253246e+03 3.250846e+01 1.031908e+00
5.630000e+04 6.103483e+03 3.257973e+01 1.031840e+00
5.640000e+04 6.236867e+03 2.969378e+01 1.035022e+00
5.650000e+04 6.045408e+03 3.293418e+01 1.031490e+00
5.660000e+04 5.827566e+03 3.053550e+01 1.034041e+00
5.670000e+04 5.939192e+03 3.144242e+01 1.033029e+00
5.680000e+04 6.302854e+03 3.111943e+01 1.033371e+00
5.690000e+04 6.208493e+03 3.307960e+01 1.031344e+00
5.700000e+04 5.709898e+03 2.971627e+01 1.035011e+00
5.710000e+04 5.881267e+03 3.086053e+01 1.033671e+00
5.720000e+04 5.795200e+03 2.795568e+01 1.037284e+00
5.730000e+04 6.302119e+03 3.200677e+01 1.032420e+00
5.740000e+04 6.073672e+03 3.208939e+01 1.032341e+00
5.750000e+04 6.227561e+03 3.365854e+01 1.030790e+00
5.760000e+04 6.025714e+03 2.984755e+01 1.034843e+00
5.770000e+04 5.829462e+03 3.041784e+01 1.034176e+00
5.780000e+04 6.319223e+03 3.320761e+01 1.031217e+00
5.790000e+04 5.958915e+03 2.983384e+01 1.034861e+00
5.800000e+04 6.572880e+03 3.189099e+01 1.032534e+00
5.810000e+04 5.994149e+03 3.004905e+01 1.034603e+00
5.820000e+04 6.302705e+03 2.998719e+01 1.034668e+00
5.830000e+04 6.383333e+03 3.212105e+01 1.032300e+00
5.840000e+04 6.057114e+03 3.026964e+01 1.034342e+00
5.850000e+04 6.160909e+03 3.210940e+01 1.032318e+00
5.860000e+04 6.259259e+03 3.166983e+01 1.032776e+00
5.870000e+04 6.125813e+03 3.098958e+01 1.033519e+00
5.880000e+04 5.825218e+03 2.986445e+01 1.034828e+00
5.890000e+04 6.026552e+03 3.143818e+01 1.033031e+00
5.900000e+04 5.959178e+03 2.910895e+01 1.035756e+00
5.910000e+04 6.088727e+03 3.077584e+01 1.033760e+00
5.920000e+04 6.049381e+03 2.954264e+01 1.035212e+00
5.930000e+04 5.913940e+03 2.950386e+01 1.035264e+00
5.940000e+04 6.101373e+03 3.116450e+01 1.033327e+00
5.950000e+04 6.081908e+03 3.166190e+01 1.032789e+00
5.960000e+04 5.857032e+03 2.880948e+01 1.036142e+00
5.970000e+04 6.118508e+03 3.220123e+01 1.032224e+00
5.980000e+04 6.327437e+03 3.066142e+01 1.033883e+00
5.990000e+04 6.012234e+03 3.025263e+01 1.034363e+00
6.000000e+04 6.184076e+03 3.272412e+01 1.031694e+00
6.010000e+04 6.097057e+03 2.929336e+01 1.035520e+00
6.020000e+04 6.144081e+03 3.125924e+01 1.033221e+00
6.030000e+04 5.956535e+03 2.817870e+01 1.036974e+00
6.040000e+04 5.908198e+03 3.087647e+01 1.033652e+00
6.050000e+04 6.433789e+03 3.228049e+01 1.032134e+00
6.060000e+04 6.231637e+03 3.069488e+01 1.033847e+00
6.070000e+04 5.877213e+03 2.727441e+01 1.038243e+00
6.080000e+04 6.239691e+03 3.304161e+01 1.031380e+00
6.090000e+04 5.963521e+03 2.925362e+01 1.035574e+00
6.100000e+04 5.969577e+03 2.979438e+01 1.034908e+00
6.110000e+04 6.259404e+03 3.196716e+01 1.032463e+00
6.120000e+04 6.371292e+03 3.239267e+01 1.032022e+00
6.130000e+04 5.894569e+03 3.233321e+01 1.032096e+00
6.140000e+04 6.168311e+03 3.194466e+01 1.032489e+00
6.150000e+04 5.681460e+03 2.876084e+01 1.036211e+00
6.160000e+04 6.287791e+03 3.271898e+01 1.031696e+00
6.170000e+04 6.385498e+03 3.132434e+01 1.033144e+00
6.180000e+04 6.474155e+03 3.401725e+01 1.030451e+00
6.190000e+04 6.296117e+03 3.176145e+01 1.032678e+00
6.200000e+04 6.148518e+03 3.136379e+01 1.033108e+00
6.210000e+04 6.314053e+03 3.217702e+01 1.032244e+00
6.220000e+04 5.824970e+03 2.767208e+01 1.037677e+00
6.230000e+04 5.890274e+03 3.063470e+01 1.033926e+00
6.240000e+04 5.830859e+03 2.912002e+01 1.035746e+00
6.250000e+04 6.015015e+03 3.139118e+01 1.033082e+00
6.260000e+04 6.458537e+03 3.173232e+01 1.032704e+00
6.270000e+04 6.276313e+03 3.143179e+01 1.033030e+00
6.280000e+04 6.203885e+03 3.249807e+01 1.031920e+00
6.290000e+04 6.240939e+03 3.325449e+01 1.031174e+00
6.300000e+04 6.393520e+03 3.232792e+01 1.032087e+00
6.310000e+04 5.962536e+03 2.955783e+01 1.035196e+00
6.320000e+04 5.740429e+03 2.955601e+01 1.035205e+00
6.330000e+04 6.315816e+03 3.099113e+01 1.033512e+00
6.340000e+04 6.542780e+03 3.235644e+01 1.032054e+00
6.350000e+04 6.312020e+03 3.098682e+01 1.033517e+00
6.360000e+04 6.026731e+03 2.789778e+01 1.037356e+00
6.370000e+04 6.059005e+03 2.828704e+01 1.036825e+00
6.380000e+04 5.939667e+03 2.872779e+01 1.036246e+00
6.390000e+04 5.898248e+03 2.925299e+01 1.035576e+00
6.400000e+04 6.197151e+03 3.038850e+01 1.034199e+00
6.410000e+04 5.725036e+03 2.973971e+01 1.034982e+00
6.420000e+04 6.005299e+03 3.007759e+01 1.034569e+00
6.430000e+04 6.005825e+03 3.107891e+01 1.033424e+00
6.440000e+04 5.992311e+03 3.036440e+01 1.034233e+00
6.450000e+04 6.087968e+03 2.960326e+01 1.035137e+00
6.460000e+04 5.991287e+03 3.167890e+01 1.032774e+00
6.470000e+04 6.106842e+03 3.227249e+01 1.032151e+00
6.480000e+04 5.820983e+03 2.992055e+01 1.034761e+00
6.490000e+04 6.004755e+03 3.044897e+01 1.034135e+00
6.500000e+04 5.817839e+03 3.020962e+01 1.034419e+00
6.510000e+04 5.869195e+03 3.048301e+01 1.034100e+00
6.520000e+04 6.275421e+03 3.271301e+01 1.031702e+00
6.530000e+04 6.201140e+03 3.170654e+01 1.032738e+00
6.540000e+04 6.025647e+03 3.073926e+01 1.033803e+00
6.550000e+04 6.304225e+03 3.118295e+01 1.033301e+00
6.560000e+04 6.066991e+03 3.197110e+01 1.032464e+00
6.570000e+04 5.786756e+03 2.956482e+01 1.035193e+00
6.580000e+04 6.235981e+03 3.329586e+01 1.031134e+00
6.590000e+04 6.435423e+03 3.420881e+01 1.030277e+00
6.600000e+04 6.053180e+03 3.152438e+01 1.032937e+00
6.610000e+04 6.027895e+03 3.105377e+01 1.033451e+00
6.620000e+04 6.179760e+03 3.227089e+01 1.032151e+00
6.630000e+04 6.355409e+03 3.264485e+01 1.031768e+00
6.640000e+04 5.992741e+03 2.956199e+01 1.035190e+00
6.650000e+04 6.170937e+03 3.068135e+01 1.033864e+00
6.660000e+04 5.900096e+03 3.026107e+01 1.034356e+00
6.670000e+04 6.289158e+03 3.214745e+01 1.032275e+00
6.680000e+04 6.448127e+03 3.370947e+01 1.030737e+00
6.690000e+04 6.158568e+03 3.279185e+01 1.031627e+00
6.700000e+04 6.132783e+03 3.000627e+01 1.034650e+00
6.710000e+04 6.044210e+03 2.889522e+01 1.036026e+00
6.720000e+04 6.378297e+03 3.178336e+01 1.032652e+00
6.730000e+04 6.438146e+03 3.162707e+01 1.032817e+00
6.740000e+04 5.911812e+03 3.114423e+01 1.033354e+00
6.750000e+04 5.865545e+03 2.991292e+01 1.034769e+00
6.760000e+04 5.919955e+03 2.865004e+01 1.036348e+00
6.770000e+04 5.604254e+03 2.761543e+01 1.037764e+00
6.780000e+04 5.927032e+03 3.128200e+01 1.033203e+00
6.790000e+04 5.940697e+03 3.179106e+01 1.032656e+00
6.800000e+04 6.255836e+03 3.133301e+01 1.033138e+00
6.810000e+04 6.554460e+03 3.220028e+01 1.032214e+00
6.820000e+04 5.996432e+03 3.206559e+01 1.032368e+00
6.830000e+04 5.826360e+03 2.877261e+01 1.036191e+00
6.840000e+04 5.927170e+03 3.123499e+01 1.033254e+00
6.850000e+04 6.216191e+03 3.191727e+01 1.032516e+00
6.860000e+04 6.049873e+03 3.079782e+01 1.033736e+00
6.870000e+04 5.994260e+03 3.102420e+01 1.033485e+00
6.880000e+04 5.836343e+03 2.887806e+01 1.036054e+00
6.890000e+04 6.546808e+03 3.362782e+01 1.030811e+00
6.900000e+04 6.014247e+03 3.069740e+01 1.033851e+00
6.910000e+04 6.004411e+03 3.022397e+01 1.034397e+00
6.920000e+04 5.993604e+03 3.124261e+01 1.033244e+00
6.930000e+04 6.318956e+03 2.983789e+01 1.034846e+00
6.940000e+04 6.046999e+03 3.018558e+01 1.034440e+00
6.950000e+04 6.332982e+03 3.252950e+01 1.031884e+00
6.960000e+04 6.426988e+03 3.501879e+01 1.029560e+00
6.970000e+04 6.340920e+03 3.283051e+01 1.031584e+00
6.980000e+04 5.865193e+03 2.968389e+01 1.035045e+00
6.990000e+04 6.315119e+03 3.127285e+01 1.033202e+00
7.000000e+04 6.042598e+03 3.071866e+01 1.033826e+00
7.010000e+04 6.325294e+03 3.421222e+01 1.030277e+00
7.020000e+04 5.893894e+03 3.030282e+01 1.034308e+00
7.030000e+04 6.057210e+03 3.043775e+01 1.034147e+00
7.040000e+04 6.236717e+03 3.392336e+01 1.030544e+00
7.050000e+04 6.108595e+03 3.033171e+01 1.034268e+00
7.060000e+04 6.296327e+03 3.069743e+01 1.033843e+00
7.070000e+04 5.785070e+03 2.815822e+01 1.037007e+00
7.080000e+04 6.051188e+03 2.944543e+01 1.035332e+00
7.090000e+04 6.222894e+03 3.237861e+01 1.032040e+00
7.100000e+04 5.967398e+03 2.925598e+01 1.035570e+00
7.110000e+04 6.175116e+03 3.186876e+01 1.032568e+00
7.120000e+04 6.138994e+03 3.151798e+01 1.032941e+00
7.130000e+04 6.121775e+03 2.983661e+01 1.034853e+00
7.140000e+04 6.099318e+03 3.099771e+01 1.033511e+00
7.150000e+04 5.902319e+03 2.999790e+01 1.034667e+00
7.160000e+04 6.214962e+03 3.090766e+01 1.033608e+00
7.170000e+04 6.096823e+03 3.160182e+01 1.032853e+00
7.180000e+04 6.188453e+03 3.004012e+01 1.034608e+00
7.190000e+04 6.021817e+03 3.007020e+01 1.034577e+00
7.200000e+04 6.081145e+03 3.142118e+01 1.033047e+00
7.210000e+04 6.478823e+03 3.265184e+01 1.031758e+00
7.220000e+04 6.282560e+03 3.012480e+01 1.034505e+00
7.230000e+04 6.040265e+03 3.178733e+01 1.032657e+00
7.240000e+04 6.461456e+03 3.173155e+01 1.032705e+00
7.250000e+04 6.174097e+03 2.917435e+01 1.035667e+00
7.260000e+04 6.049891e+03 2.892357e+01 1.035989e+00
7.270000e+04 6.479844e+03 3.302918e+01 1.031386e+00
7.280000e+04 6.093941e+03 3.001127e+01 1.034645e+00
7.290000e+04 5.912370e+03 3.086618e+01 1.033663e+00
7.300000e+04 5.829719e+03 3.193223e+01 1.032512e+00
7.310000e+04 6.060443e+03 2.800555e+01 1.037207e+00
7.320000e+04 6.299219e+03 3.214581e+01 1.032276e+00
7.330000e+04 5.898589e+03 3.078044e+01 1.033760e+00
7.340000e+04 6.112906e+03 3.273175e+01 1.031688e+00
7.350000e+04 6.059028e+03 3.105368e+01 1.033450e+00
7.360000e+04 6.054669e+03 3.125445e+01 1.033229e+00
7.370000e+04 6.052726e+03 3.137494e+01 1.033098e+00
7.380000e+04 5.879768e+03 3.065474e+01 1.033903e+00
7.390000e+04 6.231672e+03 2.883841e+01 1.036094e+00
7.400000e+04 6.281861e+03 3.122235e+01 1.033258e+00
7.410000e+04 6.038233e+03 3.209282e+01 1.032338e+00
7.420000e+04 6.083469e+03 3.130627e+01 1.033172e+00
7.430000e+04 5.884269e+03 3.171507e+01 1.032739e+00
7.440000e+04 5.909792e+03 2.975971e+01 1.034952e+00
7.450000e+04 5.733943e+03 2.973940e+01 1.034982e+00
7.460000e+04 6.014878e+03 3.035507e+01 1.034243e+00
7.470000e+04 5.986266e+03 2.895710e+01 1.035948e+00
7.480000e+04 6.175712e+03 3.071823e+01 1.033822e+00
7.490000e+04 6.059558e+03 3.026385e+01 1.034348e+00
7.500000e+04 6.343527e+03 3.199485e+01 1.032431e+00
7.510000e+04 5.756195e+03 3.133592e+01 1.033150e+00
7.520000e+04 6.052350e+03 3.155224e+01 1.032907e+00
7.530000e+04 6.393263e+03 3.243244e+01 1.031981e+00
7.540000e+04 6.160109e+03 3.124864e+01 1.033233e+00
7.550000e+04 6.607550e+03 3.237156e+01 1.032037e+00
7.560000e+04 6.165145e+03 3.326591e+01 1.031165e+00
7.570000e+04 6.308387e+03 3.288764e+01 1.031529e+00
7.580000e+04 6.416563e+03 3.129529e+01 1.033175e+00
7.590000e+04 6.623834e+03 3.450299e+01 1.030008e+00
7.600000e+04 5.952695e+03 2.852055e+01 1.036517e+00
7.610000e+04 6.237970e+03 3.213591e+01 1.032288e+00
7.620000e+04 6.038038e+03 3.333953e+01 1.031098e+00
7.630000e+04 5.810069e+03 2.892454e+01 1.035995e+00
7.640000e+04 6.321403e+03 3.048191e+01 1.034088e+00
7.650000e+04 6.214519e+03 3.019573e+01 1.034424e+00
7.660000e+04 6.217880e+03 3.075542e+01 1.033779e+00
7.670000e+04 6.032760e+03 3.007155e+01 1.034575e+00
7.680000e+04 5.804230e+03 2.915015e+01 1.035709e+00
7.690000e+04 6.201203e+03 3.242257e+01 1.031996e+00
7.700000e+04 6.525075e+03 3.125771e+01 1.033213e+00
7.710000e+04 5.992653e+03 3.023943e+01 1.034379e+00
7.720000e+04 6.069571e+03 2.849004e+01 1.036554e+00
7.730000e+04 6.660097e+03 3.548345e+01 1.029158e+00
7.740000e+04 6.132566e+03 2.957521e+01 1.035170e+00
7.750000e+04 6.512234e+03 3.585939e+01 1.028849e+00
7.760000e+04 5.664918e+03 2.753418e+01 1.037877e+00
7.770000e+04 5.777895e+03 2.910285e+01 1.035769e+00
7.780000e+04 6.122202e+03 3.000150e+01 1.034656e+00
7.790000e+04 5.941096e+03 2.952741e+01 1.035234e+00
7.800000e+04 5.906392e+03 2.908191e+01 1.035792e+00
7.810000e+04 6.145385e+03 3.326379e+01 1.031167e+00
7.820000e+04 6.346892e+03 3.005345e+01 1.034588e+00
7.830000e+04 5.808937e+03 3.009300e+01 1.034557e+00
7.840000e+04 6.631296e+03 3.462413e+01 1.029901e+00
7.850000e+04 6.028176e+03 3.301234e+01 1.031414e+00
7.860000e+04 5.915015e+03 3.078026e+01 1.033760e+00
7.870000e+04 6.104348e+03 3.121259e+01 1.033274e+00
7.880000e+04 5.818727e+03 2.876060e+01 1.036207e+00
7.890000e+04 6.110851e+03 3.005269e+01 1.034595e+00
7.900000e+04 5.726997e+03 2.826346e+01 1.036867e+00
7.910000e+04 5.882784e+03 3.090983e+01 1.033615e+00
7.920000e+04 6.115612e+03 3.074443e+01 1.033795e+00
7.930000e+04 6.430926e+03 3.274813e+01 1.031663e+00
7.940000e+04 6.323973e+03 3.101585e+01 1.033485e+00
7.950000e+04 5.994758e+03 3.038131e+01 1.034214e+00
7.960000e+04 6.121450e+03 3.067981e+01 1.033867e+00
7.970000e+04 6.239081e+03 3.064919e+01 1.033899e+00
7.980000e+04 6.186514e+03 3.236237e+01 1.032058e+00
7.990000e+04 6.113547e+03 3.168288e+01 1.032766e+00
8.000000e+04 6.231657e+03 3.125343e+01 1.033225e+00
