7.631996e+03
6.340606e+03
1.567861e+03
2.484551e+00
1.954836e+00
6.838514e-01
1.702508e-01
9.850700e-02
9.037768e-02
1.019687e-02
7.650983e-03
6.478558e-03
5.948539e-03
4.644569e-03
4.407629e-03
4.083584e-03
3.671126e-03
3.242420e-03
3.077694e-03
2.860492e-03
2.572349e-03
2.396235e-03
2.308028e-03
2.178332e-03
2.143626e-03
1.995448e-03
1.876250e-03
1.793763e-03
1.708179e-03
1.608611e-03
1.534469e-03
1.499749e-03
1.438280e-03
1.384986e-03
1.258117e-03
1.249328e-03
1.232044e-03
1.200559e-03
1.195051e-03
1.119539e-03
1.087023e-03
1.083434e-03
1.062028e-03
1.011121e-03
9.777389e-04
9.661663e-04
9.474866e-04
9.201830e-04
8.974719e-04
8.743548e-04
8.609356e-04
8.492174e-04
8.451166e-04
8.134524e-04
7.903568e-04
7.739983e-04
7.666411e-04
7.610601e-04
7.539404e-04
7.302879e-04
7.048385e-04
6.917193e-04
6.899458e-04
6.804392e-04
6.642310e-04
6.506070e-04
6.412715e-04
6.329282e-04
6.262591e-04
6.087861e-04
5.978958e-04
5.925116e-04
5.829342e-04
5.718605e-04
5.670253e-04
5.612043e-04
5.549776e-04
5.485879e-04
5.392100e-04
5.377893e-04
5.301707e-04
5.162450e-04
5.118337e-04
5.027440e-04
4.993196e-04
4.920319e-04
4.828260e-04
4.803594e-04
4.772628e-04
4.699500e-04
4.638082e-04
4.623389e-04
4.579899e-04
4.461990e-04
4.418913e-04
4.362698e-04
4.297107e-04
4.236276e-04
4.174832e-04
4.105384e-04
4.082930e-04
4.053910e-04
3.998605e-04
3.982746e-04
3.953598e-04
3.949453e-04
3.897942e-04
3.857575e-04
3.782820e-04
3.727104e-04
3.697217e-04
3.680844e-04
3.636860e-04
3.568103e-04
3.564524e-04
3.519974e-04
3.481370e-04
3.467728e-04
3.436979e-04
3.358896e-04
3.348406e-04
3.270338e-04
3.243961e-04
3.190769e-04
3.179185e-04
3.121172e-04
3.100406e-04
3.041571e-04
3.006768e-04
2.977482e-04
2.942210e-04
2.922220e-04
2.858911e-04
2.847276e-04
2.712845e-04
2.695972e-04
2.671874e-04
2.643352e-04
2.629619e-04
2.582954e-04
2.571017e-04
2.539062e-04
2.489776e-04
2.455145e-04
2.378874e-04
2.358231e-04
2.305174e-04
2.282525e-04
2.271615e-04
2.236441e-04
2.219418e-04
2.179400e-04
2.149819e-04
2.096554e-04
2.067496e-04
2.026916e-04
1.973114e-04
1.959119e-04
1.928802e-04
1.921992e-04
1.881123e-04
1.856379e-04
1.804718e-04
1.785302e-04
1.778867e-04
1.726807e-04
1.678203e-04
1.665876e-04
1.650847e-04
1.620970e-04
1.558079e-04
1.534929e-04
1.490044e-04
1.466555e-04
1.426405e-04
1.414099e-04
1.380562e-04
1.296669e-04
1.284414e-04
1.267427e-04
1.231563e-04
1.192208e-04
1.161572e-04
1.145804e-04
1.119042e-04
1.100788e-04
1.087721e-04
1.062086e-04
1.045631e-04
9.781389e-05
9.548210e-05
9.299575e-05
9.170010e-05
8.756793e-05
8.597833e-05
8.248636e-05
7.736900e-05
7.597281e-05
7.278695e-05
6.999666e-05
6.592021e-05
6.150403e-05
5.632923e-05
5.245545e-05
4.839183e-05
4.420475e-05
4.217641e-05
3.954225e-05
3.749667e-05
3.039940e-05
2.961759e-05
2.522734e-05
2.305801e-05
1.452395e-05
1.243340e-05
9.863497e-06
1.221390e-06
6.792109e-08
-1.856327e-14
-3.917512e-06
-1.317746e-05
-1.718908e-05
-2.565727e-05
-3.354393e-05
-3.950777e-05
-4.444002e-05
-4.519089e-05
-5.605672e-05
-6.123009e-05
-6.447326e-05
-7.861044e-05
-8.166081e-05
-9.638070e-05
-1.067664e-04
-1.090129e-04
-1.133144e-04
-1.169060e-04
-1.319197e-04
-1.363290e-04
-1.490435e-04
-1.584652e-04
-1.664639e-04
-1.744042e-04
-1.789622e-04
-2.063097e-04
-2.108823e-04
-2.305697e-04
-2.666681e-04
-2.724497e-04
-2.779308e-04
-2.961249e-04
-3.078124e-04
-3.248765e-04
-3.382536e-04
-3.649586e-04
-3.829746e-04
-3.989863e-04
-4.235899e-04
-4.646602e-04
-4.781781e-04
-5.235901e-04
-5.358188e-04
-5.735445e-04
-6.112150e-04
-6.460485e-04
-6.642960e-04
-7.195951e-04
-7.972111e-04
-8.633243e-04
-8.920586e-04
-9.366308e-04
-9.938087e-04
-1.028315e-03
-1.145328e-03
-1.245696e-03
-1.255324e-03
-1.401852e-03
-1.425290e-03
-1.554155e-03
-1.850266e-03
-1.974880e-03
-2.080273e-03
-2.218670e-03
-2.513260e-03
-2.716957e-03
-2.877246e-03
-3.551389e-03
-3.874087e-03
-4.021437e-03
-4.425484e-03
-5.379122e-03
-6.451893e-03
-6.728625e-03
-7.499622e-03
-9.142924e-03
-9.612639e-03
-1.078436e-02
-1.410424e-02
-1.716955e-02
-1.889907e-02
