5.703257e+04
9.197710e+03
2.612706e+03
1.391498e+02
9.753018e+01
3.514624e+01
1.995421e+01
1.388284e+01
3.544244e+00
1.674983e+00
2.032855e-01
1.221396e-01
9.009010e-02
8.339030e-02
7.423864e-02
7.145593e-02
6.506228e-02
5.992165e-02
5.741389e-02
5.525057e-02
5.312466e-02
5.079336e-02
4.415972e-02
4.149960e-02
4.028029e-02
3.931739e-02
3.671101e-02
3.391894e-02
3.185588e-02
3.165249e-02
3.051284e-02
3.020734e-02
2.841195e-02
2.776289e-02
2.537271e-02
2.363112e-02
2.345935e-02
2.228857e-02
2.149879e-02
2.112428e-02
2.085623e-02
1.969014e-02
1.952543e-02
1.918297e-02
1.885806e-02
1.828149e-02
1.717898e-02
1.671431e-02
1.643148e-02
1.596665e-02
1.533447e-02
1.452605e-02
1.421217e-02
1.416071e-02
1.369737e-02
1.339744e-02
1.324871e-02
1.300109e-02
1.265007e-02
1.220367e-02
1.206858e-02
1.188001e-02
1.143679e-02
1.120617e-02
1.116518e-02
1.100740e-02
1.076301e-02
1.042172e-02
1.030442e-02
1.010601e-02
9.978573e-03
9.606361e-03
9.457390e-03
9.213987e-03
8.993246e-03
8.767815e-03
8.666646e-03
8.500472e-03
8.174151e-03
8.072519e-03
7.957167e-03
7.783211e-03
7.687765e-03
7.605003e-03
7.499727e-03
7.264175e-03
7.050776e-03
6.857578e-03
6.743233e-03
6.669334e-03
6.363728e-03
6.260346e-03
5.955915e-03
5.892706e-03
5.846305e-03
5.822783e-03
5.674610e-03
5.491484e-03
5.355699e-03
5.291598e-03
5.109858e-03
5.047949e-03
5.001683e-03
4.845568e-03
4.724690e-03
4.609971e-03
4.532818e-03
4.468668e-03
4.320266e-03
4.159413e-03
4.076950e-03
4.023264e-03
3.765868e-03
3.716324e-03
3.569290e-03
3.489465e-03
3.433707e-03
3.268990e-03
3.062702e-03
3.013024e-03
2.931429e-03
2.880534e-03
2.817217e-03
2.751602e-03
2.702609e-03
2.654834e-03
2.461144e-03
2.430237e-03
2.317085e-03
2.204073e-03
2.178968e-03
2.128623e-03
2.004110e-03
1.854346e-03
1.813256e-03
1.769328e-03
1.608555e-03
1.588523e-03
1.532346e-03
1.476377e-03
1.377118e-03
1.313363e-03
1.236329e-03
1.179054e-03
1.109559e-03
1.060807e-03
1.033594e-03
9.768661e-04
9.136361e-04
8.109846e-04
6.654002e-04
6.007850e-04
5.822589e-04
4.493743e-04
3.739478e-04
3.335352e-04
2.758222e-04
2.206100e-04
1.518309e-04
1.093776e-04
8.663311e-05
3.861676e-05
-6.011596e-05
-9.976417e-05
-1.177565e-04
-1.773574e-04
-2.351712e-04
-3.500222e-04
-4.944915e-04
-5.228833e-04
-6.629222e-04
-8.021797e-04
-8.740074e-04
-9.693700e-04
-9.911479e-04
-1.129231e-03
-1.213090e-03
-1.337933e-03
-1.374781e-03
-1.491978e-03
-1.582738e-03
-1.613712e-03
-1.688814e-03
-1.785792e-03
-1.881373e-03
-1.967611e-03
-2.044135e-03
-2.110553e-03
-2.256477e-03
-2.382595e-03
-2.509892e-03
-2.608526e-03
-2.711839e-03
-2.785129e-03
-2.845151e-03
-2.882212e-03
-2.961534e-03
-3.132522e-03
-3.219602e-03
-3.309634e-03
-3.449695e-03
-3.559701e-03
-3.617676e-03
-3.908155e-03
-4.018484e-03
-4.129256e-03
-4.285083e-03
-4.304296e-03
-4.473831e-03
-4.488285e-03
-4.762666e-03
-4.995921e-03
-5.078793e-03
-5.187580e-03
-5.341240e-03
-5.485901e-03
-5.682603e-03
-5.730672e-03
-5.855408e-03
-6.102496e-03
-6.305087e-03
-6.540647e-03
-6.656831e-03
-6.901103e-03
-6.986036e-03
-7.147499e-03
-7.328785e-03
-7.466860e-03
-7.669675e-03
-7.876236e-03
-8.076389e-03
-8.211335e-03
-8.475867e-03
-8.791921e-03
-8.895575e-03
-9.131793e-03
-9.486776e-03
-9.610655e-03
-9.866994e-03
-1.014326e-02
-1.015957e-02
-1.031366e-02
-1.092582e-02
-1.108855e-02
-1.118922e-02
-1.167913e-02
-1.174369e-02
-1.221920e-02
-1.242385e-02
-1.274789e-02
-1.314379e-02
-1.321407e-02
-1.353293e-02
-1.383332e-02
-1.440456e-02
-1.458097e-02
-1.507354e-02
-1.535303e-02
-1.555737e-02
-1.594084e-02
-1.599977e-02
-1.749270e-02
-1.773859e-02
-1.857773e-02
-1.886508e-02
-1.952987e-02
-2.012331e-02
-2.061245e-02
-2.098385e-02
-2.208569e-02
-2.267849e-02
-2.397590e-02
-2.411368e-02
-2.539912e-02
-2.620778e-02
-2.829671e-02
-2.852523e-02
-3.065648e-02
-3.141181e-02
-3.186771e-02
-3.360531e-02
-3.567930e-02
-3.644491e-02
-3.871778e-02
-4.121124e-02
-4.296806e-02
-4.860424e-02
-5.025481e-02
-5.350345e-02
-5.691116e-02
-6.030488e-02
-6.274407e-02
-6.528511e-02
-7.554269e-02
-8.377527e-02
-9.113258e-02
-9.460079e-02
-1.117955e-01
-1.227714e-01
-2.004315e-01
