9.123940e+07
6.944896e+07
5.293685e+07
1.782889e+07
3.734570e+06
3.189496e+06
2.615168e+06
2.477635e+06
2.215387e+06
1.963616e+06
1.820965e+06
1.735506e+06
1.550700e+06
1.457248e+06
1.401108e+06
1.333748e+06
1.271649e+06
1.145449e+06
1.090985e+06
1.073209e+06
9.671836e+05
9.244491e+05
9.114306e+05
8.813978e+05
8.651987e+05
7.991252e+05
7.736553e+05
7.194843e+05
7.116003e+05
6.898509e+05
6.566852e+05
6.256314e+05
5.991752e+05
5.879918e+05
5.488502e+05
5.370946e+05
5.239482e+05
4.839679e+05
4.765392e+05
4.523772e+05
4.425999e+05
4.325089e+05
4.084878e+05
3.845071e+05
3.727959e+05
3.576028e+05
3.533707e+05
3.288762e+05
3.146449e+05
2.894462e+05
2.857370e+05
2.795199e+05
2.630669e+05
2.618887e+05
2.433664e+05
2.334942e+05
2.236055e+05
2.187448e+05
2.099666e+05
2.017728e+05
1.933570e+05
1.825984e+05
1.737718e+05
1.715555e+05
1.682656e+05
1.600490e+05
1.561096e+05
1.485313e+05
1.467295e+05
1.387130e+05
1.340049e+05
1.313631e+05
1.303701e+05
1.269260e+05
1.243232e+05
1.192737e+05
1.117401e+05
1.094150e+05
1.081645e+05
1.030836e+05
9.961409e+04
9.736719e+04
9.475906e+04
8.949270e+04
8.846584e+04
8.311231e+04
8.233230e+04
8.053041e+04
7.712206e+04
7.372815e+04
7.071474e+04
6.593628e+04
6.333150e+04
6.250516e+04
6.207123e+04
6.110423e+04
5.529166e+04
5.278427e+04
5.243267e+04
4.828320e+04
4.757213e+04
4.601882e+04
4.534741e+04
4.389614e+04
4.170638e+04
3.957103e+04
3.809822e+04
3.670388e+04
3.598819e+04
3.528529e+04
3.435132e+04
3.164745e+04
3.103894e+04
3.029210e+04
2.932088e+04
2.844779e+04
2.771855e+04
2.626554e+04
2.606935e+04
2.514496e+04
2.392895e+04
2.358428e+04
2.308618e+04
2.218307e+04
2.093541e+04
2.051548e+04
1.975260e+04
1.837485e+04
1.807406e+04
1.740991e+04
1.669389e+04
1.575017e+04
1.555275e+04
1.544011e+04
1.444308e+04
1.410133e+04
1.379044e+04
1.317169e+04
1.305865e+04
1.264654e+04
1.222285e+04
1.156915e+04
1.111579e+04
1.090596e+04
1.076148e+04
1.024820e+04
9.738185e+03
9.241992e+03
9.146283e+03
8.878228e+03
8.549336e+03
8.363508e+03
8.200007e+03
7.699092e+03
7.586440e+03
7.213036e+03
7.080140e+03
6.785613e+03
6.624313e+03
6.461987e+03
6.408790e+03
6.166394e+03
5.750082e+03
5.567241e+03
5.189492e+03
4.944058e+03
4.890102e+03
4.803817e+03
4.715063e+03
4.478917e+03
4.384824e+03
4.333284e+03
4.095062e+03
4.014896e+03
3.897991e+03
3.852805e+03
3.694670e+03
3.595338e+03
3.391430e+03
3.204135e+03
3.125080e+03
3.046108e+03
2.957969e+03
2.737467e+03
2.626924e+03
2.549928e+03
2.467385e+03
2.358107e+03
2.333308e+03
2.270417e+03
2.137087e+03
2.010820e+03
1.998490e+03
1.924279e+03
1.872662e+03
1.825851e+03
1.757987e+03
1.651161e+03
1.634450e+03
1.558826e+03
1.445432e+03
1.420510e+03
1.392109e+03
1.325559e+03
1.283918e+03
1.234883e+03
1.183019e+03
1.109207e+03
1.011236e+03
9.973442e+02
9.789348e+02
8.876781e+02
8.567324e+02
8.351630e+02
8.063249e+02
7.688777e+02
7.589617e+02
7.271289e+02
6.932390e+02
6.411026e+02
6.311013e+02
5.932061e+02
5.754028e+02
5.436976e+02
5.183754e+02
5.014338e+02
4.794818e+02
4.710055e+02
4.460663e+02
4.249638e+02
3.940448e+02
3.797684e+02
3.768987e+02
3.653355e+02
3.396167e+02
3.278838e+02
3.178794e+02
3.110241e+02
3.064683e+02
2.854822e+02
2.561447e+02
2.391656e+02
2.362125e+02
2.226958e+02
2.137722e+02
2.087370e+02
1.883265e+02
1.833268e+02
1.729759e+02
1.656742e+02
1.610253e+02
1.555390e+02
1.504374e+02
1.395223e+02
1.328189e+02
1.283036e+02
1.210496e+02
1.191722e+02
1.135030e+02
1.073208e+02
1.003111e+02
9.230201e+01
9.142933e+01
8.829443e+01
8.647297e+01
7.652763e+01
7.028296e+01
6.869347e+01
5.876841e+01
5.541954e+01
5.081846e+01
4.814563e+01
4.281991e+01
4.129758e+01
3.722041e+01
3.342965e+01
2.937407e+01
2.729179e+01
2.598749e+01
1.821264e+01
1.555510e+01
1.328218e+01
1.109315e+01
1.024001e+01
5.440682e+00
2.503808e+00
2.209312e+00
-8.580067e-01
-4.830381e+00
-1.136526e+01
-1.459256e+01
-2.170650e+01
-2.487858e+01
-3.118896e+01
-3.895639e+01
-4.525395e+01
-7.806845e+01
-9.851074e+01
-1.104414e+02
-1.327607e+02
