6.852442e+06
1.842372e+06
3.599119e+05
2.246223e+05
2.092251e+05
1.434260e+05
1.238826e+05
7.365147e+04
5.463128e+04
3.068455e+04
2.049794e+04
1.382306e+04
6.354159e+03
5.442354e+03
2.281218e+03
1.689691e+03
5.830639e+02
3.409408e+02
1.751198e+02
1.109352e+02
9.043822e+01
4.625351e+01
3.635855e+01
3.306179e+01
1.922341e+01
1.565925e+01
1.411372e+01
1.313694e+01
1.075650e+01
1.059937e+01
9.493984e+00
9.136903e+00
8.697940e+00
8.488102e+00
7.806928e+00
7.551249e+00
6.968057e+00
6.504496e+00
6.083985e+00
5.925874e+00
5.679107e+00
5.556397e+00
5.269313e+00
5.195322e+00
4.919583e+00
4.815084e+00
4.488271e+00
4.377317e+00
4.278977e+00
4.130916e+00
4.066593e+00
3.978528e+00
3.741258e+00
3.503752e+00
3.369280e+00
3.349631e+00
3.324307e+00
3.107717e+00
3.028974e+00
2.989115e+00
2.838332e+00
2.751621e+00
2.682287e+00
2.613038e+00
2.587120e+00
2.471278e+00
2.333213e+00
2.276179e+00
2.213490e+00
2.116477e+00
2.035016e+00
1.975464e+00
1.916381e+00
1.848215e+00
1.821982e+00
1.760396e+00
1.731861e+00
1.705950e+00
1.672072e+00
1.551608e+00
1.529527e+00
1.427438e+00
1.408272e+00
1.377828e+00
1.338787e+00
1.276317e+00
1.210055e+00
1.177669e+00
1.109436e+00
1.075367e+00
1.042906e+00
1.016650e+00
1.006840e+00
9.521345e-01
9.283205e-01
9.153202e-01
8.589425e-01
8.390797e-01
7.928376e-01
7.652436e-01
7.596320e-01
7.340621e-01
6.952074e-01
6.723905e-01
6.602311e-01
6.457921e-01
6.319001e-01
6.135101e-01
5.897201e-01
5.704445e-01
5.547408e-01
5.418397e-01
5.222380e-01
4.911905e-01
4.854713e-01
4.765185e-01
4.643705e-01
4.496090e-01
4.374870e-01
4.121676e-01
4.000714e-01
3.838305e-01
3.766765e-01
3.637472e-01
3.443836e-01
3.263773e-01
3.142701e-01
3.090128e-01
3.026411e-01
2.882880e-01
2.810946e-01
2.734808e-01
2.644599e-01
2.537243e-01
2.444959e-01
2.396350e-01
2.251332e-01
2.150829e-01
2.140317e-01
2.012099e-01
1.863538e-01
1.789670e-01
1.779318e-01
1.707182e-01
1.633865e-01
1.580085e-01
1.554208e-01
1.504762e-01
1.371495e-01
1.312247e-01
1.302154e-01
1.207232e-01
1.146602e-01
1.114760e-01
9.583040e-02
9.002565e-02
8.238358e-02
7.743196e-02
7.566635e-02
6.864505e-02
6.046407e-02
5.592182e-02
5.126468e-02
4.183796e-02
4.054596e-02
3.812101e-02
3.172867e-02
2.898814e-02
2.175781e-02
1.834686e-02
5.208519e-03
1.742186e-03
7.720806e-12
-2.566744e-12
-1.767483e-11
-3.069278e-10
-2.839806e-03
-7.693165e-03
-9.599142e-03
-1.891263e-02
-2.331494e-02
-2.609033e-02
-3.261799e-02
-4.212881e-02
-4.451387e-02
-4.849607e-02
-5.289673e-02
-5.480297e-02
-6.059633e-02
-6.972227e-02
-7.652883e-02
-8.031021e-02
-9.221707e-02
-9.702270e-02
-1.047307e-01
-1.137619e-01
-1.213274e-01
-1.290568e-01
-1.386911e-01
-1.569767e-01
-1.648431e-01
-1.714103e-01
-1.807305e-01
-2.064011e-01
-2.157863e-01
-2.211630e-01
-2.315877e-01
-2.431596e-01
-2.652836e-01
-2.798345e-01
-2.810348e-01
-3.096369e-01
-3.230402e-01
-3.365086e-01
-3.532097e-01
-3.802056e-01
-3.927630e-01
-4.066427e-01
-4.538611e-01
-4.714813e-01
-4.899123e-01
-5.133853e-01
-5.338860e-01
-5.532094e-01
-5.648589e-01
-6.048120e-01
-6.262282e-01
-6.578616e-01
-6.945036e-01
-7.109483e-01
-7.276029e-01
-7.743223e-01
-8.389405e-01
-8.518126e-01
-9.153836e-01
-9.325896e-01
-9.394201e-01
-1.001192e+00
-1.038413e+00
-1.070077e+00
-1.116009e+00
-1.131097e+00
-1.221418e+00
-1.326667e+00
-1.347946e+00
-1.392989e+00
-1.435701e+00
-1.475390e+00
-1.491846e+00
-1.565325e+00
-1.606330e+00
-1.662772e+00
-1.763046e+00
-1.793536e+00
-1.815522e+00
-1.937141e+00
-1.992899e+00
-2.056775e+00
-2.157233e+00
-2.181309e+00
-2.299530e+00
-2.443065e+00
-2.533907e+00
-2.576424e+00
-2.655324e+00
-2.743563e+00
-2.802220e+00
-2.850753e+00
-2.892692e+00
-3.037464e+00
-3.116820e+00
-3.417043e+00
-3.521022e+00
-3.598533e+00
-3.794993e+00
-3.829915e+00
-4.114759e+00
-4.254311e+00
-4.373482e+00
-4.434764e+00
-4.764745e+00
-4.871412e+00
-5.062433e+00
-5.258535e+00
-5.295580e+00
-5.451956e+00
-5.705817e+00
-6.444330e+00
-6.560686e+00
-6.785747e+00
-7.542379e+00
-7.848767e+00
-9.306901e+00
-1.027500e+01
-1.033721e+01
-1.098104e+01
-1.233807e+01
-1.522869e+01
-1.752077e+01
-2.137554e+01
