6.588506e+06
1.687559e+06
3.894005e+05
3.256302e+05
2.320079e+05
1.685593e+05
1.231590e+05
6.079355e+04
4.199466e+04
3.004604e+04
1.802649e+04
1.505352e+04
6.689932e+03
5.046338e+03
2.139429e+03
1.529882e+03
5.055532e+02
4.243424e+02
1.966435e+02
1.251115e+02
8.657884e+01
5.472075e+01
3.522612e+01
2.539149e+01
1.912004e+01
1.392805e+01
1.116408e+01
9.663428e+00
8.916300e+00
8.030579e+00
7.789026e+00
7.310611e+00
6.943426e+00
6.631954e+00
6.377698e+00
5.885080e+00
5.677866e+00
5.502593e+00
4.979874e+00
4.829148e+00
4.261192e+00
4.121215e+00
3.996469e+00
3.828977e+00
3.566357e+00
3.489732e+00
3.302860e+00
3.260830e+00
3.105001e+00
3.085258e+00
2.942362e+00
2.823028e+00
2.768173e+00
2.672147e+00
2.596608e+00
2.528355e+00
2.399436e+00
2.308826e+00
2.237205e+00
2.177147e+00
2.092242e+00
2.052372e+00
2.008160e+00
1.899506e+00
1.842268e+00
1.829296e+00
1.738682e+00
1.711334e+00
1.671604e+00
1.662459e+00
1.549947e+00
1.457818e+00
1.433716e+00
1.361310e+00
1.344151e+00
1.284370e+00
1.256514e+00
1.175456e+00
1.161703e+00
1.100372e+00
1.075093e+00
1.026780e+00
9.776301e-01
9.564704e-01
9.245918e-01
8.798611e-01
8.718389e-01
8.234089e-01
8.135813e-01
7.655410e-01
7.378343e-01
7.091320e-01
6.979298e-01
6.792787e-01
6.659710e-01
6.485982e-01
6.325046e-01
6.184857e-01
5.940560e-01
5.815552e-01
5.637729e-01
5.550261e-01
5.369383e-01
5.188423e-01
5.048143e-01
4.945288e-01
4.855155e-01
4.743983e-01
4.471558e-01
4.221247e-01
4.153608e-01
4.071109e-01
4.000398e-01
3.861179e-01
3.688865e-01
3.484102e-01
3.337229e-01
3.316936e-01
3.224061e-01
3.036312e-01
2.962604e-01
2.919343e-01
2.784194e-01
2.606174e-01
2.596375e-01
2.503626e-01
2.469036e-01
2.328730e-01
2.276981e-01
2.214040e-01
2.184328e-01
2.066784e-01
1.949959e-01
1.899300e-01
1.783429e-01
1.697258e-01
1.641665e-01
1.539462e-01
1.460944e-01
1.421621e-01
1.360566e-01
1.312678e-01
1.236543e-01
1.201795e-01
1.148114e-01
1.074291e-01
1.000125e-01
9.655111e-02
9.177305e-02
8.013679e-02
7.571063e-02
7.353648e-02
6.897993e-02
6.070673e-02
5.737263e-02
5.107370e-02
4.817326e-02
4.405063e-02
3.759212e-02
3.338751e-02
3.032305e-02
2.454023e-02
2.209737e-02
1.899677e-02
1.715201e-02
1.620528e-02
1.184826e-02
8.597362e-03
5.566214e-03
4.317094e-03
4.021265e-03
2.748598e-04
4.228921e-11
1.589677e-11
-3.294898e-12
-1.195214e-11
-3.228995e-10
-3.795479e-03
-8.415706e-03
-8.831437e-03
-1.342720e-02
-1.743338e-02
-2.285948e-02
-2.359809e-02
-2.834841e-02
-3.436608e-02
-3.719639e-02
-3.812636e-02
-4.553043e-02
-5.238482e-02
-6.103230e-02
-6.576688e-02
-6.765968e-02
-7.600914e-02
-8.400034e-02
-8.820523e-02
-9.190540e-02
-1.017618e-01
-1.055506e-01
-1.103946e-01
-1.168301e-01
-1.314042e-01
-1.335641e-01
-1.453458e-01
-1.561847e-01
-1.648097e-01
-1.655284e-01
-1.743175e-01
-1.926795e-01
-1.954305e-01
-2.060609e-01
-2.159324e-01
-2.367000e-01
-2.473623e-01
-2.519436e-01
-2.566818e-01
-2.896642e-01
-2.940293e-01
-3.080521e-01
-3.146169e-01
-3.287533e-01
-3.528132e-01
-3.700159e-01
-3.893450e-01
-4.062970e-01
-4.238864e-01
-4.331457e-01
-4.790030e-01
-4.841937e-01
-4.943737e-01
-5.156265e-01
-5.442575e-01
-5.569611e-01
-5.704046e-01
-5.896455e-01
-6.197027e-01
-6.636859e-01
-6.794338e-01
-7.259586e-01
-7.372100e-01
-7.786293e-01
-7.881998e-01
-8.225817e-01
-8.707309e-01
-9.069834e-01
-9.327473e-01
-9.941764e-01
-9.980335e-01
-1.035726e+00
-1.109615e+00
-1.156049e+00
-1.182129e+00
-1.238607e+00
-1.306363e+00
-1.405160e+00
-1.411117e+00
-1.450521e+00
-1.530564e+00
-1.580936e+00
-1.599657e+00
-1.680679e+00
-1.732546e+00
-1.821298e+00
-1.875350e+00
-1.922144e+00
-1.959817e+00
-2.048243e+00
-2.137045e+00
-2.195980e+00
-2.228256e+00
-2.317782e+00
-2.420731e+00
-2.578786e+00
-2.604248e+00
-2.752023e+00
-2.826032e+00
-2.914740e+00
-3.037924e+00
-3.178380e+00
-3.363471e+00
-3.576975e+00
-3.905121e+00
-4.010306e+00
-4.461189e+00
-4.478302e+00
-4.782668e+00
-5.097973e+00
-5.114897e+00
-5.453518e+00
-5.515987e+00
-5.960908e+00
-6.271554e+00
-6.407917e+00
-6.778220e+00
-7.600024e+00
-8.135135e+00
-8.861738e+00
-9.591111e+00
-1.079181e+01
-2.077901e+01
