# iteration  l2_NN  l2_FF  l2_ST_FF
0.000000e+00 1.962501e+00 3.118017e+00 1.161093e+00
1.000000e+02 1.000019e+00 3.046784e+00 9.969853e-01
2.000000e+02 1.001597e+00 2.921527e+00 9.929767e-01
3.000000e+02 1.000714e+00 2.719583e+00 9.849773e-01
4.000000e+02 1.000037e+00 2.517525e+00 9.637199e-01
5.000000e+02 1.005415e+00 2.367876e+00 9.213749e-01
6.000000e+02 1.006086e+00 2.161326e+00 7.976912e-01
7.000000e+02 1.001126e+00 1.976201e+00 4.387296e-01
8.000000e+02 1.002403e+00 1.829237e+00 2.625496e-01
9.000000e+02 1.000116e+00 1.665833e+00 1.983815e-01
1.000000e+03 1.004022e+00 1.553564e+00 1.640532e-01
1.100000e+03 1.000246e+00 1.442535e+00 1.436840e-01
1.200000e+03 1.000079e+00 1.339770e+00 1.243393e-01
1.300000e+03 1.000418e+00 1.267591e+00 1.084678e-01
1.400000e+03 1.000502e+00 1.214736e+00 1.022322e-01
1.500000e+03 1.003538e+00 1.155056e+00 9.113086e-02
1.600000e+03 1.001090e+00 1.110023e+00 8.679322e-02
1.700000e+03 1.001515e+00 1.076444e+00 7.815532e-02
1.800000e+03 1.000350e+00 1.054917e+00 7.058214e-02
1.900000e+03 1.003390e+00 1.036112e+00 6.776610e-02
2.000000e+03 1.000021e+00 1.026312e+00 6.105749e-02
2.100000e+03 1.001385e+00 1.015888e+00 5.423252e-02
2.200000e+03 1.002151e+00 1.010310e+00 4.824485e-02
2.300000e+03 1.001264e+00 1.006661e+00 4.655052e-02
2.400000e+03 1.000487e+00 1.003853e+00 5.037702e-02
2.500000e+03 1.000770e+00 1.001928e+00 4.602919e-02
2.600000e+03 1.000249e+00 1.001264e+00 3.787275e-02
2.700000e+03 1.000181e+00 1.000993e+00 4.475322e-02
2.800000e+03 1.000736e+00 1.000232e+00 3.726671e-02
2.900000e+03 1.000021e+00 1.000271e+00 3.481220e-02
3.000000e+03 1.000583e+00 1.000022e+00 3.225354e-02
3.100000e+03 1.001645e+00 1.000038e+00 3.489499e-02
3.200000e+03 1.000682e+00 9.999942e-01 3.898554e-02
3.300000e+03 1.004724e+00 9.999979e-01 3.212123e-02
3.400000e+03 1.000009e+00 9.999823e-01 2.902122e-02
3.500000e+03 1.000005e+00 9.999835e-01 2.853963e-02
3.600000e+03 1.004009e+00 1.000013e+00 2.693657e-02
3.700000e+03 1.002683e+00 1.000095e+00 3.237551e-02
3.800000e+03 1.000007e+00 9.999939e-01 2.473512e-02
3.900000e+03 1.002289e+00 1.000011e+00 4.058930e-02
4.000000e+03 1.000061e+00 9.999897e-01 2.176669e-02
4.100000e+03 1.000958e+00 1.000005e+00 2.236942e-02
4.200000e+03 1.001555e+00 9.999928e-01 1.938795e-02
4.300000e+03 1.000912e+00 1.000001e+00 2.072445e-02
4.400000e+03 1.000137e+00 9.999831e-01 2.078616e-02
4.500000e+03 1.000087e+00 9.999963e-01 2.043035e-02
4.600000e+03 1.001775e+00 1.000007e+00 2.323372e-02
4.700000e+03 1.001678e+00 9.999946e-01 2.384108e-02
4.800000e+03 1.000284e+00 9.999967e-01 1.918210e-02
4.900000e+03 1.000376e+00 9.999962e-01 2.250194e-02
5.000000e+03 1.000115e+00 9.999899e-01 1.976710e-02
5.100000e+03 1.000892e+00 9.999903e-01 1.989053e-02
5.200000e+03 1.001642e+00 9.999966e-01 1.582887e-02
5.300000e+03 1.000565e+00 1.000006e+00 1.724473e-02
5.400000e+03 1.000180e+00 9.999923e-01 2.709997e-02
5.500000e+03 1.000044e+00 1.000012e+00 1.653304e-02
5.600000e+03 1.000586e+00 9.999859e-01 2.311076e-02
5.700000e+03 1.000561e+00 9.999904e-01 1.709039e-02
5.800000e+03 1.001977e+00 9.999892e-01 2.191350e-02
5.900000e+03 1.000764e+00 9.999938e-01 2.089997e-02
6.000000e+03 1.000269e+00 9.999891e-01 1.644656e-02
6.100000e+03 1.001798e+00 1.000031e+00 1.413909e-02
6.200000e+03 1.000462e+00 1.000013e+00 2.377936e-02
6.300000e+03 1.000044e+00 9.999938e-01 2.008285e-02
6.400000e+03 1.000925e+00 1.000008e+00 2.377387e-02
6.500000e+03 1.000098e+00 9.999994e-01 1.637281e-02
6.600000e+03 1.000355e+00 1.000036e+00 1.356432e-02
6.700000e+03 1.000652e+00 9.999888e-01 1.353030e-02
6.800000e+03 1.000176e+00 9.999963e-01 1.462432e-02
6.900000e+03 1.000252e+00 1.000007e+00 1.416149e-02
7.000000e+03 1.000315e+00 1.000008e+00 1.365899e-02
7.100000e+03 1.005082e+00 1.000001e+00 1.815354e-02
7.200000e+03 1.000039e+00 1.000002e+00 1.317983e-02
7.300000e+03 1.000057e+00 9.999957e-01 1.589409e-02
7.400000e+03 1.000101e+00 9.999959e-01 2.467009e-02
7.500000e+03 1.000526e+00 1.000007e+00 1.406005e-02
7.600000e+03 1.000132e+00 1.000017e+00 1.910049e-02
7.700000e+03 1.000938e+00 9.999933e-01 1.660925e-02
7.800000e+03 1.000004e+00 9.999973e-01 1.252992e-02
7.900000e+03 1.000809e+00 1.000000e+00 1.146196e-02
8.000000e+03 1.000749e+00 1.000029e+00 1.240604e-02
8.100000e+03 1.000044e+00 1.000029e+00 1.124845e-02
8.200000e+03 1.000542e+00 1.000000e+00 1.264886e-02
8.300000e+03 1.000159e+00 9.999981e-01 1.304664e-02
8.400000e+03 1.000529e+00 9.999949e-01 1.533797e-02
8.500000e+03 1.000023e+00 9.999962e-01 1.640863e-02
8.600000e+03 1.001762e+00 9.999999e-01 1.197385e-02
8.700000e+03 1.001057e+00 1.000025e+00 1.618926e-02
8.800000e+03 1.000774e+00 9.999978e-01 1.145416e-02
8.900000e+03 1.001164e+00 1.000005e+00 1.539182e-02
9.000000e+03 1.001088e+00 9.999963e-01 1.298486e-02
9.100000e+03 1.000084e+00 1.000019e+00 1.668210e-02
9.200000e+03 1.000842e+00 1.000004e+00 9.922074e-03
9.300000e+03 1.000257e+00 1.000016e+00 1.196977e-02
9.400000e+03 1.000475e+00 1.000018e+00 9.919515e-03
9.500000e+03 1.000011e+00 1.000015e+00 1.560127e-02
9.600000e+03 1.000112e+00 1.000020e+00 1.161535e-02
9.700000e+03 1.000446e+00 9.999963e-01 1.116422e-02
9.800000e+03 1.000002e+00 9.999978e-01 1.028670e-02
9.900000e+03 1.000169e+00 1.000016e+00 1.309967e-02
1.000000e+04 1.000026e+00 9.999978e-01 1.004035e-02
1.010000e+04 1.000010e+00 9.999978e-01 1.070751e-02
1.020000e+04 1.000966e+00 9.999967e-01 8.632466e-03
1.030000e+04 1.002341e+00 1.000025e+00 1.497127e-02
1.040000e+04 1.000795e+00 1.000019e+00 2.002285e-02
1.050000e+04 1.000010e+00 1.000013e+00 1.053350e-02
1.060000e+04 1.001649e+00 1.000011e+00 8.502405e-03
1.070000e+04 1.000902e+00 1.000053e+00 8.282434e-03
1.080000e+04 1.000703e+00 9.999974e-01 9.488639e-03
1.090000e+04 1.000269e+00 1.000002e+00 8.852703e-03
1.100000e+04 1.000122e+00 1.000002e+00 9.960942e-03
1.110000e+04 1.000869e+00 1.000034e+00 8.492545e-03
1.120000e+04 1.000312e+00 1.000022e+00 7.682997e-03
1.130000e+04 1.000365e+00 9.999975e-01 8.846138e-03
1.140000e+04 1.000111e+00 1.000002e+00 1.122879e-02
1.150000e+04 1.000394e+00 1.000011e+00 8.391943e-03
1.160000e+04 1.000628e+00 1.000108e+00 8.845295e-03
1.170000e+04 1.000069e+00 1.000005e+00 1.243178e-02
1.180000e+04 1.000181e+00 1.000007e+00 7.440959e-03
1.190000e+04 1.000077e+00 1.000006e+00 9.346984e-03
1.200000e+04 1.000421e+00 1.000113e+00 6.270957e-03
1.210000e+04 1.002290e+00 1.000010e+00 8.629024e-03
1.220000e+04 1.000205e+00 9.999985e-01 1.461903e-02
1.230000e+04 1.000184e+00 9.999983e-01 7.544302e-03
1.240000e+04 1.000004e+00 9.999981e-01 1.115150e-02
1.250000e+04 1.001565e+00 1.000003e+00 7.936439e-03
1.260000e+04 1.000065e+00 1.000006e+00 9.209532e-03
1.270000e+04 1.000563e+00 1.000000e+00 6.694502e-03
1.280000e+04 1.000221e+00 1.000046e+00 8.055041e-03
1.290000e+04 1.001297e+00 1.000062e+00 6.220430e-03
1.300000e+04 1.000003e+00 1.000034e+00 6.424483e-03
1.310000e+04 1.000030e+00 1.000009e+00 1.073642e-02
1.320000e+04 1.000308e+00 1.000009e+00 7.875365e-03
1.330000e+04 1.000132e+00 1.000032e+00 6.056644e-03
1.340000e+04 1.000211e+00 9.999988e-01 6.700906e-03
1.350000e+04 1.000040e+00 1.000013e+00 7.283833e-03
1.360000e+04 1.000189e+00 1.000002e+00 7.328302e-03
1.370000e+04 1.000242e+00 1.000031e+00 6.800171e-03
1.380000e+04 1.000147e+00 1.000024e+00 5.356398e-03
1.390000e+04 1.000058e+00 1.000089e+00 1.046838e-02
1.400000e+04 1.000000e+00 9.999998e-01 6.866599e-03
1.410000e+04 1.000024e+00 9.999991e-01 7.810928e-03
1.420000e+04 1.000002e+00 9.999995e-01 6.959373e-03
1.430000e+04 1.000010e+00 9.999986e-01 8.294861e-03
1.440000e+04 1.000163e+00 1.000003e+00 6.553046e-03
1.450000e+04 1.000309e+00 1.000027e+00 9.747817e-03
1.460000e+04 1.000147e+00 9.999983e-01 5.231926e-03
1.470000e+04 1.000723e+00 1.000022e+00 7.770610e-03
1.480000e+04 1.000020e+00 1.000033e+00 7.958392e-03
1.490000e+04 1.000331e+00 1.000001e+00 8.089276e-03
1.500000e+04 1.000115e+00 1.000176e+00 7.318446e-03
1.510000e+04 1.001654e+00 1.000023e+00 6.543098e-03
1.520000e+04 1.000283e+00 1.000035e+00 5.674038e-03
1.530000e+04 1.000050e+00 1.000114e+00 5.650043e-03
1.540000e+04 1.000273e+00 1.000004e+00 6.870975e-03
1.550000e+04 1.000006e+00 1.000001e+00 7.586122e-03
1.560000e+04 1.000189e+00 1.000102e+00 1.060238e-02
1.570000e+04 1.002263e+00 1.000098e+00 5.496151e-03
1.580000e+04 1.000049e+00 1.000074e+00 4.914168e-03
1.590000e+04 1.000959e+00 1.000273e+00 6.107738e-03
1.600000e+04 1.000013e+00 1.000056e+00 7.149611e-03
1.610000e+04 1.000079e+00 1.000248e+00 6.673078e-03
1.620000e+04 1.000206e+00 1.000010e+00 5.664758e-03
1.630000e+04 1.000015e+00 1.000051e+00 4.775651e-03
1.640000e+04 1.000629e+00 1.000000e+00 5.173313e-03
1.650000e+04 1.000589e+00 1.000004e+00 5.066634e-03
1.660000e+04 1.000492e+00 1.000072e+00 7.379621e-03
1.670000e+04 1.000862e+00 1.000009e+00 4.609752e-03
1.680000e+04 1.000310e+00 1.000042e+00 4.957629e-03
1.690000e+04 1.000222e+00 9.999997e-01 6.074891e-03
1.700000e+04 1.000191e+00 1.000030e+00 4.402786e-03
1.710000e+04 1.000066e+00 1.000135e+00 4.823185e-03
1.720000e+04 1.000191e+00 1.000011e+00 8.724926e-03
1.730000e+04 1.001573e+00 1.000008e+00 5.222333e-03
1.740000e+04 1.000015e+00 1.000000e+00 4.246772e-03
1.750000e+04 1.000010e+00 1.000108e+00 7.384274e-03
1.760000e+04 1.000267e+00 1.000060e+00 5.035186e-03
1.770000e+04 1.000483e+00 1.000107e+00 6.516254e-03
1.780000e+04 1.000317e+00 1.000034e+00 4.502112e-03
1.790000e+04 1.001803e+00 1.000010e+00 4.074296e-03
1.800000e+04 1.000013e+00 1.000033e+00 4.890739e-03
1.810000e+04 1.000002e+00 1.000011e+00 4.780097e-03
1.820000e+04 1.000899e+00 1.000075e+00 7.152793e-03
1.830000e+04 1.000014e+00 1.000042e+00 4.133750e-03
1.840000e+04 1.000511e+00 1.000049e+00 5.493766e-03
1.850000e+04 1.000032e+00 9.999998e-01 4.223243e-03
1.860000e+04 1.000195e+00 1.000159e+00 7.353563e-03
1.870000e+04 1.000149e+00 1.000011e+00 3.828614e-03
1.880000e+04 1.000056e+00 1.000000e+00 4.295269e-03
1.890000e+04 1.000026e+00 1.000000e+00 4.724742e-03
1.900000e+04 1.001026e+00 1.000185e+00 4.182271e-03
1.910000e+04 1.000375e+00 1.000024e+00 4.601705e-03
1.920000e+04 1.000001e+00 1.000628e+00 4.709409e-03
1.930000e+04 1.000136e+00 1.000015e+00 4.620605e-03
1.940000e+04 1.002280e+00 1.000404e+00 4.692485e-03
1.950000e+04 1.000552e+00 1.000052e+00 5.562039e-03
1.960000e+04 1.000040e+00 1.000040e+00 5.429984e-03
1.970000e+04 1.000046e+00 1.000031e+00 5.198807e-03
1.980000e+04 1.000005e+00 1.000002e+00 4.939454e-03
1.990000e+04 1.000013e+00 1.000128e+00 4.967483e-03
2.000000e+04 1.000002e+00 1.000064e+00 4.469243e-03
2.010000e+04 1.000024e+00 1.000012e+00 4.966464e-03
2.020000e+04 1.000040e+00 9.999999e-01 3.427010e-03
2.030000e+04 1.000038e+00 1.000049e+00 5.060142e-03
2.040000e+04 1.000041e+00 1.000094e+00 3.708273e-03
2.050000e+04 1.000001e+00 1.000061e+00 4.327176e-03
2.060000e+04 1.000012e+00 1.000034e+00 5.632964e-03
2.070000e+04 1.000026e+00 1.000012e+00 4.050597e-03
2.080000e+04 1.000116e+00 1.000300e+00 4.963741e-03
2.090000e+04 1.000122e+00 1.000000e+00 4.606298e-03
2.100000e+04 1.000404e+00 1.000434e+00 5.871458e-03
2.110000e+04 1.000147e+00 1.000083e+00 5.435178e-03
2.120000e+04 1.000142e+00 1.000039e+00 3.613623e-03
2.130000e+04 1.000128e+00 1.000100e+00 3.168843e-03
2.140000e+04 1.000969e+00 1.000106e+00 4.509450e-03
2.150000e+04 1.000006e+00 1.000025e+00 4.050358e-03
2.160000e+04 1.000015e+00 1.000052e+00 4.085512e-03
2.170000e+04 1.000168e+00 1.000016e+00 3.750172e-03
2.180000e+04 1.000005e+00 1.000026e+00 3.809694e-03
2.190000e+04 1.000024e+00 1.000108e+00 3.296112e-03
2.200000e+04 1.000221e+00 1.000002e+00 3.367777e-03
2.210000e+04 1.000037e+00 1.000002e+00 3.943693e-03
2.220000e+04 1.000141e+00 1.000020e+00 4.709338e-03
2.230000e+04 1.000186e+00 1.000004e+00 3.942631e-03
2.240000e+04 1.000058e+00 1.000112e+00 3.840581e-03
2.250000e+04 1.000163e+00 1.000022e+00 2.994897e-03
2.260000e+04 1.000065e+00 1.000012e+00 3.767789e-03
2.270000e+04 1.000245e+00 1.000167e+00 3.318749e-03
2.280000e+04 1.000402e+00 1.000003e+00 3.760897e-03
2.290000e+04 1.000002e+00 1.000032e+00 3.420770e-03
2.300000e+04 1.001122e+00 1.000376e+00 3.287219e-03
2.310000e+04 1.000474e+00 1.000561e+00 3.181985e-03
2.320000e+04 1.000000e+00 1.000148e+00 3.455858e-03
2.330000e+04 1.000007e+00 1.000045e+00 3.679617e-03
2.340000e+04 1.000011e+00 1.000077e+00 3.749108e-03
2.350000e+04 1.000054e+00 1.000000e+00 3.433156e-03
2.360000e+04 1.000029e+00 1.000006e+00 2.956360e-03
2.370000e+04 1.000024e+00 1.000072e+00 4.023064e-03
2.380000e+04 1.000260e+00 1.000027e+00 2.770624e-03
2.390000e+04 1.000030e+00 1.000067e+00 3.206449e-03
2.400000e+04 1.000047e+00 1.000042e+00 3.036456e-03
2.410000e+04 1.000047e+00 1.000009e+00 3.200487e-03
2.420000e+04 1.000480e+00 1.000174e+00 3.957956e-03
2.430000e+04 1.000066e+00 1.000003e+00 3.051385e-03
2.440000e+04 1.000133e+00 1.000093e+00 3.044278e-03
2.450000e+04 1.000037e+00 1.000044e+00 2.963492e-03
2.460000e+04 1.000049e+00 1.000044e+00 4.085896e-03
2.470000e+04 1.000288e+00 1.000199e+00 3.274934e-03
2.480000e+04 1.000269e+00 1.000096e+00 3.936118e-03
2.490000e+04 1.000013e+00 1.000070e+00 2.660655e-03
2.500000e+04 1.000586e+00 1.000129e+00 2.926828e-03
2.510000e+04 1.000001e+00 1.000001e+00 3.231243e-03
2.520000e+04 1.000068e+00 1.000003e+00 3.130769e-03
2.530000e+04 1.000124e+00 1.000022e+00 2.962500e-03
2.540000e+04 1.000155e+00 1.000014e+00 2.597292e-03
2.550000e+04 1.000001e+00 1.000000e+00 2.787488e-03
2.560000e+04 1.000004e+00 1.000006e+00 2.599671e-03
2.570000e+04 1.000007e+00 1.000016e+00 3.194412e-03
2.580000e+04 1.000037e+00 1.000248e+00 2.949789e-03
2.590000e+04 1.000116e+00 1.000073e+00 2.781083e-03
2.600000e+04 1.000057e+00 1.000000e+00 2.842346e-03
2.610000e+04 1.000076e+00 1.000206e+00 3.371078e-03
2.620000e+04 1.000110e+00 1.000006e+00 2.373453e-03
2.630000e+04 1.000021e+00 1.000005e+00 3.404194e-03
2.640000e+04 1.000203e+00 1.000056e+00 2.468121e-03
2.650000e+04 1.000036e+00 1.000026e+00 2.219770e-03
2.660000e+04 1.000004e+00 1.000003e+00 2.463288e-03
2.670000e+04 1.000010e+00 1.000003e+00 3.386490e-03
2.680000e+04 1.000307e+00 1.000063e+00 2.665505e-03
2.690000e+04 1.000082e+00 1.000001e+00 2.580740e-03
2.700000e+04 1.000017e+00 1.000005e+00 2.215131e-03
2.710000e+04 1.000051e+00 1.000039e+00 2.648676e-03
2.720000e+04 1.000565e+00 1.000593e+00 2.361936e-03
2.730000e+04 1.000046e+00 1.000011e+00 2.411776e-03
2.740000e+04 1.000056e+00 1.000009e+00 3.106456e-03
2.750000e+04 1.000039e+00 1.000010e+00 2.581490e-03
2.760000e+04 1.000194e+00 1.000126e+00 2.203825e-03
2.770000e+04 1.000001e+00 1.000002e+00 3.710320e-03
2.780000e+04 1.000002e+00 1.000000e+00 2.692803e-03
2.790000e+04 1.000001e+00 1.000003e+00 3.052095e-03
2.800000e+04 1.000082e+00 1.000019e+00 2.127097e-03
2.810000e+04 1.000014e+00 1.000003e+00 2.435952e-03
2.820000e+04 1.000006e+00 1.000001e+00 2.759145e-03
2.830000e+04 1.000127e+00 1.000043e+00 3.165657e-03
2.840000e+04 1.000037e+00 1.000012e+00 2.443173e-03
2.850000e+04 1.000113e+00 1.000089e+00 3.047537e-03
2.860000e+04 1.000115e+00 1.000040e+00 1.868546e-03
2.870000e+04 1.000590e+00 1.000242e+00 2.058737e-03
2.880000e+04 1.000000e+00 1.000002e+00 2.376199e-03
2.890000e+04 1.000281e+00 1.000164e+00 2.488214e-03
2.900000e+04 1.000043e+00 1.000006e+00 2.662827e-03
2.910000e+04 1.000007e+00 1.000014e+00 2.588820e-03
2.920000e+04 1.000452e+00 1.000324e+00 2.900657e-03
2.930000e+04 1.000197e+00 1.000114e+00 2.531707e-03
2.940000e+04 1.000004e+00 1.000008e+00 2.676684e-03
2.950000e+04 1.000307e+00 1.000166e+00 2.483361e-03
2.960000e+04 1.000033e+00 1.000090e+00 3.024892e-03
2.970000e+04 1.000349e+00 1.000135e+00 3.979229e-03
2.980000e+04 1.000359e+00 1.000148e+00 2.590952e-03
2.990000e+04 1.000013e+00 1.000005e+00 1.993814e-03
3.000000e+04 1.000049e+00 1.000030e+00 2.176766e-03
3.010000e+04 1.000001e+00 1.000002e+00 2.248384e-03
3.020000e+04 1.000082e+00 1.000022e+00 2.808971e-03
3.030000e+04 1.000014e+00 1.000012e+00 2.696092e-03
3.040000e+04 1.000160e+00 1.000115e+00 2.269527e-03
3.050000e+04 1.000040e+00 1.000129e+00 2.040436e-03
3.060000e+04 1.000016e+00 1.000000e+00 2.350729e-03
3.070000e+04 1.000053e+00 1.000033e+00 2.932516e-03
3.080000e+04 1.000051e+00 1.000000e+00 2.286298e-03
3.090000e+04 1.000007e+00 1.000008e+00 2.156473e-03
3.100000e+04 1.000006e+00 1.000013e+00 2.475808e-03
3.110000e+04 1.000003e+00 1.000009e+00 2.250579e-03
3.120000e+04 1.000144e+00 1.000079e+00 2.411602e-03
3.130000e+04 1.000024e+00 1.000019e+00 2.179487e-03
3.140000e+04 1.000004e+00 1.000013e+00 1.910488e-03
3.150000e+04 1.000023e+00 1.000001e+00 2.380304e-03
3.160000e+04 1.000390e+00 1.000167e+00 2.465071e-03
3.170000e+04 1.000031e+00 1.000000e+00 2.464150e-03
3.180000e+04 1.000002e+00 1.000011e+00 1.964134e-03
3.190000e+04 1.000045e+00 1.000005e+00 2.008852e-03
3.200000e+04 1.000040e+00 1.000007e+00 1.891274e-03
3.210000e+04 1.000135e+00 1.000070e+00 1.906579e-03
3.220000e+04 1.000223e+00 1.000146e+00 2.175656e-03
3.230000e+04 1.000001e+00 1.000002e+00 1.954446e-03
3.240000e+04 1.000037e+00 1.000008e+00 1.885477e-03
3.250000e+04 1.000229e+00 1.000135e+00 2.022874e-03
3.260000e+04 1.000113e+00 1.000073e+00 2.210983e-03
3.270000e+04 1.000163e+00 1.000074e+00 2.877228e-03
3.280000e+04 1.000075e+00 1.000126e+00 1.839312e-03
3.290000e+04 1.000001e+00 1.000002e+00 2.013940e-03
3.300000e+04 1.000019e+00 1.000015e+00 2.406482e-03
3.310000e+04 1.000218e+00 1.000153e+00 1.986053e-03
3.320000e+04 1.000077e+00 1.000070e+00 1.739536e-03
3.330000e+04 1.000116e+00 1.000051e+00 1.573169e-03
3.340000e+04 1.000277e+00 1.000203e+00 2.053831e-03
3.350000e+04 1.000001e+00 1.000000e+00 2.317040e-03
3.360000e+04 1.000007e+00 1.000015e+00 2.003121e-03
3.370000e+04 1.000015e+00 1.000002e+00 1.853835e-03
3.380000e+04 1.000062e+00 1.000057e+00 1.939069e-03
3.390000e+04 1.000003e+00 1.000002e+00 1.677759e-03
3.400000e+04 1.000049e+00 1.000004e+00 1.925688e-03
3.410000e+04 1.000008e+00 1.000000e+00 1.980553e-03
3.420000e+04 1.000002e+00 1.000004e+00 1.775260e-03
3.430000e+04 1.000164e+00 1.000098e+00 1.638628e-03
3.440000e+04 1.000001e+00 1.000003e+00 2.467146e-03
3.450000e+04 1.000008e+00 1.000007e+00 1.968789e-03
3.460000e+04 1.000003e+00 1.000003e+00 1.707875e-03
3.470000e+04 1.000014e+00 1.000003e+00 1.639152e-03
3.480000e+04 1.000092e+00 1.000047e+00 1.942493e-03
3.490000e+04 1.000078e+00 1.000058e+00 2.758174e-03
3.500000e+04 1.000013e+00 1.000001e+00 1.568716e-03
3.510000e+04 1.000002e+00 1.000000e+00 1.945194e-03
3.520000e+04 1.000453e+00 1.000187e+00 2.153929e-03
3.530000e+04 1.000007e+00 1.000003e+00 1.672844e-03
3.540000e+04 1.000179e+00 1.000142e+00 1.613794e-03
3.550000e+04 1.000027e+00 1.000028e+00 1.704701e-03
3.560000e+04 1.000006e+00 1.000005e+00 1.684765e-03
3.570000e+04 1.000005e+00 1.000002e+00 1.532864e-03
3.580000e+04 1.000000e+00 1.000000e+00 1.594303e-03
3.590000e+04 1.000024e+00 1.000027e+00 1.705255e-03
3.600000e+04 1.000188e+00 1.000141e+00 1.443111e-03
3.610000e+04 1.000008e+00 1.000002e+00 1.660911e-03
3.620000e+04 1.000008e+00 1.000005e+00 1.627467e-03
3.630000e+04 1.000023e+00 1.000009e+00 1.727451e-03
3.640000e+04 1.000011e+00 1.000004e+00 1.616495e-03
3.650000e+04 1.000021e+00 1.000020e+00 1.521738e-03
3.660000e+04 1.000102e+00 1.000067e+00 1.637399e-03
3.670000e+04 1.000001e+00 1.000001e+00 1.571573e-03
3.680000e+04 1.000025e+00 1.000011e+00 1.608202e-03
3.690000e+04 1.000009e+00 1.000002e+00 1.545804e-03
3.700000e+04 1.000025e+00 1.000012e+00 1.929703e-03
3.710000e+04 1.000013e+00 1.000001e+00 1.790668e-03
3.720000e+04 1.000022e+00 1.000020e+00 1.852971e-03
3.730000e+04 1.000017e+00 1.000019e+00 1.600182e-03
3.740000e+04 1.000001e+00 1.000000e+00 1.963776e-03
3.750000e+04 1.000010e+00 1.000009e+00 1.589615e-03
3.760000e+04 1.000014e+00 1.000007e+00 1.626028e-03
3.770000e+04 1.000009e+00 1.000008e+00 1.586806e-03
3.780000e+04 1.000003e+00 1.000000e+00 1.781520e-03
3.790000e+04 1.000101e+00 1.000073e+00 1.667394e-03
3.800000e+04 1.000001e+00 1.000002e+00 1.812910e-03
3.810000e+04 1.000005e+00 1.000004e+00 1.922763e-03
3.820000e+04 1.000011e+00 1.000003e+00 1.630559e-03
3.830000e+04 1.000018e+00 1.000010e+00 1.482123e-03
3.840000e+04 1.000082e+00 1.000051e+00 1.523531e-03
3.850000e+04 1.000001e+00 1.000000e+00 2.017174e-03
3.860000e+04 1.000003e+00 1.000000e+00 2.052702e-03
3.870000e+04 1.000024e+00 1.000017e+00 1.687382e-03
3.880000e+04 1.000002e+00 1.000001e+00 1.336367e-03
3.890000e+04 1.000026e+00 1.000016e+00 1.644093e-03
3.900000e+04 1.000007e+00 1.000001e+00 1.716401e-03
3.910000e+04 1.000019e+00 1.000015e+00 1.893310e-03
3.920000e+04 1.000074e+00 1.000067e+00 1.474392e-03
3.930000e+04 1.000005e+00 1.000007e+00 1.594360e-03
3.940000e+04 1.000015e+00 1.000010e+00 1.455725e-03
3.950000e+04 1.000003e+00 1.000000e+00 1.388922e-03
3.960000e+04 1.000024e+00 1.000026e+00 1.305177e-03
3.970000e+04 1.000064e+00 1.000043e+00 1.581212e-03
3.980000e+04 1.000069e+00 1.000053e+00 1.398273e-03
3.990000e+04 1.000014e+00 1.000009e+00 1.534600e-03
