# eigenvalues_Kuu_iter_30000
3.194127e+03
1.956155e+02
1.706639e+02
1.538128e+02
1.414573e+02
1.264817e+02
1.141028e+02
1.046401e+02
1.026243e+02
9.620822e+01
8.765717e+01
8.674619e+01
8.436156e+01
7.909686e+01
7.508123e+01
7.054239e+01
6.795406e+01
6.336143e+01
6.079939e+01
5.895586e+01
5.528392e+01
5.146983e+01
4.759807e+01
4.631029e+01
4.568503e+01
4.293299e+01
4.175839e+01
3.754380e+01
3.586538e+01
3.490025e+01
3.287682e+01
3.013826e+01
2.838271e+01
2.712807e+01
2.554623e+01
2.397334e+01
2.129461e+01
2.010507e+01
1.968287e+01
1.754026e+01
1.628996e+01
1.491404e+01
1.407108e+01
1.284400e+01
1.240238e+01
1.179553e+01
1.090463e+01
1.013688e+01
9.177541e+00
9.063812e+00
4.920788e+00
4.424021e+00
3.328682e+00
2.604468e+00
1.942971e+00
1.754733e+00
1.095434e+00
8.740025e-01
7.411776e-01
5.485580e-01
1.250514e-01
1.197343e-01
2.502976e-02
9.102658e-04
