# eigenvalues_Kuu_iter_0
3.096963e+03
1.496320e+02
6.737131e+01
6.546629e+01
5.398760e+01
5.018313e+01
4.902494e+01
4.547808e+01
4.187677e+01
3.822171e+01
3.288251e+01
3.067027e+01
2.969818e+01
2.712644e+01
2.674647e+01
2.487754e+01
2.365825e+01
2.175685e+01
2.112463e+01
1.944762e+01
1.854770e+01
1.757258e+01
1.686263e+01
1.644636e+01
1.508074e+01
1.441486e+01
1.376802e+01
1.369791e+01
1.283173e+01
1.235714e+01
1.227692e+01
1.128896e+01
1.053053e+01
1.029370e+01
9.900734e+00
9.600198e+00
9.441781e+00
8.992458e+00
8.494066e+00
8.235965e+00
7.717155e+00
7.298262e+00
6.774367e+00
6.567422e+00
6.419404e+00
6.139599e+00
5.952798e+00
5.590299e+00
5.338509e+00
4.962507e+00
4.818282e+00
4.659071e+00
4.477997e+00
3.976120e+00
3.724252e+00
3.333011e+00
3.162064e+00
2.896390e+00
2.432676e+00
1.267161e+00
4.341267e-01
2.085592e-01
8.931331e-02
4.572905e-03
