# eigenvalues_Kuu_iter_15000
3.934416e+03
1.172523e+01
8.166075e+00
7.067585e+00
6.890883e+00
5.796787e+00
5.009200e+00
4.142169e+00
3.850520e+00
3.505957e+00
3.023475e+00
2.624274e+00
2.353462e+00
2.309026e+00
1.891437e+00
1.697304e+00
1.629405e+00
1.352942e+00
1.266123e+00
1.234956e+00
9.869248e-01
8.750681e-01
7.626593e-01
7.460468e-01
6.773003e-01
6.377167e-01
5.693695e-01
4.729899e-01
4.406366e-01
4.346013e-01
3.939051e-01
3.304775e-01
3.122440e-01
2.794956e-01
2.556989e-01
2.358922e-01
2.245265e-01
1.980758e-01
1.885135e-01
1.761189e-01
1.575446e-01
1.396409e-01
1.304303e-01
1.246127e-01
1.075796e-01
9.376524e-02
8.329706e-02
7.673173e-02
6.675889e-02
5.207597e-02
5.081702e-02
4.790344e-02
4.110033e-02
3.041081e-02
2.582470e-02
2.175933e-02
1.933041e-02
1.789884e-02
1.683998e-02
1.274819e-02
1.246448e-02
9.274551e-03
8.705636e-03
6.871686e-03
