# eigenvalues_Krr_iter_15000
4.535170e+07
3.868012e+07
2.890601e+07
2.483221e+07
2.081554e+07
1.817148e+07
1.626888e+07
1.422824e+07
1.259559e+07
1.109407e+07
9.745048e+06
9.262120e+06
7.847304e+06
7.376978e+06
7.086912e+06
6.240382e+06
5.536454e+06
4.947938e+06
4.675058e+06
4.121758e+06
4.053632e+06
3.731066e+06
3.485882e+06
2.905240e+06
2.807670e+06
2.573908e+06
2.414796e+06
2.150175e+06
1.971717e+06
1.815432e+06
1.576997e+06
1.286487e+06
1.243422e+06
1.029678e+06
9.194738e+05
8.229526e+05
7.659539e+05
6.908804e+05
6.184261e+05
5.425749e+05
5.101738e+05
4.749723e+05
4.545130e+05
3.526043e+05
3.419091e+05
2.731075e+05
2.370694e+05
2.169817e+05
1.995728e+05
1.719976e+05
1.573682e+05
1.295955e+05
1.168108e+05
1.052482e+05
9.107320e+04
8.654810e+04
7.882270e+04
6.499876e+04
5.189626e+04
4.654552e+04
4.016141e+04
3.375224e+04
2.980091e+04
1.794396e+04
