# eigenvalues_Krr_iter_30000
1.696128e+03
1.003944e+03
8.484109e+02
7.891332e+02
7.475792e+02
7.258310e+02
6.774360e+02
5.950229e+02
5.464564e+02
5.189588e+02
4.875417e+02
4.479618e+02
4.338372e+02
4.126408e+02
3.979684e+02
3.720195e+02
3.685699e+02
3.391938e+02
3.239007e+02
3.166578e+02
3.026974e+02
2.950236e+02
2.841988e+02
2.724176e+02
2.634108e+02
2.563284e+02
2.346737e+02
2.267367e+02
2.212888e+02
2.123916e+02
1.982249e+02
1.827025e+02
1.707627e+02
1.682235e+02
1.528174e+02
1.487939e+02
1.350824e+02
1.329037e+02
1.279170e+02
1.249034e+02
1.210667e+02
1.106526e+02
1.008480e+02
9.596877e+01
9.219131e+01
8.874685e+01
8.151774e+01
7.515796e+01
7.018850e+01
5.845691e+01
5.768570e+01
4.731225e+01
4.186279e+01
4.087003e+01
3.265313e+01
3.151488e+01
2.676884e+01
2.221028e+01
1.803868e+01
1.288396e+01
7.380351e+00
4.983420e+00
1.699367e+00
3.712804e-02
