# eigenvalues_Kuu_iter_30000
5.500087e+03
2.862885e-01
1.678645e-01
1.570626e-02
5.445897e-03
1.587740e-03
2.124351e-04
9.005755e-05
8.320466e-05
6.831315e-05
6.542852e-05
6.254161e-05
6.063909e-05
5.756730e-05
5.361529e-05
4.974247e-05
4.613608e-05
4.095380e-05
3.959571e-05
3.714991e-05
3.565203e-05
3.346767e-05
3.020171e-05
2.723535e-05
2.546236e-05
2.295939e-05
2.110800e-05
1.981603e-05
1.679155e-05
1.646660e-05
1.282177e-05
1.118950e-05
8.008485e-06
6.287525e-06
2.974976e-06
9.045669e-07
-1.249070e-06
-2.675226e-06
-6.367878e-06
-7.841414e-06
-1.063000e-05
-1.408889e-05
-1.635685e-05
-1.933728e-05
-2.155497e-05
-2.211040e-05
-2.637998e-05
-2.931112e-05
-3.021812e-05
-3.567648e-05
-3.662409e-05
-3.864087e-05
-4.115501e-05
-4.429537e-05
-4.915176e-05
-5.372450e-05
-5.504443e-05
-5.944383e-05
-6.107950e-05
-6.434365e-05
-6.627585e-05
-7.460891e-05
-7.760023e-05
-8.446073e-05
