# eigenvalues_Kuu_iter_30000
4.667105e+03
3.552613e+00
2.018388e+00
1.933028e+00
1.343428e+00
1.277946e+00
1.001254e+00
8.673000e-01
7.377384e-01
6.558133e-01
5.963958e-01
4.889945e-01
4.829392e-01
3.981577e-01
3.240623e-01
2.912465e-01
2.752632e-01
2.247687e-01
2.077396e-01
1.892460e-01
1.757493e-01
1.531124e-01
1.471855e-01
1.331670e-01
1.257567e-01
1.099114e-01
9.300156e-02
8.885374e-02
7.857988e-02
6.665067e-02
6.379066e-02
5.809234e-02
5.124126e-02
4.978267e-02
4.344490e-02
4.039046e-02
3.825914e-02
3.749098e-02
3.031147e-02
2.850299e-02
2.417787e-02
2.266454e-02
2.141378e-02
1.703897e-02
1.515739e-02
1.447771e-02
1.187239e-02
1.029166e-02
8.916981e-03
7.905281e-03
6.185052e-03
5.918942e-03
5.042073e-03
4.142432e-03
3.749039e-03
3.516820e-03
2.855823e-03
2.604679e-03
2.117964e-03
1.836817e-03
1.526464e-03
1.370699e-03
1.155463e-03
8.510426e-04
