# eigenvalues_Kuu_iter_5000
5.120197e+03
2.038241e+00
8.725758e-01
7.521298e-02
2.444198e-02
2.141056e-02
1.005100e-03
4.843473e-04
2.310386e-04
2.028696e-04
1.362182e-04
1.178233e-04
1.155357e-04
1.067007e-04
9.936631e-05
9.515649e-05
9.053978e-05
8.527356e-05
8.256984e-05
7.855681e-05
7.599911e-05
6.986729e-05
6.316176e-05
5.989355e-05
5.677125e-05
5.532755e-05
5.044688e-05
4.847906e-05
4.631043e-05
4.204101e-05
3.555882e-05
3.507075e-05
3.215291e-05
2.953294e-05
2.647179e-05
2.140180e-05
1.664973e-05
1.623783e-05
1.389184e-05
8.886613e-06
8.256113e-06
6.250682e-06
3.683969e-06
1.466008e-06
-5.073248e-06
-1.082894e-05
-1.410185e-05
-1.630199e-05
-1.818047e-05
-2.308133e-05
-2.398935e-05
-3.160261e-05
-3.607551e-05
-3.811828e-05
-4.195012e-05
-4.694130e-05
-4.807121e-05
-5.497282e-05
-5.716038e-05
-6.032618e-05
-6.333226e-05
-7.156013e-05
-7.766666e-05
-8.588822e-05
