# eigenvalues_Krr_iter_25000
1.929783e+07
1.710914e+07
1.250496e+07
1.075315e+07
9.317444e+06
8.698467e+06
7.184954e+06
6.577634e+06
5.440042e+06
5.291056e+06
4.868202e+06
4.625756e+06
4.048082e+06
3.440192e+06
3.023027e+06
2.690269e+06
2.482973e+06
2.059860e+06
1.891178e+06
1.746361e+06
1.559747e+06
1.401966e+06
1.256394e+06
1.083407e+06
1.034168e+06
8.538726e+05
7.821104e+05
7.259879e+05
6.400634e+05
6.181583e+05
5.233719e+05
4.727943e+05
4.521234e+05
3.384330e+05
2.817176e+05
2.741464e+05
2.592474e+05
2.119699e+05
1.879425e+05
1.408487e+05
1.321674e+05
1.225826e+05
1.176994e+05
1.022751e+05
8.524877e+04
7.419377e+04
6.775347e+04
5.236247e+04
5.033773e+04
4.413435e+04
4.030850e+04
3.603650e+04
3.051841e+04
2.664806e+04
2.576034e+04
2.185583e+04
1.819835e+04
1.675871e+04
1.334656e+04
1.230485e+04
1.178582e+04
7.674332e+03
7.510984e+03
4.398694e+03
