# eigenvalues_Krr_iter_10000
1.704980e+03
1.017161e+03
8.565083e+02
8.231945e+02
7.617898e+02
7.374329e+02
6.991756e+02
6.170741e+02
5.567407e+02
5.410614e+02
4.903162e+02
4.596139e+02
4.526546e+02
4.212173e+02
4.108336e+02
3.894848e+02
3.788130e+02
3.478037e+02
3.321500e+02
3.309171e+02
3.106032e+02
3.062021e+02
2.954006e+02
2.799767e+02
2.778520e+02
2.647245e+02
2.410672e+02
2.354277e+02
2.269340e+02
2.194197e+02
2.057897e+02
1.879024e+02
1.778232e+02
1.743929e+02
1.607125e+02
1.544976e+02
1.399479e+02
1.375662e+02
1.330794e+02
1.293922e+02
1.247318e+02
1.168695e+02
1.058893e+02
1.025353e+02
9.704720e+01
9.126834e+01
8.678277e+01
7.697816e+01
7.419991e+01
6.326497e+01
6.067446e+01
5.033010e+01
4.501431e+01
4.265907e+01
3.495869e+01
3.365339e+01
2.930566e+01
2.455491e+01
1.974492e+01
1.373220e+01
8.070361e+00
5.622808e+00
1.866538e+00
4.411661e-02
