# eigenvalues_Krr_iter_5000
1.709895e+03
1.084852e+03
9.464012e+02
8.756501e+02
8.190052e+02
7.758940e+02
7.319172e+02
6.765233e+02
5.843372e+02
5.732023e+02
5.083568e+02
4.955099e+02
4.778687e+02
4.528955e+02
4.321664e+02
4.172845e+02
4.002816e+02
3.639871e+02
3.568061e+02
3.450843e+02
3.371512e+02
3.182411e+02
3.114283e+02
3.026833e+02
2.977430e+02
2.813167e+02
2.593443e+02
2.518028e+02
2.400470e+02
2.370641e+02
2.207393e+02
2.057934e+02
1.945761e+02
1.813914e+02
1.758251e+02
1.658639e+02
1.518103e+02
1.494521e+02
1.421407e+02
1.388064e+02
1.305563e+02
1.267340e+02
1.159106e+02
1.102942e+02
1.049487e+02
9.673895e+01
9.338817e+01
8.328575e+01
8.118449e+01
7.001807e+01
6.573357e+01
5.543377e+01
4.968382e+01
4.646810e+01
3.995037e+01
3.860921e+01
3.301539e+01
3.033895e+01
2.178308e+01
1.677266e+01
8.650526e+00
6.635563e+00
2.272471e+00
6.089826e-02
