# eigenvalues_Krr_iter_5000
9.707213e+07
6.657750e+07
5.590179e+07
4.719453e+07
4.255775e+07
3.382311e+07
3.068698e+07
2.840175e+07
2.531429e+07
2.090765e+07
2.039610e+07
1.969353e+07
1.840292e+07
1.665701e+07
1.587904e+07
1.295306e+07
1.205483e+07
1.158431e+07
1.000253e+07
9.694593e+06
9.036898e+06
8.287164e+06
7.300879e+06
7.054201e+06
6.539914e+06
6.158654e+06
5.542650e+06
5.179115e+06
4.658048e+06
4.344204e+06
3.948822e+06
3.753103e+06
3.129115e+06
2.939702e+06
2.747996e+06
2.562541e+06
2.379388e+06
2.235704e+06
1.956496e+06
1.896502e+06
1.703482e+06
1.578868e+06
1.397978e+06
1.271191e+06
1.169093e+06
1.131166e+06
1.028103e+06
8.298401e+05
7.503355e+05
7.101718e+05
6.557397e+05
5.763971e+05
5.489924e+05
5.243908e+05
4.845857e+05
3.941813e+05
3.704258e+05
3.481198e+05
2.878861e+05
2.821208e+05
2.302682e+05
1.785934e+05
1.454702e+05
1.296441e+05
