# iteration  l2_Plain_fixed  l2_Plain_adapt  l2_MFF_fixed  l2_MFF_adapt  l2_ST_MFF_fixed  l2_ST_MFF_adapt
0.000000e+00 1.282979e+00 1.282979e+00 2.884956e+00 2.884956e+00 1.692688e+00 1.692688e+00
1.000000e+02 1.042897e+00 1.046863e+00 3.095719e+00 1.235601e+00 1.464081e+00 9.810221e-01
2.000000e+02 1.039905e+00 1.043173e+00 3.104315e+00 1.227529e+00 1.343559e+00 9.752094e-01
3.000000e+02 1.037538e+00 1.048051e+00 2.990900e+00 1.222509e+00 1.242058e+00 9.631437e-01
4.000000e+02 1.039347e+00 1.051077e+00 2.876457e+00 1.219228e+00 1.162217e+00 9.498170e-01
5.000000e+02 1.039559e+00 1.057718e+00 2.783151e+00 1.216310e+00 1.094828e+00 9.357844e-01
6.000000e+02 1.034040e+00 1.038401e+00 2.676749e+00 1.211481e+00 1.052082e+00 9.216850e-01
7.000000e+02 1.033022e+00 1.049565e+00 2.545535e+00 1.207597e+00 1.024214e+00 9.079040e-01
8.000000e+02 1.031970e+00 1.038246e+00 2.414578e+00 1.204768e+00 1.009274e+00 8.957996e-01
9.000000e+02 1.031054e+00 1.032948e+00 2.336473e+00 1.200124e+00 1.002986e+00 8.825015e-01
1.000000e+03 1.039046e+00 1.072994e+00 2.253890e+00 1.196979e+00 1.003248e+00 8.713951e-01
1.100000e+03 1.036331e+00 1.042021e+00 2.158097e+00 1.193045e+00 1.006687e+00 8.574633e-01
1.200000e+03 1.035270e+00 1.030121e+00 2.071876e+00 1.189108e+00 1.011933e+00 8.475961e-01
1.300000e+03 1.036116e+00 1.023103e+00 2.003788e+00 1.185317e+00 1.017696e+00 8.375467e-01
1.400000e+03 1.041448e+00 1.022242e+00 1.950974e+00 1.181471e+00 1.023020e+00 8.256765e-01
1.500000e+03 1.042086e+00 1.032316e+00 1.859517e+00 1.178376e+00 1.026853e+00 8.180235e-01
1.600000e+03 1.041231e+00 1.012633e+00 1.798252e+00 1.175138e+00 1.030620e+00 8.110080e-01
1.700000e+03 1.042564e+00 1.017379e+00 1.722125e+00 1.171511e+00 1.033772e+00 8.006120e-01
1.800000e+03 1.042958e+00 1.012205e+00 1.656022e+00 1.168062e+00 1.034407e+00 7.898256e-01
1.900000e+03 1.049185e+00 1.001916e+00 1.600222e+00 1.164670e+00 1.036242e+00 7.786948e-01
2.000000e+03 1.049705e+00 9.996984e-01 1.555138e+00 1.161608e+00 1.038320e+00 7.657274e-01
2.100000e+03 1.049097e+00 9.830294e-01 1.500280e+00 1.158376e+00 1.038677e+00 7.552245e-01
2.200000e+03 1.051981e+00 9.767780e-01 1.469341e+00 1.155459e+00 1.037670e+00 7.443255e-01
2.300000e+03 1.051985e+00 9.700487e-01 1.416535e+00 1.152170e+00 1.039687e+00 7.362504e-01
2.400000e+03 1.049186e+00 9.634499e-01 1.390662e+00 1.149839e+00 1.040637e+00 7.271635e-01
2.500000e+03 1.052209e+00 9.589536e-01 1.340583e+00 1.146136e+00 1.039136e+00 7.130075e-01
2.600000e+03 1.053641e+00 9.562844e-01 1.301608e+00 1.143409e+00 1.039024e+00 6.995009e-01
2.700000e+03 1.054651e+00 9.564390e-01 1.283127e+00 1.140754e+00 1.037992e+00 7.039622e-01
2.800000e+03 1.046599e+00 9.565365e-01 1.258421e+00 1.137887e+00 1.039205e+00 6.895274e-01
2.900000e+03 1.050546e+00 9.534555e-01 1.222995e+00 1.135178e+00 1.038299e+00 6.758374e-01
3.000000e+03 1.041619e+00 9.549538e-01 1.208617e+00 1.132826e+00 1.037747e+00 6.613596e-01
3.100000e+03 1.050194e+00 9.547285e-01 1.201894e+00 1.130172e+00 1.037896e+00 6.468682e-01
3.200000e+03 1.041002e+00 9.519591e-01 1.186443e+00 1.127546e+00 1.037867e+00 6.320237e-01
3.300000e+03 1.047205e+00 9.502035e-01 1.155716e+00 1.124564e+00 1.037365e+00 6.197607e-01
3.400000e+03 1.044775e+00 9.511667e-01 1.134194e+00 1.122695e+00 1.038626e+00 6.103900e-01
3.500000e+03 1.051296e+00 9.475416e-01 1.129353e+00 1.119628e+00 1.035397e+00 5.924398e-01
3.600000e+03 1.046722e+00 9.452595e-01 1.116996e+00 1.117488e+00 1.038197e+00 5.884084e-01
3.700000e+03 1.036300e+00 9.422151e-01 1.117747e+00 1.114899e+00 1.038908e+00 5.761406e-01
3.800000e+03 1.040795e+00 9.382130e-01 1.104021e+00 1.112572e+00 1.038439e+00 5.652507e-01
3.900000e+03 1.040036e+00 9.350323e-01 1.103347e+00 1.109853e+00 1.036702e+00 5.517507e-01
4.000000e+03 1.041216e+00 9.319512e-01 1.093591e+00 1.108221e+00 1.034555e+00 5.380453e-01
4.100000e+03 1.043432e+00 9.326111e-01 1.081223e+00 1.106171e+00 1.037711e+00 5.399237e-01
4.200000e+03 1.039496e+00 9.317468e-01 1.082888e+00 1.103778e+00 1.036963e+00 5.286712e-01
4.300000e+03 1.030735e+00 9.296709e-01 1.071994e+00 1.101466e+00 1.037939e+00 5.187526e-01
4.400000e+03 1.037445e+00 9.271168e-01 1.068313e+00 1.099471e+00 1.035642e+00 4.981340e-01
4.500000e+03 1.039198e+00 9.274421e-01 1.063343e+00 1.097230e+00 1.038186e+00 4.837908e-01
4.600000e+03 1.042332e+00 9.247102e-01 1.065340e+00 1.095626e+00 1.037886e+00 4.670583e-01
4.700000e+03 1.034408e+00 9.237064e-01 1.062349e+00 1.093592e+00 1.038647e+00 4.551393e-01
4.800000e+03 1.036964e+00 9.229591e-01 1.055792e+00 1.091289e+00 1.040255e+00 4.433380e-01
4.900000e+03 1.036195e+00 9.226576e-01 1.049973e+00 1.090231e+00 1.036547e+00 4.438144e-01
5.000000e+03 1.029120e+00 9.206949e-01 1.061786e+00 1.088283e+00 1.037466e+00 4.520376e-01
5.100000e+03 1.035534e+00 9.202859e-01 1.056015e+00 1.086090e+00 1.037666e+00 4.390070e-01
5.200000e+03 1.032734e+00 9.190852e-01 1.058691e+00 1.084790e+00 1.038796e+00 4.190601e-01
5.300000e+03 1.032946e+00 9.187994e-01 1.049478e+00 1.083088e+00 1.036255e+00 4.045159e-01
5.400000e+03 1.029038e+00 9.174464e-01 1.045966e+00 1.081264e+00 1.037488e+00 3.949436e-01
5.500000e+03 1.037799e+00 9.172008e-01 1.050478e+00 1.079938e+00 1.038555e+00 3.879062e-01
5.600000e+03 1.039109e+00 9.166613e-01 1.047820e+00 1.078583e+00 1.036648e+00 3.766683e-01
5.700000e+03 1.034362e+00 9.149172e-01 1.045726e+00 1.077411e+00 1.038370e+00 3.661846e-01
5.800000e+03 1.033639e+00 9.136155e-01 1.048654e+00 1.075939e+00 1.037304e+00 3.618595e-01
5.900000e+03 1.032854e+00 9.119726e-01 1.045777e+00 1.074548e+00 1.036898e+00 3.435168e-01
6.000000e+03 1.040304e+00 9.095068e-01 1.046815e+00 1.073680e+00 1.038262e+00 3.315876e-01
6.100000e+03 1.037540e+00 9.070587e-01 1.047426e+00 1.072220e+00 1.038315e+00 3.242746e-01
6.200000e+03 1.035574e+00 9.040557e-01 1.047428e+00 1.070609e+00 1.037774e+00 3.164230e-01
6.300000e+03 1.032012e+00 9.018851e-01 1.046724e+00 1.070086e+00 1.038347e+00 3.132919e-01
6.400000e+03 1.031708e+00 8.999307e-01 1.048387e+00 1.068034e+00 1.037916e+00 3.212102e-01
6.500000e+03 1.032570e+00 8.980452e-01 1.042560e+00 1.067140e+00 1.037521e+00 3.030757e-01
6.600000e+03 1.033633e+00 8.968420e-01 1.049686e+00 1.066387e+00 1.037969e+00 2.996394e-01
6.700000e+03 1.034924e+00 8.955590e-01 1.042519e+00 1.065342e+00 1.037169e+00 2.953517e-01
6.800000e+03 1.031450e+00 8.942725e-01 1.041290e+00 1.064842e+00 1.035688e+00 2.797911e-01
6.900000e+03 1.031617e+00 8.923965e-01 1.048288e+00 1.063157e+00 1.037825e+00 2.759624e-01
7.000000e+03 1.029911e+00 8.918152e-01 1.039343e+00 1.062724e+00 1.035400e+00 2.754878e-01
7.100000e+03 1.032389e+00 8.902389e-01 1.039269e+00 1.061463e+00 1.037001e+00 2.639232e-01
7.200000e+03 1.034962e+00 8.896101e-01 1.045974e+00 1.060746e+00 1.037240e+00 2.556687e-01
7.300000e+03 1.032771e+00 8.895777e-01 1.047468e+00 1.059924e+00 1.037355e+00 2.517773e-01
7.400000e+03 1.030992e+00 8.878757e-01 1.049051e+00 1.058532e+00 1.036393e+00 2.468480e-01
7.500000e+03 1.043303e+00 8.870181e-01 1.040378e+00 1.058177e+00 1.039196e+00 2.430142e-01
7.600000e+03 1.031300e+00 8.858709e-01 1.040870e+00 1.057391e+00 1.035418e+00 2.332805e-01
7.700000e+03 1.027736e+00 8.850076e-01 1.042401e+00 1.056880e+00 1.034831e+00 2.309947e-01
7.800000e+03 1.027102e+00 8.844455e-01 1.042156e+00 1.056461e+00 1.037390e+00 2.206916e-01
7.900000e+03 1.029731e+00 8.848028e-01 1.041737e+00 1.055726e+00 1.037200e+00 2.193856e-01
8.000000e+03 1.028508e+00 8.843276e-01 1.047632e+00 1.055216e+00 1.036743e+00 2.103267e-01
8.100000e+03 1.030577e+00 8.840082e-01 1.039318e+00 1.053303e+00 1.038348e+00 2.124526e-01
8.200000e+03 1.030025e+00 8.827774e-01 1.043482e+00 1.058353e+00 1.038195e+00 2.074835e-01
8.300000e+03 1.028381e+00 8.816706e-01 1.038200e+00 1.053504e+00 1.036153e+00 1.955710e-01
8.400000e+03 1.026653e+00 8.819006e-01 1.042484e+00 1.053107e+00 1.037671e+00 1.886903e-01
8.500000e+03 1.029074e+00 8.807437e-01 1.040184e+00 1.052385e+00 1.039805e+00 2.024774e-01
8.600000e+03 1.026599e+00 8.805321e-01 1.046269e+00 1.050913e+00 1.038946e+00 1.893933e-01
8.700000e+03 1.027000e+00 8.800329e-01 1.044023e+00 1.052173e+00 1.037366e+00 1.887107e-01
8.800000e+03 1.028623e+00 8.795505e-01 1.045837e+00 1.051221e+00 1.037657e+00 1.838512e-01
8.900000e+03 1.024533e+00 8.794367e-01 1.040588e+00 1.051060e+00 1.036660e+00 1.767660e-01
9.000000e+03 1.025422e+00 8.782286e-01 1.037586e+00 1.049443e+00 1.036250e+00 1.718046e-01
9.100000e+03 1.029310e+00 8.769919e-01 1.042971e+00 1.048989e+00 1.037065e+00 1.707936e-01
9.200000e+03 1.025323e+00 8.767010e-01 1.046218e+00 1.048331e+00 1.034764e+00 1.697151e-01
9.300000e+03 1.026531e+00 8.761988e-01 1.039706e+00 1.048160e+00 1.036892e+00 1.632146e-01
9.400000e+03 1.023968e+00 8.753816e-01 1.040909e+00 1.047910e+00 1.038186e+00 1.534462e-01
9.500000e+03 1.025245e+00 8.745596e-01 1.044935e+00 1.046716e+00 1.035169e+00 1.474042e-01
9.600000e+03 1.025122e+00 8.743638e-01 1.042833e+00 1.047687e+00 1.037642e+00 1.528140e-01
9.700000e+03 1.027942e+00 8.728341e-01 1.048273e+00 1.046025e+00 1.036771e+00 1.481129e-01
9.800000e+03 1.025274e+00 8.723806e-01 1.041849e+00 1.046104e+00 1.036162e+00 1.468180e-01
9.900000e+03 1.024848e+00 8.719973e-01 1.039355e+00 1.045720e+00 1.036176e+00 1.448915e-01
1.000000e+04 1.023593e+00 8.696506e-01 1.043098e+00 1.045061e+00 1.036759e+00 1.378900e-01
1.010000e+04 1.031503e+00 8.694137e-01 1.041292e+00 1.044823e+00 1.036296e+00 1.309170e-01
1.020000e+04 1.023037e+00 8.684106e-01 1.043783e+00 1.043559e+00 1.038740e+00 1.281303e-01
1.030000e+04 1.024966e+00 8.678402e-01 1.040586e+00 1.044910e+00 1.036879e+00 1.270496e-01
1.040000e+04 1.024196e+00 8.671265e-01 1.042344e+00 1.043873e+00 1.035654e+00 1.195520e-01
1.050000e+04 1.027492e+00 8.659471e-01 1.040392e+00 1.042193e+00 1.036258e+00 1.182634e-01
1.060000e+04 1.022368e+00 8.654610e-01 1.043979e+00 1.042195e+00 1.036675e+00 1.277510e-01
1.070000e+04 1.025906e+00 8.647903e-01 1.039600e+00 1.042546e+00 1.036567e+00 1.201828e-01
1.080000e+04 1.025891e+00 8.636164e-01 1.042723e+00 1.042490e+00 1.038284e+00 1.149004e-01
1.090000e+04 1.023256e+00 8.624032e-01 1.042191e+00 1.043835e+00 1.036682e+00 1.120533e-01
1.100000e+04 1.027770e+00 8.621966e-01 1.038841e+00 1.041561e+00 1.035899e+00 1.271709e-01
1.110000e+04 1.023549e+00 8.617626e-01 1.043427e+00 1.040436e+00 1.036512e+00 1.152664e-01
1.120000e+04 1.022713e+00 8.612116e-01 1.043503e+00 1.040749e+00 1.036415e+00 1.076602e-01
1.130000e+04 1.023569e+00 8.605294e-01 1.047197e+00 1.040544e+00 1.035714e+00 1.017943e-01
1.140000e+04 1.022601e+00 8.594403e-01 1.035369e+00 1.040098e+00 1.037090e+00 1.169538e-01
1.150000e+04 1.023753e+00 8.588336e-01 1.041901e+00 1.038889e+00 1.035440e+00 1.053064e-01
1.160000e+04 1.023145e+00 8.580716e-01 1.043192e+00 1.039017e+00 1.036705e+00 9.975497e-02
1.170000e+04 1.025342e+00 8.575794e-01 1.045911e+00 1.038475e+00 1.036661e+00 9.424392e-02
1.180000e+04 1.024140e+00 8.568793e-01 1.039661e+00 1.039228e+00 1.036725e+00 9.217674e-02
1.190000e+04 1.021763e+00 8.567794e-01 1.039244e+00 1.038358e+00 1.036571e+00 9.005531e-02
1.200000e+04 1.021906e+00 8.563721e-01 1.040967e+00 1.037588e+00 1.035394e+00 8.711833e-02
1.210000e+04 1.026046e+00 8.558928e-01 1.037721e+00 1.036471e+00 1.036324e+00 8.754285e-02
1.220000e+04 1.021227e+00 8.554785e-01 1.046757e+00 1.037348e+00 1.036468e+00 8.697353e-02
1.230000e+04 1.022634e+00 8.543166e-01 1.042640e+00 1.037345e+00 1.037051e+00 8.707455e-02
1.240000e+04 1.022361e+00 8.541933e-01 1.043127e+00 1.035894e+00 1.035282e+00 8.157727e-02
1.250000e+04 1.021720e+00 8.543184e-01 1.042710e+00 1.036337e+00 1.035086e+00 8.175070e-02
1.260000e+04 1.029399e+00 8.546450e-01 1.040220e+00 1.034903e+00 1.035964e+00 7.603962e-02
1.270000e+04 1.021026e+00 8.524861e-01 1.042795e+00 1.035639e+00 1.035847e+00 7.335907e-02
1.280000e+04 1.020516e+00 8.532840e-01 1.041073e+00 1.035595e+00 1.036421e+00 7.482935e-02
1.290000e+04 1.022895e+00 8.513989e-01 1.040525e+00 1.033984e+00 1.036431e+00 6.987039e-02
1.300000e+04 1.020592e+00 8.519630e-01 1.041023e+00 1.033955e+00 1.036638e+00 6.832112e-02
1.310000e+04 1.021646e+00 8.517805e-01 1.038744e+00 1.033519e+00 1.034996e+00 6.750894e-02
1.320000e+04 1.020953e+00 8.510011e-01 1.040948e+00 1.033944e+00 1.033183e+00 6.969787e-02
1.330000e+04 1.021618e+00 8.512095e-01 1.041226e+00 1.033462e+00 1.035736e+00 6.752113e-02
1.340000e+04 1.021793e+00 8.504843e-01 1.038025e+00 1.033119e+00 1.035470e+00 6.363999e-02
1.350000e+04 1.021062e+00 8.497497e-01 1.042638e+00 1.032696e+00 1.034561e+00 6.918728e-02
1.360000e+04 1.022695e+00 8.504768e-01 1.037495e+00 1.032513e+00 1.035304e+00 6.371409e-02
1.370000e+04 1.022351e+00 8.502199e-01 1.042517e+00 1.031658e+00 1.034540e+00 6.004606e-02
1.380000e+04 1.022704e+00 8.496475e-01 1.043129e+00 1.031797e+00 1.035444e+00 5.796623e-02
1.390000e+04 1.024099e+00 8.486208e-01 1.040800e+00 1.030750e+00 1.034351e+00 5.698459e-02
1.400000e+04 1.020442e+00 8.484834e-01 1.038690e+00 1.030884e+00 1.033150e+00 5.479784e-02
1.410000e+04 1.019372e+00 8.478896e-01 1.046059e+00 1.030477e+00 1.032173e+00 5.152621e-02
1.420000e+04 1.020696e+00 8.483363e-01 1.044661e+00 1.030210e+00 1.033061e+00 5.909212e-02
1.430000e+04 1.019990e+00 8.477229e-01 1.040388e+00 1.029836e+00 1.034769e+00 5.830569e-02
1.440000e+04 1.021045e+00 8.477668e-01 1.039366e+00 1.030277e+00 1.033141e+00 5.301076e-02
1.450000e+04 1.021298e+00 8.475720e-01 1.038785e+00 1.029421e+00 1.034713e+00 4.919508e-02
1.460000e+04 1.019617e+00 8.478317e-01 1.039586e+00 1.029268e+00 1.033547e+00 4.732603e-02
1.470000e+04 1.020216e+00 8.469462e-01 1.041637e+00 1.028989e+00 1.035228e+00 4.810092e-02
1.480000e+04 1.021476e+00 8.465933e-01 1.044324e+00 1.028730e+00 1.035512e+00 4.484477e-02
1.490000e+04 1.019978e+00 8.466065e-01 1.043210e+00 1.028882e+00 1.032891e+00 5.290626e-02
1.500000e+04 1.019912e+00 8.464462e-01 1.041160e+00 1.027849e+00 1.033757e+00 4.804270e-02
1.510000e+04 1.019933e+00 8.463415e-01 1.038341e+00 1.028064e+00 1.034733e+00 4.552685e-02
1.520000e+04 1.020393e+00 8.455073e-01 1.041712e+00 1.027832e+00 1.033333e+00 4.336668e-02
1.530000e+04 1.019490e+00 8.456660e-01 1.038047e+00 1.027022e+00 1.032004e+00 4.030566e-02
1.540000e+04 1.019061e+00 8.454539e-01 1.039797e+00 1.027015e+00 1.034423e+00 3.923228e-02
1.550000e+04 1.021182e+00 8.454997e-01 1.041397e+00 1.026898e+00 1.034332e+00 3.878532e-02
1.560000e+04 1.019919e+00 8.453212e-01 1.041530e+00 1.026562e+00 1.033728e+00 3.742616e-02
1.570000e+04 1.020318e+00 8.443996e-01 1.039937e+00 1.026497e+00 1.031676e+00 5.061359e-02
1.580000e+04 1.019290e+00 8.446545e-01 1.041937e+00 1.025823e+00 1.033445e+00 4.453795e-02
1.590000e+04 1.020911e+00 8.445522e-01 1.038510e+00 1.025357e+00 1.032280e+00 4.123827e-02
1.600000e+04 1.019665e+00 8.443426e-01 1.040887e+00 1.025591e+00 1.033528e+00 3.816529e-02
1.610000e+04 1.022803e+00 8.438924e-01 1.039786e+00 1.025456e+00 1.031755e+00 3.658594e-02
1.620000e+04 1.019781e+00 8.452756e-01 1.044236e+00 1.025129e+00 1.033189e+00 3.589370e-02
1.630000e+04 1.025250e+00 8.441911e-01 1.042754e+00 1.024648e+00 1.030494e+00 3.368104e-02
1.640000e+04 1.018824e+00 8.435162e-01 1.040625e+00 1.024305e+00 1.032486e+00 3.287799e-02
1.650000e+04 1.020070e+00 8.434620e-01 1.041748e+00 1.023636e+00 1.033144e+00 3.115147e-02
1.660000e+04 1.018409e+00 8.433893e-01 1.038102e+00 1.023966e+00 1.032508e+00 3.456569e-02
1.670000e+04 1.020260e+00 8.441169e-01 1.041327e+00 1.023563e+00 1.032233e+00 3.217716e-02
1.680000e+04 1.017338e+00 8.429119e-01 1.039393e+00 1.023404e+00 1.029952e+00 2.965319e-02
1.690000e+04 1.019566e+00 8.432006e-01 1.039453e+00 1.023072e+00 1.030760e+00 2.777575e-02
1.700000e+04 1.019394e+00 8.424413e-01 1.038938e+00 1.022811e+00 1.029286e+00 2.840969e-02
1.710000e+04 1.017865e+00 8.428828e-01 1.038635e+00 1.022848e+00 1.029169e+00 2.840404e-02
1.720000e+04 1.020127e+00 8.435370e-01 1.040864e+00 1.022569e+00 1.028763e+00 2.696619e-02
1.730000e+04 1.020395e+00 8.420961e-01 1.040446e+00 1.022258e+00 1.030513e+00 2.576898e-02
1.740000e+04 1.019907e+00 8.415130e-01 1.041478e+00 1.022063e+00 1.030180e+00 2.738596e-02
1.750000e+04 1.017846e+00 8.421206e-01 1.041702e+00 1.021527e+00 1.028920e+00 2.627058e-02
1.760000e+04 1.021084e+00 8.417378e-01 1.037941e+00 1.021524e+00 1.029562e+00 2.464780e-02
1.770000e+04 1.018358e+00 8.415218e-01 1.040960e+00 1.021367e+00 1.029157e+00 2.477779e-02
1.780000e+04 1.016801e+00 8.419645e-01 1.040553e+00 1.021007e+00 1.027168e+00 3.148564e-02
1.790000e+04 1.017137e+00 8.410621e-01 1.039967e+00 1.020822e+00 1.029157e+00 2.783590e-02
1.800000e+04 1.017870e+00 8.410728e-01 1.040399e+00 1.020542e+00 1.028278e+00 2.547376e-02
1.810000e+04 1.016665e+00 8.414560e-01 1.039065e+00 1.020473e+00 1.027406e+00 2.382047e-02
1.820000e+04 1.018212e+00 8.411869e-01 1.042643e+00 1.020024e+00 1.028210e+00 2.328347e-02
1.830000e+04 1.018621e+00 8.406730e-01 1.040962e+00 1.019696e+00 1.027698e+00 2.172458e-02
1.840000e+04 1.017757e+00 8.415235e-01 1.043251e+00 1.019842e+00 1.027052e+00 2.106661e-02
1.850000e+04 1.017404e+00 8.411761e-01 1.041981e+00 1.019801e+00 1.027102e+00 1.999712e-02
1.860000e+04 1.016937e+00 8.405028e-01 1.039433e+00 1.019300e+00 1.026041e+00 2.029778e-02
1.870000e+04 1.017647e+00 8.402417e-01 1.042806e+00 1.019198e+00 1.027423e+00 2.011853e-02
1.880000e+04 1.016389e+00 8.403206e-01 1.038913e+00 1.018921e+00 1.024204e+00 1.927180e-02
1.890000e+04 1.015282e+00 8.394296e-01 1.041758e+00 1.018787e+00 1.026712e+00 1.950806e-02
1.900000e+04 1.016382e+00 8.397395e-01 1.040142e+00 1.018578e+00 1.024748e+00 2.053093e-02
1.910000e+04 1.017247e+00 8.397396e-01 1.041857e+00 1.018589e+00 1.027962e+00 1.906042e-02
1.920000e+04 1.017131e+00 8.387871e-01 1.043251e+00 1.018313e+00 1.025141e+00 1.822888e-02
1.930000e+04 1.018496e+00 8.390093e-01 1.041173e+00 1.017622e+00 1.025821e+00 1.878615e-02
1.940000e+04 1.016459e+00 8.385589e-01 1.041150e+00 1.017789e+00 1.025067e+00 1.964584e-02
1.950000e+04 1.016902e+00 8.386429e-01 1.041856e+00 1.017576e+00 1.025858e+00 1.868969e-02
1.960000e+04 1.016434e+00 8.394331e-01 1.041132e+00 1.017521e+00 1.024982e+00 1.962619e-02
1.970000e+04 1.015814e+00 8.380482e-01 1.041119e+00 1.017139e+00 1.023674e+00 1.753752e-02
1.980000e+04 1.016351e+00 8.385482e-01 1.042355e+00 1.016628e+00 1.025106e+00 1.829362e-02
1.990000e+04 1.016289e+00 8.379519e-01 1.039975e+00 1.016487e+00 1.024849e+00 1.720980e-02
2.000000e+04 1.016550e+00 8.378392e-01 1.040617e+00 1.016394e+00 1.024525e+00 1.598046e-02
2.010000e+04 1.015978e+00 8.368960e-01 1.040700e+00 1.016459e+00 1.024361e+00 1.591217e-02
2.020000e+04 1.017004e+00 8.366086e-01 1.039789e+00 1.016169e+00 1.022283e+00 1.470459e-02
2.030000e+04 1.016937e+00 8.366809e-01 1.040638e+00 1.016043e+00 1.025968e+00 1.487696e-02
2.040000e+04 1.015446e+00 8.356516e-01 1.041504e+00 1.015834e+00 1.022971e+00 1.688230e-02
2.050000e+04 1.015472e+00 8.360800e-01 1.042033e+00 1.015603e+00 1.023278e+00 1.526031e-02
2.060000e+04 1.015828e+00 8.360769e-01 1.040972e+00 1.015256e+00 1.024288e+00 1.390767e-02
2.070000e+04 1.015164e+00 8.356064e-01 1.041314e+00 1.015325e+00 1.022917e+00 1.349788e-02
2.080000e+04 1.015805e+00 8.356577e-01 1.039556e+00 1.014970e+00 1.023290e+00 1.263822e-02
2.090000e+04 1.016991e+00 8.355312e-01 1.040082e+00 1.014678e+00 1.024473e+00 1.439732e-02
2.100000e+04 1.014685e+00 8.353451e-01 1.040065e+00 1.014719e+00 1.025103e+00 1.285240e-02
2.110000e+04 1.015363e+00 8.354643e-01 1.039518e+00 1.013979e+00 1.024527e+00 1.359797e-02
2.120000e+04 1.014934e+00 8.348156e-01 1.040692e+00 1.014482e+00 1.023210e+00 1.345268e-02
2.130000e+04 1.014925e+00 8.345297e-01 1.040293e+00 1.014331e+00 1.024352e+00 1.290174e-02
2.140000e+04 1.016478e+00 8.341715e-01 1.040227e+00 1.014123e+00 1.025264e+00 1.239033e-02
2.150000e+04 1.017649e+00 8.339703e-01 1.040485e+00 1.013898e+00 1.025558e+00 1.164633e-02
2.160000e+04 1.014969e+00 8.332701e-01 1.040450e+00 1.013614e+00 1.023599e+00 1.181199e-02
2.170000e+04 1.013995e+00 8.332591e-01 1.042253e+00 1.013531e+00 1.024110e+00 1.212026e-02
2.180000e+04 1.014847e+00 8.330492e-01 1.040205e+00 1.013267e+00 1.024916e+00 1.163665e-02
2.190000e+04 1.015793e+00 8.329026e-01 1.040789e+00 1.013091e+00 1.024422e+00 1.095422e-02
2.200000e+04 1.016407e+00 8.326658e-01 1.039484e+00 1.013094e+00 1.025138e+00 1.121768e-02
2.210000e+04 1.014268e+00 8.319033e-01 1.039328e+00 1.012940e+00 1.024058e+00 1.140195e-02
2.220000e+04 1.014384e+00 8.324934e-01 1.039505e+00 1.012859e+00 1.024992e+00 1.110202e-02
2.230000e+04 1.014583e+00 8.319306e-01 1.039434e+00 1.012746e+00 1.025851e+00 1.092593e-02
2.240000e+04 1.013200e+00 8.312176e-01 1.040555e+00 1.012562e+00 1.024593e+00 1.469436e-02
2.250000e+04 1.014660e+00 8.308123e-01 1.039947e+00 1.012456e+00 1.025535e+00 1.273328e-02
2.260000e+04 1.014452e+00 8.307025e-01 1.041807e+00 1.012105e+00 1.025153e+00 1.213370e-02
2.270000e+04 1.014628e+00 8.299670e-01 1.041530e+00 1.011952e+00 1.025437e+00 1.159999e-02
2.280000e+04 1.015135e+00 8.301023e-01 1.041571e+00 1.011981e+00 1.025368e+00 1.078997e-02
2.290000e+04 1.014309e+00 8.292307e-01 1.040194e+00 1.011647e+00 1.025736e+00 1.029278e-02
2.300000e+04 1.014742e+00 8.291739e-01 1.040058e+00 1.011491e+00 1.025583e+00 1.002892e-02
2.310000e+04 1.013525e+00 8.290405e-01 1.040019e+00 1.011354e+00 1.025849e+00 9.719168e-03
2.320000e+04 1.013760e+00 8.282342e-01 1.039308e+00 1.011075e+00 1.024743e+00 9.441237e-03
2.330000e+04 1.013755e+00 8.280141e-01 1.042167e+00 1.011132e+00 1.026857e+00 1.002786e-02
2.340000e+04 1.013585e+00 8.278375e-01 1.039495e+00 1.010941e+00 1.026477e+00 8.864557e-03
2.350000e+04 1.013883e+00 8.275399e-01 1.040154e+00 1.010582e+00 1.026303e+00 9.397880e-03
2.360000e+04 1.014633e+00 8.275931e-01 1.038654e+00 1.010642e+00 1.025462e+00 8.899128e-03
2.370000e+04 1.014480e+00 8.271077e-01 1.041346e+00 1.010509e+00 1.027575e+00 8.899532e-03
2.380000e+04 1.012895e+00 8.266745e-01 1.039431e+00 1.010338e+00 1.025123e+00 9.060182e-03
2.390000e+04 1.013463e+00 8.264194e-01 1.040267e+00 1.010313e+00 1.025559e+00 8.108143e-03
2.400000e+04 1.013182e+00 8.261899e-01 1.041421e+00 1.010358e+00 1.026652e+00 9.551183e-03
2.410000e+04 1.014162e+00 8.258750e-01 1.039179e+00 1.009964e+00 1.026920e+00 1.026162e-02
2.420000e+04 1.015222e+00 8.255831e-01 1.039652e+00 1.009858e+00 1.026871e+00 8.790993e-03
2.430000e+04 1.014072e+00 8.248558e-01 1.039153e+00 1.009721e+00 1.024704e+00 8.080976e-03
2.440000e+04 1.013756e+00 8.249193e-01 1.040012e+00 1.009682e+00 1.026877e+00 8.125453e-03
2.450000e+04 1.013784e+00 8.248270e-01 1.040746e+00 1.009723e+00 1.025829e+00 8.175275e-03
2.460000e+04 1.013367e+00 8.244603e-01 1.039298e+00 1.009346e+00 1.025783e+00 7.869018e-03
2.470000e+04 1.013106e+00 8.243966e-01 1.040606e+00 1.009312e+00 1.026403e+00 7.881372e-03
2.480000e+04 1.013044e+00 8.240382e-01 1.040892e+00 1.008967e+00 1.026656e+00 8.127877e-03
2.490000e+04 1.012659e+00 8.240092e-01 1.039069e+00 1.008934e+00 1.026720e+00 8.064849e-03
2.500000e+04 1.013362e+00 8.237652e-01 1.038605e+00 1.008905e+00 1.026507e+00 7.629506e-03
2.510000e+04 1.012665e+00 8.234100e-01 1.040256e+00 1.008721e+00 1.026635e+00 7.198290e-03
2.520000e+04 1.012620e+00 8.231746e-01 1.040362e+00 1.008615e+00 1.025816e+00 7.307033e-03
2.530000e+04 1.012759e+00 8.229003e-01 1.038320e+00 1.008472e+00 1.027695e+00 7.775868e-03
2.540000e+04 1.012573e+00 8.228205e-01 1.040275e+00 1.008320e+00 1.026209e+00 6.864793e-03
2.550000e+04 1.013342e+00 8.227385e-01 1.040887e+00 1.008220e+00 1.026449e+00 6.645288e-03
2.560000e+04 1.012590e+00 8.225478e-01 1.039194e+00 1.008013e+00 1.026961e+00 7.218581e-03
2.570000e+04 1.012615e+00 8.226448e-01 1.041775e+00 1.007871e+00 1.027856e+00 6.866267e-03
2.580000e+04 1.011867e+00 8.219443e-01 1.039880e+00 1.007865e+00 1.026165e+00 6.552365e-03
2.590000e+04 1.012962e+00 8.212601e-01 1.040399e+00 1.007792e+00 1.026597e+00 6.643702e-03
2.600000e+04 1.011987e+00 8.216265e-01 1.039186e+00 1.007691e+00 1.027300e+00 6.631582e-03
2.610000e+04 1.012297e+00 8.213628e-01 1.039876e+00 1.007550e+00 1.025631e+00 6.515797e-03
2.620000e+04 1.012451e+00 8.210299e-01 1.039138e+00 1.007371e+00 1.027787e+00 6.557571e-03
2.630000e+04 1.012160e+00 8.213460e-01 1.040128e+00 1.007253e+00 1.026424e+00 5.915032e-03
2.640000e+04 1.014666e+00 8.207346e-01 1.040452e+00 1.007167e+00 1.025299e+00 6.060425e-03
2.650000e+04 1.011916e+00 8.202466e-01 1.039508e+00 1.006941e+00 1.026062e+00 5.827667e-03
2.660000e+04 1.011063e+00 8.202194e-01 1.039062e+00 1.006889e+00 1.026235e+00 6.820894e-03
2.670000e+04 1.011240e+00 8.198918e-01 1.039619e+00 1.006673e+00 1.025639e+00 6.041852e-03
2.680000e+04 1.011981e+00 8.195505e-01 1.039650e+00 1.006669e+00 1.026291e+00 5.934015e-03
2.690000e+04 1.013042e+00 8.195505e-01 1.040221e+00 1.006576e+00 1.026142e+00 5.661949e-03
2.700000e+04 1.010899e+00 8.193167e-01 1.039485e+00 1.006438e+00 1.026077e+00 5.226009e-03
2.710000e+04 1.011231e+00 8.192408e-01 1.039470e+00 1.006363e+00 1.027093e+00 6.168148e-03
2.720000e+04 1.011508e+00 8.193727e-01 1.038960e+00 1.006168e+00 1.026347e+00 5.827324e-03
2.730000e+04 1.011403e+00 8.187889e-01 1.038559e+00 1.006034e+00 1.026453e+00 5.253714e-03
2.740000e+04 1.011611e+00 8.187476e-01 1.039488e+00 1.005986e+00 1.027118e+00 5.345742e-03
2.750000e+04 1.010808e+00 8.185514e-01 1.039063e+00 1.005951e+00 1.027205e+00 5.004383e-03
2.760000e+04 1.011590e+00 8.184978e-01 1.041038e+00 1.005815e+00 1.026378e+00 5.656927e-03
2.770000e+04 1.010714e+00 8.181477e-01 1.039451e+00 1.005809e+00 1.025985e+00 5.210422e-03
2.780000e+04 1.011011e+00 8.178741e-01 1.039022e+00 1.005656e+00 1.025846e+00 5.198146e-03
2.790000e+04 1.010998e+00 8.177576e-01 1.039248e+00 1.005405e+00 1.027169e+00 5.218791e-03
2.800000e+04 1.012006e+00 8.177800e-01 1.039182e+00 1.005342e+00 1.026666e+00 5.084370e-03
2.810000e+04 1.010891e+00 8.176698e-01 1.038919e+00 1.005241e+00 1.026888e+00 4.793852e-03
2.820000e+04 1.011025e+00 8.173774e-01 1.040959e+00 1.005195e+00 1.026810e+00 5.049030e-03
2.830000e+04 1.010853e+00 8.171020e-01 1.040389e+00 1.005008e+00 1.027012e+00 4.830836e-03
2.840000e+04 1.010545e+00 8.168769e-01 1.040039e+00 1.004919e+00 1.025936e+00 4.877335e-03
2.850000e+04 1.011069e+00 8.172006e-01 1.039603e+00 1.004910e+00 1.027488e+00 4.580538e-03
2.860000e+04 1.011454e+00 8.169205e-01 1.040488e+00 1.004746e+00 1.027307e+00 4.830290e-03
2.870000e+04 1.010479e+00 8.166214e-01 1.040075e+00 1.004720e+00 1.026283e+00 4.950519e-03
2.880000e+04 1.010779e+00 8.165244e-01 1.039040e+00 1.004584e+00 1.025757e+00 4.722853e-03
2.890000e+04 1.010748e+00 8.165870e-01 1.040287e+00 1.004584e+00 1.026408e+00 4.640942e-03
2.900000e+04 1.010269e+00 8.162672e-01 1.039621e+00 1.004394e+00 1.026321e+00 4.676163e-03
2.910000e+04 1.011221e+00 8.161860e-01 1.039343e+00 1.004323e+00 1.026272e+00 4.725833e-03
2.920000e+04 1.010464e+00 8.159349e-01 1.038576e+00 1.004292e+00 1.026462e+00 4.304164e-03
2.930000e+04 1.009733e+00 8.156214e-01 1.040399e+00 1.004168e+00 1.026997e+00 4.354787e-03
2.940000e+04 1.010460e+00 8.157388e-01 1.040038e+00 1.003987e+00 1.026103e+00 4.194780e-03
2.950000e+04 1.010393e+00 8.156171e-01 1.040359e+00 1.003899e+00 1.027222e+00 4.605378e-03
2.960000e+04 1.010433e+00 8.157761e-01 1.040816e+00 1.003820e+00 1.026857e+00 4.591272e-03
2.970000e+04 1.010201e+00 8.154276e-01 1.039436e+00 1.003784e+00 1.026605e+00 4.402199e-03
2.980000e+04 1.009424e+00 8.149657e-01 1.040078e+00 1.003684e+00 1.025626e+00 4.105074e-03
2.990000e+04 1.009170e+00 8.151274e-01 1.038711e+00 1.003631e+00 1.026489e+00 4.050248e-03
3.000000e+04 1.009202e+00 8.148553e-01 1.039674e+00 1.003557e+00 1.025988e+00 4.226876e-03
3.010000e+04 1.011196e+00 8.146611e-01 1.040944e+00 1.003495e+00 1.026215e+00 3.978716e-03
3.020000e+04 1.009035e+00 8.145817e-01 1.038615e+00 1.003457e+00 1.025896e+00 5.047840e-03
3.030000e+04 1.009630e+00 8.143894e-01 1.039678e+00 1.003374e+00 1.025958e+00 3.948833e-03
3.040000e+04 1.009360e+00 8.145730e-01 1.039293e+00 1.003315e+00 1.025817e+00 4.002200e-03
3.050000e+04 1.010670e+00 8.144819e-01 1.039429e+00 1.003164e+00 1.026554e+00 4.325894e-03
3.060000e+04 1.009771e+00 8.144875e-01 1.040258e+00 1.003116e+00 1.026309e+00 3.940166e-03
3.070000e+04 1.009809e+00 8.142250e-01 1.039483e+00 1.003006e+00 1.026347e+00 4.035359e-03
3.080000e+04 1.009283e+00 8.140671e-01 1.039687e+00 1.002854e+00 1.026352e+00 3.821317e-03
3.090000e+04 1.009058e+00 8.140284e-01 1.040003e+00 1.002719e+00 1.025862e+00 3.902761e-03
3.100000e+04 1.008691e+00 8.140488e-01 1.039480e+00 1.002777e+00 1.025755e+00 4.557866e-03
3.110000e+04 1.009446e+00 8.137810e-01 1.039948e+00 1.002707e+00 1.026904e+00 3.604721e-03
3.120000e+04 1.009907e+00 8.137069e-01 1.038916e+00 1.002429e+00 1.026000e+00 3.500941e-03
3.130000e+04 1.009037e+00 8.137196e-01 1.039593e+00 1.002399e+00 1.025855e+00 3.309148e-03
3.140000e+04 1.010011e+00 8.134446e-01 1.039407e+00 1.002474e+00 1.025761e+00 3.539231e-03
3.150000e+04 1.009163e+00 8.134458e-01 1.039505e+00 1.002342e+00 1.026157e+00 3.431292e-03
3.160000e+04 1.008971e+00 8.134326e-01 1.039309e+00 1.002271e+00 1.025968e+00 3.355124e-03
3.170000e+04 1.008614e+00 8.132775e-01 1.039414e+00 1.002162e+00 1.026271e+00 3.134309e-03
3.180000e+04 1.008873e+00 8.131410e-01 1.039435e+00 1.002043e+00 1.026147e+00 3.725434e-03
3.190000e+04 1.008590e+00 8.131044e-01 1.039381e+00 1.002079e+00 1.025802e+00 3.329938e-03
3.200000e+04 1.009049e+00 8.130718e-01 1.039388e+00 1.001966e+00 1.026160e+00 3.517925e-03
3.210000e+04 1.008662e+00 8.128043e-01 1.040567e+00 1.001881e+00 1.025638e+00 3.635935e-03
3.220000e+04 1.008220e+00 8.128720e-01 1.039036e+00 1.001911e+00 1.025408e+00 3.371700e-03
3.230000e+04 1.008494e+00 8.129476e-01 1.040530e+00 1.001753e+00 1.026286e+00 3.215065e-03
3.240000e+04 1.008188e+00 8.128112e-01 1.039823e+00 1.001609e+00 1.025274e+00 3.433166e-03
3.250000e+04 1.007702e+00 8.127425e-01 1.038630e+00 1.001546e+00 1.025716e+00 2.960607e-03
3.260000e+04 1.008002e+00 8.126576e-01 1.039284e+00 1.001565e+00 1.025519e+00 2.811524e-03
3.270000e+04 1.008709e+00 8.124939e-01 1.039392e+00 1.001493e+00 1.026001e+00 3.033614e-03
3.280000e+04 1.008358e+00 8.125547e-01 1.039582e+00 1.001282e+00 1.025305e+00 3.252916e-03
3.290000e+04 1.007574e+00 8.122309e-01 1.038958e+00 1.001331e+00 1.025386e+00 3.560134e-03
3.300000e+04 1.008208e+00 8.121627e-01 1.039155e+00 1.001203e+00 1.025722e+00 3.150327e-03
3.310000e+04 1.008742e+00 8.119197e-01 1.040282e+00 1.001170e+00 1.025275e+00 2.803377e-03
3.320000e+04 1.007873e+00 8.119378e-01 1.039484e+00 1.001096e+00 1.025110e+00 2.777121e-03
3.330000e+04 1.007346e+00 8.117626e-01 1.039839e+00 1.001119e+00 1.024934e+00 2.962176e-03
3.340000e+04 1.008138e+00 8.117883e-01 1.039552e+00 1.000987e+00 1.025657e+00 2.742451e-03
3.350000e+04 1.007691e+00 8.117911e-01 1.039477e+00 1.000868e+00 1.025298e+00 2.945222e-03
3.360000e+04 1.007441e+00 8.117167e-01 1.039927e+00 1.000769e+00 1.025511e+00 3.066284e-03
3.370000e+04 1.007999e+00 8.116046e-01 1.039674e+00 1.000730e+00 1.025073e+00 2.817000e-03
3.380000e+04 1.007722e+00 8.116302e-01 1.039447e+00 1.000561e+00 1.025584e+00 3.054505e-03
3.390000e+04 1.007432e+00 8.114312e-01 1.039469e+00 1.000615e+00 1.024938e+00 2.924641e-03
3.400000e+04 1.007363e+00 8.114929e-01 1.039521e+00 1.000530e+00 1.024955e+00 2.850539e-03
3.410000e+04 1.006992e+00 8.114238e-01 1.038819e+00 1.000467e+00 1.024682e+00 2.651381e-03
3.420000e+04 1.007177e+00 8.113001e-01 1.040168e+00 1.000340e+00 1.024918e+00 2.801886e-03
3.430000e+04 1.007239e+00 8.112657e-01 1.039126e+00 1.000342e+00 1.025275e+00 2.777594e-03
3.440000e+04 1.007085e+00 8.110405e-01 1.039992e+00 1.000317e+00 1.025163e+00 2.508687e-03
3.450000e+04 1.007307e+00 8.109988e-01 1.039583e+00 1.000235e+00 1.025083e+00 2.633010e-03
3.460000e+04 1.007346e+00 8.109330e-01 1.038841e+00 1.000137e+00 1.024560e+00 2.427811e-03
3.470000e+04 1.007426e+00 8.107776e-01 1.039852e+00 1.000186e+00 1.024752e+00 2.491622e-03
3.480000e+04 1.007851e+00 8.109612e-01 1.039999e+00 1.000084e+00 1.025809e+00 2.513361e-03
3.490000e+04 1.006980e+00 8.109416e-01 1.040082e+00 9.999991e-01 1.024970e+00 2.412901e-03
3.500000e+04 1.007622e+00 8.106858e-01 1.040943e+00 9.999589e-01 1.025323e+00 2.539656e-03
3.510000e+04 1.007306e+00 8.110154e-01 1.039946e+00 9.999337e-01 1.025832e+00 2.519773e-03
3.520000e+04 1.006520e+00 8.107007e-01 1.039919e+00 9.997674e-01 1.024595e+00 2.475309e-03
3.530000e+04 1.007091e+00 8.107351e-01 1.040249e+00 9.997687e-01 1.024504e+00 2.474587e-03
3.540000e+04 1.007245e+00 8.106487e-01 1.039412e+00 9.996978e-01 1.025383e+00 2.722660e-03
3.550000e+04 1.006717e+00 8.104421e-01 1.040236e+00 9.996589e-01 1.024858e+00 2.658339e-03
3.560000e+04 1.006695e+00 8.104009e-01 1.039106e+00 9.996033e-01 1.024973e+00 2.480793e-03
3.570000e+04 1.006642e+00 8.103336e-01 1.039944e+00 9.995661e-01 1.025107e+00 2.616489e-03
3.580000e+04 1.007169e+00 8.101767e-01 1.039256e+00 9.994737e-01 1.024948e+00 2.596477e-03
3.590000e+04 1.007588e+00 8.101554e-01 1.039370e+00 9.994359e-01 1.024463e+00 2.481880e-03
3.600000e+04 1.006613e+00 8.099920e-01 1.039135e+00 9.994118e-01 1.024536e+00 2.515849e-03
3.610000e+04 1.007218e+00 8.103024e-01 1.038981e+00 9.993262e-01 1.024497e+00 2.318631e-03
3.620000e+04 1.006141e+00 8.099337e-01 1.038882e+00 9.993103e-01 1.024186e+00 2.236136e-03
3.630000e+04 1.006481e+00 8.098489e-01 1.039345e+00 9.992111e-01 1.024208e+00 2.538878e-03
3.640000e+04 1.006445e+00 8.099309e-01 1.039328e+00 9.991653e-01 1.024991e+00 2.560124e-03
3.650000e+04 1.006088e+00 8.098781e-01 1.039470e+00 9.990900e-01 1.024312e+00 2.654669e-03
3.660000e+04 1.006214e+00 8.098041e-01 1.039491e+00 9.990878e-01 1.024154e+00 2.479524e-03
3.670000e+04 1.005794e+00 8.097968e-01 1.039264e+00 9.989901e-01 1.024019e+00 2.466893e-03
3.680000e+04 1.006125e+00 8.098680e-01 1.039309e+00 9.989944e-01 1.024506e+00 2.448163e-03
3.690000e+04 1.005635e+00 8.096573e-01 1.038389e+00 9.989292e-01 1.024076e+00 2.613488e-03
3.700000e+04 1.005447e+00 8.097253e-01 1.038640e+00 9.988950e-01 1.023737e+00 2.225166e-03
3.710000e+04 1.006008e+00 8.096656e-01 1.038872e+00 9.988827e-01 1.024394e+00 2.390948e-03
3.720000e+04 1.005822e+00 8.096305e-01 1.039729e+00 9.987997e-01 1.024205e+00 2.435460e-03
3.730000e+04 1.006084e+00 8.095254e-01 1.039212e+00 9.987431e-01 1.024036e+00 2.197038e-03
3.740000e+04 1.006257e+00 8.096118e-01 1.040100e+00 9.986917e-01 1.024824e+00 2.288686e-03
3.750000e+04 1.005989e+00 8.095574e-01 1.039682e+00 9.985938e-01 1.024320e+00 2.003970e-03
3.760000e+04 1.006315e+00 8.094514e-01 1.039360e+00 9.985994e-01 1.024121e+00 2.199035e-03
3.770000e+04 1.005740e+00 8.094436e-01 1.039376e+00 9.985213e-01 1.023981e+00 2.162389e-03
3.780000e+04 1.005775e+00 8.093352e-01 1.039432e+00 9.985013e-01 1.024314e+00 2.163569e-03
3.790000e+04 1.006128e+00 8.092017e-01 1.038641e+00 9.984907e-01 1.024290e+00 2.184702e-03
3.800000e+04 1.005341e+00 8.090625e-01 1.039035e+00 9.983927e-01 1.023983e+00 2.211820e-03
3.810000e+04 1.005370e+00 8.091689e-01 1.039514e+00 9.983327e-01 1.023955e+00 2.192488e-03
3.820000e+04 1.005719e+00 8.090208e-01 1.039321e+00 9.982860e-01 1.024097e+00 2.217242e-03
3.830000e+04 1.004901e+00 8.090969e-01 1.038812e+00 9.982454e-01 1.023339e+00 2.086160e-03
3.840000e+04 1.005677e+00 8.090971e-01 1.039110e+00 9.982260e-01 1.024107e+00 2.093141e-03
3.850000e+04 1.005496e+00 8.090677e-01 1.038872e+00 9.982192e-01 1.024000e+00 2.023041e-03
3.860000e+04 1.005213e+00 8.092100e-01 1.039134e+00 9.981811e-01 1.023581e+00 2.137155e-03
3.870000e+04 1.005519e+00 8.090776e-01 1.039795e+00 9.981082e-01 1.024105e+00 2.190565e-03
3.880000e+04 1.005607e+00 8.092065e-01 1.039479e+00 9.980489e-01 1.023735e+00 1.970230e-03
3.890000e+04 1.005361e+00 8.089342e-01 1.039200e+00 9.979962e-01 1.023825e+00 2.251346e-03
3.900000e+04 1.005112e+00 8.088920e-01 1.039329e+00 9.979485e-01 1.023978e+00 2.176599e-03
3.910000e+04 1.004732e+00 8.089925e-01 1.039112e+00 9.979397e-01 1.023473e+00 1.861428e-03
3.920000e+04 1.005253e+00 8.089141e-01 1.039198e+00 9.978817e-01 1.024070e+00 2.178165e-03
3.930000e+04 1.005468e+00 8.090407e-01 1.039557e+00 9.978451e-01 1.024103e+00 2.061513e-03
3.940000e+04 1.005846e+00 8.090085e-01 1.039486e+00 9.978283e-01 1.024212e+00 1.956386e-03
3.950000e+04 1.004700e+00 8.087503e-01 1.039187e+00 9.977224e-01 1.023325e+00 2.032644e-03
3.960000e+04 1.004921e+00 8.086785e-01 1.038800e+00 9.977563e-01 1.023386e+00 1.974135e-03
3.970000e+04 1.005116e+00 8.087065e-01 1.038993e+00 9.976899e-01 1.023579e+00 1.969241e-03
3.980000e+04 1.005243e+00 8.087769e-01 1.039847e+00 9.976483e-01 1.024148e+00 1.954794e-03
3.990000e+04 1.005290e+00 8.087006e-01 1.038912e+00 9.975594e-01 1.023815e+00 1.725459e-03
