# iteration  loss_u  loss_ut  loss_res  l2_error  lam_u  lam_ut  lam_r
0.000000e+00 3.381634e+00 1.652550e+02 7.516962e+05 1.692688e+00 1.000000e+00 1.000000e+00 1.000000e+00
1.000000e+02 3.799865e-02 1.104315e-02 4.568834e+04 9.810221e-01 9.108540e+05 2.127612e+04 1.000048e+00
2.000000e+02 2.611470e-02 3.742886e-03 1.656878e+04 9.752094e-01 6.858705e+05 4.268569e+04 1.000025e+00
3.000000e+02 1.328850e-02 2.278179e-03 1.689751e+04 9.631437e-01 7.512372e+05 4.347707e+04 1.000024e+00
4.000000e+02 8.199878e-03 1.089387e-02 1.226963e+04 9.498170e-01 8.127889e+05 4.141520e+04 1.000025e+00
5.000000e+02 5.358953e-03 2.754577e-02 7.868213e+03 9.357844e-01 8.752685e+05 4.012783e+04 1.000026e+00
6.000000e+02 4.301928e-03 4.999922e-03 7.669442e+03 9.216850e-01 9.337096e+05 4.041007e+04 1.000026e+00
7.000000e+02 4.139103e-03 4.719693e-04 5.498465e+03 9.079040e-01 9.575527e+05 4.350240e+04 1.000024e+00
8.000000e+02 3.480747e-03 1.150201e-02 5.405267e+03 8.957996e-01 1.002187e+06 6.409723e+04 1.000017e+00
9.000000e+02 3.308863e-03 2.192855e-02 4.818080e+03 8.825015e-01 1.019166e+06 6.768178e+04 1.000016e+00
1.000000e+03 3.039712e-03 1.284528e-02 4.538728e+03 8.713951e-01 9.899598e+05 6.875782e+04 1.000016e+00
1.100000e+03 2.189110e-03 4.968488e-04 4.102342e+03 8.574633e-01 9.754041e+05 8.486615e+04 1.000013e+00
1.200000e+03 2.366025e-03 4.260566e-04 3.484858e+03 8.475961e-01 9.645693e+05 9.898214e+04 1.000011e+00
1.300000e+03 2.584982e-03 1.029652e-03 3.125847e+03 8.375467e-01 9.635931e+05 1.131132e+05 1.000010e+00
1.400000e+03 2.151037e-03 1.030087e-03 3.350811e+03 8.256765e-01 9.802515e+05 1.272985e+05 1.000009e+00
1.500000e+03 2.407382e-03 6.541144e-04 3.824750e+03 8.180235e-01 9.373108e+05 1.339128e+05 1.000009e+00
1.600000e+03 2.413586e-03 1.878635e-04 4.608650e+03 8.110080e-01 9.424872e+05 1.733869e+05 1.000007e+00
1.700000e+03 2.077200e-03 4.198860e-04 2.854626e+03 8.006120e-01 8.979931e+05 2.082204e+05 1.000006e+00
1.800000e+03 2.224897e-03 7.831362e-04 3.351875e+03 7.898256e-01 8.748200e+05 2.174461e+05 1.000006e+00
1.900000e+03 2.258892e-03 1.336755e-02 2.571273e+03 7.786948e-01 8.586814e+05 2.127265e+05 1.000006e+00
2.000000e+03 1.990706e-03 9.972152e-04 2.839684e+03 7.657274e-01 8.826245e+05 2.135806e+05 1.000006e+00
2.100000e+03 2.171108e-03 6.657972e-04 3.264823e+03 7.552245e-01 8.753306e+05 2.147536e+05 1.000006e+00
2.200000e+03 1.770444e-03 1.653998e-04 2.619059e+03 7.443255e-01 8.741490e+05 2.277034e+05 1.000006e+00
2.300000e+03 2.044900e-03 2.401930e-03 4.661013e+03 7.362504e-01 8.853367e+05 2.243543e+05 1.000006e+00
2.400000e+03 1.755403e-03 4.104875e-04 2.059980e+03 7.271635e-01 8.621116e+05 2.600541e+05 1.000005e+00
2.500000e+03 2.075240e-03 1.093923e-02 1.816725e+03 7.130075e-01 8.210037e+05 2.491208e+05 1.000005e+00
2.600000e+03 1.987687e-03 1.930782e-04 2.334084e+03 6.995009e-01 8.239475e+05 2.429513e+05 1.000005e+00
2.700000e+03 1.980519e-03 3.696392e-04 3.642961e+03 7.039622e-01 9.070220e+05 2.560612e+05 1.000005e+00
2.800000e+03 1.564724e-03 3.791113e-03 2.124519e+03 6.895274e-01 7.996060e+05 3.052849e+05 1.000005e+00
2.900000e+03 2.068095e-03 1.193035e-04 2.170906e+03 6.758374e-01 8.037493e+05 2.969324e+05 1.000005e+00
3.000000e+03 1.726201e-03 1.062572e-04 1.849612e+03 6.613596e-01 8.541104e+05 3.093639e+05 1.000004e+00
3.100000e+03 1.590725e-03 6.961873e-04 1.963894e+03 6.468682e-01 7.918992e+05 2.736445e+05 1.000005e+00
3.200000e+03 1.362795e-03 1.067513e-04 1.844281e+03 6.320237e-01 8.364399e+05 2.567388e+05 1.000005e+00
3.300000e+03 1.610392e-03 1.039970e-04 1.787526e+03 6.197607e-01 8.234799e+05 2.618527e+05 1.000005e+00
3.400000e+03 1.364470e-03 1.135404e-04 2.500224e+03 6.103900e-01 8.233773e+05 2.747322e+05 1.000005e+00
3.500000e+03 1.374102e-03 3.795217e-03 1.808333e+03 5.924398e-01 8.049951e+05 2.770750e+05 1.000005e+00
3.600000e+03 2.525079e-03 1.092805e-02 2.377993e+03 5.884084e-01 8.339149e+05 2.846114e+05 1.000005e+00
3.700000e+03 2.094881e-03 6.351951e-03 2.198370e+03 5.761406e-01 7.871995e+05 2.959588e+05 1.000005e+00
3.800000e+03 1.236630e-03 5.245153e-04 1.535380e+03 5.652507e-01 8.217814e+05 3.212694e+05 1.000004e+00
3.900000e+03 1.173018e-03 5.283896e-04 1.650566e+03 5.517507e-01 7.866965e+05 3.057889e+05 1.000005e+00
4.000000e+03 1.151377e-03 1.663994e-04 1.756475e+03 5.380453e-01 8.144905e+05 3.118790e+05 1.000004e+00
4.100000e+03 1.160368e-03 1.418330e-05 2.263393e+03 5.399237e-01 8.321035e+05 3.500456e+05 1.000004e+00
4.200000e+03 1.407613e-03 2.057805e-04 1.655253e+03 5.286712e-01 8.069280e+05 3.603533e+05 1.000004e+00
4.300000e+03 9.434392e-04 1.498634e-02 1.183130e+03 5.187526e-01 7.736758e+05 4.181340e+05 1.000004e+00
4.400000e+03 1.110897e-03 1.607851e-02 9.422949e+02 4.981340e-01 7.771982e+05 3.730082e+05 1.000004e+00
4.500000e+03 9.411263e-04 1.252511e-03 9.319726e+02 4.837908e-01 7.786946e+05 3.569819e+05 1.000004e+00
4.600000e+03 1.248574e-03 7.050669e-05 1.914814e+03 4.670583e-01 7.630148e+05 3.257072e+05 1.000004e+00
4.700000e+03 9.701872e-04 3.466160e-05 1.106272e+03 4.551393e-01 8.321165e+05 3.214098e+05 1.000004e+00
4.800000e+03 9.674592e-04 1.554546e-03 7.903773e+02 4.433380e-01 7.848276e+05 3.137074e+05 1.000004e+00
4.900000e+03 1.348783e-03 1.160294e-03 1.662417e+03 4.438144e-01 7.879032e+05 3.319928e+05 1.000004e+00
5.000000e+03 1.036496e-03 5.386459e-05 2.322699e+03 4.520376e-01 8.066054e+05 4.250959e+05 1.000004e+00
5.100000e+03 8.757696e-04 4.157309e-03 1.242481e+03 4.390070e-01 7.815646e+05 4.415157e+05 1.000004e+00
5.200000e+03 7.824780e-04 7.772130e-05 1.200864e+03 4.190601e-01 7.554491e+05 4.051382e+05 1.000004e+00
5.300000e+03 8.924099e-04 3.142786e-05 1.456135e+03 4.045159e-01 7.736735e+05 3.748198e+05 1.000004e+00
5.400000e+03 6.911856e-04 2.703798e-04 1.169584e+03 3.949436e-01 8.096691e+05 4.014135e+05 1.000004e+00
5.500000e+03 7.812909e-04 5.813636e-04 1.403438e+03 3.879062e-01 8.380436e+05 4.026434e+05 1.000004e+00
5.600000e+03 7.957874e-04 1.102171e-03 1.041954e+03 3.766683e-01 8.005957e+05 3.952980e+05 1.000004e+00
5.700000e+03 7.570385e-04 3.299046e-05 7.817855e+02 3.661846e-01 8.008606e+05 4.267319e+05 1.000004e+00
5.800000e+03 1.249262e-03 3.752685e-04 1.100070e+03 3.618595e-01 7.737767e+05 4.194612e+05 1.000004e+00
5.900000e+03 6.932002e-04 1.092347e-04 9.480992e+02 3.435168e-01 8.266993e+05 4.220144e+05 1.000004e+00
6.000000e+03 5.955629e-04 8.605100e-05 6.342302e+02 3.315876e-01 8.129662e+05 3.938703e+05 1.000004e+00
6.100000e+03 5.464199e-04 4.751061e-04 1.097267e+03 3.242746e-01 8.417477e+05 4.070563e+05 1.000004e+00
6.200000e+03 1.082190e-03 3.225981e-04 8.295267e+02 3.164230e-01 8.110258e+05 3.960213e+05 1.000004e+00
6.300000e+03 5.860167e-04 2.293510e-05 1.001722e+03 3.132919e-01 8.247852e+05 4.170196e+05 1.000004e+00
6.400000e+03 1.264525e-03 1.963047e-04 1.426263e+03 3.212102e-01 8.445999e+05 4.308468e+05 1.000004e+00
6.500000e+03 4.532965e-04 6.568200e-04 6.856810e+02 3.030757e-01 7.895558e+05 4.465398e+05 1.000004e+00
6.600000e+03 6.703118e-04 2.073925e-03 5.190868e+02 2.996394e-01 8.241948e+05 4.399689e+05 1.000003e+00
6.700000e+03 5.489420e-04 8.113623e-04 6.914713e+02 2.953517e-01 7.712511e+05 5.026256e+05 1.000003e+00
6.800000e+03 4.376984e-04 3.046749e-05 8.524901e+02 2.797911e-01 8.229887e+05 4.202717e+05 1.000004e+00
6.900000e+03 7.604483e-04 3.521180e-03 8.321186e+02 2.759624e-01 8.067901e+05 4.386449e+05 1.000004e+00
7.000000e+03 7.887304e-04 1.560349e-04 6.372398e+02 2.754878e-01 8.380721e+05 4.740062e+05 1.000003e+00
7.100000e+03 3.918734e-04 5.855692e-05 1.064157e+03 2.639232e-01 7.959633e+05 4.817340e+05 1.000003e+00
7.200000e+03 3.807316e-04 3.821552e-03 9.056640e+02 2.556687e-01 8.221694e+05 4.927118e+05 1.000003e+00
7.300000e+03 3.406158e-04 7.377575e-05 4.813504e+02 2.517773e-01 8.158365e+05 4.654428e+05 1.000003e+00
7.400000e+03 3.287704e-04 2.027502e-03 4.254805e+02 2.468480e-01 8.258341e+05 5.023502e+05 1.000003e+00
7.500000e+03 4.854882e-04 2.416764e-05 1.205529e+03 2.430142e-01 8.330422e+05 5.186332e+05 1.000003e+00
7.600000e+03 6.453221e-04 9.810673e-03 6.647817e+02 2.332805e-01 8.426707e+05 4.873100e+05 1.000003e+00
7.700000e+03 6.143087e-04 7.238040e-05 5.768579e+02 2.309947e-01 8.419524e+05 4.435735e+05 1.000003e+00
7.800000e+03 3.106146e-04 1.888852e-06 3.811600e+02 2.206916e-01 8.349394e+05 4.542735e+05 1.000003e+00
7.900000e+03 8.203622e-04 1.855101e-04 1.296799e+03 2.193856e-01 8.655077e+05 4.830792e+05 1.000003e+00
8.000000e+03 2.311809e-04 1.891881e-05 3.817668e+02 2.103267e-01 8.416354e+05 4.721491e+05 1.000003e+00
8.100000e+03 2.287942e-04 2.504753e-03 1.184885e+03 2.124526e-01 8.583218e+05 4.816155e+05 1.000003e+00
8.200000e+03 2.420609e-04 1.607489e-03 4.635110e+02 2.074835e-01 8.246330e+05 5.229376e+05 1.000003e+00
8.300000e+03 2.810494e-04 2.540724e-04 4.499575e+02 1.955710e-01 8.501767e+05 4.922750e+05 1.000003e+00
8.400000e+03 1.935375e-04 1.190588e-04 4.988017e+02 1.886903e-01 8.286186e+05 4.615130e+05 1.000003e+00
8.500000e+03 6.491444e-04 3.468221e-05 6.239977e+02 2.024774e-01 8.849946e+05 5.006230e+05 1.000003e+00
8.600000e+03 2.583576e-04 2.846404e-06 6.021700e+02 1.893933e-01 8.041217e+05 4.718546e+05 1.000003e+00
8.700000e+03 2.110795e-04 1.078631e-04 1.579022e+03 1.887107e-01 8.828037e+05 5.521715e+05 1.000003e+00
8.800000e+03 3.147898e-04 1.329404e-05 5.363062e+02 1.838512e-01 8.003761e+05 4.662248e+05 1.000003e+00
8.900000e+03 3.416773e-04 1.679932e-05 6.183497e+02 1.767660e-01 8.211105e+05 4.986404e+05 1.000003e+00
9.000000e+03 1.931672e-04 1.878488e-04 3.301952e+02 1.718046e-01 8.352567e+05 5.103765e+05 1.000003e+00
9.100000e+03 2.311445e-04 1.438376e-03 3.651561e+02 1.707936e-01 8.257636e+05 5.324630e+05 1.000003e+00
9.200000e+03 4.350603e-04 5.157497e-04 7.137297e+02 1.697151e-01 9.248163e+05 5.537847e+05 1.000003e+00
9.300000e+03 1.590113e-04 7.656691e-04 4.572421e+02 1.632146e-01 8.647782e+05 5.629718e+05 1.000003e+00
9.400000e+03 1.545666e-04 2.034660e-05 3.477043e+02 1.534462e-01 8.391746e+05 4.856819e+05 1.000003e+00
9.500000e+03 1.404550e-04 3.409387e-04 2.931702e+02 1.474042e-01 8.607949e+05 5.028804e+05 1.000003e+00
9.600000e+03 2.850970e-04 1.188926e-03 5.100608e+02 1.528140e-01 8.968542e+05 5.358661e+05 1.000003e+00
9.700000e+03 4.487801e-04 7.849909e-04 8.502701e+02 1.481129e-01 8.429847e+05 5.289177e+05 1.000003e+00
9.800000e+03 1.380968e-04 1.586860e-05 4.531799e+02 1.468180e-01 9.066913e+05 5.526328e+05 1.000003e+00
9.900000e+03 2.572324e-04 4.325366e-03 1.779502e+03 1.448915e-01 8.810790e+05 5.778436e+05 1.000003e+00
1.000000e+04 1.189749e-04 6.025245e-06 1.755270e+02 1.378900e-01 8.554217e+05 5.194563e+05 1.000003e+00
1.010000e+04 1.311924e-04 1.116704e-05 2.103071e+02 1.309170e-01 8.410754e+05 4.869074e+05 1.000003e+00
1.020000e+04 2.743549e-04 4.701801e-04 4.402953e+02 1.281303e-01 9.126115e+05 5.403703e+05 1.000003e+00
1.030000e+04 1.180265e-04 2.495496e-04 2.410485e+02 1.270496e-01 8.944247e+05 5.252136e+05 1.000003e+00
1.040000e+04 1.474110e-04 1.883298e-05 2.793634e+02 1.195520e-01 8.599203e+05 4.985246e+05 1.000003e+00
1.050000e+04 1.045525e-04 3.638567e-04 3.277328e+02 1.182634e-01 9.019606e+05 5.358020e+05 1.000003e+00
1.060000e+04 2.554348e-04 3.602020e-05 8.683356e+02 1.277510e-01 9.005565e+05 5.685775e+05 1.000003e+00
1.070000e+04 1.045910e-04 8.161882e-04 2.947090e+02 1.201828e-01 8.802693e+05 5.651995e+05 1.000003e+00
1.080000e+04 8.291846e-05 1.256746e-04 1.501966e+02 1.149004e-01 8.740489e+05 5.822844e+05 1.000003e+00
1.090000e+04 8.218355e-05 6.415424e-04 1.884265e+02 1.120533e-01 9.085108e+05 5.794696e+05 1.000003e+00
1.100000e+04 2.291420e-04 4.484379e-06 4.669315e+02 1.271709e-01 9.130416e+05 6.186509e+05 1.000003e+00
1.110000e+04 8.114504e-05 8.451888e-06 1.695649e+02 1.152664e-01 8.557270e+05 5.942733e+05 1.000003e+00
1.120000e+04 7.819149e-05 2.040302e-05 2.163310e+02 1.076602e-01 8.923424e+05 5.754568e+05 1.000003e+00
1.130000e+04 1.106522e-04 3.443292e-06 1.477622e+02 1.017943e-01 8.661781e+05 5.767099e+05 1.000003e+00
1.140000e+04 1.336808e-04 2.873297e-05 2.907164e+02 1.169538e-01 9.078077e+05 6.443546e+05 1.000003e+00
1.150000e+04 8.612871e-05 2.120850e-06 3.170497e+02 1.053064e-01 8.297880e+05 5.528772e+05 1.000003e+00
1.160000e+04 8.948872e-05 9.053536e-06 2.230085e+02 9.975497e-02 8.365276e+05 5.591667e+05 1.000003e+00
1.170000e+04 9.033312e-05 8.530459e-06 7.133592e+02 9.424392e-02 8.371237e+05 5.517091e+05 1.000003e+00
1.180000e+04 4.818189e-05 5.205685e-06 2.202773e+02 9.217674e-02 8.869768e+05 5.899847e+05 1.000003e+00
1.190000e+04 5.379287e-05 4.446228e-05 1.808886e+02 9.005531e-02 8.912604e+05 5.970492e+05 1.000003e+00
1.200000e+04 6.571593e-05 2.721089e-04 2.069679e+02 8.711833e-02 8.502693e+05 6.213801e+05 1.000003e+00
1.210000e+04 1.394103e-04 1.685543e-03 4.140436e+02 8.754285e-02 9.009022e+05 5.923874e+05 1.000003e+00
1.220000e+04 6.223252e-05 3.828983e-05 3.003094e+02 8.697353e-02 8.754513e+05 6.336776e+05 1.000003e+00
1.230000e+04 1.027375e-04 1.912262e-04 4.413980e+02 8.707455e-02 8.736002e+05 6.124518e+05 1.000003e+00
1.240000e+04 6.288837e-05 5.735357e-06 1.728737e+02 8.157727e-02 8.785407e+05 5.482997e+05 1.000003e+00
1.250000e+04 4.233264e-05 1.126400e-04 1.225950e+02 8.175070e-02 8.924268e+05 6.092408e+05 1.000003e+00
1.260000e+04 6.405835e-05 1.656393e-06 1.292257e+02 7.603962e-02 9.356791e+05 6.546032e+05 1.000003e+00
1.270000e+04 9.363581e-05 8.024578e-05 3.896320e+02 7.335907e-02 8.995300e+05 5.831347e+05 1.000003e+00
1.280000e+04 4.584140e-05 7.414947e-06 1.771193e+02 7.482935e-02 9.459560e+05 6.150189e+05 1.000003e+00
1.290000e+04 3.308564e-05 1.756498e-05 1.170514e+02 6.987039e-02 8.993990e+05 6.156844e+05 1.000003e+00
1.300000e+04 1.558642e-04 2.561128e-03 2.674737e+02 6.832112e-02 8.927421e+05 5.647178e+05 1.000003e+00
1.310000e+04 4.386366e-05 1.132118e-06 1.027996e+02 6.750894e-02 8.901595e+05 5.409431e+05 1.000003e+00
1.320000e+04 1.534039e-04 5.249234e-05 2.609732e+02 6.969787e-02 9.321655e+05 5.884018e+05 1.000003e+00
1.330000e+04 3.394672e-05 4.703135e-06 1.245438e+02 6.752113e-02 8.892697e+05 5.993128e+05 1.000003e+00
1.340000e+04 4.603381e-05 2.168545e-05 7.751002e+01 6.363999e-02 9.153706e+05 6.230177e+05 1.000003e+00
1.350000e+04 4.337234e-05 3.560046e-06 2.326055e+02 6.918728e-02 9.504637e+05 6.754127e+05 1.000003e+00
1.360000e+04 4.312798e-05 1.692870e-06 9.698681e+01 6.371409e-02 9.156339e+05 5.844617e+05 1.000003e+00
1.370000e+04 7.215612e-05 1.147078e-05 1.329591e+02 6.004606e-02 8.784499e+05 5.622923e+05 1.000003e+00
1.380000e+04 4.630670e-05 2.347572e-06 1.450221e+02 5.796623e-02 9.099714e+05 5.447775e+05 1.000003e+00
1.390000e+04 9.226018e-05 1.092936e-05 2.423757e+02 5.698459e-02 9.438586e+05 6.199381e+05 1.000003e+00
1.400000e+04 2.524672e-05 1.278730e-06 1.817659e+02 5.479784e-02 8.925835e+05 5.333839e+05 1.000003e+00
1.410000e+04 3.389773e-05 5.295303e-05 2.357668e+02 5.152621e-02 9.031175e+05 5.803801e+05 1.000003e+00
1.420000e+04 3.387453e-05 9.509125e-06 1.729603e+02 5.909212e-02 8.891863e+05 5.848788e+05 1.000003e+00
1.430000e+04 1.886075e-04 4.207931e-05 2.177198e+02 5.830569e-02 8.967959e+05 5.941696e+05 1.000003e+00
1.440000e+04 4.174466e-05 9.239240e-07 1.640243e+02 5.301076e-02 9.019266e+05 6.347868e+05 1.000003e+00
1.450000e+04 3.022858e-05 3.716831e-06 5.223269e+01 4.919508e-02 9.303451e+05 5.898041e+05 1.000003e+00
1.460000e+04 3.863195e-05 1.444219e-06 1.379429e+02 4.732603e-02 9.062325e+05 5.675516e+05 1.000003e+00
1.470000e+04 5.746934e-05 8.741732e-05 3.162123e+02 4.810092e-02 8.983780e+05 5.579356e+05 1.000003e+00
1.480000e+04 2.641238e-05 1.404409e-06 1.589385e+02 4.484477e-02 8.991814e+05 5.657610e+05 1.000003e+00
1.490000e+04 4.055566e-05 7.551930e-06 9.057523e+01 5.290626e-02 9.255349e+05 5.924876e+05 1.000003e+00
1.500000e+04 6.408754e-05 2.111429e-06 9.273758e+01 4.804270e-02 9.709376e+05 6.682710e+05 1.000003e+00
1.510000e+04 5.254546e-05 1.014689e-04 1.067169e+02 4.552685e-02 9.753728e+05 6.435619e+05 1.000003e+00
1.520000e+04 7.274817e-05 4.720372e-05 1.116032e+02 4.336668e-02 8.501863e+05 5.809008e+05 1.000003e+00
1.530000e+04 1.427549e-05 1.542715e-05 9.388234e+01 4.030566e-02 8.976308e+05 5.189640e+05 1.000003e+00
1.540000e+04 1.537528e-05 3.640923e-06 7.570553e+01 3.923228e-02 9.148325e+05 5.889565e+05 1.000003e+00
1.550000e+04 1.919033e-05 6.433611e-05 1.733731e+02 3.878532e-02 8.736771e+05 5.848477e+05 1.000003e+00
1.560000e+04 3.780973e-05 1.237641e-03 1.302285e+02 3.742616e-02 9.193708e+05 5.697763e+05 1.000003e+00
1.570000e+04 2.199889e-05 4.521112e-07 1.623393e+02 5.061359e-02 9.712146e+05 6.394113e+05 1.000003e+00
1.580000e+04 1.307867e-05 9.243022e-07 7.278604e+01 4.453795e-02 9.130787e+05 6.115374e+05 1.000003e+00
1.590000e+04 2.027622e-05 2.015415e-06 5.537917e+01 4.123827e-02 9.169384e+05 6.436200e+05 1.000003e+00
1.600000e+04 2.724737e-05 3.930287e-06 1.179564e+02 3.816529e-02 8.776943e+05 6.014761e+05 1.000003e+00
1.610000e+04 1.544068e-05 9.820017e-06 6.068978e+01 3.658594e-02 9.059626e+05 5.593346e+05 1.000003e+00
1.620000e+04 2.479894e-05 1.767665e-06 1.369565e+02 3.589370e-02 9.149686e+05 5.413775e+05 1.000003e+00
1.630000e+04 2.870402e-05 9.591747e-05 5.681856e+01 3.368104e-02 9.271056e+05 6.259962e+05 1.000003e+00
1.640000e+04 9.920677e-06 3.852127e-05 4.094370e+01 3.287799e-02 9.495387e+05 6.209759e+05 1.000003e+00
1.650000e+04 1.133073e-05 6.484844e-07 6.376191e+01 3.115147e-02 9.183571e+05 5.718386e+05 1.000003e+00
1.660000e+04 1.338624e-05 3.774338e-07 8.934315e+01 3.456569e-02 9.265001e+05 6.791325e+05 1.000003e+00
1.670000e+04 2.752864e-05 6.346067e-06 6.282497e+01 3.217716e-02 9.374514e+05 6.908171e+05 1.000003e+00
1.680000e+04 2.270421e-05 6.258824e-07 7.963494e+01 2.965319e-02 9.776737e+05 6.169144e+05 1.000003e+00
1.690000e+04 7.799919e-06 2.229856e-07 6.122413e+01 2.777575e-02 9.004573e+05 5.507024e+05 1.000003e+00
1.700000e+04 4.964394e-05 2.199622e-06 5.122627e+02 2.840969e-02 9.534446e+05 6.076016e+05 1.000003e+00
1.710000e+04 1.718423e-05 5.022371e-05 9.256233e+01 2.840404e-02 9.578273e+05 6.357596e+05 1.000003e+00
1.720000e+04 7.004696e-06 2.979736e-06 6.336142e+01 2.696619e-02 9.204231e+05 5.927105e+05 1.000003e+00
1.730000e+04 1.495741e-05 2.263432e-06 2.368440e+02 2.576898e-02 8.680954e+05 5.499142e+05 1.000003e+00
1.740000e+04 5.132023e-05 1.030646e-06 8.366223e+01 2.738596e-02 9.176008e+05 5.330759e+05 1.000003e+00
1.750000e+04 1.968316e-05 1.137796e-05 6.514989e+01 2.627058e-02 8.960504e+05 5.337462e+05 1.000003e+00
1.760000e+04 1.221738e-05 7.305351e-05 5.678291e+01 2.464780e-02 9.097937e+05 5.767093e+05 1.000003e+00
1.770000e+04 1.268445e-05 2.728547e-05 1.256982e+02 2.477779e-02 8.970733e+05 5.503971e+05 1.000003e+00
1.780000e+04 1.659069e-05 1.143388e-06 1.090682e+02 3.148564e-02 9.697779e+05 6.560384e+05 1.000003e+00
1.790000e+04 1.260963e-05 3.211827e-06 3.390160e+01 2.783590e-02 9.208528e+05 6.203477e+05 1.000003e+00
1.800000e+04 9.289723e-06 3.292525e-07 3.754185e+01 2.547376e-02 9.196998e+05 6.485506e+05 1.000003e+00
1.810000e+04 9.188902e-06 5.842613e-07 3.657917e+01 2.382047e-02 9.646947e+05 6.201642e+05 1.000003e+00
1.820000e+04 3.730934e-05 1.422483e-07 7.222806e+01 2.328347e-02 9.210953e+05 6.270833e+05 1.000003e+00
1.830000e+04 2.328208e-05 6.624585e-07 1.063936e+02 2.172458e-02 9.356656e+05 5.698973e+05 1.000003e+00
1.840000e+04 1.146379e-05 1.980042e-05 4.714902e+01 2.106661e-02 9.148062e+05 6.539385e+05 1.000003e+00
1.850000e+04 1.717686e-05 1.263609e-06 3.359173e+01 1.999712e-02 9.460853e+05 6.473126e+05 1.000003e+00
1.860000e+04 7.712148e-05 4.567352e-06 1.432911e+02 2.029778e-02 9.456801e+05 6.326697e+05 1.000003e+00
1.870000e+04 2.898377e-05 4.255691e-05 4.554517e+01 2.011853e-02 9.058913e+05 6.189884e+05 1.000003e+00
1.880000e+04 7.114712e-06 1.944044e-06 5.147480e+01 1.927180e-02 9.436274e+05 5.966661e+05 1.000003e+00
1.890000e+04 1.003583e-05 1.481282e-05 5.234551e+01 1.950806e-02 9.161822e+05 5.951008e+05 1.000003e+00
1.900000e+04 7.548417e-06 3.868548e-06 4.285417e+01 2.053093e-02 9.632314e+05 6.473674e+05 1.000003e+00
1.910000e+04 8.818680e-06 8.361396e-07 3.113252e+01 1.906042e-02 8.882962e+05 6.096062e+05 1.000003e+00
1.920000e+04 6.446019e-06 2.250332e-07 5.774941e+01 1.822888e-02 9.216675e+05 5.973430e+05 1.000003e+00
1.930000e+04 1.114410e-05 6.061572e-04 5.175611e+01 1.878615e-02 9.435495e+05 6.667671e+05 1.000003e+00
1.940000e+04 4.453400e-05 7.109869e-06 1.213693e+02 1.964584e-02 9.369689e+05 6.542848e+05 1.000003e+00
1.950000e+04 7.662253e-06 7.103708e-07 7.337244e+01 1.868969e-02 9.442699e+05 6.050909e+05 1.000003e+00
1.960000e+04 1.187450e-05 1.165127e-06 9.428027e+01 1.962619e-02 9.128287e+05 5.068396e+05 1.000003e+00
1.970000e+04 2.617562e-05 1.428677e-06 4.818734e+01 1.753752e-02 9.146305e+05 6.151922e+05 1.000003e+00
1.980000e+04 9.116419e-06 4.217174e-06 2.376181e+01 1.829362e-02 9.375743e+05 6.689752e+05 1.000003e+00
1.990000e+04 1.137040e-05 1.061372e-07 3.774833e+01 1.720980e-02 9.101994e+05 6.616059e+05 1.000003e+00
2.000000e+04 8.431256e-06 2.251992e-05 3.338555e+01 1.598046e-02 9.082610e+05 6.543458e+05 1.000003e+00
2.010000e+04 4.310195e-06 6.121863e-05 5.123845e+01 1.591217e-02 9.093791e+05 6.665032e+05 1.000003e+00
2.020000e+04 4.079872e-06 2.951230e-05 2.375786e+01 1.470459e-02 9.378258e+05 5.845296e+05 1.000003e+00
2.030000e+04 1.242040e-05 2.887536e-06 9.655595e+01 1.487696e-02 9.320263e+05 6.129099e+05 1.000003e+00
2.040000e+04 3.664607e-05 7.598299e-06 1.344171e+02 1.688230e-02 9.547619e+05 6.254170e+05 1.000003e+00
2.050000e+04 5.387142e-06 2.796229e-06 2.391043e+01 1.526031e-02 9.353423e+05 6.512460e+05 1.000003e+00
2.060000e+04 5.540933e-06 3.661472e-06 2.698722e+01 1.390767e-02 8.869175e+05 5.426322e+05 1.000003e+00
2.070000e+04 1.083230e-05 8.891760e-06 4.836255e+01 1.349788e-02 9.387802e+05 5.659002e+05 1.000003e+00
2.080000e+04 6.112251e-06 2.716916e-05 3.393651e+01 1.263822e-02 8.700468e+05 5.472950e+05 1.000003e+00
2.090000e+04 8.325190e-06 3.149962e-06 3.728937e+01 1.439732e-02 9.346680e+05 6.265651e+05 1.000003e+00
2.100000e+04 4.267109e-06 3.204872e-07 2.439137e+01 1.285240e-02 8.961053e+05 5.866652e+05 1.000003e+00
2.110000e+04 1.451277e-05 2.548540e-06 6.786405e+01 1.359797e-02 8.943354e+05 5.506244e+05 1.000003e+00
2.120000e+04 9.841222e-06 7.500337e-05 3.581217e+01 1.345268e-02 9.060816e+05 6.270531e+05 1.000003e+00
2.130000e+04 1.735205e-05 4.125687e-05 2.944198e+01 1.290174e-02 9.333199e+05 6.396653e+05 1.000003e+00
2.140000e+04 5.619520e-06 2.265019e-06 3.847388e+01 1.239033e-02 9.123136e+05 5.769496e+05 1.000003e+00
2.150000e+04 7.574338e-06 7.803245e-07 6.566747e+01 1.164633e-02 9.318891e+05 5.853962e+05 1.000003e+00
2.160000e+04 9.049290e-06 1.264954e-04 7.128405e+01 1.181199e-02 9.318653e+05 6.032870e+05 1.000003e+00
2.170000e+04 7.732762e-06 6.229823e-05 2.933804e+01 1.212026e-02 9.418060e+05 6.535334e+05 1.000003e+00
2.180000e+04 1.741544e-05 3.110239e-07 3.335610e+01 1.163665e-02 9.468258e+05 5.735455e+05 1.000003e+00
2.190000e+04 6.715631e-06 2.517328e-07 3.613225e+01 1.095422e-02 9.128413e+05 5.965166e+05 1.000003e+00
2.200000e+04 5.037663e-06 1.565863e-06 4.253960e+01 1.121768e-02 8.810546e+05 5.465401e+05 1.000003e+00
2.210000e+04 9.967135e-06 2.921469e-06 4.149143e+01 1.140195e-02 9.437442e+05 5.399609e+05 1.000003e+00
2.220000e+04 8.483448e-06 6.897608e-06 2.669121e+01 1.110202e-02 9.366622e+05 5.430229e+05 1.000003e+00
2.230000e+04 1.142259e-05 6.087600e-06 4.369399e+01 1.092593e-02 8.850160e+05 5.480714e+05 1.000003e+00
2.240000e+04 4.155799e-06 1.298786e-06 2.897575e+01 1.469436e-02 9.320452e+05 6.453641e+05 1.000003e+00
2.250000e+04 3.436415e-06 9.920507e-08 1.594501e+01 1.273328e-02 9.198020e+05 6.553575e+05 1.000003e+00
2.260000e+04 3.434744e-06 5.889466e-07 1.981253e+01 1.213370e-02 9.072387e+05 5.697150e+05 1.000003e+00
2.270000e+04 5.697421e-06 2.267954e-07 3.447047e+01 1.159999e-02 8.890854e+05 5.913107e+05 1.000003e+00
2.280000e+04 6.397155e-06 1.193837e-06 2.158356e+01 1.078997e-02 8.976729e+05 6.048911e+05 1.000003e+00
2.290000e+04 3.610622e-06 1.344414e-06 2.979987e+01 1.029278e-02 9.072628e+05 6.382451e+05 1.000003e+00
2.300000e+04 5.911781e-06 5.866169e-07 4.468804e+01 1.002892e-02 8.833370e+05 5.117904e+05 1.000003e+00
2.310000e+04 1.581094e-05 2.842969e-06 2.904962e+01 9.719168e-03 8.823004e+05 6.149526e+05 1.000003e+00
2.320000e+04 2.488769e-05 9.360837e-08 2.668179e+01 9.441237e-03 9.004131e+05 6.663304e+05 1.000003e+00
2.330000e+04 4.081885e-06 6.692105e-07 3.086301e+01 1.002786e-02 9.474434e+05 5.889364e+05 1.000003e+00
2.340000e+04 2.437964e-06 3.072933e-07 1.507811e+01 8.864557e-03 9.467320e+05 5.959789e+05 1.000003e+00
2.350000e+04 1.517460e-05 1.150323e-06 2.894768e+01 9.397880e-03 8.754030e+05 6.186352e+05 1.000003e+00
2.360000e+04 2.967703e-06 8.983586e-07 2.365676e+01 8.899128e-03 9.174476e+05 6.102213e+05 1.000003e+00
2.370000e+04 1.349296e-05 1.794803e-06 3.141174e+01 8.899532e-03 8.844734e+05 5.575633e+05 1.000003e+00
2.380000e+04 7.380449e-06 8.511478e-07 3.490395e+01 9.060182e-03 9.492982e+05 5.979449e+05 1.000003e+00
2.390000e+04 5.871575e-06 4.477094e-06 6.380054e+01 8.108143e-03 9.078060e+05 5.576885e+05 1.000003e+00
2.400000e+04 3.148605e-06 1.270980e-07 2.006397e+01 9.551183e-03 9.172421e+05 6.740294e+05 1.000003e+00
2.410000e+04 3.204495e-05 4.894054e-07 4.543420e+01 1.026162e-02 9.125328e+05 5.762312e+05 1.000003e+00
2.420000e+04 1.839143e-06 1.141950e-07 1.695481e+01 8.790993e-03 8.818081e+05 6.098667e+05 1.000003e+00
2.430000e+04 3.320280e-06 5.789811e-07 1.624104e+01 8.080976e-03 9.242363e+05 6.115342e+05 1.000003e+00
2.440000e+04 2.699794e-06 8.050382e-07 2.600112e+01 8.125453e-03 9.250854e+05 6.155349e+05 1.000003e+00
2.450000e+04 4.328695e-06 9.775471e-07 9.632508e+01 8.175275e-03 8.738100e+05 5.951269e+05 1.000003e+00
2.460000e+04 2.385308e-06 2.074701e-07 5.054536e+01 7.869018e-03 9.455929e+05 6.095036e+05 1.000003e+00
2.470000e+04 1.798179e-06 4.567811e-07 2.550651e+01 7.881372e-03 9.024823e+05 6.063282e+05 1.000003e+00
2.480000e+04 2.002276e-05 2.707108e-07 3.784599e+01 8.127877e-03 9.709797e+05 6.044055e+05 1.000003e+00
2.490000e+04 2.576630e-06 3.023250e-07 2.789752e+01 8.064849e-03 9.449118e+05 5.744419e+05 1.000003e+00
2.500000e+04 1.636876e-05 1.692168e-07 2.475846e+01 7.629506e-03 9.235063e+05 5.837126e+05 1.000003e+00
2.510000e+04 2.038315e-06 2.819699e-05 1.975512e+01 7.198290e-03 9.539863e+05 5.785737e+05 1.000003e+00
2.520000e+04 3.129721e-06 6.019210e-06 1.574221e+01 7.307033e-03 9.180172e+05 5.569052e+05 1.000003e+00
2.530000e+04 9.964390e-06 7.278053e-07 3.053923e+01 7.775868e-03 9.651734e+05 6.331605e+05 1.000003e+00
2.540000e+04 1.757632e-06 5.753288e-07 1.784278e+01 6.864793e-03 8.681446e+05 5.140473e+05 1.000003e+00
2.550000e+04 2.641041e-06 1.635132e-06 3.289199e+01 6.645288e-03 8.957748e+05 5.627228e+05 1.000003e+00
2.560000e+04 2.069635e-06 5.451428e-06 1.955464e+01 7.218581e-03 9.576853e+05 5.636091e+05 1.000003e+00
2.570000e+04 3.798720e-06 3.717953e-06 1.691346e+01 6.866267e-03 9.385654e+05 6.192927e+05 1.000003e+00
2.580000e+04 2.444654e-06 3.374812e-07 2.185188e+01 6.552365e-03 9.264483e+05 5.603371e+05 1.000003e+00
2.590000e+04 5.545640e-06 4.821382e-06 2.260457e+01 6.643702e-03 9.060160e+05 5.525474e+05 1.000003e+00
2.600000e+04 8.098739e-06 2.143103e-06 2.671460e+01 6.631582e-03 9.309212e+05 5.901572e+05 1.000003e+00
2.610000e+04 9.238125e-06 2.550499e-07 1.735183e+01 6.515797e-03 9.284349e+05 6.175587e+05 1.000003e+00
2.620000e+04 2.406988e-06 4.584284e-06 1.910337e+01 6.557571e-03 8.894110e+05 6.064676e+05 1.000003e+00
2.630000e+04 8.509393e-06 5.524207e-07 3.356114e+01 5.915032e-03 8.720692e+05 5.187880e+05 1.000003e+00
2.640000e+04 1.544099e-06 1.099501e-05 1.670321e+01 6.060425e-03 9.235737e+05 5.483122e+05 1.000003e+00
2.650000e+04 7.604827e-06 3.515434e-06 2.918505e+01 5.827667e-03 9.481722e+05 5.795576e+05 1.000003e+00
2.660000e+04 5.339567e-06 2.871136e-06 2.675923e+01 6.820894e-03 9.297524e+05 6.241772e+05 1.000003e+00
2.670000e+04 3.730016e-06 1.282941e-06 2.029169e+01 6.041852e-03 9.088670e+05 6.074597e+05 1.000003e+00
2.680000e+04 3.289312e-06 3.290185e-07 1.630147e+01 5.934015e-03 9.167306e+05 5.339449e+05 1.000003e+00
2.690000e+04 3.395800e-06 1.016300e-06 1.938837e+01 5.661949e-03 9.344436e+05 6.178656e+05 1.000003e+00
2.700000e+04 3.562112e-06 1.350311e-06 1.482642e+01 5.226009e-03 9.308276e+05 5.733834e+05 1.000003e+00
2.710000e+04 8.330764e-06 8.650481e-07 2.944723e+01 6.168148e-03 9.500760e+05 6.394799e+05 1.000003e+00
2.720000e+04 2.178716e-06 5.267466e-07 1.797304e+01 5.827324e-03 8.957367e+05 5.580126e+05 1.000003e+00
2.730000e+04 9.827644e-06 2.593037e-07 2.296374e+01 5.253714e-03 8.614469e+05 5.761827e+05 1.000003e+00
2.740000e+04 4.723869e-06 4.314682e-07 3.386956e+01 5.345742e-03 9.192096e+05 5.615251e+05 1.000003e+00
2.750000e+04 2.973706e-06 2.250238e-06 1.386036e+01 5.004383e-03 9.188837e+05 5.705885e+05 1.000003e+00
2.760000e+04 6.880674e-06 4.346395e-05 2.415364e+01 5.656927e-03 9.421922e+05 5.913159e+05 1.000003e+00
2.770000e+04 1.456572e-06 1.137138e-05 1.405192e+01 5.210422e-03 9.099699e+05 6.070735e+05 1.000003e+00
2.780000e+04 9.617961e-06 3.085849e-06 2.877363e+01 5.198146e-03 9.093094e+05 5.708805e+05 1.000003e+00
2.790000e+04 1.611957e-06 9.280728e-06 2.022374e+01 5.218791e-03 9.374888e+05 6.004241e+05 1.000003e+00
2.800000e+04 8.869683e-07 7.521674e-06 1.176564e+01 5.084370e-03 9.041881e+05 5.836648e+05 1.000003e+00
2.810000e+04 2.140304e-06 5.682321e-07 1.125803e+01 4.793852e-03 8.568004e+05 5.398496e+05 1.000003e+00
2.820000e+04 2.625730e-06 5.967148e-06 2.198094e+01 5.049030e-03 9.436260e+05 6.061371e+05 1.000003e+00
2.830000e+04 1.367135e-06 9.134435e-08 1.073456e+01 4.830836e-03 8.940225e+05 5.905414e+05 1.000003e+00
2.840000e+04 1.776218e-06 2.909591e-05 1.092577e+01 4.877335e-03 8.912543e+05 6.181229e+05 1.000003e+00
2.850000e+04 1.581071e-06 4.394110e-07 1.087916e+01 4.580538e-03 9.115218e+05 5.615817e+05 1.000003e+00
2.860000e+04 2.216048e-06 3.526505e-06 1.696937e+01 4.830290e-03 9.317288e+05 6.223642e+05 1.000003e+00
2.870000e+04 1.548302e-06 9.647987e-06 1.897390e+01 4.950519e-03 9.436313e+05 6.160122e+05 1.000003e+00
2.880000e+04 2.200677e-06 6.010962e-07 1.316213e+01 4.722853e-03 9.185511e+05 5.751082e+05 1.000003e+00
2.890000e+04 4.006040e-06 7.244322e-05 1.197915e+01 4.640942e-03 8.917419e+05 5.813594e+05 1.000003e+00
2.900000e+04 1.643221e-06 1.359543e-06 1.603194e+01 4.676163e-03 9.584815e+05 6.366808e+05 1.000003e+00
2.910000e+04 2.117801e-06 5.313083e-06 1.580046e+01 4.725833e-03 9.352984e+05 5.493495e+05 1.000003e+00
2.920000e+04 2.723265e-06 1.124808e-06 1.303476e+01 4.304164e-03 8.757208e+05 5.207399e+05 1.000003e+00
2.930000e+04 1.973550e-06 8.504947e-06 1.101869e+01 4.354787e-03 9.222388e+05 6.686619e+05 1.000003e+00
2.940000e+04 1.175607e-06 1.006224e-06 1.870253e+01 4.194780e-03 9.470822e+05 5.909047e+05 1.000003e+00
2.950000e+04 2.735262e-06 5.472879e-07 1.692728e+01 4.605378e-03 9.069593e+05 5.888697e+05 1.000003e+00
2.960000e+04 1.901169e-06 3.535657e-06 1.698263e+01 4.591272e-03 9.388781e+05 5.926806e+05 1.000003e+00
2.970000e+04 2.301639e-06 2.967217e-07 2.106833e+01 4.402199e-03 9.561166e+05 6.252733e+05 1.000003e+00
2.980000e+04 1.662023e-06 5.546722e-06 1.898180e+01 4.105074e-03 9.075664e+05 5.925632e+05 1.000003e+00
2.990000e+04 2.666949e-06 9.111341e-08 3.101849e+01 4.050248e-03 9.215632e+05 6.295092e+05 1.000003e+00
3.000000e+04 1.251543e-06 8.555472e-06 9.949180e+00 4.226876e-03 9.283357e+05 5.753119e+05 1.000003e+00
3.010000e+04 1.730107e-06 3.097438e-05 1.729490e+01 3.978716e-03 9.068597e+05 5.744492e+05 1.000003e+00
3.020000e+04 3.092346e-06 1.774980e-05 2.887313e+01 5.047840e-03 9.311306e+05 5.582161e+05 1.000003e+00
3.030000e+04 1.984583e-06 1.438797e-06 1.192426e+01 3.948833e-03 9.552300e+05 6.161889e+05 1.000003e+00
3.040000e+04 6.937546e-07 1.602690e-06 9.192347e+00 4.002200e-03 9.038335e+05 5.447711e+05 1.000003e+00
3.050000e+04 1.276421e-06 3.456370e-06 1.618287e+01 4.325894e-03 8.901113e+05 5.609863e+05 1.000003e+00
3.060000e+04 1.497740e-06 5.801832e-05 9.689751e+00 3.940166e-03 9.468204e+05 5.958527e+05 1.000003e+00
3.070000e+04 1.043421e-06 1.441247e-06 1.343210e+01 4.035359e-03 9.082253e+05 5.772547e+05 1.000003e+00
3.080000e+04 1.520074e-06 2.801853e-05 1.355508e+01 3.821317e-03 9.120442e+05 6.302865e+05 1.000003e+00
3.090000e+04 1.223872e-06 5.329584e-07 9.137891e+00 3.902761e-03 9.043168e+05 5.605556e+05 1.000003e+00
3.100000e+04 1.483422e-06 1.940835e-07 1.580731e+01 4.557866e-03 8.923167e+05 5.413996e+05 1.000003e+00
3.110000e+04 2.671779e-06 2.163396e-06 1.055896e+01 3.604721e-03 9.008784e+05 5.569383e+05 1.000003e+00
3.120000e+04 3.154947e-06 1.645874e-06 9.303840e+00 3.500941e-03 9.341003e+05 5.806425e+05 1.000003e+00
3.130000e+04 1.250636e-06 2.158299e-06 1.292433e+01 3.309148e-03 9.135828e+05 5.828213e+05 1.000003e+00
3.140000e+04 6.789876e-07 2.541321e-06 7.718665e+00 3.539231e-03 9.489834e+05 6.065732e+05 1.000003e+00
3.150000e+04 1.677251e-06 1.209895e-05 1.458121e+01 3.431292e-03 9.295727e+05 5.086270e+05 1.000003e+00
3.160000e+04 1.227559e-06 1.280785e-06 1.043942e+01 3.355124e-03 9.563305e+05 6.237090e+05 1.000003e+00
3.170000e+04 2.313246e-06 3.797358e-06 1.543927e+01 3.134309e-03 9.139478e+05 5.855379e+05 1.000003e+00
3.180000e+04 2.709678e-06 3.491810e-07 1.631448e+01 3.725434e-03 9.448838e+05 5.788011e+05 1.000003e+00
3.190000e+04 1.531489e-06 7.308596e-06 1.077337e+01 3.329938e-03 9.500127e+05 6.599714e+05 1.000003e+00
3.200000e+04 2.436678e-06 9.665235e-08 8.806877e+00 3.517925e-03 9.049827e+05 5.851433e+05 1.000003e+00
3.210000e+04 1.322274e-06 2.366173e-07 1.703501e+01 3.635935e-03 8.875083e+05 5.485190e+05 1.000003e+00
3.220000e+04 8.754588e-07 7.241826e-06 1.153136e+01 3.371700e-03 9.582879e+05 5.633198e+05 1.000003e+00
3.230000e+04 2.159317e-06 1.264615e-06 1.414320e+01 3.215065e-03 9.820043e+05 6.584742e+05 1.000003e+00
3.240000e+04 1.351541e-06 3.958753e-07 1.049952e+01 3.433166e-03 9.237310e+05 5.200055e+05 1.000003e+00
3.250000e+04 2.626949e-06 4.058203e-07 1.311505e+01 2.960607e-03 9.240874e+05 5.567068e+05 1.000003e+00
3.260000e+04 1.726285e-06 2.504270e-07 9.027793e+00 2.811524e-03 9.567048e+05 5.780455e+05 1.000003e+00
3.270000e+04 1.075335e-06 1.435622e-06 9.888227e+00 3.033614e-03 9.378209e+05 6.245309e+05 1.000003e+00
3.280000e+04 2.252402e-06 1.624014e-07 8.823758e+00 3.252916e-03 8.846235e+05 5.492015e+05 1.000003e+00
3.290000e+04 5.715551e-06 1.075679e-05 1.982795e+01 3.560134e-03 9.525526e+05 6.099168e+05 1.000003e+00
3.300000e+04 1.783202e-06 1.632122e-06 1.349491e+01 3.150327e-03 9.081227e+05 5.547516e+05 1.000003e+00
3.310000e+04 9.945832e-07 8.689624e-07 1.609938e+01 2.803377e-03 8.843038e+05 5.445456e+05 1.000003e+00
3.320000e+04 1.235076e-06 4.334172e-07 8.023469e+00 2.777121e-03 9.067226e+05 5.839472e+05 1.000003e+00
3.330000e+04 3.419839e-06 7.506272e-07 2.277815e+01 2.962176e-03 9.256260e+05 6.337449e+05 1.000003e+00
3.340000e+04 1.020053e-06 2.502867e-07 6.936514e+00 2.742451e-03 9.767543e+05 6.516219e+05 1.000003e+00
3.350000e+04 1.230903e-06 1.950922e-07 1.119996e+01 2.945222e-03 9.332842e+05 5.721680e+05 1.000003e+00
3.360000e+04 1.428049e-06 1.066750e-07 9.689212e+00 3.066284e-03 9.299028e+05 6.397445e+05 1.000003e+00
3.370000e+04 1.656181e-06 5.191816e-06 6.050866e+00 2.817000e-03 9.296603e+05 6.399625e+05 1.000003e+00
3.380000e+04 7.952533e-07 6.449461e-07 7.880239e+00 3.054505e-03 9.180338e+05 5.865266e+05 1.000003e+00
3.390000e+04 1.844333e-06 2.726704e-07 1.073510e+01 2.924641e-03 9.055481e+05 5.884578e+05 1.000003e+00
3.400000e+04 1.531341e-06 2.650961e-07 1.729096e+01 2.850539e-03 9.591659e+05 6.269151e+05 1.000003e+00
3.410000e+04 1.336438e-06 1.182395e-06 7.789128e+00 2.651381e-03 9.071196e+05 5.836643e+05 1.000003e+00
3.420000e+04 1.234032e-06 1.854203e-06 1.032696e+01 2.801886e-03 9.330365e+05 6.226695e+05 1.000003e+00
3.430000e+04 9.455385e-07 1.186604e-06 1.300926e+01 2.777594e-03 8.742288e+05 5.883909e+05 1.000003e+00
3.440000e+04 6.768538e-07 1.263111e-05 7.616092e+00 2.508687e-03 9.475559e+05 5.948757e+05 1.000003e+00
3.450000e+04 2.223974e-06 2.722720e-06 6.968047e+00 2.633010e-03 8.672066e+05 5.708001e+05 1.000003e+00
3.460000e+04 8.222493e-07 3.342732e-07 8.870382e+00 2.427811e-03 9.550932e+05 5.985627e+05 1.000003e+00
3.470000e+04 1.090630e-06 2.622897e-06 7.782723e+00 2.491622e-03 9.112392e+05 5.883274e+05 1.000003e+00
3.480000e+04 1.027675e-06 1.596794e-07 7.518720e+00 2.513361e-03 8.798011e+05 4.981634e+05 1.000003e+00
3.490000e+04 1.493023e-06 7.995939e-07 9.790968e+00 2.412901e-03 9.153751e+05 5.928447e+05 1.000003e+00
3.500000e+04 1.150773e-06 4.738254e-07 7.483615e+00 2.539656e-03 8.527678e+05 5.353995e+05 1.000003e+00
3.510000e+04 1.059920e-06 1.388920e-06 7.166519e+00 2.519773e-03 9.500055e+05 5.714728e+05 1.000003e+00
3.520000e+04 1.396679e-06 5.172615e-07 9.877436e+00 2.475309e-03 9.035967e+05 5.442008e+05 1.000003e+00
3.530000e+04 2.335109e-06 1.318757e-06 9.560086e+00 2.474587e-03 9.091665e+05 5.430332e+05 1.000003e+00
3.540000e+04 1.551256e-06 4.767822e-06 1.330777e+01 2.722660e-03 9.676450e+05 6.028363e+05 1.000003e+00
3.550000e+04 8.478262e-07 2.635288e-07 1.016618e+01 2.658339e-03 9.230670e+05 5.796831e+05 1.000003e+00
3.560000e+04 1.296095e-06 1.250129e-06 8.056389e+00 2.480793e-03 9.512010e+05 6.317677e+05 1.000003e+00
3.570000e+04 7.390257e-07 1.251182e-07 7.628553e+00 2.616489e-03 8.478345e+05 5.895057e+05 1.000003e+00
3.580000e+04 7.514022e-07 2.259091e-07 9.333245e+00 2.596477e-03 9.130273e+05 5.706505e+05 1.000003e+00
3.590000e+04 6.445908e-07 6.414139e-07 7.785660e+00 2.481880e-03 8.987838e+05 5.005818e+05 1.000003e+00
3.600000e+04 5.541685e-06 1.890627e-06 1.060261e+01 2.515849e-03 9.480369e+05 6.255517e+05 1.000003e+00
3.610000e+04 1.150242e-06 8.028081e-06 7.447236e+00 2.318631e-03 8.933070e+05 5.992805e+05 1.000003e+00
3.620000e+04 5.730870e-07 2.778549e-07 7.993235e+00 2.236136e-03 9.270445e+05 5.722304e+05 1.000003e+00
3.630000e+04 9.652954e-07 1.196233e-06 7.437303e+00 2.538878e-03 9.872986e+05 6.448088e+05 1.000003e+00
3.640000e+04 1.558273e-06 1.844248e-06 7.729291e+00 2.560124e-03 9.696252e+05 5.855415e+05 1.000003e+00
3.650000e+04 1.349480e-06 8.972715e-08 1.288594e+01 2.654669e-03 8.906794e+05 6.311152e+05 1.000003e+00
3.660000e+04 1.553623e-06 2.062188e-07 6.519599e+00 2.479524e-03 9.225426e+05 5.651091e+05 1.000003e+00
3.670000e+04 6.481766e-07 5.724837e-07 7.718269e+00 2.466893e-03 9.207664e+05 6.177622e+05 1.000003e+00
3.680000e+04 1.175952e-06 5.420332e-06 6.229801e+00 2.448163e-03 9.190100e+05 5.729700e+05 1.000003e+00
3.690000e+04 9.571288e-07 1.068549e-06 8.327235e+00 2.613488e-03 9.057977e+05 5.949471e+05 1.000003e+00
3.700000e+04 5.403133e-07 3.089492e-07 6.124357e+00 2.225166e-03 9.307165e+05 5.951251e+05 1.000003e+00
3.710000e+04 2.235667e-06 1.521347e-06 6.533323e+00 2.390948e-03 8.571254e+05 5.867657e+05 1.000003e+00
3.720000e+04 6.630307e-07 2.220471e-06 6.501113e+00 2.435460e-03 8.876222e+05 5.454723e+05 1.000003e+00
3.730000e+04 1.014693e-06 6.616456e-07 7.230150e+00 2.197038e-03 9.402474e+05 5.488954e+05 1.000003e+00
3.740000e+04 1.008246e-06 8.521906e-08 6.589119e+00 2.288686e-03 9.541210e+05 6.038500e+05 1.000003e+00
3.750000e+04 6.499395e-07 4.607159e-06 6.809311e+00 2.003970e-03 9.494270e+05 5.671212e+05 1.000003e+00
3.760000e+04 1.230961e-06 2.365506e-06 6.651318e+00 2.199035e-03 8.910507e+05 5.604084e+05 1.000003e+00
3.770000e+04 7.729270e-07 1.814032e-06 6.099879e+00 2.162389e-03 9.293073e+05 5.929633e+05 1.000003e+00
3.780000e+04 1.547358e-06 1.293889e-06 9.171957e+00 2.163569e-03 9.182751e+05 6.142634e+05 1.000003e+00
3.790000e+04 9.381509e-07 1.224835e-06 8.148848e+00 2.184702e-03 9.110619e+05 5.744261e+05 1.000003e+00
3.800000e+04 1.158945e-06 2.231695e-07 8.652524e+00 2.211820e-03 8.875818e+05 5.532477e+05 1.000003e+00
3.810000e+04 6.825160e-07 2.170899e-07 8.505557e+00 2.192488e-03 8.974318e+05 6.693149e+05 1.000003e+00
3.820000e+04 5.231512e-07 1.712445e-06 7.033039e+00 2.217242e-03 9.536828e+05 5.853758e+05 1.000003e+00
3.830000e+04 5.688056e-07 1.601637e-06 5.928407e+00 2.086160e-03 8.976406e+05 5.824189e+05 1.000003e+00
3.840000e+04 5.658267e-07 1.841993e-07 7.738331e+00 2.093141e-03 9.126364e+05 5.758095e+05 1.000003e+00
3.850000e+04 1.451211e-06 1.958917e-06 6.435959e+00 2.023041e-03 9.507507e+05 5.904694e+05 1.000003e+00
3.860000e+04 6.293467e-07 1.795715e-07 6.473999e+00 2.137155e-03 9.219405e+05 5.702139e+05 1.000003e+00
3.870000e+04 8.867356e-07 2.988176e-07 5.291841e+00 2.190565e-03 9.285025e+05 5.896663e+05 1.000003e+00
3.880000e+04 5.728188e-07 1.920736e-07 5.623736e+00 1.970230e-03 8.874373e+05 5.695365e+05 1.000003e+00
3.890000e+04 1.396018e-06 6.375017e-07 9.136944e+00 2.251346e-03 9.462402e+05 6.322925e+05 1.000003e+00
3.900000e+04 9.362656e-07 1.591110e-07 8.010581e+00 2.176599e-03 8.672494e+05 4.900030e+05 1.000003e+00
3.910000e+04 7.193859e-07 1.652245e-07 5.850615e+00 1.861428e-03 9.186846e+05 5.992937e+05 1.000003e+00
3.920000e+04 1.281292e-06 4.664884e-06 9.068814e+00 2.178165e-03 9.017389e+05 6.115221e+05 1.000003e+00
3.930000e+04 1.515251e-06 9.749357e-07 8.853821e+00 2.061513e-03 9.264886e+05 6.146374e+05 1.000003e+00
3.940000e+04 7.304695e-07 1.015614e-05 5.969738e+00 1.956386e-03 9.139851e+05 6.215989e+05 1.000003e+00
3.950000e+04 1.063523e-06 1.240147e-07 6.910059e+00 2.032644e-03 9.047827e+05 5.252281e+05 1.000003e+00
3.960000e+04 5.035785e-07 4.245238e-07 5.965347e+00 1.974135e-03 9.114188e+05 5.361026e+05 1.000003e+00
3.970000e+04 6.694320e-07 8.234309e-06 5.824728e+00 1.969241e-03 9.321355e+05 6.247612e+05 1.000003e+00
3.980000e+04 4.400458e-07 1.346217e-05 5.439288e+00 1.954794e-03 9.483589e+05 6.322829e+05 1.000003e+00
3.990000e+04 7.502329e-07 1.128115e-06 5.459941e+00 1.725459e-03 9.599076e+05 5.779622e+05 1.000003e+00
