1.277459e+05
6.403519e+03
3.004720e+03
2.377172e+03
1.926296e+03
1.621111e+03
1.381810e+03
9.331177e+02
8.605556e+02
6.178281e+02
5.981331e+02
4.767108e+02
2.899174e+02
2.615110e+02
2.313699e+02
2.295583e+02
1.876719e+02
1.693367e+02
1.572792e+02
1.198163e+02
1.103203e+02
1.054008e+02
9.752453e+01
8.497726e+01
7.705559e+01
7.587486e+01
6.728240e+01
5.969092e+01
5.384344e+01
5.244786e+01
5.005063e+01
4.659647e+01
4.589945e+01
4.195506e+01
3.667414e+01
3.612673e+01
3.154247e+01
3.037971e+01
2.870796e+01
2.731131e+01
2.495239e+01
2.200949e+01
2.124955e+01
1.978914e+01
1.705381e+01
1.612774e+01
1.510595e+01
1.489336e+01
1.436612e+01
1.282963e+01
1.191238e+01
1.102863e+01
9.551250e+00
9.171942e+00
8.857508e+00
8.692793e+00
7.761755e+00
7.070201e+00
6.334750e+00
6.145317e+00
5.632508e+00
5.415682e+00
4.949479e+00
4.510453e+00
4.296308e+00
4.212764e+00
3.802858e+00
3.611632e+00
3.094148e+00
2.991412e+00
2.723019e+00
2.538851e+00
2.440483e+00
2.282195e+00
2.173831e+00
2.000040e+00
1.895658e+00
1.721729e+00
1.655429e+00
1.561658e+00
1.360425e+00
1.262447e+00
1.241693e+00
1.147255e+00
1.074441e+00
9.757281e-01
8.777348e-01
8.124342e-01
7.665735e-01
7.192387e-01
6.935532e-01
6.676692e-01
6.064802e-01
5.798608e-01
5.712749e-01
5.103074e-01
4.930058e-01
4.636533e-01
3.893125e-01
3.757960e-01
3.618921e-01
3.502272e-01
3.292525e-01
3.083462e-01
3.012466e-01
2.813721e-01
2.572464e-01
2.455166e-01
2.269715e-01
2.115483e-01
1.908424e-01
1.787480e-01
1.704210e-01
1.641715e-01
1.563443e-01
1.525824e-01
1.338266e-01
1.242379e-01
1.208796e-01
1.156712e-01
1.084801e-01
9.737300e-02
9.287108e-02
9.105925e-02
8.594347e-02
7.428115e-02
7.048988e-02
6.871068e-02
6.427540e-02
6.159430e-02
5.169640e-02
4.967215e-02
4.493544e-02
4.306343e-02
3.727336e-02
3.531862e-02
3.342790e-02
3.204283e-02
3.021371e-02
2.793346e-02
2.654214e-02
2.458843e-02
2.221045e-02
2.069771e-02
1.780862e-02
1.753590e-02
1.547407e-02
1.370135e-02
1.296962e-02
1.162978e-02
1.153449e-02
1.068319e-02
9.745398e-03
9.376560e-03
9.019566e-03
8.628081e-03
7.743866e-03
6.864211e-03
5.887271e-03
5.581357e-03
4.546839e-03
3.885403e-03
3.806851e-03
3.475386e-03
3.405899e-03
3.003671e-03
2.889810e-03
2.669427e-03
2.502320e-03
2.340650e-03
2.236041e-03
2.181844e-03
2.074671e-03
1.935204e-03
1.872470e-03
1.841830e-03
1.750222e-03
1.679161e-03
1.624244e-03
1.579784e-03
1.519861e-03
1.479112e-03
1.446815e-03
1.425969e-03
1.378115e-03
1.361460e-03
1.338808e-03
1.316627e-03
1.292219e-03
1.264561e-03
1.256025e-03
1.244958e-03
1.236133e-03
1.211452e-03
1.195807e-03
1.180886e-03
1.161146e-03
1.134841e-03
1.119012e-03
1.109992e-03
1.101459e-03
1.088615e-03
1.069883e-03
1.057631e-03
1.041932e-03
1.038987e-03
1.031082e-03
1.006489e-03
1.001929e-03
9.835272e-04
9.696551e-04
9.650124e-04
9.510512e-04
9.412087e-04
9.188258e-04
9.104740e-04
8.994522e-04
8.881846e-04
8.666784e-04
8.630088e-04
8.577343e-04
8.477813e-04
8.318594e-04
8.248456e-04
8.008553e-04
7.889081e-04
7.863712e-04
7.758300e-04
7.607517e-04
7.590819e-04
7.467921e-04
7.316329e-04
7.248709e-04
7.182888e-04
6.950008e-04
6.874810e-04
6.808318e-04
6.698104e-04
6.638590e-04
6.439903e-04
6.351108e-04
6.275669e-04
6.214912e-04
6.156806e-04
6.131717e-04
5.826412e-04
5.813619e-04
5.742445e-04
5.659808e-04
5.570234e-04
5.395935e-04
5.378028e-04
5.194686e-04
5.055736e-04
4.970711e-04
4.877753e-04
4.756683e-04
4.660607e-04
4.584915e-04
4.488219e-04
4.414109e-04
4.316904e-04
4.225274e-04
4.177083e-04
4.047037e-04
3.895251e-04
3.838335e-04
3.737289e-04
3.659468e-04
3.630120e-04
3.447422e-04
3.415220e-04
3.264811e-04
3.202427e-04
3.138764e-04
3.060820e-04
2.965017e-04
2.824748e-04
2.786577e-04
2.699678e-04
2.657596e-04
2.506727e-04
2.322581e-04
2.245808e-04
2.196137e-04
2.075485e-04
2.024069e-04
1.904047e-04
1.857482e-04
1.842655e-04
1.652269e-04
1.543819e-04
1.493336e-04
1.239349e-04
1.210531e-04
1.134485e-04
1.103037e-04
1.040308e-04
9.832159e-05
8.520476e-05
7.780713e-05
6.901711e-05
5.870978e-05
4.760213e-05
4.269205e-05
2.875487e-05
1.458809e-05
8.756887e-06
-1.509884e-06
-1.502254e-05
-1.971040e-05
-3.178518e-05
-3.781187e-05
-4.675866e-05
-5.015349e-05
-6.002199e-05
-6.396847e-05
-8.846800e-05
-9.552272e-05
-1.098216e-04
-1.106727e-04
-1.247102e-04
-1.378705e-04
-1.473061e-04
-1.562229e-04
-1.700100e-04
-1.810816e-04
-1.869743e-04
-1.994275e-04
-2.115519e-04
-2.237136e-04
-2.316529e-04
-2.415194e-04
-2.562408e-04
-2.642018e-04
-2.744562e-04
-2.887528e-04
-2.926514e-04
-3.115261e-04
-3.162317e-04
-3.219125e-04
-3.306379e-04
-3.394561e-04
-3.497610e-04
-3.548756e-04
-3.683399e-04
-3.813638e-04
-3.962110e-04
-4.031245e-04
-4.149454e-04
-4.192771e-04
-4.316410e-04
-4.410570e-04
-4.446872e-04
-4.659436e-04
-4.754737e-04
-4.859593e-04
-5.065346e-04
-5.229644e-04
-5.300460e-04
-5.387661e-04
-5.724621e-04
-5.748147e-04
-5.938893e-04
-5.990443e-04
-6.147859e-04
-6.306081e-04
-6.478468e-04
-6.593157e-04
-6.666191e-04
-6.740486e-04
-6.852183e-04
-7.149043e-04
-7.390971e-04
-7.445288e-04
-7.761872e-04
-7.915676e-04
-8.069971e-04
-8.123421e-04
-8.485598e-04
-8.649894e-04
-8.772806e-04
-9.469481e-04
-9.822396e-04
