5.845320e+04
1.230168e+04
6.884104e+03
2.091276e+03
1.374466e+03
9.293507e+02
8.273257e+02
3.669095e+02
3.451510e+02
2.400919e+02
2.055426e+02
1.856732e+02
1.815865e+02
1.344698e+02
1.122640e+02
9.972849e+01
9.600111e+01
8.896152e+01
7.318034e+01
6.179505e+01
4.683287e+01
4.235603e+01
3.925730e+01
3.660215e+01
3.066836e+01
2.803467e+01
2.039289e+01
1.779925e+01
1.453120e+01
1.331151e+01
1.301937e+01
9.936915e+00
8.585897e+00
8.016579e+00
6.806458e+00
6.194514e+00
5.325881e+00
3.700440e+00
3.166165e+00
2.724094e+00
2.559105e+00
2.310418e+00
2.238367e+00
1.914921e+00
1.726548e+00
1.364725e+00
1.077158e+00
9.918901e-01
7.607986e-01
7.196860e-01
6.542742e-01
5.438289e-01
4.728986e-01
4.089051e-01
3.262201e-01
2.815262e-01
2.566011e-01
1.596128e-01
1.482557e-01
1.254246e-01
9.035787e-02
6.641150e-02
4.308097e-02
4.118413e-02
3.962113e-02
3.401948e-02
2.747361e-02
2.634995e-02
2.454638e-02
2.005499e-02
1.577233e-02
1.327989e-02
1.209534e-02
1.044350e-02
9.855007e-03
7.572258e-03
4.300575e-03
3.482633e-03
3.254498e-03
3.040872e-03
2.289704e-03
1.996611e-03
1.890831e-03
1.601388e-03
1.438525e-03
1.247197e-03
1.118266e-03
1.056980e-03
9.876085e-04
9.359730e-04
8.903070e-04
8.638396e-04
8.225341e-04
8.050817e-04
7.498804e-04
7.397883e-04
7.070664e-04
6.907331e-04
6.748072e-04
6.497491e-04
6.319326e-04
6.198210e-04
5.844730e-04
5.768287e-04
5.427062e-04
5.366833e-04
5.284778e-04
5.182675e-04
5.115134e-04
4.910015e-04
4.897300e-04
4.861662e-04
4.804899e-04
4.718275e-04
4.634026e-04
4.593874e-04
4.469485e-04
4.377351e-04
4.345992e-04
4.307958e-04
4.234008e-04
4.190247e-04
4.170693e-04
4.118812e-04
4.054334e-04
3.992499e-04
3.911073e-04
3.845740e-04
3.835544e-04
3.744192e-04
3.725154e-04
3.702465e-04
3.647168e-04
3.625018e-04
3.597766e-04
3.556817e-04
3.477851e-04
3.444952e-04
3.367567e-04
3.314274e-04
3.276771e-04
3.252875e-04
3.203807e-04
3.183361e-04
3.161066e-04
3.121271e-04
3.103588e-04
3.078849e-04
3.017584e-04
2.971193e-04
2.955456e-04
2.924445e-04
2.887210e-04
2.856338e-04
2.847633e-04
2.778191e-04
2.761684e-04
2.717885e-04
2.708182e-04
2.659240e-04
2.654296e-04
2.635672e-04
2.577675e-04
2.559793e-04
2.505924e-04
2.450820e-04
2.408641e-04
2.381470e-04
2.374118e-04
2.360943e-04
2.328080e-04
2.257921e-04
2.253761e-04
2.214968e-04
2.194434e-04
2.180806e-04
2.162911e-04
2.124889e-04
2.098522e-04
2.058846e-04
2.049950e-04
2.022321e-04
1.982800e-04
1.955397e-04
1.937128e-04
1.916993e-04
1.890426e-04
1.812475e-04
1.801612e-04
1.757562e-04
1.747870e-04
1.712954e-04
1.702345e-04
1.693609e-04
1.634716e-04
1.623727e-04
1.595161e-04
1.579699e-04
1.549909e-04
1.488360e-04
1.483503e-04
1.454236e-04
1.437458e-04
1.425069e-04
1.417370e-04
1.410698e-04
1.340604e-04
1.290988e-04
1.265850e-04
1.248942e-04
1.218327e-04
1.199414e-04
1.153739e-04
1.132283e-04
1.107907e-04
1.081442e-04
1.049489e-04
1.028584e-04
1.015523e-04
9.958291e-05
9.772341e-05
9.432200e-05
9.345558e-05
8.796147e-05
8.700963e-05
8.381888e-05
8.046556e-05
7.706344e-05
7.518987e-05
7.333954e-05
7.250857e-05
7.031916e-05
6.542997e-05
6.339686e-05
6.131129e-05
5.887772e-05
5.749159e-05
5.511096e-05
5.268538e-05
5.189757e-05
4.600316e-05
4.361144e-05
4.310895e-05
3.954431e-05
3.865709e-05
3.350772e-05
3.222673e-05
3.060387e-05
2.582921e-05
2.505545e-05
2.181593e-05
1.905657e-05
1.671759e-05
1.487331e-05
1.214575e-05
1.193997e-05
9.757823e-06
7.718771e-06
6.944017e-06
1.265401e-06
7.110621e-14
9.974495e-15
-2.431440e-14
-3.980921e-07
-1.894755e-06
-5.559128e-06
-6.052930e-06
-8.195094e-06
-1.197779e-05
-1.374827e-05
-1.481246e-05
-1.746722e-05
-2.027083e-05
-2.272995e-05
-2.708841e-05
-2.812159e-05
-3.024403e-05
-3.368426e-05
-3.447668e-05
-3.698588e-05
-3.758850e-05
-4.150500e-05
-4.385371e-05
-4.840098e-05
-4.894499e-05
-5.275529e-05
-5.471201e-05
-5.784813e-05
-5.984167e-05
-6.565049e-05
-6.708900e-05
-6.924651e-05
-7.195797e-05
-7.808387e-05
-7.833324e-05
-7.962056e-05
-8.027635e-05
-8.606993e-05
-8.703925e-05
-8.903315e-05
-9.096862e-05
-9.418084e-05
-9.697423e-05
-9.890344e-05
-1.001510e-04
-1.038160e-04
-1.055356e-04
-1.068773e-04
-1.138589e-04
-1.142988e-04
-1.165314e-04
-1.194308e-04
-1.214606e-04
-1.249411e-04
-1.282795e-04
-1.316414e-04
-1.327980e-04
-1.357858e-04
-1.404842e-04
-1.418384e-04
-1.422385e-04
-1.446672e-04
-1.477077e-04
-1.493788e-04
-1.547890e-04
-1.575124e-04
-1.594164e-04
-1.639296e-04
-1.698721e-04
-1.709621e-04
-1.781386e-04
-1.801905e-04
-1.846519e-04
-1.855889e-04
-1.875224e-04
-1.909946e-04
-1.937947e-04
-1.957895e-04
-2.018631e-04
-2.071871e-04
-2.082221e-04
-2.119807e-04
-2.144349e-04
-2.198109e-04
-2.235619e-04
-2.301162e-04
-2.324505e-04
-2.361884e-04
-2.386140e-04
-2.445159e-04
-2.500586e-04
-2.509214e-04
-2.561040e-04
-2.603355e-04
-2.665998e-04
-2.738909e-04
-2.784328e-04
-2.791334e-04
-2.865949e-04
-2.917820e-04
-2.962466e-04
-2.975742e-04
-3.075135e-04
-3.130778e-04
-3.209597e-04
-3.261035e-04
-3.361349e-04
-3.386703e-04
-3.474869e-04
-3.538365e-04
-3.578043e-04
-3.723022e-04
-3.812365e-04
-3.979472e-04
-4.185867e-04
-4.376237e-04
-4.736823e-04
-5.466408e-04
-5.947144e-04
-6.503096e-04
-7.757659e-04
-9.757113e-04
-1.139512e-03
-1.259491e-03
