8.433095e+04
3.339356e+03
2.227437e+03
1.893696e+03
1.176977e+03
8.165844e+02
6.237805e+02
4.836163e+02
3.528199e+02
3.306899e+02
3.193999e+02
2.811769e+02
2.482014e+02
2.197633e+02
2.130348e+02
1.965905e+02
1.814684e+02
1.734003e+02
1.593832e+02
1.529767e+02
1.514312e+02
1.392434e+02
1.295192e+02
1.246289e+02
1.233955e+02
1.139468e+02
1.076463e+02
1.041898e+02
9.107622e+01
8.556158e+01
8.439076e+01
7.776998e+01
7.014512e+01
6.940524e+01
6.676878e+01
6.398248e+01
6.040868e+01
5.984547e+01
5.822588e+01
5.298111e+01
4.753653e+01
4.576778e+01
4.461024e+01
4.170805e+01
3.948817e+01
3.580232e+01
3.381342e+01
3.327406e+01
3.031055e+01
2.837584e+01
2.656277e+01
2.574341e+01
2.363687e+01
2.269924e+01
2.258918e+01
1.954276e+01
1.930898e+01
1.812002e+01
1.656266e+01
1.581350e+01
1.496947e+01
1.324780e+01
1.262153e+01
1.173654e+01
1.055235e+01
9.808526e+00
8.855846e+00
8.385193e+00
8.266004e+00
7.325628e+00
6.821246e+00
6.300914e+00
5.837872e+00
5.485869e+00
5.142512e+00
4.826256e+00
4.416057e+00
4.261721e+00
4.061138e+00
3.741354e+00
3.649553e+00
3.369509e+00
3.216389e+00
2.991515e+00
2.941861e+00
2.812070e+00
2.527591e+00
2.457166e+00
2.398188e+00
2.264966e+00
2.197505e+00
2.114304e+00
1.992589e+00
1.752677e+00
1.689902e+00
1.657474e+00
1.438593e+00
1.412743e+00
1.366782e+00
1.303624e+00
1.254028e+00
1.224740e+00
1.128818e+00
1.040477e+00
9.602200e-01
9.028735e-01
8.054581e-01
7.580805e-01
7.292473e-01
6.924323e-01
6.849915e-01
6.357976e-01
6.029563e-01
5.836561e-01
5.416417e-01
5.152608e-01
4.898565e-01
4.736632e-01
4.541547e-01
4.455705e-01
4.163806e-01
3.916907e-01
3.769699e-01
3.722974e-01
3.379546e-01
3.152410e-01
2.989288e-01
2.743981e-01
2.659349e-01
2.407907e-01
2.337774e-01
2.299887e-01
2.050194e-01
1.935055e-01
1.842808e-01
1.672833e-01
1.605838e-01
1.538493e-01
1.516761e-01
1.490135e-01
1.427958e-01
1.292527e-01
1.199283e-01
1.153767e-01
1.063671e-01
9.932330e-02
9.077244e-02
8.839563e-02
8.034930e-02
7.428762e-02
6.983987e-02
6.943136e-02
6.512357e-02
6.071848e-02
5.772589e-02
5.081262e-02
4.808414e-02
4.625817e-02
4.502313e-02
4.332069e-02
4.075492e-02
3.800610e-02
3.566086e-02
3.503890e-02
3.445204e-02
3.333835e-02
3.122395e-02
2.980005e-02
2.952071e-02
2.593401e-02
2.565916e-02
2.541573e-02
2.439156e-02
2.336840e-02
2.301266e-02
2.255621e-02
2.192695e-02
1.926024e-02
1.831242e-02
1.690705e-02
1.617749e-02
1.547005e-02
1.478369e-02
1.275570e-02
1.170735e-02
1.116905e-02
1.036778e-02
9.510281e-03
9.431406e-03
8.586192e-03
8.369969e-03
7.204277e-03
6.727091e-03
6.254844e-03
6.043555e-03
5.871822e-03
5.555070e-03
5.398166e-03
5.054100e-03
4.909486e-03
4.202805e-03
4.020368e-03
3.931765e-03
3.623716e-03
3.382659e-03
3.254744e-03
2.939188e-03
2.785664e-03
2.664180e-03
2.545820e-03
2.468609e-03
2.332142e-03
2.276562e-03
2.121202e-03
1.956748e-03
1.880477e-03
1.863193e-03
1.816378e-03
1.725848e-03
1.713029e-03
1.579757e-03
1.517147e-03
1.488199e-03
1.430284e-03
1.352034e-03
1.316770e-03
1.312490e-03
1.286204e-03
1.239045e-03
1.216914e-03
1.209403e-03
1.194860e-03
1.156813e-03
1.136160e-03
1.124309e-03
1.081419e-03
1.069338e-03
1.041134e-03
1.027715e-03
1.018859e-03
1.001155e-03
9.912865e-04
9.751792e-04
9.654401e-04
9.622246e-04
9.394061e-04
9.207427e-04
9.069472e-04
8.982732e-04
8.908588e-04
8.574122e-04
8.522270e-04
8.485111e-04
8.233875e-04
8.173424e-04
8.087364e-04
7.968907e-04
7.746992e-04
7.626428e-04
7.547291e-04
7.463263e-04
7.433813e-04
7.316943e-04
7.177753e-04
7.091671e-04
6.930993e-04
6.770421e-04
6.760188e-04
6.746380e-04
6.664234e-04
6.440996e-04
6.352531e-04
6.245204e-04
6.152800e-04
5.972396e-04
5.889920e-04
5.853251e-04
5.636248e-04
5.532463e-04
5.401833e-04
5.319244e-04
5.199863e-04
5.102523e-04
5.087499e-04
5.000053e-04
4.927960e-04
4.786086e-04
4.683913e-04
4.579988e-04
4.516508e-04
4.485180e-04
4.303801e-04
4.276499e-04
4.235818e-04
4.058429e-04
4.029330e-04
3.955550e-04
3.806927e-04
3.670764e-04
3.545967e-04
3.504171e-04
3.443847e-04
3.353426e-04
3.304782e-04
3.150642e-04
3.007551e-04
2.892363e-04
2.844953e-04
2.716385e-04
2.596864e-04
2.567407e-04
2.451019e-04
2.329549e-04
2.265571e-04
2.207667e-04
2.121640e-04
2.053119e-04
2.030410e-04
1.873513e-04
1.811049e-04
1.714910e-04
1.531424e-04
1.403215e-04
1.311117e-04
1.194885e-04
1.019421e-04
9.932365e-05
9.419560e-05
8.146858e-05
7.500849e-05
7.043874e-05
6.275033e-05
4.621095e-05
3.138136e-05
2.632288e-05
7.254653e-06
6.265074e-06
1.103112e-13
7.338836e-14
5.238916e-15
-2.059275e-14
-5.231080e-14
-1.248099e-13
-4.318268e-06
-1.141544e-05
-2.041831e-05
-4.108055e-05
-4.365129e-05
-5.769139e-05
-6.294437e-05
-7.964570e-05
-9.388469e-05
-9.877658e-05
-1.052498e-04
-1.107939e-04
-1.278928e-04
-1.421525e-04
-1.463867e-04
-1.596399e-04
-1.788097e-04
-1.946128e-04
-2.028639e-04
-2.076195e-04
-2.372087e-04
-2.492314e-04
-2.561829e-04
-2.660354e-04
-2.711906e-04
-2.799302e-04
-2.854883e-04
-3.226119e-04
-3.317746e-04
-3.540205e-04
-3.561128e-04
-3.674260e-04
-3.815623e-04
-4.090186e-04
-4.380617e-04
-4.420480e-04
-4.623518e-04
-4.679380e-04
-4.926911e-04
-5.056336e-04
-5.499222e-04
