3.576638e+05
2.654012e+05
1.912562e+05
1.437161e+05
1.325546e+05
1.225045e+05
1.183795e+05
9.538550e+04
8.690643e+04
8.306774e+04
7.892902e+04
7.011491e+04
5.985285e+04
5.515431e+04
5.489551e+04
4.645449e+04
4.080830e+04
3.015023e+04
2.516818e+04
2.007077e+04
1.746212e+04
1.647290e+04
1.123291e+04
1.015712e+04
8.192627e+03
7.256975e+03
6.257489e+03
6.108487e+03
5.538831e+03
5.265790e+03
4.556911e+03
3.873865e+03
3.145404e+03
2.594763e+03
2.079790e+03
1.864707e+03
1.531543e+03
1.466808e+03
1.187488e+03
1.128937e+03
9.037382e+02
8.072889e+02
7.596794e+02
6.495505e+02
5.647842e+02
5.067633e+02
4.252333e+02
3.695887e+02
3.168796e+02
2.439937e+02
2.263338e+02
1.973154e+02
1.637590e+02
1.183064e+02
1.010251e+02
9.388403e+01
8.755083e+01
8.551820e+01
7.683484e+01
6.230445e+01
4.868849e+01
4.024254e+01
3.621994e+01
3.171462e+01
3.001533e+01
2.218464e+01
1.984595e+01
1.040389e+01
9.540798e+00
8.349827e+00
6.331073e+00
6.115138e+00
5.487832e+00
4.402026e+00
3.263089e+00
3.014877e+00
2.580978e+00
2.249192e+00
2.054711e+00
1.622770e+00
1.189574e+00
9.824725e-01
8.785837e-01
6.372381e-01
5.270308e-01
2.106115e-01
1.833921e-01
1.552630e-01
1.366839e-01
1.271500e-01
1.019527e-01
6.910792e-02
6.045129e-02
4.010969e-02
3.713155e-02
3.518245e-02
3.173943e-02
3.097233e-02
2.804578e-02
2.679555e-02
2.623502e-02
2.511913e-02
2.482772e-02
2.345067e-02
2.335651e-02
2.276137e-02
2.162723e-02
2.063446e-02
2.010142e-02
2.001691e-02
1.958005e-02
1.954493e-02
1.897250e-02
1.873689e-02
1.851605e-02
1.770456e-02
1.740137e-02
1.691355e-02
1.663074e-02
1.568380e-02
1.491760e-02
1.411473e-02
1.253651e-02
1.162720e-02
1.142935e-02
9.007047e-03
3.659757e-12
-4.140347e-12
