3.180062e+10
1.470726e+10
7.298733e+09
4.689177e+09
4.166043e+09
3.440710e+09
3.281626e+09
3.187649e+09
2.911331e+09
2.672123e+09
2.452283e+09
2.359221e+09
2.088969e+09
2.043180e+09
1.912410e+09
1.792796e+09
1.689024e+09
1.645393e+09
1.547474e+09
1.520619e+09
1.480694e+09
1.348988e+09
1.292919e+09
1.249565e+09
1.203993e+09
1.181629e+09
1.118292e+09
1.112820e+09
1.076906e+09
1.026525e+09
9.909357e+08
9.585134e+08
9.347593e+08
8.809983e+08
8.719146e+08
8.328161e+08
8.101590e+08
7.886273e+08
7.667153e+08
7.488270e+08
7.261512e+08
6.990864e+08
6.850821e+08
6.756573e+08
6.515387e+08
6.396179e+08
6.089523e+08
5.956276e+08
5.790812e+08
5.613435e+08
5.416713e+08
5.282725e+08
5.107185e+08
5.021176e+08
4.928527e+08
4.837713e+08
4.644528e+08
4.540447e+08
4.457723e+08
4.270464e+08
4.203884e+08
4.146335e+08
4.050972e+08
3.991287e+08
3.865792e+08
3.739241e+08
3.649272e+08
3.626043e+08
3.507989e+08
3.404736e+08
3.235673e+08
3.149351e+08
3.079419e+08
3.020101e+08
2.953441e+08
2.906781e+08
2.841645e+08
2.727350e+08
2.619152e+08
2.581350e+08
2.440668e+08
2.431788e+08
2.375662e+08
2.341873e+08
2.257716e+08
2.196745e+08
2.120646e+08
2.014404e+08
1.978583e+08
1.935353e+08
1.876489e+08
1.805822e+08
1.800386e+08
1.729886e+08
1.668842e+08
1.574147e+08
1.504815e+08
1.466899e+08
1.439774e+08
1.375756e+08
1.355925e+08
1.286386e+08
1.240188e+08
1.234909e+08
1.184763e+08
1.030283e+08
9.874344e+07
9.276399e+07
8.734723e+07
7.955685e+07
7.838627e+07
7.022041e+07
6.471157e+07
5.871048e+07
5.440241e+07
4.850333e+07
4.507956e+07
3.900921e+07
3.235864e+07
2.944652e+07
2.571587e+07
2.049344e+07
1.864072e+07
1.714033e+07
1.179237e+07
4.617097e+06
2.218245e+06
1.783305e+06
