1.289091e+08
1.550100e+07
2.208086e+06
7.649156e+05
4.947145e+05
1.383411e+05
1.169900e+05
4.520618e+04
1.764833e+04
2.835205e+03
9.515693e+02
1.196931e+02
9.568247e+01
8.185451e+01
6.154123e+01
4.750422e+01
3.976379e+01
3.425466e+01
3.301454e+01
3.088729e+01
2.618931e+01
2.278431e+01
2.090444e+01
1.962693e+01
1.634242e+01
1.501345e+01
1.386679e+01
1.332395e+01
1.288128e+01
1.141907e+01
1.126044e+01
1.063429e+01
9.520540e+00
8.903820e+00
8.188951e+00
7.795838e+00
7.343646e+00
7.161471e+00
6.445022e+00
6.388497e+00
6.104158e+00
5.973784e+00
5.218527e+00
4.954490e+00
4.645111e+00
4.419130e+00
4.058147e+00
3.842713e+00
3.717254e+00
3.137688e+00
3.056901e+00
2.751575e+00
2.591894e+00
2.449002e+00
2.309461e+00
2.104250e+00
1.997557e+00
1.848253e+00
1.442249e+00
1.286123e+00
1.179771e+00
1.002303e+00
8.360308e-01
7.635151e-01
6.267207e-01
5.296660e-01
4.464750e-01
3.344903e-01
2.752458e-01
2.172611e-01
1.640737e-01
1.476389e-01
1.188902e-01
1.170411e-01
1.002922e-01
9.067568e-02
4.141823e-02
2.487999e-02
3.981614e-03
-3.441800e-02
-8.203173e-02
-1.201399e-01
-1.768657e-01
-2.423976e-01
-3.643064e-01
-3.833413e-01
-4.781610e-01
-5.508241e-01
-6.259292e-01
-8.320714e-01
-1.033465e+00
-1.133994e+00
-1.187544e+00
-1.445874e+00
-1.532265e+00
-1.863677e+00
-2.162216e+00
-2.278524e+00
-2.458902e+00
-2.783365e+00
-2.983785e+00
-3.267909e+00
-3.844172e+00
-4.381354e+00
-4.584945e+00
-4.796254e+00
-5.487402e+00
-5.804348e+00
-6.564766e+00
-7.409857e+00
-7.809753e+00
-8.559288e+00
-9.808864e+00
-1.040399e+01
-1.142508e+01
-1.250079e+01
-1.376036e+01
-1.794791e+01
-1.906127e+01
-2.082308e+01
-2.337502e+01
-2.519427e+01
-2.976418e+01
-3.574483e+01
-5.514855e+01
-6.265221e+01
-6.961467e+01
-1.003207e+02
