1.171250e+08
9.560008e+06
1.506585e+06
1.071484e+06
5.107837e+05
1.256800e+05
7.295961e+04
1.290417e+04
5.606634e+03
8.295228e+02
2.065723e+02
9.074025e+01
7.411269e+01
6.885851e+01
6.087865e+01
5.049437e+01
4.155515e+01
3.803839e+01
3.683723e+01
2.901248e+01
2.310490e+01
1.894217e+01
1.783778e+01
1.441499e+01
1.309117e+01
1.231511e+01
1.065627e+01
1.016792e+01
9.353634e+00
8.818126e+00
7.947675e+00
7.654282e+00
7.236883e+00
6.938168e+00
6.675437e+00
6.043355e+00
5.943038e+00
5.541632e+00
5.112062e+00
4.692696e+00
4.387697e+00
3.972993e+00
3.841416e+00
3.591642e+00
3.438287e+00
3.314942e+00
3.096616e+00
3.022357e+00
2.729614e+00
2.616735e+00
2.267140e+00
2.003016e+00
1.932817e+00
1.589281e+00
1.535009e+00
1.320574e+00
1.232665e+00
1.069289e+00
8.259800e-01
7.905962e-01
6.450579e-01
3.784275e-01
3.429633e-01
3.121430e-01
2.432060e-01
2.082747e-01
1.597782e-01
1.067013e-01
7.356115e-02
6.662270e-02
3.615088e-02
3.258890e-02
1.597258e-02
1.087838e-02
8.719548e-03
1.382278e-10
-2.134298e-10
-6.335313e-03
-2.285439e-02
-4.987641e-02
-5.926499e-02
-1.456039e-01
-2.228953e-01
-2.816111e-01
-3.669277e-01
-3.955864e-01
-4.560456e-01
-4.824527e-01
-7.262950e-01
-8.935106e-01
-9.702199e-01
-1.232086e+00
-1.356062e+00
-1.407500e+00
-1.479655e+00
-1.764313e+00
-1.973264e+00
-2.222841e+00
-2.374282e+00
-2.659900e+00
-2.930737e+00
-3.142663e+00
-3.407494e+00
-4.102355e+00
-4.522862e+00
-4.645121e+00
-5.253747e+00
-5.616334e+00
-5.910799e+00
-6.757461e+00
-7.715526e+00
-8.425149e+00
-8.954713e+00
-9.744950e+00
-1.065465e+01
-1.222628e+01
-1.355784e+01
-1.499593e+01
-1.678410e+01
-1.769096e+01
-2.059554e+01
-2.173297e+01
-2.633656e+01
-3.023870e+01
-3.561205e+01
-6.090798e+01
-8.192119e+01
-1.043683e+02
