1.250520e+05
6.116932e+03
3.227107e+03
2.268072e+03
1.964301e+03
1.476508e+03
1.219037e+03
8.185400e+02
7.531941e+02
6.306179e+02
5.477289e+02
4.282846e+02
3.448176e+02
3.076707e+02
3.029598e+02
2.586322e+02
2.069529e+02
1.755103e+02
1.653206e+02
1.568818e+02
1.394027e+02
1.262133e+02
1.155391e+02
9.610595e+01
8.907151e+01
8.552053e+01
8.312980e+01
7.946471e+01
6.774374e+01
6.527263e+01
5.614747e+01
5.512401e+01
5.333582e+01
4.926422e+01
4.680642e+01
4.301750e+01
4.207892e+01
3.780836e+01
3.614056e+01
3.375779e+01
3.107953e+01
2.847228e+01
2.630269e+01
2.409284e+01
2.210957e+01
2.007461e+01
1.952192e+01
1.856346e+01
1.810477e+01
1.685554e+01
1.422858e+01
1.383182e+01
1.250269e+01
1.138416e+01
1.109773e+01
9.681961e+00
9.256752e+00
8.281896e+00
7.755738e+00
7.192562e+00
6.862128e+00
6.144928e+00
5.681823e+00
5.564141e+00
4.958548e+00
4.672468e+00
4.439666e+00
4.145471e+00
3.772186e+00
3.641080e+00
3.408071e+00
3.148878e+00
2.936577e+00
2.693770e+00
2.548184e+00
2.322591e+00
2.129189e+00
2.084812e+00
1.831337e+00
1.778942e+00
1.578909e+00
1.482564e+00
1.415121e+00
1.392993e+00
1.182963e+00
1.074626e+00
1.059167e+00
9.627484e-01
8.687451e-01
8.076228e-01
7.975522e-01
7.481137e-01
7.333537e-01
6.418693e-01
6.267616e-01
5.691000e-01
5.400323e-01
5.289932e-01
4.911195e-01
4.517157e-01
4.251916e-01
4.185725e-01
3.666092e-01
3.437894e-01
3.202412e-01
2.879228e-01
2.713750e-01
2.496381e-01
2.447919e-01
2.069743e-01
1.985859e-01
1.796756e-01
1.695294e-01
1.632292e-01
1.554288e-01
1.455683e-01
1.350189e-01
1.318657e-01
1.278995e-01
1.174260e-01
1.054427e-01
9.614226e-02
9.575900e-02
8.598672e-02
8.399672e-02
8.173154e-02
7.742030e-02
7.508094e-02
6.832209e-02
6.409887e-02
6.251649e-02
5.691181e-02
5.092373e-02
4.873475e-02
4.552479e-02
4.348398e-02
4.124168e-02
3.724796e-02
3.549577e-02
3.407109e-02
3.245987e-02
3.024035e-02
2.637952e-02
2.271196e-02
2.079771e-02
1.941534e-02
1.821428e-02
1.687752e-02
1.631485e-02
1.491321e-02
1.294824e-02
1.256013e-02
1.212731e-02
1.172880e-02
1.112427e-02
1.065144e-02
8.862367e-03
8.408800e-03
8.302994e-03
7.619039e-03
6.696991e-03
5.595853e-03
5.218652e-03
4.530589e-03
4.347773e-03
4.101954e-03
3.896842e-03
3.708019e-03
3.373169e-03
3.210715e-03
3.054801e-03
2.892928e-03
2.695796e-03
2.566167e-03
2.284236e-03
2.094008e-03
1.963545e-03
1.874038e-03
1.834457e-03
1.772931e-03
1.730538e-03
1.609520e-03
1.565616e-03
1.523142e-03
1.460306e-03
1.422783e-03
1.391468e-03
1.379479e-03
1.339983e-03
1.336049e-03
1.313210e-03
1.291238e-03
1.278704e-03
1.246942e-03
1.221313e-03
1.217430e-03
1.201551e-03
1.186217e-03
1.167995e-03
1.163718e-03
1.144202e-03
1.125040e-03
1.115385e-03
1.097841e-03
1.084994e-03
1.065747e-03
1.047666e-03
1.044612e-03
1.030439e-03
1.014417e-03
1.003501e-03
9.917539e-04
9.787007e-04
9.730206e-04
9.578942e-04
9.338687e-04
9.261580e-04
9.164421e-04
9.128955e-04
9.051541e-04
8.915957e-04
8.716900e-04
8.675325e-04
8.492205e-04
8.372951e-04
8.309421e-04
8.191228e-04
8.008213e-04
7.944790e-04
7.849970e-04
7.747264e-04
7.695970e-04
7.594340e-04
7.542807e-04
7.415250e-04
7.155128e-04
7.108210e-04
6.951994e-04
6.795542e-04
6.781790e-04
6.719910e-04
6.580685e-04
6.509649e-04
6.408813e-04
6.310735e-04
6.299946e-04
6.115665e-04
5.992300e-04
5.882715e-04
5.846629e-04
5.772214e-04
5.560296e-04
5.479074e-04
5.441650e-04
5.361569e-04
5.323589e-04
5.195293e-04
5.068576e-04
4.938056e-04
4.862342e-04
4.749673e-04
4.714296e-04
4.564748e-04
4.523938e-04
4.489145e-04
4.333240e-04
4.307471e-04
4.237099e-04
4.160984e-04
4.057698e-04
4.021162e-04
3.842231e-04
3.755182e-04
3.707471e-04
3.506030e-04
3.449467e-04
3.392178e-04
3.276537e-04
3.194081e-04
3.146871e-04
3.000950e-04
2.852765e-04
2.808109e-04
2.770828e-04
2.724983e-04
2.530598e-04
2.420131e-04
2.367204e-04
2.276771e-04
2.209734e-04
2.058299e-04
1.935876e-04
1.896655e-04
1.738907e-04
1.663022e-04
1.548389e-04
1.441900e-04
1.397212e-04
1.261795e-04
1.210417e-04
1.145474e-04
1.143372e-04
8.198262e-05
6.965197e-05
6.811471e-05
6.153396e-05
5.242717e-05
4.466898e-05
3.618482e-05
3.399721e-05
1.361465e-05
1.521314e-06
-6.243599e-06
-7.642808e-06
-1.350220e-05
-1.933535e-05
-3.037453e-05
-4.565755e-05
-5.214133e-05
-5.546012e-05
-6.435040e-05
-7.385730e-05
-8.260748e-05
-9.086100e-05
-1.097654e-04
-1.212775e-04
-1.255580e-04
-1.354166e-04
-1.389147e-04
-1.461508e-04
-1.658848e-04
-1.715915e-04
-1.757138e-04
-1.839805e-04
-1.891262e-04
-2.065943e-04
-2.122712e-04
-2.326321e-04
-2.410528e-04
-2.611981e-04
-2.707700e-04
-2.819073e-04
-2.907919e-04
-2.964522e-04
-3.064075e-04
-3.142892e-04
-3.338237e-04
-3.533689e-04
-3.568727e-04
-3.657186e-04
-3.755314e-04
-3.884854e-04
-3.945037e-04
-4.078896e-04
-4.233274e-04
-4.384791e-04
-4.438633e-04
-4.470056e-04
-4.660668e-04
-4.680886e-04
-4.724009e-04
-4.818718e-04
-4.963712e-04
-5.104009e-04
-5.225150e-04
-5.389875e-04
-5.620614e-04
-5.750102e-04
-5.863493e-04
-5.910645e-04
-6.161934e-04
-6.189024e-04
-6.444544e-04
-6.530153e-04
-6.822226e-04
-6.961542e-04
-7.074975e-04
-7.213819e-04
-7.270922e-04
-7.409854e-04
-7.884118e-04
-7.928492e-04
-8.621330e-04
-8.793621e-04
