1.437167e+08
2.013235e+07
1.931232e+06
8.472437e+05
6.339368e+05
3.296942e+05
2.542719e+05
1.154181e+05
3.224785e+04
2.629916e+04
4.897780e+03
1.271434e+03
6.686909e+02
3.339031e+02
9.395436e+01
8.244202e+01
5.711242e+01
4.319411e+01
3.267453e+01
2.798937e+01
2.719219e+01
2.476718e+01
2.143910e+01
2.052863e+01
1.780102e+01
1.569056e+01
1.431033e+01
1.346550e+01
1.221048e+01
1.188752e+01
1.142007e+01
1.031693e+01
9.740161e+00
9.249647e+00
9.133531e+00
8.425488e+00
8.340528e+00
7.668109e+00
7.337308e+00
6.968246e+00
6.774291e+00
6.398911e+00
6.042026e+00
5.710980e+00
5.414489e+00
4.973010e+00
4.752540e+00
4.578724e+00
4.074653e+00
3.935221e+00
3.854352e+00
3.371533e+00
3.098804e+00
3.033892e+00
2.851359e+00
2.613150e+00
2.337136e+00
2.239378e+00
1.972341e+00
1.928407e+00
1.558339e+00
1.400375e+00
1.363332e+00
1.125527e+00
1.074674e+00
7.227048e-01
7.086556e-01
6.464027e-01
4.983686e-01
4.213248e-01
3.635386e-01
2.685168e-01
2.202118e-01
1.680361e-01
1.397421e-01
1.039402e-01
6.847638e-02
4.743552e-02
9.313222e-10
-4.178818e-03
-3.932642e-02
-1.212520e-01
-1.563514e-01
-2.284608e-01
-2.928730e-01
-4.007335e-01
-4.217569e-01
-5.487296e-01
-7.044880e-01
-7.750989e-01
-8.909879e-01
-1.065004e+00
-1.143833e+00
-1.253051e+00
-1.382676e+00
-1.667953e+00
-1.878409e+00
-2.135026e+00
-2.292294e+00
-2.464581e+00
-2.641715e+00
-3.052682e+00
-3.263825e+00
-3.610687e+00
-3.779246e+00
-4.074985e+00
-4.610524e+00
-4.859805e+00
-5.112305e+00
-5.405011e+00
-6.002484e+00
-7.246689e+00
-8.498624e+00
-8.733896e+00
-9.372354e+00
-1.145210e+01
-1.209293e+01
-1.284702e+01
-1.441361e+01
-1.508313e+01
-1.750274e+01
-1.850788e+01
-2.270887e+01
-2.610263e+01
-3.200644e+01
-4.281279e+01
-5.405423e+01
-9.691229e+01
