1.494795e+10
4.801346e+08
2.565397e+08
1.371565e+08
9.891581e+07
7.418432e+07
5.997310e+07
5.077807e+07
2.995339e+07
2.727610e+07
2.529744e+07
2.120914e+07
1.937594e+07
1.888561e+07
1.535470e+07
1.325868e+07
1.122923e+07
1.086297e+07
8.624470e+06
7.682744e+06
7.167692e+06
5.555972e+06
4.677802e+06
4.212967e+06
3.770766e+06
3.387094e+06
3.076018e+06
2.620659e+06
2.295308e+06
2.086296e+06
1.860048e+06
1.789538e+06
1.638882e+06
1.537670e+06
1.256745e+06
1.115584e+06
9.762954e+05
9.195074e+05
8.917868e+05
7.483494e+05
6.036863e+05
5.680352e+05
5.057500e+05
4.676910e+05
4.304836e+05
3.933132e+05
3.313322e+05
3.139118e+05
2.847904e+05
2.740912e+05
2.326950e+05
2.181849e+05
1.806073e+05
1.591341e+05
1.417925e+05
1.255076e+05
9.966646e+04
6.263302e+04
5.613873e+04
4.678116e+04
4.423275e+04
3.745034e+04
2.838639e+04
2.594130e+04
2.368992e+04
2.144682e+04
1.866165e+04
1.645464e+04
1.199770e+04
9.802589e+03
7.084192e+03
6.077385e+03
3.969016e+03
2.921910e+03
2.556368e+03
1.969891e+03
1.680090e+03
1.220391e+03
8.247799e+02
6.797013e+02
5.856469e+02
5.036305e+02
2.972018e+02
2.523682e+02
1.767265e+02
1.301141e+02
8.743846e+01
6.116870e+01
4.792293e+01
3.186110e+01
2.303603e+01
2.080990e+01
1.057224e+01
9.359622e+00
7.784889e+00
4.925127e+00
3.284345e+00
2.195050e+00
1.931416e+00
1.626655e+00
1.189216e+00
1.077495e+00
7.311617e-01
6.510568e-01
4.753883e-01
4.116623e-01
3.465504e-01
3.251194e-01
2.939240e-01
2.336146e-01
2.176242e-01
1.724579e-01
1.566026e-01
1.386427e-01
1.214310e-01
1.047657e-01
7.482510e-02
4.700303e-02
1.429688e-02
3.044400e-03
-3.144473e-02
-7.285664e-02
-9.778935e-02
-1.252924e-01
-1.845654e-01
-2.481405e-01
-3.904301e-01
-4.245802e+00
