4.220292e+05
2.378520e+05
1.517906e+05
1.415040e+05
1.293917e+05
1.202437e+05
1.116443e+05
8.390277e+04
8.066745e+04
6.569108e+04
5.734979e+04
5.259859e+04
4.767848e+04
4.398848e+04
3.943471e+04
3.259793e+04
2.754377e+04
2.422678e+04
1.710137e+04
1.222236e+04
1.085589e+04
9.581260e+03
8.137604e+03
7.371604e+03
6.334884e+03
5.443273e+03
4.874660e+03
4.487358e+03
3.799609e+03
3.126514e+03
2.644260e+03
2.589934e+03
1.965527e+03
1.546277e+03
1.272581e+03
1.057414e+03
9.938074e+02
8.830474e+02
7.580801e+02
6.449791e+02
5.393192e+02
4.385374e+02
4.218192e+02
3.813582e+02
3.015381e+02
2.189042e+02
1.872676e+02
1.641496e+02
1.487763e+02
1.276355e+02
1.061727e+02
5.897447e+01
5.747026e+01
4.561064e+01
4.134619e+01
3.419493e+01
3.069333e+01
2.594947e+01
2.336405e+01
2.077811e+01
1.632304e+01
1.260236e+01
1.107412e+01
1.010474e+01
9.118969e+00
7.845100e+00
6.440022e+00
4.965107e+00
3.999042e+00
3.415019e+00
2.324960e+00
2.045278e+00
1.852826e+00
1.329177e+00
1.201465e+00
7.076883e-01
6.245415e-01
5.229232e-01
4.572945e-01
3.823932e-01
3.182467e-01
2.640439e-01
1.910573e-01
1.506019e-01
1.342932e-01
9.091116e-02
8.159710e-02
6.459212e-02
6.265189e-02
5.925970e-02
3.801826e-02
3.517616e-02
3.319456e-02
3.213872e-02
2.861818e-02
2.800324e-02
2.664193e-02
2.537551e-02
2.508853e-02
2.377193e-02
2.329105e-02
2.306262e-02
2.213494e-02
2.008640e-02
1.964228e-02
1.792516e-02
1.781321e-02
1.742738e-02
1.682616e-02
1.650575e-02
1.606231e-02
1.552344e-02
1.492491e-02
1.468304e-02
1.402480e-02
1.377575e-02
1.341998e-02
1.303411e-02
1.260833e-02
1.219424e-02
1.184505e-02
1.164937e-02
1.011077e-02
1.001129e-02
8.568090e-03
8.210589e-03
5.914337e-03
1.063614e-12
