8.834434e+04
3.603247e+03
2.438725e+03
1.749463e+03
1.019864e+03
7.442449e+02
5.356024e+02
4.318919e+02
2.858846e+02
2.749362e+02
2.356187e+02
2.084661e+02
1.818471e+02
1.627412e+02
1.533435e+02
1.467673e+02
1.320241e+02
1.217324e+02
1.153861e+02
1.100861e+02
1.012977e+02
9.700397e+01
8.651974e+01
7.995100e+01
7.772363e+01
7.470207e+01
6.342064e+01
6.298994e+01
5.950288e+01
5.639000e+01
5.248064e+01
4.995031e+01
4.625252e+01
4.317302e+01
4.065074e+01
3.908023e+01
3.495393e+01
3.425726e+01
3.150462e+01
3.072181e+01
2.754003e+01
2.586685e+01
2.535953e+01
2.216561e+01
2.157520e+01
2.026599e+01
1.936446e+01
1.766301e+01
1.656831e+01
1.488434e+01
1.468827e+01
1.377434e+01
1.273571e+01
1.255059e+01
1.086517e+01
1.004920e+01
9.175209e+00
8.677781e+00
8.037078e+00
7.631177e+00
7.293995e+00
6.994095e+00
6.718963e+00
6.034717e+00
5.650382e+00
5.266579e+00
5.016988e+00
4.282925e+00
4.093860e+00
3.806355e+00
3.631613e+00
2.913123e+00
2.861101e+00
2.535023e+00
2.303346e+00
2.235924e+00
2.211212e+00
1.926222e+00
1.766769e+00
1.744863e+00
1.566427e+00
1.499576e+00
1.360952e+00
1.320482e+00
1.274018e+00
1.166443e+00
1.092003e+00
1.078029e+00
1.000933e+00
9.783418e-01
9.460905e-01
8.566591e-01
8.014598e-01
7.494664e-01
7.366670e-01
6.809704e-01
6.355567e-01
5.816072e-01
5.594629e-01
5.263389e-01
4.908746e-01
4.638787e-01
4.392066e-01
4.024453e-01
3.929132e-01
3.691959e-01
3.440204e-01
3.352488e-01
3.085998e-01
2.991905e-01
2.710908e-01
2.505308e-01
2.437629e-01
2.357937e-01
2.108039e-01
1.973777e-01
1.858662e-01
1.732051e-01
1.598471e-01
1.580989e-01
1.532358e-01
1.476576e-01
1.457664e-01
1.276540e-01
1.221737e-01
1.114109e-01
1.100613e-01
1.051422e-01
1.004999e-01
9.389932e-02
8.980946e-02
8.402104e-02
8.086623e-02
7.671537e-02
6.957651e-02
6.659643e-02
6.190530e-02
5.785341e-02
5.646076e-02
5.586854e-02
4.978144e-02
4.838003e-02
4.573255e-02
4.487768e-02
4.211271e-02
3.834275e-02
3.259924e-02
3.052213e-02
2.899790e-02
2.548517e-02
2.432673e-02
2.360408e-02
2.309979e-02
2.233969e-02
2.104829e-02
2.028384e-02
1.933106e-02
1.793578e-02
1.639494e-02
1.529476e-02
1.481903e-02
1.361593e-02
1.317876e-02
1.175755e-02
1.095688e-02
1.066190e-02
1.001178e-02
9.567115e-03
9.045233e-03
8.689945e-03
8.156098e-03
7.165858e-03
6.835488e-03
6.430163e-03
6.371723e-03
5.817712e-03
5.273660e-03
4.809553e-03
4.575026e-03
4.406373e-03
4.367163e-03
4.122030e-03
3.801868e-03
3.680555e-03
3.468673e-03
3.388769e-03
3.249075e-03
3.096445e-03
2.866894e-03
2.785352e-03
2.631194e-03
2.575235e-03
2.394424e-03
2.299869e-03
2.272701e-03
2.139310e-03
2.108439e-03
2.033627e-03
1.919487e-03
1.869557e-03
1.837108e-03
1.818328e-03
1.758879e-03
1.647757e-03
1.627250e-03
1.542687e-03
1.458338e-03
1.420076e-03
1.402867e-03
1.364864e-03
1.331087e-03
1.286529e-03
1.239393e-03
1.215412e-03
1.204300e-03
1.191331e-03
1.144575e-03
1.141775e-03
1.112013e-03
1.086175e-03
1.075585e-03
1.064954e-03
1.058734e-03
1.026483e-03
1.024312e-03
1.000294e-03
9.954665e-04
9.844801e-04
9.781956e-04
9.543974e-04
9.490590e-04
9.345763e-04
9.212777e-04
9.075862e-04
8.877550e-04
8.773000e-04
8.702698e-04
8.675199e-04
8.434027e-04
8.320435e-04
8.115178e-04
8.065536e-04
7.877025e-04
7.829237e-04
7.624804e-04
7.510401e-04
7.433025e-04
7.328481e-04
7.265871e-04
7.134857e-04
7.118600e-04
7.004269e-04
6.932598e-04
6.791085e-04
6.636850e-04
6.597929e-04
6.456721e-04
6.368398e-04
6.288674e-04
6.212142e-04
6.152790e-04
5.969972e-04
5.906004e-04
5.766327e-04
5.652678e-04
5.561179e-04
5.446849e-04
5.254664e-04
5.223301e-04
5.143716e-04
5.038769e-04
4.910090e-04
4.781437e-04
4.745222e-04
4.694907e-04
4.459605e-04
4.394945e-04
4.321182e-04
4.283442e-04
4.117563e-04
4.022541e-04
3.878894e-04
3.780561e-04
3.673503e-04
3.650968e-04
3.580014e-04
3.475754e-04
3.394138e-04
3.343090e-04
3.283993e-04
3.207325e-04
3.180248e-04
3.048142e-04
2.852523e-04
2.789223e-04
2.719011e-04
2.635138e-04
2.532774e-04
2.478909e-04
2.375130e-04
2.334724e-04
2.261169e-04
2.174395e-04
2.072481e-04
1.983668e-04
1.871425e-04
1.846656e-04
1.674462e-04
1.638085e-04
1.515989e-04
1.418782e-04
1.322159e-04
1.106924e-04
1.098860e-04
1.052500e-04
9.593103e-05
8.952497e-05
7.738822e-05
7.002516e-05
6.637126e-05
5.686572e-05
3.925371e-05
3.181034e-05
2.345618e-05
1.645464e-05
6.371389e-06
1.878307e-06
7.941258e-14
-2.819266e-14
-7.791435e-14
-1.346180e-05
-1.792149e-05
-3.445577e-05
-4.482824e-05
-4.653378e-05
-6.768282e-05
-7.234861e-05
-8.687723e-05
-1.025828e-04
-1.175653e-04
-1.215623e-04
-1.331404e-04
-1.361620e-04
-1.451853e-04
-1.473583e-04
-1.654974e-04
-1.822393e-04
-1.874564e-04
-1.910703e-04
-2.065031e-04
-2.090741e-04
-2.252785e-04
-2.326109e-04
-2.657049e-04
-2.684045e-04
-2.747890e-04
-2.793279e-04
-2.952514e-04
-3.047663e-04
-3.112482e-04
-3.270599e-04
-3.369457e-04
-3.557938e-04
-3.650967e-04
-3.688727e-04
-3.807102e-04
-3.840299e-04
-3.974303e-04
-4.111161e-04
-4.173004e-04
-4.400734e-04
-4.582392e-04
-4.942390e-04
-4.973708e-04
-5.136405e-04
-5.169448e-04
-5.403433e-04
-5.571384e-04
-5.840478e-04
-5.923920e-04
-6.125697e-04
-6.209192e-04
-6.610635e-04
-6.764861e-04
