1.091918e+10
7.176822e+08
2.582138e+08
1.017215e+08
8.042791e+07
6.310560e+07
5.527416e+07
4.042195e+07
3.040062e+07
2.953199e+07
2.767528e+07
2.334476e+07
1.750375e+07
1.401480e+07
1.292920e+07
1.273125e+07
9.727945e+06
6.975079e+06
5.534174e+06
5.427198e+06
4.766921e+06
3.857990e+06
3.452413e+06
3.300496e+06
2.955022e+06
2.846647e+06
2.513563e+06
2.397009e+06
2.056914e+06
1.877008e+06
1.660417e+06
1.476071e+06
1.373812e+06
1.055191e+06
9.520651e+05
8.479144e+05
6.381219e+05
5.910723e+05
5.074410e+05
4.081728e+05
3.833358e+05
3.296660e+05
2.598275e+05
2.189185e+05
1.926567e+05
1.710883e+05
1.637881e+05
1.462229e+05
1.187424e+05
1.074627e+05
8.444085e+04
5.982001e+04
4.186814e+04
3.814712e+04
3.026194e+04
2.413548e+04
2.170021e+04
1.934745e+04
1.432985e+04
1.212353e+04
1.000804e+04
8.193989e+03
4.890845e+03
4.303936e+03
3.053307e+03
2.386725e+03
1.476364e+03
1.428210e+03
1.204310e+03
8.908990e+02
6.116222e+02
5.505182e+02
3.648137e+02
3.502585e+02
2.655354e+02
1.795558e+02
1.507352e+02
1.282003e+02
8.789899e+01
7.125944e+01
5.819363e+01
3.931876e+01
3.379768e+01
2.383119e+01
2.025317e+01
1.058266e+01
9.148889e+00
7.374351e+00
5.620644e+00
5.431845e+00
3.700963e+00
2.613504e+00
1.946270e+00
1.345950e+00
1.105783e+00
8.275890e-01
5.408465e-01
4.582009e-01
3.832163e-01
2.744637e-01
2.403271e-01
1.756528e-01
1.511365e-01
1.289883e-01
1.063029e-01
8.486710e-02
7.069197e-02
4.730923e-02
4.227193e-02
3.963589e-02
3.424464e-02
3.158027e-02
3.063512e-02
2.453644e-02
1.734654e-02
1.569162e-02
1.179876e-02
9.813043e-03
1.246771e-03
-3.330879e-03
-4.850198e-03
-9.709414e-03
-1.384117e-02
-2.391006e-02
-3.896545e-02
-4.055046e-02
-5.230789e-02
-6.757219e-02
