9.398962e+09
8.277683e+08
1.888565e+08
1.011082e+08
8.469342e+07
6.753338e+07
5.432748e+07
4.518293e+07
3.947226e+07
3.105259e+07
2.796282e+07
2.245125e+07
1.884558e+07
1.781904e+07
1.409021e+07
1.255825e+07
9.439439e+06
7.079056e+06
6.117344e+06
5.075756e+06
4.590165e+06
3.770422e+06
3.031694e+06
3.007662e+06
2.310747e+06
2.228500e+06
2.067468e+06
1.617705e+06
1.545254e+06
1.326147e+06
1.195548e+06
1.082929e+06
9.517503e+05
9.238335e+05
7.680862e+05
7.301981e+05
6.673358e+05
6.141869e+05
5.241979e+05
5.020298e+05
4.297825e+05
4.167910e+05
3.484535e+05
3.122814e+05
2.963919e+05
2.159884e+05
2.027749e+05
1.810594e+05
1.591627e+05
1.228642e+05
1.095759e+05
9.799301e+04
8.364363e+04
7.177797e+04
5.891516e+04
5.107290e+04
5.044486e+04
4.737164e+04
3.277070e+04
3.101763e+04
2.616347e+04
2.536112e+04
2.236734e+04
1.885787e+04
1.058097e+04
9.473433e+03
8.781355e+03
7.981087e+03
7.501211e+03
7.143355e+03
5.717140e+03
4.194781e+03
3.293709e+03
2.956539e+03
2.264792e+03
2.126431e+03
1.200355e+03
9.830187e+02
7.078707e+02
5.558891e+02
4.245209e+02
3.178633e+02
1.839442e+02
1.627854e+02
1.142802e+02
7.552162e+01
6.048250e+01
5.691871e+01
3.780046e+01
2.192242e+01
1.842885e+01
1.379007e+01
9.804866e+00
7.370543e+00
5.999844e+00
4.215689e+00
3.283821e+00
2.663014e+00
1.837151e+00
1.114724e+00
9.670967e-01
6.183027e-01
5.330296e-01
3.470584e-01
2.985410e-01
2.449100e-01
1.966849e-01
1.476083e-01
1.420193e-01
1.108176e-01
9.222645e-02
8.413098e-02
7.189051e-02
5.776225e-02
4.675477e-02
3.463050e-02
2.952912e-02
2.648912e-02
1.378194e-02
7.032452e-03
1.834669e-03
-3.359846e-03
-1.183222e-02
-1.968498e-02
-3.418446e-02
-4.475375e-02
-7.351894e-02
-1.149356e-01
