1.285455e+05
6.566973e+03
3.127766e+03
2.777373e+03
1.994913e+03
1.582824e+03
1.433689e+03
1.099553e+03
9.858665e+02
6.860175e+02
5.917484e+02
4.795789e+02
2.861894e+02
2.581633e+02
2.329840e+02
2.022484e+02
1.750833e+02
1.413555e+02
1.315080e+02
1.074083e+02
1.034054e+02
9.206643e+01
8.847563e+01
7.857122e+01
7.211629e+01
6.767902e+01
6.303280e+01
6.240358e+01
5.390578e+01
4.998768e+01
4.712159e+01
4.157272e+01
3.891236e+01
3.560192e+01
3.321286e+01
3.176380e+01
2.898750e+01
2.738230e+01
2.399695e+01
2.334636e+01
2.200525e+01
2.086093e+01
1.967085e+01
1.792679e+01
1.510637e+01
1.468635e+01
1.415691e+01
1.288825e+01
1.184792e+01
1.148920e+01
1.050564e+01
1.005131e+01
9.892914e+00
8.219620e+00
7.587623e+00
7.499963e+00
7.351288e+00
6.186662e+00
5.736028e+00
5.191792e+00
4.963844e+00
4.798227e+00
4.342421e+00
3.763982e+00
3.590517e+00
3.433904e+00
3.081641e+00
2.972850e+00
2.880437e+00
2.633115e+00
2.565584e+00
2.372523e+00
2.207142e+00
2.054614e+00
1.979804e+00
1.785640e+00
1.584361e+00
1.543950e+00
1.497364e+00
1.369743e+00
1.128438e+00
1.101508e+00
1.001575e+00
9.230078e-01
9.027663e-01
7.784901e-01
7.643812e-01
6.972179e-01
6.842139e-01
6.479436e-01
5.870341e-01
5.734150e-01
5.572373e-01
5.184833e-01
5.088937e-01
4.722162e-01
4.618262e-01
3.967112e-01
3.803104e-01
3.479590e-01
3.177152e-01
3.010087e-01
2.871765e-01
2.640031e-01
2.555625e-01
2.329690e-01
2.198149e-01
2.160308e-01
2.042695e-01
1.981271e-01
1.885640e-01
1.718735e-01
1.585723e-01
1.512372e-01
1.376852e-01
1.241156e-01
1.132005e-01
1.051998e-01
1.006476e-01
8.605953e-02
8.538265e-02
8.066285e-02
7.683389e-02
6.526786e-02
6.365910e-02
6.050585e-02
5.692395e-02
5.183253e-02
5.038644e-02
4.633879e-02
4.462610e-02
4.187265e-02
3.902708e-02
3.327161e-02
2.971217e-02
2.820900e-02
2.611310e-02
2.393775e-02
2.222301e-02
1.963745e-02
1.831394e-02
1.765720e-02
1.510924e-02
1.442666e-02
1.314448e-02
1.271180e-02
1.184006e-02
1.159271e-02
1.106592e-02
1.031775e-02
9.812215e-03
9.007838e-03
7.829278e-03
6.737732e-03
6.543805e-03
6.104342e-03
5.836808e-03
5.530623e-03
5.204762e-03
4.867359e-03
4.798240e-03
4.406110e-03
4.033345e-03
3.821244e-03
3.655831e-03
3.267203e-03
3.170111e-03
3.011953e-03
2.839613e-03
2.651654e-03
2.327634e-03
2.168131e-03
2.037046e-03
1.840903e-03
1.741552e-03
1.719088e-03
1.658902e-03
1.590150e-03
1.566311e-03
1.490849e-03
1.417244e-03
1.382292e-03
1.357428e-03
1.335795e-03
1.317678e-03
1.304271e-03
1.282078e-03
1.265655e-03
1.254094e-03
1.232449e-03
1.227409e-03
1.216231e-03
1.186558e-03
1.169947e-03
1.156812e-03
1.129544e-03
1.116059e-03
1.097119e-03
1.080142e-03
1.072484e-03
1.058758e-03
1.053298e-03
1.030932e-03
1.023635e-03
1.004359e-03
9.988609e-04
9.713825e-04
9.619645e-04
9.516883e-04
9.458428e-04
9.391543e-04
9.262084e-04
9.116933e-04
8.962607e-04
8.834192e-04
8.735658e-04
8.541008e-04
8.438656e-04
8.319952e-04
8.315237e-04
8.212327e-04
8.119629e-04
7.952907e-04
7.939757e-04
7.695113e-04
7.579192e-04
7.379346e-04
7.363962e-04
7.202235e-04
7.068526e-04
6.949703e-04
6.823008e-04
6.760695e-04
6.645506e-04
6.557043e-04
6.532937e-04
6.341501e-04
6.298973e-04
6.269483e-04
6.218031e-04
6.136559e-04
6.037522e-04
5.958703e-04
5.820763e-04
5.674311e-04
5.493351e-04
5.473524e-04
5.391925e-04
5.287713e-04
5.203545e-04
5.045846e-04
4.927614e-04
4.893552e-04
4.790527e-04
4.767387e-04
4.708957e-04
4.563164e-04
4.359677e-04
4.267637e-04
4.173824e-04
4.096660e-04
3.920448e-04
3.808203e-04
3.769811e-04
3.653503e-04
3.625374e-04
3.527319e-04
3.388350e-04
3.301227e-04
3.178521e-04
3.124296e-04
3.057459e-04
2.923875e-04
2.824836e-04
2.801340e-04
2.582892e-04
2.567291e-04
2.513155e-04
2.426913e-04
2.224054e-04
2.167106e-04
2.090890e-04
1.973676e-04
1.920168e-04
1.903964e-04
1.845071e-04
1.697969e-04
1.626496e-04
1.554702e-04
1.414882e-04
1.305344e-04
1.292531e-04
1.259984e-04
1.092912e-04
9.433096e-05
7.694943e-05
7.355487e-05
6.292749e-05
5.533111e-05
4.307186e-05
3.884467e-05
2.989798e-05
2.488501e-05
1.951778e-05
8.168085e-06
8.773966e-07
-5.670428e-06
-2.111541e-05
-2.924246e-05
-3.711603e-05
-5.004471e-05
-5.388567e-05
-7.039462e-05
-7.722162e-05
-8.595896e-05
-1.004572e-04
-1.045664e-04
-1.135695e-04
-1.221140e-04
-1.345832e-04
-1.485721e-04
-1.552017e-04
-1.603661e-04
-1.714671e-04
-1.847957e-04
-1.925578e-04
-1.985323e-04
-2.067321e-04
-2.158185e-04
-2.313879e-04
-2.434449e-04
-2.453974e-04
-2.611128e-04
-2.661705e-04
-2.735207e-04
-2.808198e-04
-2.845682e-04
-3.027052e-04
-3.145415e-04
-3.246144e-04
-3.357826e-04
-3.364785e-04
-3.580188e-04
-3.668974e-04
-3.759317e-04
-3.974488e-04
-4.036057e-04
-4.122262e-04
-4.244590e-04
-4.291983e-04
-4.453247e-04
-4.551605e-04
-4.558525e-04
-4.745286e-04
-4.868129e-04
-5.055422e-04
-5.092071e-04
-5.330012e-04
-5.403792e-04
-5.475788e-04
-5.512781e-04
-5.624156e-04
-5.703387e-04
-5.946864e-04
-6.138445e-04
-6.190588e-04
-6.481170e-04
-6.604082e-04
-6.803522e-04
-6.868959e-04
-6.942765e-04
-7.091320e-04
-7.215746e-04
-7.315479e-04
-7.663124e-04
-7.964806e-04
-8.221115e-04
-8.242491e-04
-8.502967e-04
-8.550419e-04
-8.734523e-04
-9.211854e-04
-9.543744e-04
-9.968077e-04
