2.294204e+12
1.911235e+12
1.813930e+12
1.551479e+12
1.407969e+12
1.203629e+12
1.188659e+12
1.132459e+12
1.021417e+12
1.005107e+12
9.559240e+11
8.443517e+11
8.190689e+11
7.963251e+11
7.629469e+11
7.381484e+11
6.811977e+11
6.596008e+11
6.347673e+11
5.975011e+11
5.777039e+11
5.582177e+11
5.172452e+11
5.041475e+11
4.923412e+11
4.754997e+11
4.625980e+11
4.418668e+11
4.117638e+11
4.071596e+11
3.829855e+11
3.810542e+11
3.648613e+11
3.614138e+11
3.450942e+11
3.243593e+11
3.170896e+11
3.091886e+11
3.011087e+11
2.941357e+11
2.781180e+11
2.719414e+11
2.668732e+11
2.584992e+11
2.506901e+11
2.416973e+11
2.309335e+11
2.244629e+11
2.143154e+11
2.109702e+11
2.085525e+11
1.982450e+11
1.880859e+11
1.850034e+11
1.802120e+11
1.747257e+11
1.735193e+11
1.706192e+11
1.677622e+11
1.637635e+11
1.621654e+11
1.549626e+11
1.486996e+11
1.473202e+11
1.436120e+11
1.386024e+11
1.357649e+11
1.290259e+11
1.271456e+11
1.255788e+11
1.230761e+11
1.211206e+11
1.166232e+11
1.142886e+11
1.133152e+11
1.114701e+11
1.096678e+11
1.072753e+11
1.058416e+11
1.025021e+11
1.004927e+11
9.888478e+10
9.745610e+10
9.468970e+10
9.080979e+10
8.973432e+10
8.921569e+10
8.626412e+10
8.585125e+10
8.373776e+10
8.220402e+10
8.070921e+10
7.831108e+10
7.712244e+10
7.482550e+10
7.462998e+10
7.455058e+10
7.129767e+10
7.065452e+10
6.937866e+10
6.864025e+10
6.706895e+10
6.476934e+10
6.311567e+10
6.200975e+10
6.152924e+10
6.115911e+10
5.899794e+10
5.779832e+10
5.657081e+10
5.471882e+10
5.419018e+10
5.347940e+10
5.312328e+10
5.248415e+10
5.057232e+10
4.969600e+10
4.829726e+10
4.741116e+10
4.324749e+10
4.256183e+10
3.829676e+10
2.489752e+10
2.015751e+10
1.963191e+10
1.359716e+10
8.207229e+09
1.130394e+09
