2.562990e+05
8.282198e+04
2.399961e+04
4.093634e+03
7.291250e+02
1.150540e+02
3.145713e+01
1.396089e+01
3.312684e+00
5.678197e-01
1.252287e-01
1.149098e-01
6.357972e-02
4.680195e-02
3.903637e-02
3.431410e-02
2.980352e-02
2.480094e-02
2.375857e-02
2.229000e-02
2.189432e-02
2.066156e-02
1.987380e-02
1.905053e-02
1.882541e-02
1.829394e-02
1.789481e-02
1.743657e-02
1.689403e-02
1.601161e-02
1.551875e-02
1.538774e-02
1.514826e-02
1.476538e-02
1.450127e-02
1.408371e-02
1.387165e-02
1.365210e-02
1.274685e-02
1.229619e-02
1.180600e-02
1.169744e-02
1.151875e-02
1.093300e-02
1.061333e-02
1.057770e-02
1.010856e-02
1.009696e-02
9.632801e-03
9.263906e-03
9.052161e-03
8.754327e-03
8.653650e-03
8.530099e-03
8.209147e-03
8.012915e-03
7.743283e-03
7.449075e-03
7.151010e-03
6.991077e-03
6.910799e-03
6.810407e-03
6.653626e-03
6.356794e-03
6.303294e-03
6.056271e-03
5.771814e-03
5.659090e-03
5.419136e-03
5.225644e-03
5.169586e-03
4.887917e-03
4.616982e-03
4.465885e-03
4.445763e-03
4.239802e-03
4.187864e-03
3.938160e-03
3.858633e-03
3.761063e-03
3.696129e-03
3.531191e-03
3.369945e-03
3.224105e-03
3.108172e-03
2.957411e-03
2.929512e-03
2.776363e-03
2.673892e-03
2.314422e-03
2.271682e-03
2.192995e-03
2.017328e-03
1.763435e-03
1.660562e-03
1.497956e-03
1.272939e-03
1.143038e-03
9.678122e-04
7.210330e-04
5.952582e-04
2.246566e-04
1.075958e-05
-4.007619e-04
-5.521880e-04
-1.052375e-03
-1.583327e-03
-2.499438e-03
-3.521895e-03
-4.048075e-03
-5.434290e-03
-7.113748e-03
-8.773337e-03
-9.212584e-03
-1.114235e-02
-1.186707e-02
-1.333954e-02
-1.529968e-02
-1.583300e-02
-1.839572e-02
-2.269650e-02
-2.706994e-02
-3.149096e-02
-3.261183e-02
-3.824093e-02
-7.887734e-02
-8.693101e-02
-1.059339e-01
