1.599483e+10
1.120370e+09
2.644034e+08
1.459222e+08
1.296722e+08
1.021675e+08
6.540830e+07
6.118328e+07
5.274750e+07
3.597560e+07
3.038606e+07
2.855689e+07
2.545216e+07
2.068751e+07
1.723993e+07
1.556015e+07
1.152835e+07
9.922164e+06
9.438156e+06
8.359836e+06
7.784350e+06
6.717360e+06
6.346524e+06
5.040212e+06
4.727263e+06
4.083773e+06
3.946862e+06
3.367100e+06
2.903152e+06
2.624098e+06
2.077712e+06
1.774175e+06
1.747692e+06
1.536047e+06
1.470303e+06
1.319583e+06
1.125106e+06
1.025789e+06
9.551170e+05
8.876351e+05
7.701249e+05
7.085693e+05
5.557883e+05
5.054065e+05
5.031795e+05
4.116830e+05
3.686811e+05
3.574515e+05
3.171230e+05
2.890170e+05
2.671940e+05
2.270610e+05
2.168453e+05
1.924379e+05
1.714639e+05
1.611891e+05
1.538099e+05
1.327595e+05
1.256922e+05
1.072804e+05
1.001389e+05
8.923706e+04
7.313671e+04
7.013749e+04
5.818445e+04
5.096162e+04
4.418544e+04
3.804955e+04
3.139652e+04
2.374145e+04
2.136139e+04
1.498682e+04
1.076734e+04
8.175994e+03
6.706702e+03
5.373469e+03
5.075168e+03
4.019934e+03
2.343435e+03
2.170051e+03
1.569604e+03
1.346846e+03
9.374719e+02
5.661497e+02
5.212082e+02
3.275918e+02
2.754817e+02
1.916906e+02
1.050548e+02
7.963414e+01
5.616347e+01
3.890398e+01
3.694741e+01
1.591483e+01
1.046381e+01
5.484985e+00
4.542309e+00
2.776102e+00
1.976508e+00
1.541212e+00
1.060779e+00
8.470392e-01
5.277566e-01
4.238349e-01
3.647349e-01
3.345758e-01
3.177296e-01
2.361352e-01
2.043192e-01
1.956241e-01
1.709479e-01
1.318893e-01
1.287150e-01
1.176734e-01
1.083606e-01
7.785363e-02
5.645327e-02
3.929452e-02
1.891687e-02
2.516995e-03
-1.822727e-02
-4.192922e-02
-5.394231e-02
-6.487957e-02
-8.493678e-02
-1.453642e-01
-2.452575e-01
-2.944449e-01
