1.313431e+08
1.879237e+07
2.044077e+06
9.509217e+05
7.324892e+05
3.652232e+05
3.343251e+05
1.117161e+05
2.300809e+04
1.798523e+04
6.488356e+03
1.241808e+03
5.146167e+02
2.924561e+02
9.155833e+01
6.186074e+01
5.002875e+01
4.112950e+01
3.767404e+01
2.646167e+01
2.396211e+01
2.152052e+01
1.944827e+01
1.747885e+01
1.554612e+01
1.512270e+01
1.394942e+01
1.252808e+01
1.206255e+01
1.167013e+01
1.014059e+01
9.873777e+00
9.457523e+00
8.238983e+00
8.094763e+00
7.486617e+00
6.918946e+00
6.668540e+00
6.298765e+00
5.891933e+00
5.568207e+00
4.917953e+00
4.784420e+00
4.656041e+00
4.416441e+00
4.027594e+00
3.632759e+00
3.512319e+00
3.357194e+00
3.030654e+00
2.761467e+00
2.638717e+00
2.296618e+00
2.234435e+00
1.893501e+00
1.730244e+00
1.615968e+00
1.281140e+00
1.073296e+00
1.041513e+00
9.092250e-01
6.564898e-01
6.019482e-01
5.295970e-01
3.883412e-01
3.182166e-01
2.820010e-01
2.094056e-01
1.434800e-01
1.370836e-01
7.755630e-02
7.160161e-02
6.366989e-02
4.386310e-02
1.258021e-02
2.156663e-09
1.475863e-10
-5.651487e-12
-9.705414e-11
-8.918459e-10
-2.890827e-02
-4.312387e-02
-8.923449e-02
-1.168011e-01
-2.463302e-01
-2.959815e-01
-3.295496e-01
-3.801596e-01
-4.142107e-01
-4.652302e-01
-5.788355e-01
-6.085236e-01
-7.336720e-01
-8.273458e-01
-1.109753e+00
-1.294871e+00
-1.380710e+00
-1.532574e+00
-1.605733e+00
-1.786712e+00
-1.885255e+00
-2.174448e+00
-2.463105e+00
-2.801730e+00
-3.323677e+00
-3.379443e+00
-3.617857e+00
-4.171765e+00
-4.301060e+00
-4.519219e+00
-4.905844e+00
-5.207394e+00
-5.723135e+00
-6.765184e+00
-8.141638e+00
-8.330840e+00
-9.919682e+00
-1.070533e+01
-1.313550e+01
-1.436804e+01
-1.683953e+01
-1.800141e+01
-2.531466e+01
-2.666511e+01
-3.547590e+01
-3.854957e+01
-4.967234e+01
-7.505260e+01
