2.153155e+05
2.506937e+04
4.234275e+03
1.495105e+03
2.328349e+02
2.486943e+01
9.336286e+00
6.471035e+00
1.439482e+00
2.200916e-01
6.148998e-02
5.064433e-02
3.731339e-02
3.255287e-02
2.814801e-02
2.558268e-02
2.452508e-02
2.257153e-02
2.026924e-02
1.879340e-02
1.756176e-02
1.665430e-02
1.595112e-02
1.488951e-02
1.330988e-02
1.248631e-02
1.228786e-02
1.160777e-02
1.128304e-02
1.114542e-02
1.066818e-02
1.031620e-02
9.865002e-03
9.586883e-03
9.508631e-03
9.164197e-03
8.527718e-03
8.201531e-03
8.112584e-03
7.816895e-03
7.676322e-03
7.328884e-03
7.179766e-03
6.802607e-03
6.372004e-03
6.215082e-03
5.836402e-03
5.704067e-03
5.568667e-03
5.151873e-03
4.842686e-03
4.651022e-03
4.586644e-03
4.490399e-03
4.240603e-03
4.100149e-03
3.938337e-03
3.750826e-03
3.468837e-03
3.415674e-03
3.353510e-03
2.993149e-03
2.882418e-03
2.721043e-03
2.646915e-03
2.496521e-03
2.363611e-03
2.111543e-03
1.909987e-03
1.843757e-03
1.602811e-03
1.580764e-03
1.422303e-03
1.323713e-03
1.258040e-03
1.199457e-03
1.113427e-03
9.809893e-04
8.961389e-04
8.395089e-04
7.348264e-04
6.852043e-04
6.012580e-04
5.750763e-04
4.496567e-04
4.410193e-04
3.446443e-04
-2.667056e-05
-1.105166e-04
-3.510373e-04
-4.515380e-04
-4.930454e-04
-6.146798e-04
-1.156871e-03
-1.210769e-03
-1.373911e-03
-1.474782e-03
-1.765557e-03
-2.096618e-03
-2.319359e-03
-2.581456e-03
-3.260435e-03
-3.398431e-03
-4.050646e-03
-4.297175e-03
-4.616657e-03
-5.178626e-03
-5.875548e-03
-6.631595e-03
-7.203522e-03
-8.364676e-03
-8.510191e-03
-9.803765e-03
-1.058590e-02
-1.192155e-02
-1.451575e-02
-1.658527e-02
-1.917822e-02
-1.997195e-02
-2.302256e-02
-2.490186e-02
-2.876323e-02
-3.522764e-02
-3.677671e-02
-4.274579e-02
-4.438974e-02
-6.118022e-02
-8.489956e-02
