8.867628e+04
3.692966e+03
2.328302e+03
1.858483e+03
1.066367e+03
7.552466e+02
5.264849e+02
3.866159e+02
3.256877e+02
2.503718e+02
2.343826e+02
2.091451e+02
1.719192e+02
1.653403e+02
1.491238e+02
1.374943e+02
1.307341e+02
1.197615e+02
1.129268e+02
1.039473e+02
9.849245e+01
9.449799e+01
9.033503e+01
8.049879e+01
7.528467e+01
7.411649e+01
6.512812e+01
6.078535e+01
5.921369e+01
5.455231e+01
5.122229e+01
4.931296e+01
4.518697e+01
4.273915e+01
4.179884e+01
3.726569e+01
3.695654e+01
3.512558e+01
3.321248e+01
2.959245e+01
2.752364e+01
2.658959e+01
2.366453e+01
2.153387e+01
2.046252e+01
1.942554e+01
1.832505e+01
1.758524e+01
1.573623e+01
1.499130e+01
1.369658e+01
1.343326e+01
1.200752e+01
1.163418e+01
1.105541e+01
9.573805e+00
9.148858e+00
8.583421e+00
8.083525e+00
7.792860e+00
6.955791e+00
6.513213e+00
6.025691e+00
5.645968e+00
5.180282e+00
4.824625e+00
4.537100e+00
4.397426e+00
4.014105e+00
3.389980e+00
2.984361e+00
2.831465e+00
2.642924e+00
2.257030e+00
2.166175e+00
2.107165e+00
1.926326e+00
1.835351e+00
1.692426e+00
1.620332e+00
1.534553e+00
1.404222e+00
1.279240e+00
1.272743e+00
1.161485e+00
1.095917e+00
1.081178e+00
1.035591e+00
9.791319e-01
9.281752e-01
9.128728e-01
8.499525e-01
7.641069e-01
6.831753e-01
6.510749e-01
6.090895e-01
5.758688e-01
5.493064e-01
5.136361e-01
5.006685e-01
4.455588e-01
4.296207e-01
4.183950e-01
3.635857e-01
3.553123e-01
3.361593e-01
3.048854e-01
2.899510e-01
2.741293e-01
2.712823e-01
2.424648e-01
2.290396e-01
2.205180e-01
2.015706e-01
1.841085e-01
1.797294e-01
1.748955e-01
1.660831e-01
1.488018e-01
1.439090e-01
1.383876e-01
1.267428e-01
1.212829e-01
1.104527e-01
9.905004e-02
9.190031e-02
8.337728e-02
8.013665e-02
7.497920e-02
7.272431e-02
6.906912e-02
6.605189e-02
6.357632e-02
5.781551e-02
5.578570e-02
5.373565e-02
5.283929e-02
4.975051e-02
4.431986e-02
4.284917e-02
4.049060e-02
3.882444e-02
3.690043e-02
3.385195e-02
3.272652e-02
3.153995e-02
3.057795e-02
2.860904e-02
2.500329e-02
2.403046e-02
2.260653e-02
2.099797e-02
2.034922e-02
1.931327e-02
1.678124e-02
1.576334e-02
1.472327e-02
1.415803e-02
1.345686e-02
1.326625e-02
1.293775e-02
1.193617e-02
1.118433e-02
1.048846e-02
9.675939e-03
9.336651e-03
9.098272e-03
8.629213e-03
7.922729e-03
7.552058e-03
7.176485e-03
6.817292e-03
6.577895e-03
6.157452e-03
5.832385e-03
5.503413e-03
4.981193e-03
4.820460e-03
4.618816e-03
4.571243e-03
4.321726e-03
4.306058e-03
4.127590e-03
3.663722e-03
3.563703e-03
3.380165e-03
3.101586e-03
2.940916e-03
2.762388e-03
2.676078e-03
2.512510e-03
2.256106e-03
2.194564e-03
2.136922e-03
2.046078e-03
1.911873e-03
1.871684e-03
1.770722e-03
1.725607e-03
1.638806e-03
1.610698e-03
1.587857e-03
1.493856e-03
1.425777e-03
1.415411e-03
1.373829e-03
1.357874e-03
1.298882e-03
1.256005e-03
1.239533e-03
1.222322e-03
1.205868e-03
1.175544e-03
1.152984e-03
1.143414e-03
1.129569e-03
1.106464e-03
1.104639e-03
1.103382e-03
1.083965e-03
1.050336e-03
1.036810e-03
1.024519e-03
1.008882e-03
1.003786e-03
9.878098e-04
9.787610e-04
9.546741e-04
9.538276e-04
9.397214e-04
9.317478e-04
9.301435e-04
9.084353e-04
8.901352e-04
8.839161e-04
8.676820e-04
8.592625e-04
8.571730e-04
8.334776e-04
8.287416e-04
8.161794e-04
7.925204e-04
7.858297e-04
7.730872e-04
7.562261e-04
7.469329e-04
7.366728e-04
7.251537e-04
7.143792e-04
7.090897e-04
7.010375e-04
6.769210e-04
6.735048e-04
6.592734e-04
6.549259e-04
6.518253e-04
6.403516e-04
6.181219e-04
6.103641e-04
6.038260e-04
6.019354e-04
5.927575e-04
5.856209e-04
5.729927e-04
5.507084e-04
5.437357e-04
5.318942e-04
5.255940e-04
5.232695e-04
5.117833e-04
4.927976e-04
4.886494e-04
4.862000e-04
4.735787e-04
4.587123e-04
4.508967e-04
4.425206e-04
4.406458e-04
4.260966e-04
4.055442e-04
4.007076e-04
3.967506e-04
3.851563e-04
3.787235e-04
3.628317e-04
3.525814e-04
3.460958e-04
3.327196e-04
3.259293e-04
3.194139e-04
3.132330e-04
3.082496e-04
2.983103e-04
2.959319e-04
2.841852e-04
2.740262e-04
2.681287e-04
2.649951e-04
2.549043e-04
2.437107e-04
2.328023e-04
2.185800e-04
2.153058e-04
2.074638e-04
1.914791e-04
1.860549e-04
1.748052e-04
1.641179e-04
1.536847e-04
1.420152e-04
1.314185e-04
1.270592e-04
1.247467e-04
9.814741e-05
9.698840e-05
9.191442e-05
7.734860e-05
7.416657e-05
6.760417e-05
5.486845e-05
4.452041e-05
3.687558e-05
2.762943e-05
2.319549e-05
1.980688e-05
1.491994e-05
2.229696e-06
3.996639e-14
-6.142213e-14
-1.510628e-13
-1.064326e-05
-1.587575e-05
-2.677123e-05
-3.579457e-05
-4.321447e-05
-4.953431e-05
-5.978736e-05
-8.028731e-05
-9.499165e-05
-1.070173e-04
-1.106653e-04
-1.209234e-04
-1.378158e-04
-1.553207e-04
-1.588130e-04
-1.620200e-04
-1.701101e-04
-1.752906e-04
-1.903543e-04
-1.998303e-04
-2.132475e-04
-2.204784e-04
-2.249408e-04
-2.387905e-04
-2.493786e-04
-2.621856e-04
-2.754365e-04
-2.791821e-04
-2.961427e-04
-3.132884e-04
-3.175739e-04
-3.247109e-04
-3.373000e-04
-3.546305e-04
-3.600678e-04
-3.662223e-04
-3.820204e-04
-3.902044e-04
-4.101226e-04
-4.176323e-04
-4.283631e-04
-4.464154e-04
-4.636630e-04
-4.792407e-04
-4.932781e-04
-4.973965e-04
-5.114479e-04
-5.296414e-04
-5.366442e-04
-5.622630e-04
-5.863544e-04
-6.022297e-04
-6.334179e-04
-6.843396e-04
