5.896796e+04
1.276789e+04
6.263813e+03
1.899558e+03
1.410335e+03
1.024680e+03
8.296865e+02
4.279641e+02
3.245185e+02
2.966530e+02
2.502776e+02
2.376183e+02
1.970932e+02
1.511225e+02
1.450192e+02
1.320072e+02
1.073263e+02
7.949645e+01
7.742030e+01
6.422829e+01
5.747970e+01
5.299821e+01
4.812280e+01
4.325063e+01
3.238253e+01
2.654364e+01
1.862386e+01
1.577763e+01
1.495000e+01
1.326830e+01
1.240728e+01
1.148592e+01
1.014114e+01
8.384420e+00
8.188564e+00
6.746586e+00
5.806130e+00
5.170037e+00
4.665274e+00
4.377524e+00
3.874492e+00
3.487534e+00
2.668626e+00
2.243240e+00
1.638134e+00
1.627219e+00
1.125420e+00
1.002299e+00
9.239559e-01
7.471636e-01
7.309008e-01
6.170040e-01
4.994284e-01
3.684180e-01
2.864326e-01
2.547301e-01
2.241153e-01
1.412660e-01
1.272916e-01
1.042544e-01
8.999068e-02
7.134372e-02
6.071554e-02
5.122302e-02
4.274289e-02
3.046794e-02
2.893833e-02
2.599886e-02
2.459979e-02
1.741848e-02
1.462374e-02
1.212125e-02
1.126904e-02
9.438700e-03
8.294421e-03
5.914894e-03
5.206881e-03
4.867211e-03
4.346292e-03
3.273619e-03
2.818041e-03
2.399298e-03
1.662308e-03
1.597193e-03
1.314494e-03
1.083397e-03
1.040076e-03
9.665734e-04
9.577525e-04
9.089341e-04
8.329198e-04
7.936005e-04
7.758466e-04
6.968746e-04
6.633176e-04
6.410627e-04
6.163093e-04
5.928589e-04
5.821059e-04
5.765671e-04
5.597402e-04
5.511044e-04
5.385178e-04
5.332087e-04
5.209460e-04
5.088318e-04
4.987264e-04
4.894010e-04
4.839219e-04
4.772074e-04
4.719082e-04
4.644432e-04
4.511492e-04
4.495384e-04
4.386378e-04
4.331737e-04
4.285226e-04
4.191823e-04
4.173676e-04
4.132389e-04
4.103391e-04
4.046381e-04
3.907255e-04
3.874427e-04
3.854824e-04
3.829134e-04
3.802293e-04
3.737583e-04
3.713490e-04
3.648951e-04
3.621849e-04
3.580110e-04
3.544712e-04
3.541194e-04
3.517289e-04
3.447150e-04
3.366437e-04
3.331285e-04
3.320696e-04
3.249472e-04
3.223513e-04
3.202057e-04
3.136465e-04
3.121623e-04
3.080424e-04
3.054003e-04
2.999250e-04
2.968764e-04
2.953203e-04
2.941511e-04
2.905454e-04
2.877181e-04
2.810122e-04
2.768331e-04
2.720831e-04
2.696629e-04
2.678896e-04
2.668374e-04
2.654593e-04
2.625339e-04
2.569498e-04
2.524224e-04
2.509914e-04
2.473641e-04
2.431389e-04
2.424120e-04
2.354895e-04
2.341414e-04
2.321088e-04
2.285415e-04
2.259748e-04
2.242491e-04
2.224956e-04
2.174189e-04
2.126097e-04
2.116527e-04
2.098967e-04
2.088637e-04
2.039148e-04
2.018090e-04
1.962386e-04
1.914200e-04
1.884779e-04
1.881180e-04
1.854384e-04
1.806741e-04
1.791660e-04
1.772135e-04
1.728494e-04
1.719953e-04
1.665442e-04
1.647853e-04
1.630309e-04
1.611117e-04
1.605596e-04
1.576398e-04
1.557247e-04
1.514912e-04
1.512482e-04
1.467897e-04
1.428570e-04
1.386148e-04
1.369407e-04
1.363347e-04
1.344196e-04
1.310529e-04
1.300072e-04
1.265342e-04
1.246389e-04
1.194901e-04
1.156954e-04
1.140027e-04
1.120451e-04
1.101803e-04
1.072463e-04
1.062051e-04
1.018778e-04
1.009082e-04
1.003828e-04
9.908211e-05
9.605132e-05
9.389528e-05
9.267142e-05
8.965122e-05
8.674533e-05
8.526517e-05
8.302100e-05
7.862820e-05
7.624931e-05
7.322818e-05
7.191872e-05
6.857359e-05
6.656861e-05
6.258993e-05
5.921653e-05
5.789261e-05
5.612126e-05
5.343903e-05
5.129597e-05
4.914156e-05
4.670108e-05
4.395174e-05
4.223891e-05
4.078829e-05
3.778757e-05
3.638204e-05
3.298838e-05
2.930997e-05
2.772514e-05
2.385512e-05
1.977876e-05
1.910165e-05
1.678639e-05
1.110067e-05
1.008962e-05
9.895490e-06
7.587938e-06
3.833178e-06
2.466710e-06
3.669924e-14
2.266896e-14
-9.274693e-15
-8.551964e-14
-9.242675e-14
-1.373669e-07
-4.016185e-06
-5.350140e-06
-6.738540e-06
-9.982389e-06
-1.273508e-05
-1.613042e-05
-1.782217e-05
-1.932158e-05
-2.043385e-05
-2.407286e-05
-2.504941e-05
-2.969620e-05
-3.092252e-05
-3.328197e-05
-3.514564e-05
-4.051049e-05
-4.274243e-05
-4.575674e-05
-4.645819e-05
-4.819012e-05
-5.293474e-05
-5.341710e-05
-5.723228e-05
-5.889783e-05
-6.216703e-05
-6.519524e-05
-6.678293e-05
-6.799486e-05
-7.539627e-05
-7.615859e-05
-7.691490e-05
-7.849361e-05
-8.221272e-05
-8.429954e-05
-8.538050e-05
-8.856781e-05
-9.046332e-05
-9.314101e-05
-9.674604e-05
-9.946599e-05
-1.024868e-04
-1.044531e-04
-1.095361e-04
-1.106444e-04
-1.142266e-04
-1.163853e-04
-1.180583e-04
-1.196359e-04
-1.253351e-04
-1.286410e-04
-1.294078e-04
-1.313680e-04
-1.326008e-04
-1.371628e-04
-1.382790e-04
-1.401328e-04
-1.432297e-04
-1.460118e-04
-1.501077e-04
-1.529408e-04
-1.558571e-04
-1.581464e-04
-1.600420e-04
-1.657560e-04
-1.718074e-04
-1.766894e-04
-1.777376e-04
-1.786522e-04
-1.817934e-04
-1.838409e-04
-1.891858e-04
-1.934035e-04
-1.960100e-04
-1.987070e-04
-2.000148e-04
-2.063272e-04
-2.088239e-04
-2.111907e-04
-2.157273e-04
-2.209565e-04
-2.235394e-04
-2.276888e-04
-2.291320e-04
-2.373481e-04
-2.430958e-04
-2.480212e-04
-2.510510e-04
-2.518222e-04
-2.567551e-04
-2.672688e-04
-2.686121e-04
-2.728745e-04
-2.758390e-04
-2.776865e-04
-2.810643e-04
-2.820698e-04
-2.936644e-04
-2.959929e-04
-2.978004e-04
-3.060301e-04
-3.085676e-04
-3.174954e-04
-3.230221e-04
-3.326388e-04
-3.378244e-04
-3.440464e-04
-3.512772e-04
-3.576474e-04
-3.742847e-04
-3.828593e-04
-3.959903e-04
-4.154333e-04
-4.812712e-04
-4.932388e-04
-5.227340e-04
-6.840071e-04
-7.965239e-04
-9.657593e-04
-1.147654e-03
