8.890990e+04
3.819093e+03
2.706433e+03
1.673084e+03
1.098058e+03
8.181409e+02
4.988444e+02
4.365306e+02
3.212694e+02
2.677460e+02
2.354959e+02
1.999765e+02
1.878645e+02
1.742690e+02
1.640602e+02
1.571549e+02
1.373549e+02
1.248720e+02
1.212509e+02
1.148787e+02
1.074849e+02
1.045982e+02
8.606225e+01
8.230933e+01
7.748031e+01
7.102686e+01
6.835839e+01
6.512417e+01
5.882186e+01
5.777328e+01
5.392489e+01
5.003400e+01
4.554699e+01
4.149548e+01
3.885915e+01
3.517269e+01
3.424642e+01
3.354333e+01
3.092817e+01
2.867823e+01
2.763621e+01
2.589634e+01
2.375476e+01
2.265114e+01
2.071787e+01
2.019601e+01
1.821400e+01
1.611386e+01
1.565292e+01
1.408330e+01
1.375698e+01
1.310125e+01
1.232643e+01
1.202721e+01
1.165938e+01
1.001523e+01
9.116527e+00
8.892815e+00
7.832645e+00
7.533119e+00
7.031929e+00
6.876184e+00
6.225143e+00
5.730091e+00
5.242880e+00
4.753745e+00
4.676341e+00
4.297780e+00
4.027366e+00
3.821562e+00
3.216900e+00
2.995567e+00
2.767022e+00
2.431691e+00
2.405531e+00
2.119372e+00
2.073058e+00
1.845143e+00
1.792751e+00
1.669896e+00
1.487140e+00
1.427502e+00
1.341402e+00
1.309905e+00
1.288849e+00
1.215317e+00
1.152573e+00
1.089397e+00
1.033478e+00
9.996438e-01
9.602335e-01
8.954030e-01
8.168942e-01
7.746207e-01
7.570879e-01
7.111539e-01
6.771379e-01
6.153703e-01
6.001006e-01
5.494405e-01
5.355045e-01
4.798971e-01
4.351886e-01
4.248904e-01
3.991596e-01
3.644485e-01
3.286696e-01
3.276941e-01
3.150485e-01
2.966217e-01
2.850288e-01
2.556744e-01
2.418435e-01
2.278847e-01
2.196080e-01
2.159204e-01
2.031153e-01
1.898017e-01
1.749565e-01
1.554992e-01
1.511569e-01
1.402285e-01
1.319084e-01
1.266707e-01
1.243850e-01
1.175325e-01
1.081522e-01
9.888121e-02
9.690721e-02
8.673372e-02
8.437483e-02
7.496627e-02
7.007327e-02
6.909445e-02
6.036298e-02
5.911815e-02
5.548425e-02
5.232566e-02
4.767780e-02
4.397598e-02
4.276256e-02
3.748468e-02
3.622635e-02
3.456540e-02
3.139694e-02
3.073185e-02
2.764448e-02
2.753128e-02
2.513615e-02
2.416032e-02
2.351673e-02
2.290895e-02
2.080537e-02
1.965235e-02
1.946561e-02
1.614889e-02
1.495509e-02
1.442121e-02
1.366397e-02
1.346614e-02
1.328014e-02
1.262890e-02
1.190438e-02
1.154754e-02
1.099198e-02
1.028417e-02
9.556437e-03
8.438334e-03
8.162137e-03
6.883152e-03
6.698995e-03
6.458822e-03
6.337454e-03
5.931644e-03
5.479206e-03
5.230049e-03
4.967539e-03
4.832086e-03
4.322050e-03
4.278212e-03
4.049945e-03
3.902552e-03
3.625453e-03
3.372927e-03
3.278094e-03
3.191802e-03
3.013319e-03
2.870850e-03
2.752829e-03
2.655999e-03
2.576564e-03
2.452274e-03
2.343861e-03
2.267075e-03
2.124032e-03
1.902125e-03
1.846570e-03
1.755850e-03
1.714130e-03
1.668533e-03
1.602556e-03
1.578835e-03
1.535718e-03
1.490213e-03
1.461593e-03
1.414579e-03
1.398477e-03
1.358181e-03
1.343772e-03
1.301452e-03
1.261279e-03
1.252015e-03
1.241216e-03
1.210773e-03
1.201067e-03
1.181606e-03
1.174001e-03
1.136529e-03
1.127246e-03
1.107907e-03
1.098545e-03
1.091987e-03
1.063740e-03
1.051566e-03
1.026311e-03
1.022208e-03
1.012668e-03
9.910141e-04
9.619654e-04
9.597438e-04
9.440757e-04
9.349513e-04
9.203428e-04
9.059127e-04
9.021691e-04
8.784771e-04
8.654695e-04
8.608625e-04
8.553767e-04
8.479067e-04
8.286006e-04
8.081354e-04
8.060627e-04
7.977794e-04
7.824952e-04
7.724381e-04
7.573838e-04
7.520759e-04
7.373469e-04
7.311451e-04
7.092838e-04
7.075072e-04
6.951386e-04
6.860704e-04
6.748656e-04
6.694771e-04
6.580999e-04
6.459204e-04
6.377313e-04
6.249837e-04
6.159207e-04
6.118453e-04
5.965013e-04
5.899882e-04
5.792014e-04
5.699350e-04
5.590257e-04
5.478073e-04
5.403074e-04
5.328947e-04
5.228966e-04
5.151959e-04
5.070419e-04
4.989233e-04
4.868700e-04
4.729761e-04
4.682378e-04
4.544104e-04
4.506628e-04
4.372258e-04
4.297526e-04
4.243040e-04
4.047461e-04
3.876379e-04
3.840696e-04
3.826023e-04
3.682655e-04
3.616202e-04
3.501820e-04
3.411770e-04
3.341254e-04
3.233856e-04
3.202111e-04
3.136903e-04
3.084266e-04
2.972339e-04
2.933359e-04
2.902863e-04
2.754202e-04
2.591544e-04
2.547581e-04
2.447074e-04
2.310399e-04
2.237230e-04
2.180825e-04
1.992176e-04
1.893449e-04
1.798196e-04
1.714073e-04
1.614606e-04
1.491906e-04
1.396227e-04
1.251955e-04
1.210762e-04
1.126424e-04
1.052879e-04
1.025782e-04
8.728462e-05
8.182589e-05
6.983408e-05
6.812840e-05
6.178617e-05
3.737795e-05
3.455777e-05
1.928077e-05
1.437849e-05
9.589226e-06
2.110837e-06
-6.757221e-14
-1.302316e-13
-9.458051e-06
-1.794250e-05
-2.712237e-05
-3.398938e-05
-4.283629e-05
-5.244061e-05
-6.850521e-05
-7.496058e-05
-9.445405e-05
-1.116162e-04
-1.210902e-04
-1.281869e-04
-1.317415e-04
-1.417900e-04
-1.605158e-04
-1.734072e-04
-1.786064e-04
-1.831435e-04
-1.942904e-04
-2.157885e-04
-2.162205e-04
-2.296801e-04
-2.388117e-04
-2.462319e-04
-2.541699e-04
-2.655059e-04
-2.724436e-04
-2.810499e-04
-2.919489e-04
-2.960276e-04
-3.163771e-04
-3.276902e-04
-3.407467e-04
-3.544195e-04
-3.683900e-04
-3.703194e-04
-3.841717e-04
-3.966757e-04
-4.028561e-04
-4.056547e-04
-4.430338e-04
-4.520097e-04
-4.740950e-04
-4.830768e-04
-5.039962e-04
-5.156667e-04
-5.185502e-04
-5.267673e-04
-5.537865e-04
-5.680852e-04
-5.974922e-04
-6.027728e-04
-6.194088e-04
-6.642463e-04
