5.868221e+04
1.230799e+04
6.102540e+03
1.953209e+03
1.408136e+03
1.023358e+03
8.955161e+02
3.893995e+02
3.185110e+02
2.188286e+02
1.985422e+02
1.797337e+02
1.417581e+02
1.258223e+02
1.107212e+02
9.854720e+01
8.685130e+01
8.395975e+01
6.483527e+01
5.805744e+01
5.274072e+01
4.095919e+01
3.408410e+01
3.259609e+01
2.355929e+01
2.242110e+01
1.791142e+01
1.671550e+01
1.316027e+01
1.240025e+01
9.971498e+00
9.804171e+00
8.797811e+00
7.232008e+00
6.313695e+00
5.330257e+00
5.038089e+00
4.575253e+00
3.574723e+00
3.333345e+00
2.562751e+00
2.448163e+00
1.807079e+00
1.680690e+00
1.330527e+00
1.066146e+00
9.002913e-01
8.130981e-01
7.108772e-01
5.072899e-01
4.288922e-01
3.584265e-01
2.703854e-01
2.560960e-01
2.257728e-01
1.907240e-01
1.530859e-01
1.479141e-01
1.082419e-01
8.379855e-02
4.890575e-02
4.375807e-02
3.215650e-02
2.772897e-02
2.591106e-02
1.771002e-02
1.577562e-02
1.274312e-02
1.131243e-02
9.645320e-03
8.844791e-03
7.027464e-03
6.151863e-03
4.613965e-03
4.050868e-03
2.626936e-03
2.232569e-03
2.163101e-03
1.933857e-03
1.509274e-03
1.266617e-03
1.189036e-03
1.140868e-03
1.059729e-03
1.031314e-03
9.625790e-04
9.023756e-04
8.309333e-04
7.650546e-04
6.708746e-04
6.345533e-04
6.169204e-04
6.088278e-04
5.890587e-04
5.840802e-04
5.642202e-04
5.623830e-04
5.562754e-04
5.265693e-04
5.236292e-04
5.101321e-04
5.037460e-04
5.007996e-04
4.935060e-04
4.883207e-04
4.775115e-04
4.690964e-04
4.660835e-04
4.563202e-04
4.433503e-04
4.408260e-04
4.361956e-04
4.313897e-04
4.243574e-04
4.191967e-04
4.116640e-04
4.095621e-04
4.016335e-04
3.970075e-04
3.890503e-04
3.852962e-04
3.828561e-04
3.778510e-04
3.746732e-04
3.686858e-04
3.679400e-04
3.621859e-04
3.569842e-04
3.541106e-04
3.497204e-04
3.463379e-04
3.453973e-04
3.395905e-04
3.372135e-04
3.336617e-04
3.276334e-04
3.237248e-04
3.213431e-04
3.188696e-04
3.158035e-04
3.096137e-04
3.045264e-04
3.033457e-04
2.963098e-04
2.942345e-04
2.903816e-04
2.886502e-04
2.879030e-04
2.819016e-04
2.777603e-04
2.744286e-04
2.723527e-04
2.665752e-04
2.656727e-04
2.613034e-04
2.560625e-04
2.540922e-04
2.514266e-04
2.481009e-04
2.459386e-04
2.392671e-04
2.382357e-04
2.374052e-04
2.322185e-04
2.291954e-04
2.244442e-04
2.219369e-04
2.201194e-04
2.178895e-04
2.136178e-04
2.102332e-04
2.076641e-04
2.069168e-04
2.047644e-04
2.028426e-04
1.993936e-04
1.963573e-04
1.952934e-04
1.914031e-04
1.901431e-04
1.830036e-04
1.799212e-04
1.790896e-04
1.755022e-04
1.733785e-04
1.705263e-04
1.666233e-04
1.661423e-04
1.649794e-04
1.616685e-04
1.566466e-04
1.550231e-04
1.525002e-04
1.476140e-04
1.466511e-04
1.445359e-04
1.422289e-04
1.383256e-04
1.367272e-04
1.348116e-04
1.329869e-04
1.292864e-04
1.262461e-04
1.243224e-04
1.228794e-04
1.200579e-04
1.179595e-04
1.140821e-04
1.125059e-04
1.106148e-04
1.068120e-04
1.041062e-04
1.012396e-04
1.000173e-04
9.908253e-05
9.605034e-05
9.319551e-05
9.131921e-05
8.827315e-05
8.529585e-05
8.188085e-05
8.040466e-05
7.875034e-05
7.497566e-05
7.321838e-05
6.902683e-05
6.848782e-05
6.759113e-05
6.474392e-05
6.241693e-05
5.852928e-05
5.688234e-05
5.578980e-05
5.335809e-05
5.184219e-05
4.767335e-05
4.561661e-05
4.411699e-05
4.339719e-05
3.718326e-05
3.596449e-05
3.285980e-05
3.209915e-05
2.956572e-05
2.746492e-05
2.526254e-05
2.366978e-05
1.917252e-05
1.565907e-05
1.504754e-05
1.398012e-05
1.314370e-05
9.522182e-06
9.475408e-06
7.740438e-06
3.976380e-06
4.228521e-07
1.294681e-13
3.258587e-14
-1.491688e-14
-7.412600e-14
-8.520614e-07
-4.593216e-06
-5.654809e-06
-6.869321e-06
-1.013059e-05
-1.241545e-05
-1.537527e-05
-1.991370e-05
-2.085725e-05
-2.117531e-05
-2.519402e-05
-2.701039e-05
-2.942787e-05
-3.259634e-05
-3.658295e-05
-4.048679e-05
-4.104610e-05
-4.453075e-05
-4.504542e-05
-4.629572e-05
-4.873601e-05
-4.971616e-05
-5.356099e-05
-5.539781e-05
-5.989131e-05
-6.109473e-05
-6.259527e-05
-6.788938e-05
-6.894814e-05
-7.147429e-05
-7.263647e-05
-7.685000e-05
-7.831042e-05
-8.072377e-05
-8.622053e-05
-8.715910e-05
-8.894727e-05
-9.025653e-05
-9.445737e-05
-9.629826e-05
-9.879959e-05
-1.006008e-04
-1.036150e-04
-1.082447e-04
-1.096970e-04
-1.133377e-04
-1.149395e-04
-1.175829e-04
-1.201640e-04
-1.246173e-04
-1.272210e-04
-1.285224e-04
-1.312613e-04
-1.340541e-04
-1.364451e-04
-1.402063e-04
-1.426790e-04
-1.442913e-04
-1.468447e-04
-1.530782e-04
-1.547162e-04
-1.575573e-04
-1.612723e-04
-1.630741e-04
-1.643735e-04
-1.685600e-04
-1.707159e-04
-1.748712e-04
-1.776461e-04
-1.816306e-04
-1.866935e-04
-1.875672e-04
-1.898974e-04
-1.944738e-04
-1.957409e-04
-1.965809e-04
-2.013525e-04
-2.067469e-04
-2.110267e-04
-2.135825e-04
-2.160840e-04
-2.201714e-04
-2.241052e-04
-2.273853e-04
-2.291950e-04
-2.323588e-04
-2.382737e-04
-2.432511e-04
-2.459668e-04
-2.501621e-04
-2.529167e-04
-2.591694e-04
-2.629988e-04
-2.663064e-04
-2.686747e-04
-2.726972e-04
-2.754859e-04
-2.784492e-04
-2.850857e-04
-2.880985e-04
-2.922397e-04
-3.036713e-04
-3.056357e-04
-3.094860e-04
-3.176927e-04
-3.225650e-04
-3.237974e-04
-3.415398e-04
-3.417901e-04
-3.445491e-04
-3.582514e-04
-3.650375e-04
-3.729035e-04
-3.754524e-04
-3.909126e-04
-4.054936e-04
-4.286338e-04
-4.624980e-04
-4.863615e-04
-6.084334e-04
-6.273403e-04
-6.844187e-04
-7.756334e-04
