6.467449e+05
3.461095e+05
2.230232e+05
1.601768e+05
1.514452e+05
1.261736e+05
1.082600e+05
1.034198e+05
8.740388e+04
7.930999e+04
7.242122e+04
6.291912e+04
5.969998e+04
4.849093e+04
4.134652e+04
3.420434e+04
3.153078e+04
2.807674e+04
1.894196e+04
1.493090e+04
1.296520e+04
1.244613e+04
1.051929e+04
8.599835e+03
8.282852e+03
6.753409e+03
6.317506e+03
5.388686e+03
4.774149e+03
4.164359e+03
3.857822e+03
3.318344e+03
2.814240e+03
2.335185e+03
1.743194e+03
1.467442e+03
1.319610e+03
9.700375e+02
8.658296e+02
6.986682e+02
6.041307e+02
4.613836e+02
3.917714e+02
3.897777e+02
3.072107e+02
2.604046e+02
2.338097e+02
1.963611e+02
1.870525e+02
1.657659e+02
1.429520e+02
1.204899e+02
1.052516e+02
8.898635e+01
6.028622e+01
4.680082e+01
4.010557e+01
3.474255e+01
2.616827e+01
2.372519e+01
2.127281e+01
1.746095e+01
1.510862e+01
1.159561e+01
1.092718e+01
9.024604e+00
7.740965e+00
7.126406e+00
4.967328e+00
4.033519e+00
3.365983e+00
3.044267e+00
2.523159e+00
2.338902e+00
1.874784e+00
1.030730e+00
8.669559e-01
7.029554e-01
6.382648e-01
5.725165e-01
4.508729e-01
3.351338e-01
2.702447e-01
2.147635e-01
1.716174e-01
1.488124e-01
1.320399e-01
1.006947e-01
9.178103e-02
8.866177e-02
6.699409e-02
5.658095e-02
5.320357e-02
4.919892e-02
4.827501e-02
4.648818e-02
4.429358e-02
4.268513e-02
4.158947e-02
3.958154e-02
3.833148e-02
3.626435e-02
3.501411e-02
3.321833e-02
2.978413e-02
2.804414e-02
2.786417e-02
2.605358e-02
2.511995e-02
2.505652e-02
2.440934e-02
2.287218e-02
2.205431e-02
2.175557e-02
2.070509e-02
2.031619e-02
1.927195e-02
1.911928e-02
1.877817e-02
1.840214e-02
1.825336e-02
1.786753e-02
1.707506e-02
1.683319e-02
1.486103e-02
1.417264e-02
1.038927e-02
-9.250516e-12
