2.802861e+10
9.429008e+09
8.424762e+09
5.952406e+09
5.801529e+09
4.232306e+09
4.134744e+09
3.407798e+09
3.178303e+09
2.582116e+09
2.511491e+09
2.254193e+09
2.025401e+09
1.781008e+09
1.697309e+09
1.573234e+09
1.421516e+09
1.351790e+09
1.277267e+09
1.265289e+09
1.174562e+09
1.133905e+09
1.069479e+09
1.054215e+09
9.923302e+08
9.603610e+08
9.340707e+08
8.862276e+08
8.601754e+08
8.126779e+08
7.885065e+08
7.535644e+08
7.266687e+08
7.142132e+08
6.816415e+08
6.571393e+08
6.505946e+08
6.160992e+08
6.019461e+08
5.740130e+08
5.676350e+08
5.637533e+08
5.310824e+08
5.295530e+08
5.224751e+08
4.937575e+08
4.861952e+08
4.745185e+08
4.637041e+08
4.380446e+08
4.337459e+08
4.165440e+08
4.051555e+08
3.940541e+08
3.866818e+08
3.722687e+08
3.592784e+08
3.585279e+08
3.477916e+08
3.367806e+08
3.184090e+08
3.099476e+08
3.034510e+08
2.930548e+08
2.791722e+08
2.786432e+08
2.748981e+08
2.696899e+08
2.623002e+08
2.571698e+08
2.531380e+08
2.458627e+08
2.444670e+08
2.279539e+08
2.182983e+08
2.112243e+08
2.052280e+08
1.971700e+08
1.910219e+08
1.891732e+08
1.795836e+08
1.755821e+08
1.696901e+08
1.651643e+08
1.633388e+08
1.552743e+08
1.530569e+08
1.501591e+08
1.481394e+08
1.431513e+08
1.381570e+08
1.347998e+08
1.299672e+08
1.225527e+08
1.213921e+08
1.141639e+08
1.133700e+08
1.081012e+08
1.058204e+08
1.009856e+08
9.945706e+07
9.422558e+07
9.100740e+07
9.011836e+07
8.726748e+07
8.441594e+07
7.949108e+07
7.837342e+07
7.158578e+07
6.835448e+07
6.527688e+07
5.880877e+07
5.691078e+07
5.219886e+07
4.343065e+07
3.937456e+07
3.564548e+07
3.222742e+07
3.086722e+07
2.500205e+07
2.344734e+07
2.153404e+07
1.933556e+07
1.475845e+07
1.231259e+07
9.728693e+06
7.518888e+06
6.925202e+06
