6.959336e+05
2.823712e+05
1.953901e+05
1.665087e+05
1.523071e+05
1.146450e+05
1.116774e+05
9.056242e+04
8.878430e+04
7.916587e+04
6.572245e+04
6.100630e+04
5.754906e+04
4.883774e+04
4.129364e+04
3.438561e+04
3.084152e+04
2.692755e+04
2.126630e+04
1.678155e+04
1.290301e+04
1.096049e+04
1.003102e+04
9.359667e+03
7.516013e+03
7.240428e+03
6.147583e+03
5.403598e+03
4.957373e+03
4.062607e+03
3.602132e+03
3.306862e+03
2.510494e+03
2.079030e+03
1.871314e+03
1.344505e+03
1.247548e+03
1.139365e+03
8.416212e+02
7.990627e+02
6.824264e+02
5.800369e+02
5.463604e+02
3.962731e+02
2.937639e+02
2.584218e+02
2.330989e+02
2.032157e+02
1.738991e+02
1.496507e+02
1.394899e+02
9.430811e+01
8.763988e+01
6.910374e+01
6.199580e+01
4.885612e+01
3.835826e+01
2.741241e+01
2.427347e+01
2.172068e+01
1.808953e+01
1.632413e+01
1.545255e+01
1.444740e+01
1.025867e+01
9.147650e+00
6.722969e+00
5.902020e+00
5.531709e+00
4.899234e+00
4.222653e+00
3.577327e+00
2.997427e+00
2.427484e+00
1.994739e+00
1.816209e+00
1.487767e+00
1.295392e+00
1.143562e+00
8.602569e-01
7.631655e-01
5.537995e-01
4.703763e-01
3.327082e-01
3.076945e-01
2.768144e-01
1.593475e-01
1.409362e-01
1.329861e-01
1.205318e-01
1.036825e-01
7.738554e-02
6.549274e-02
6.230915e-02
5.592074e-02
5.136460e-02
5.012250e-02
4.707699e-02
4.478316e-02
4.187706e-02
4.005966e-02
3.764289e-02
3.653146e-02
3.515386e-02
3.301779e-02
3.274202e-02
3.100297e-02
3.037953e-02
3.023601e-02
2.879684e-02
2.779886e-02
2.734265e-02
2.619181e-02
2.546825e-02
2.482106e-02
2.345894e-02
2.209692e-02
2.079318e-02
2.000765e-02
1.900655e-02
1.729765e-02
1.625173e-02
1.518515e-02
1.481686e-02
1.385705e-02
1.168746e-02
8.127209e-03
6.799983e-03
