2.111918e+12
1.921985e+12
1.651653e+12
1.450335e+12
1.381562e+12
1.214262e+12
1.111518e+12
1.092154e+12
1.028640e+12
9.821585e+11
9.303945e+11
8.322934e+11
7.918974e+11
7.259627e+11
6.949545e+11
6.747586e+11
6.519724e+11
6.125735e+11
6.013321e+11
5.861752e+11
5.780149e+11
5.153799e+11
5.038011e+11
4.904089e+11
4.671629e+11
4.480039e+11
4.376950e+11
4.271910e+11
4.009878e+11
3.903118e+11
3.842578e+11
3.671876e+11
3.552140e+11
3.440887e+11
3.384324e+11
3.315047e+11
3.136289e+11
3.049300e+11
2.907098e+11
2.812382e+11
2.745368e+11
2.658085e+11
2.577381e+11
2.498554e+11
2.432910e+11
2.401193e+11
2.310472e+11
2.231940e+11
2.171582e+11
2.145618e+11
2.040405e+11
2.030423e+11
1.955779e+11
1.885854e+11
1.842715e+11
1.794625e+11
1.696736e+11
1.659447e+11
1.608832e+11
1.566084e+11
1.529877e+11
1.480221e+11
1.453175e+11
1.415649e+11
1.394883e+11
1.371467e+11
1.342184e+11
1.304530e+11
1.299593e+11
1.247999e+11
1.230343e+11
1.214745e+11
1.177822e+11
1.145687e+11
1.137231e+11
1.101039e+11
1.071901e+11
1.058812e+11
1.013478e+11
9.975396e+10
9.783632e+10
9.600678e+10
9.340373e+10
9.189921e+10
9.124824e+10
8.714066e+10
8.596308e+10
8.520253e+10
8.421427e+10
8.232101e+10
8.052870e+10
7.905577e+10
7.675058e+10
7.487539e+10
7.437846e+10
7.236937e+10
7.178305e+10
7.056363e+10
6.857756e+10
6.734013e+10
6.531043e+10
6.483727e+10
6.315702e+10
6.171650e+10
6.013597e+10
5.939732e+10
5.829267e+10
5.690808e+10
5.628026e+10
5.506889e+10
5.425640e+10
5.292263e+10
5.185065e+10
5.041347e+10
5.013914e+10
4.887431e+10
4.656556e+10
4.566197e+10
4.327047e+10
4.193011e+10
4.114012e+10
4.020416e+10
3.759242e+10
3.314308e+10
3.049155e+10
2.659556e+10
1.660686e+10
7.269670e+09
