2.596686e+10
1.187086e+10
8.350049e+09
5.527801e+09
3.886155e+09
3.675852e+09
3.492045e+09
3.084240e+09
2.786633e+09
2.641749e+09
2.476548e+09
2.399554e+09
2.196189e+09
1.995982e+09
1.878357e+09
1.795216e+09
1.746364e+09
1.675597e+09
1.636002e+09
1.577014e+09
1.540449e+09
1.381725e+09
1.379515e+09
1.275465e+09
1.211053e+09
1.154493e+09
1.120235e+09
1.102123e+09
1.063653e+09
1.038189e+09
1.008477e+09
1.000579e+09
9.483436e+08
9.298431e+08
8.743601e+08
8.590323e+08
8.283902e+08
8.180320e+08
7.960083e+08
7.776454e+08
7.492902e+08
7.386805e+08
7.062001e+08
6.888981e+08
6.721735e+08
6.573041e+08
6.180906e+08
6.089038e+08
5.922890e+08
5.739496e+08
5.602705e+08
5.538636e+08
5.427424e+08
5.334987e+08
5.154862e+08
4.991871e+08
4.842428e+08
4.726004e+08
4.543739e+08
4.514447e+08
4.321279e+08
4.256293e+08
4.128090e+08
3.990084e+08
3.917744e+08
3.824311e+08
3.731685e+08
3.608793e+08
3.522730e+08
3.486431e+08
3.386180e+08
3.316340e+08
3.258886e+08
3.130623e+08
3.055510e+08
2.993888e+08
2.933521e+08
2.845092e+08
2.659983e+08
2.624605e+08
2.548380e+08
2.494167e+08
2.442579e+08
2.370805e+08
2.287109e+08
2.249436e+08
2.082591e+08
2.040770e+08
1.994458e+08
1.976977e+08
1.875506e+08
1.798669e+08
1.761141e+08
1.689403e+08
1.666816e+08
1.611978e+08
1.458131e+08
1.439013e+08
1.403419e+08
1.357123e+08
1.353527e+08
1.288607e+08
1.269820e+08
1.190964e+08
1.159789e+08
1.086751e+08
1.022594e+08
1.007226e+08
8.992355e+07
8.571185e+07
7.766321e+07
7.114725e+07
6.980368e+07
6.477624e+07
5.880915e+07
5.349160e+07
4.735346e+07
3.752954e+07
3.723386e+07
3.639223e+07
2.478327e+07
2.462329e+07
1.911337e+07
1.667843e+07
1.031980e+07
9.143889e+06
2.618795e+06
1.461989e+06
