3.138028e+10
7.225749e+09
6.452289e+09
6.097669e+09
5.156495e+09
3.998095e+09
3.430942e+09
2.840970e+09
2.580411e+09
2.313104e+09
2.229692e+09
1.887751e+09
1.798005e+09
1.587581e+09
1.508702e+09
1.412845e+09
1.369711e+09
1.331861e+09
1.234324e+09
1.174964e+09
1.125190e+09
1.057713e+09
1.021448e+09
9.702824e+08
9.465574e+08
8.663023e+08
8.504307e+08
8.227927e+08
7.839268e+08
7.569411e+08
7.328420e+08
7.104188e+08
6.976168e+08
6.742940e+08
6.540456e+08
6.477356e+08
6.385912e+08
6.036888e+08
5.898010e+08
5.740925e+08
5.623786e+08
5.373354e+08
5.272853e+08
5.038020e+08
4.975124e+08
4.762961e+08
4.693033e+08
4.602073e+08
4.579330e+08
4.365003e+08
4.277730e+08
4.087739e+08
4.022252e+08
3.911634e+08
3.843740e+08
3.751363e+08
3.636723e+08
3.593264e+08
3.531582e+08
3.377168e+08
3.283311e+08
3.151076e+08
3.087215e+08
3.028314e+08
2.913733e+08
2.880293e+08
2.759787e+08
2.678919e+08
2.618622e+08
2.563464e+08
2.486874e+08
2.417570e+08
2.374708e+08
2.295370e+08
2.224546e+08
2.155504e+08
2.115132e+08
2.099022e+08
2.021725e+08
1.989319e+08
1.903070e+08
1.849425e+08
1.792352e+08
1.774437e+08
1.709413e+08
1.669212e+08
1.622279e+08
1.566664e+08
1.519601e+08
1.487941e+08
1.443880e+08
1.377264e+08
1.299052e+08
1.248040e+08
1.214689e+08
1.187807e+08
1.152048e+08
1.103661e+08
1.048758e+08
1.004547e+08
9.621617e+07
9.498673e+07
9.073992e+07
8.565976e+07
8.186275e+07
7.769224e+07
7.458820e+07
6.916390e+07
6.718391e+07
6.386412e+07
6.038217e+07
5.688994e+07
5.491840e+07
5.259414e+07
4.689890e+07
4.191812e+07
3.770361e+07
3.110188e+07
2.836022e+07
2.516013e+07
2.224289e+07
1.942687e+07
1.742910e+07
1.225669e+07
8.691581e+06
8.171028e+06
6.883126e+06
1.721203e+06
