8.880470e+04
3.596068e+03
2.583339e+03
1.706589e+03
1.053267e+03
7.686759e+02
5.339426e+02
4.477147e+02
3.019926e+02
2.656526e+02
2.572501e+02
2.156911e+02
1.995295e+02
1.899071e+02
1.556567e+02
1.409620e+02
1.317978e+02
1.240646e+02
1.192495e+02
1.074510e+02
1.017201e+02
9.688734e+01
9.019637e+01
8.439702e+01
8.217908e+01
7.411415e+01
6.687145e+01
6.450900e+01
5.761631e+01
5.477045e+01
5.158832e+01
4.999197e+01
4.748965e+01
4.128093e+01
4.009976e+01
3.875613e+01
3.524600e+01
3.217365e+01
2.996435e+01
2.785970e+01
2.698689e+01
2.535565e+01
2.310274e+01
2.185588e+01
2.040926e+01
1.906772e+01
1.857502e+01
1.681415e+01
1.628779e+01
1.567904e+01
1.387665e+01
1.353062e+01
1.216051e+01
1.181169e+01
1.057122e+01
1.034113e+01
9.465645e+00
8.992129e+00
8.753045e+00
7.664466e+00
7.373071e+00
7.268247e+00
6.638340e+00
6.155344e+00
5.536413e+00
5.379409e+00
5.081225e+00
4.720031e+00
4.540976e+00
4.033848e+00
3.315017e+00
3.100284e+00
2.872696e+00
2.811890e+00
2.485632e+00
2.335970e+00
2.304788e+00
2.229755e+00
2.060460e+00
1.922161e+00
1.665766e+00
1.579503e+00
1.510883e+00
1.509909e+00
1.350447e+00
1.299252e+00
1.171635e+00
1.119569e+00
1.041841e+00
1.004932e+00
8.822190e-01
8.373533e-01
7.996930e-01
7.949267e-01
7.422175e-01
7.010984e-01
6.554740e-01
6.338385e-01
6.088961e-01
5.365258e-01
5.115321e-01
4.854388e-01
4.335165e-01
4.110431e-01
4.037873e-01
3.739990e-01
3.669732e-01
3.462113e-01
3.341878e-01
3.128930e-01
2.804155e-01
2.703530e-01
2.597330e-01
2.502732e-01
2.270056e-01
2.055991e-01
1.947290e-01
1.785438e-01
1.762738e-01
1.613217e-01
1.470401e-01
1.426467e-01
1.343498e-01
1.279733e-01
1.251623e-01
1.209535e-01
1.035093e-01
9.842972e-02
9.459740e-02
9.293654e-02
8.091833e-02
7.810519e-02
7.249022e-02
6.984496e-02
6.596985e-02
6.524924e-02
5.894653e-02
5.726036e-02
5.505002e-02
4.887450e-02
4.629022e-02
4.409247e-02
4.319302e-02
4.110963e-02
3.698843e-02
3.619430e-02
3.615273e-02
3.377271e-02
3.077639e-02
3.002228e-02
2.817325e-02
2.813272e-02
2.545443e-02
2.485959e-02
2.331354e-02
2.182391e-02
2.022657e-02
1.934114e-02
1.761190e-02
1.669137e-02
1.649577e-02
1.508460e-02
1.502854e-02
1.448955e-02
1.412795e-02
1.271423e-02
1.203573e-02
1.102196e-02
1.012520e-02
9.524724e-03
8.851163e-03
8.632808e-03
8.109800e-03
7.758441e-03
6.982266e-03
6.587116e-03
6.435468e-03
6.050867e-03
5.458770e-03
5.191594e-03
4.897855e-03
4.704720e-03
4.382532e-03
4.219381e-03
3.621512e-03
3.558845e-03
3.473003e-03
3.363132e-03
3.284500e-03
3.170677e-03
3.028123e-03
2.921819e-03
2.724475e-03
2.394997e-03
2.278022e-03
2.230521e-03
2.126331e-03
2.044357e-03
1.807262e-03
1.786935e-03
1.768966e-03
1.616174e-03
1.589666e-03
1.532081e-03
1.479216e-03
1.423359e-03
1.384506e-03
1.343191e-03
1.309350e-03
1.285018e-03
1.271907e-03
1.239858e-03
1.215745e-03
1.171348e-03
1.161836e-03
1.146537e-03
1.142231e-03
1.113592e-03
1.102976e-03
1.087950e-03
1.065161e-03
1.061055e-03
1.045918e-03
1.026675e-03
1.024226e-03
1.004873e-03
9.923356e-04
9.850197e-04
9.651826e-04
9.428186e-04
9.332096e-04
9.251429e-04
9.156194e-04
8.889223e-04
8.807744e-04
8.709210e-04
8.587507e-04
8.483473e-04
8.315329e-04
8.165177e-04
8.045026e-04
8.012187e-04
7.893017e-04
7.815367e-04
7.704151e-04
7.580646e-04
7.541468e-04
7.313425e-04
7.195396e-04
7.176747e-04
7.020355e-04
6.936724e-04
6.699699e-04
6.643417e-04
6.515172e-04
6.454388e-04
6.383657e-04
6.326690e-04
6.260746e-04
6.211553e-04
6.116290e-04
5.977225e-04
5.936107e-04
5.861979e-04
5.669147e-04
5.553595e-04
5.526864e-04
5.372207e-04
5.275332e-04
5.160533e-04
5.107470e-04
4.985918e-04
4.862887e-04
4.760048e-04
4.686759e-04
4.614880e-04
4.421093e-04
4.331038e-04
4.318485e-04
4.151917e-04
4.123109e-04
4.086421e-04
3.950199e-04
3.901995e-04
3.807100e-04
3.699277e-04
3.655374e-04
3.503117e-04
3.385252e-04
3.261027e-04
3.133079e-04
3.122003e-04
3.007608e-04
2.748252e-04
2.726099e-04
2.693985e-04
2.635974e-04
2.581484e-04
2.464730e-04
2.393478e-04
2.282380e-04
2.109509e-04
2.074595e-04
1.974855e-04
1.892784e-04
1.752441e-04
1.728731e-04
1.614876e-04
1.528465e-04
1.510195e-04
1.275476e-04
1.224643e-04
1.152737e-04
1.040034e-04
9.297054e-05
8.044898e-05
7.688550e-05
6.915684e-05
6.002997e-05
5.472617e-05
4.310279e-05
2.739514e-05
1.732866e-05
1.363862e-05
9.952149e-14
8.140405e-14
3.224330e-14
-4.374332e-14
-6.398965e-14
-9.080169e-14
-2.144260e-13
-3.594368e-07
-1.351609e-05
-2.098475e-05
-2.877629e-05
-4.603850e-05
-4.711575e-05
-5.517511e-05
-6.404494e-05
-7.855026e-05
-8.791699e-05
-9.601085e-05
-1.041969e-04
-1.102883e-04
-1.248524e-04
-1.417210e-04
-1.496509e-04
-1.649546e-04
-1.685843e-04
-1.774491e-04
-1.889999e-04
-1.994117e-04
-2.073838e-04
-2.186845e-04
-2.362749e-04
-2.510802e-04
-2.543445e-04
-2.688992e-04
-2.918187e-04
-2.969590e-04
-3.062668e-04
-3.184673e-04
-3.303394e-04
-3.450371e-04
-3.507201e-04
-3.544085e-04
-3.797587e-04
-3.844567e-04
-3.983934e-04
-4.151819e-04
-4.226766e-04
-4.542124e-04
-4.695374e-04
-4.769806e-04
-4.869628e-04
-5.152730e-04
-5.294147e-04
-5.369048e-04
-5.441320e-04
-5.762607e-04
-6.212582e-04
-6.270527e-04
-6.723593e-04
-7.221220e-04
