8.616362e+04
3.459901e+03
2.298990e+03
1.870329e+03
1.177657e+03
7.639849e+02
5.125137e+02
4.023174e+02
3.190047e+02
2.972884e+02
2.797650e+02
2.146916e+02
2.090286e+02
1.870943e+02
1.820409e+02
1.734430e+02
1.523951e+02
1.441644e+02
1.321020e+02
1.201183e+02
1.124080e+02
1.070206e+02
9.951521e+01
9.708765e+01
9.503580e+01
9.154539e+01
7.880687e+01
7.853133e+01
7.368264e+01
7.100121e+01
5.985674e+01
5.442964e+01
5.401450e+01
5.234999e+01
4.989614e+01
4.530009e+01
4.170902e+01
3.899253e+01
3.838247e+01
3.430857e+01
3.384909e+01
3.022897e+01
2.980881e+01
2.647891e+01
2.505568e+01
2.413098e+01
2.279344e+01
2.128808e+01
2.008429e+01
1.936017e+01
1.809520e+01
1.710376e+01
1.531785e+01
1.444907e+01
1.344207e+01
1.246330e+01
1.204574e+01
1.075788e+01
1.030852e+01
9.901387e+00
9.052593e+00
8.401103e+00
7.515522e+00
7.463372e+00
6.509935e+00
6.320404e+00
5.685325e+00
5.483467e+00
4.745489e+00
4.134232e+00
4.093082e+00
3.756977e+00
3.361774e+00
3.244766e+00
2.953119e+00
2.756719e+00
2.518979e+00
2.413497e+00
2.274437e+00
2.180301e+00
2.042388e+00
1.907345e+00
1.806565e+00
1.745318e+00
1.706072e+00
1.627329e+00
1.563213e+00
1.439392e+00
1.394800e+00
1.359407e+00
1.241830e+00
1.175109e+00
1.054128e+00
9.979725e-01
9.645788e-01
9.178952e-01
8.457979e-01
8.370751e-01
7.730784e-01
7.143797e-01
6.844856e-01
6.290702e-01
6.165084e-01
5.716031e-01
5.359719e-01
5.059432e-01
4.841582e-01
4.587542e-01
4.335658e-01
4.035521e-01
3.843945e-01
3.676786e-01
3.626285e-01
3.500061e-01
3.290087e-01
2.878451e-01
2.764965e-01
2.580079e-01
2.528654e-01
2.378732e-01
2.165133e-01
1.996998e-01
1.863421e-01
1.832867e-01
1.690504e-01
1.529936e-01
1.472871e-01
1.343447e-01
1.315963e-01
1.301423e-01
1.160950e-01
1.138536e-01
1.058234e-01
9.663390e-02
9.501214e-02
8.674429e-02
7.938516e-02
7.833032e-02
7.532896e-02
7.063431e-02
6.487511e-02
6.223937e-02
5.945406e-02
5.629220e-02
5.167518e-02
4.820641e-02
4.568470e-02
4.300782e-02
3.871228e-02
3.590601e-02
3.499953e-02
3.420764e-02
3.185826e-02
3.172657e-02
3.114793e-02
2.914640e-02
2.845830e-02
2.562799e-02
2.535369e-02
2.381516e-02
2.246417e-02
1.998561e-02
1.910997e-02
1.852363e-02
1.697396e-02
1.613774e-02
1.556337e-02
1.264714e-02
1.169115e-02
1.122917e-02
1.047654e-02
9.842719e-03
9.761604e-03
8.785349e-03
7.752054e-03
7.696809e-03
7.384027e-03
6.452691e-03
6.342452e-03
6.207261e-03
5.655773e-03
5.290806e-03
5.017955e-03
4.683916e-03
4.332421e-03
4.249380e-03
3.983641e-03
3.717519e-03
3.418366e-03
3.186576e-03
3.115023e-03
2.931748e-03
2.812350e-03
2.771252e-03
2.452908e-03
2.380198e-03
2.256068e-03
2.133536e-03
2.050978e-03
2.032317e-03
1.989309e-03
1.931128e-03
1.818446e-03
1.806516e-03
1.706135e-03
1.616054e-03
1.558109e-03
1.502512e-03
1.468969e-03
1.411734e-03
1.362080e-03
1.317027e-03
1.285244e-03
1.252332e-03
1.226942e-03
1.207972e-03
1.191928e-03
1.159722e-03
1.152077e-03
1.125926e-03
1.111664e-03
1.097263e-03
1.074792e-03
1.071917e-03
1.067693e-03
1.030360e-03
1.022097e-03
1.013801e-03
1.006452e-03
9.861347e-04
9.629134e-04
9.543144e-04
9.470315e-04
9.371854e-04
9.154861e-04
9.150727e-04
8.990655e-04
8.834292e-04
8.751903e-04
8.622825e-04
8.460989e-04
8.417596e-04
8.268806e-04
8.224976e-04
7.919192e-04
7.885994e-04
7.760870e-04
7.644415e-04
7.623850e-04
7.400208e-04
7.344185e-04
7.310270e-04
7.285456e-04
7.141343e-04
7.087600e-04
7.051558e-04
6.987136e-04
6.849395e-04
6.717737e-04
6.511430e-04
6.390911e-04
6.353286e-04
6.248984e-04
6.128090e-04
5.987438e-04
5.924523e-04
5.840935e-04
5.711732e-04
5.641718e-04
5.532205e-04
5.440354e-04
5.364231e-04
5.252749e-04
5.140752e-04
5.015785e-04
5.000124e-04
4.871583e-04
4.812294e-04
4.725354e-04
4.577591e-04
4.464648e-04
4.398751e-04
4.388285e-04
4.350382e-04
4.290894e-04
4.214803e-04
4.170582e-04
3.983952e-04
3.862234e-04
3.697880e-04
3.679882e-04
3.530502e-04
3.437338e-04
3.426443e-04
3.307817e-04
3.280783e-04
3.182380e-04
3.050740e-04
2.913697e-04
2.863128e-04
2.787742e-04
2.755954e-04
2.596863e-04
2.452054e-04
2.387871e-04
2.248992e-04
2.172984e-04
2.133268e-04
2.025579e-04
1.853914e-04
1.804050e-04
1.739322e-04
1.708214e-04
1.621452e-04
1.472326e-04
1.352901e-04
1.216941e-04
1.138080e-04
1.014546e-04
8.849562e-05
8.092231e-05
7.703577e-05
6.720257e-05
5.770732e-05
5.199249e-05
4.313622e-05
2.641223e-05
2.102794e-05
1.728460e-05
7.866119e-06
1.238351e-13
-6.264062e-14
-5.637959e-06
-1.043953e-05
-2.735157e-05
-3.158639e-05
-4.188458e-05
-4.625326e-05
-6.218245e-05
-6.271508e-05
-6.991070e-05
-7.645210e-05
-8.945053e-05
-9.854662e-05
-1.048369e-04
-1.110728e-04
-1.239495e-04
-1.375783e-04
-1.530388e-04
-1.587735e-04
-1.687512e-04
-1.888345e-04
-1.946652e-04
-2.059957e-04
-2.108257e-04
-2.252032e-04
-2.380567e-04
-2.542829e-04
-2.578600e-04
-2.675886e-04
-2.902789e-04
-3.026892e-04
-3.098218e-04
-3.120601e-04
-3.348117e-04
-3.455268e-04
-3.516989e-04
-3.662271e-04
-3.735308e-04
-3.773566e-04
-3.950025e-04
-4.098086e-04
-4.251215e-04
-4.359645e-04
-4.509216e-04
-4.631189e-04
-4.854426e-04
-5.008664e-04
-5.363055e-04
-5.485254e-04
-5.626645e-04
-5.828298e-04
-6.032735e-04
-6.320347e-04
