1.440354e+08
2.031456e+07
1.597114e+06
8.230781e+05
7.803653e+05
3.670784e+05
2.160329e+05
1.162906e+05
2.307996e+04
1.677777e+04
5.832639e+03
1.096793e+03
6.378171e+02
2.841144e+02
9.371280e+01
5.282664e+01
4.220567e+01
3.799570e+01
3.140199e+01
2.979588e+01
2.520754e+01
1.959072e+01
1.839113e+01
1.729255e+01
1.637621e+01
1.576436e+01
1.382818e+01
1.280625e+01
1.217474e+01
1.133685e+01
1.096786e+01
1.027264e+01
1.008495e+01
9.705941e+00
9.065463e+00
8.723140e+00
8.180721e+00
7.607399e+00
7.482289e+00
7.205775e+00
6.873808e+00
6.137466e+00
6.032487e+00
5.715672e+00
5.611939e+00
5.344715e+00
4.783486e+00
4.600829e+00
4.193722e+00
3.883380e+00
3.795382e+00
3.291394e+00
3.217857e+00
3.103634e+00
3.008734e+00
2.929837e+00
2.524920e+00
2.387941e+00
2.268674e+00
2.014000e+00
1.960765e+00
1.901921e+00
1.472936e+00
1.353822e+00
1.156522e+00
1.094606e+00
9.824448e-01
9.550197e-01
8.130624e-01
7.064406e-01
5.736007e-01
4.889531e-01
3.987799e-01
3.031035e-01
2.312718e-01
1.151787e-01
4.789837e-02
-2.182771e-11
-3.609452e-02
-8.752306e-02
-1.299821e-01
-2.952660e-01
-3.363160e-01
-4.319647e-01
-4.844182e-01
-6.580892e-01
-7.221653e-01
-7.949342e-01
-8.966144e-01
-9.327555e-01
-1.003425e+00
-1.305519e+00
-1.334837e+00
-1.446994e+00
-1.667986e+00
-1.797110e+00
-2.048320e+00
-2.180200e+00
-2.494462e+00
-2.650027e+00
-3.085807e+00
-3.194023e+00
-3.461414e+00
-3.889525e+00
-3.914507e+00
-4.351051e+00
-4.549419e+00
-5.521507e+00
-5.848632e+00
-6.196906e+00
-6.423919e+00
-6.823571e+00
-7.796473e+00
-7.936393e+00
-8.303358e+00
-9.999235e+00
-1.078169e+01
-1.195874e+01
-1.469123e+01
-1.524693e+01
-1.723259e+01
-2.049340e+01
-2.458539e+01
-2.800076e+01
-3.402906e+01
-3.610801e+01
-5.440202e+01
-6.816044e+01
