2.745123e+10
1.321367e+10
7.197878e+09
5.146990e+09
4.340307e+09
3.650157e+09
3.217162e+09
2.928452e+09
2.742668e+09
2.657772e+09
2.536458e+09
2.255032e+09
2.140523e+09
2.007446e+09
1.940948e+09
1.844207e+09
1.739266e+09
1.700474e+09
1.660296e+09
1.479903e+09
1.437113e+09
1.419778e+09
1.331260e+09
1.293987e+09
1.237312e+09
1.222796e+09
1.190521e+09
1.137985e+09
1.110190e+09
1.079093e+09
1.041177e+09
9.846231e+08
9.642527e+08
9.345611e+08
8.904013e+08
8.609649e+08
8.584760e+08
8.125220e+08
7.989853e+08
7.812122e+08
7.599448e+08
7.356116e+08
7.233879e+08
6.930886e+08
6.688589e+08
6.669925e+08
6.453605e+08
6.369621e+08
6.259508e+08
5.903053e+08
5.680165e+08
5.502227e+08
5.422886e+08
5.334847e+08
5.145765e+08
5.022380e+08
4.980779e+08
4.815097e+08
4.741350e+08
4.542419e+08
4.451731e+08
4.382992e+08
4.257603e+08
4.156680e+08
4.105078e+08
4.009817e+08
3.960950e+08
3.738652e+08
3.606402e+08
3.524689e+08
3.460088e+08
3.372906e+08
3.310688e+08
3.263274e+08
3.175073e+08
3.086062e+08
2.985811e+08
2.935498e+08
2.901521e+08
2.729667e+08
2.694799e+08
2.556136e+08
2.479222e+08
2.466176e+08
2.398945e+08
2.298914e+08
2.194190e+08
2.112048e+08
2.049990e+08
1.958879e+08
1.943491e+08
1.923772e+08
1.861341e+08
1.778333e+08
1.736714e+08
1.719833e+08
1.652569e+08
1.580820e+08
1.521080e+08
1.500081e+08
1.425226e+08
1.354166e+08
1.324282e+08
1.303224e+08
1.215740e+08
1.157078e+08
1.068419e+08
1.042765e+08
9.893402e+07
9.396826e+07
9.099657e+07
8.320526e+07
8.232478e+07
7.743120e+07
6.821885e+07
6.435590e+07
5.835915e+07
5.360059e+07
5.097751e+07
4.669570e+07
4.483749e+07
4.066718e+07
3.371332e+07
2.641207e+07
2.096418e+07
2.062107e+07
1.964104e+07
9.743841e+06
