1.422753e+08
2.211378e+07
1.787248e+06
1.036181e+06
8.693848e+05
3.209675e+05
2.334698e+05
1.023135e+05
1.602731e+04
1.106014e+04
3.166259e+03
1.002921e+03
3.703951e+02
1.891942e+02
9.461658e+01
6.690606e+01
5.800953e+01
5.231588e+01
3.586673e+01
3.238243e+01
2.451011e+01
2.401125e+01
1.995201e+01
1.808611e+01
1.602134e+01
1.543673e+01
1.485940e+01
1.459959e+01
1.314223e+01
1.219188e+01
1.129043e+01
1.068233e+01
1.021078e+01
9.736496e+00
9.359257e+00
8.586172e+00
8.235234e+00
7.743777e+00
7.674722e+00
7.301326e+00
6.795297e+00
6.636108e+00
6.350388e+00
6.141269e+00
5.608444e+00
5.470050e+00
5.322552e+00
4.897725e+00
4.731925e+00
4.398406e+00
4.026429e+00
3.668741e+00
3.524826e+00
3.289142e+00
2.976589e+00
2.966378e+00
2.743688e+00
2.542445e+00
2.432496e+00
2.025965e+00
1.902261e+00
1.568520e+00
1.397525e+00
1.378793e+00
1.253107e+00
1.148297e+00
1.006550e+00
8.504518e-01
7.446544e-01
5.689956e-01
4.280450e-01
3.889070e-01
2.907476e-01
2.326598e-01
2.032979e-01
1.431801e-01
1.184627e-01
6.211642e-02
6.798164e-03
-1.224210e-09
-1.866461e-09
-8.792483e-02
-1.767057e-01
-2.079818e-01
-2.740120e-01
-3.544377e-01
-3.966198e-01
-4.913856e-01
-6.061706e-01
-6.979461e-01
-8.787204e-01
-1.081513e+00
-1.189562e+00
-1.298580e+00
-1.581225e+00
-1.625753e+00
-1.718002e+00
-2.100409e+00
-2.406493e+00
-2.600336e+00
-2.665862e+00
-3.120193e+00
-3.333917e+00
-3.638382e+00
-4.041752e+00
-4.071054e+00
-4.386365e+00
-4.560312e+00
-5.105847e+00
-5.445600e+00
-6.224195e+00
-6.388385e+00
-7.589354e+00
-8.244463e+00
-8.914505e+00
-9.933243e+00
-1.084086e+01
-1.186503e+01
-1.377789e+01
-1.654486e+01
-1.734525e+01
-1.927728e+01
-2.055802e+01
-2.481207e+01
-3.338534e+01
-4.036105e+01
-5.309339e+01
-6.984757e+01
