3.700528e+05
2.556741e+05
1.982577e+05
1.751738e+05
1.586699e+05
1.507632e+05
1.384482e+05
1.286070e+05
1.133212e+05
1.039736e+05
8.514655e+04
7.626526e+04
6.365105e+04
5.731983e+04
5.049382e+04
4.403722e+04
3.868718e+04
3.451429e+04
2.556287e+04
2.253367e+04
1.897899e+04
1.620006e+04
1.529202e+04
1.289981e+04
1.116260e+04
1.001663e+04
8.213750e+03
7.489055e+03
6.708548e+03
5.687418e+03
4.820129e+03
4.472380e+03
3.734476e+03
3.631523e+03
3.145704e+03
2.261844e+03
1.777671e+03
1.702995e+03
1.492835e+03
1.432640e+03
1.268126e+03
1.151606e+03
1.030300e+03
1.000294e+03
6.506659e+02
5.767825e+02
5.275031e+02
5.012929e+02
2.844709e+02
2.666381e+02
2.201416e+02
2.075111e+02
1.758232e+02
1.668856e+02
1.253923e+02
9.326601e+01
8.657140e+01
6.841101e+01
6.116250e+01
4.519275e+01
3.955477e+01
2.840759e+01
2.763879e+01
2.290705e+01
2.104040e+01
2.040425e+01
1.674997e+01
1.126056e+01
7.962075e+00
7.574565e+00
6.853132e+00
6.316978e+00
3.608060e+00
3.315220e+00
2.851395e+00
2.119134e+00
2.060305e+00
1.468193e+00
1.314757e+00
1.152324e+00
9.704748e-01
7.443167e-01
5.969009e-01
5.738496e-01
4.098721e-01
3.114239e-01
2.381614e-01
2.066465e-01
1.536597e-01
1.344564e-01
1.010008e-01
9.823442e-02
7.866196e-02
5.938362e-02
4.733799e-02
4.468357e-02
4.084346e-02
3.545193e-02
3.428051e-02
3.416805e-02
3.247486e-02
3.240758e-02
2.982155e-02
2.899600e-02
2.807510e-02
2.771488e-02
2.675460e-02
2.620437e-02
2.582509e-02
2.524951e-02
2.466611e-02
2.380862e-02
2.352535e-02
2.331783e-02
2.213254e-02
2.180297e-02
2.161564e-02
2.105910e-02
2.044581e-02
1.923479e-02
1.863655e-02
1.778007e-02
1.726559e-02
1.658953e-02
1.525755e-02
1.341821e-02
2.406618e-11
-8.962295e-15
