2.742348e+10
1.390867e+10
6.414028e+09
5.694521e+09
4.721799e+09
3.687874e+09
3.522333e+09
3.007375e+09
2.865342e+09
2.587075e+09
2.228722e+09
2.174264e+09
2.080055e+09
1.931116e+09
1.912885e+09
1.716273e+09
1.647729e+09
1.604053e+09
1.512146e+09
1.412367e+09
1.360112e+09
1.330239e+09
1.249464e+09
1.184731e+09
1.180979e+09
1.150142e+09
1.124014e+09
1.055946e+09
1.029781e+09
1.016421e+09
9.622877e+08
9.301247e+08
8.819416e+08
8.534791e+08
8.375957e+08
8.120879e+08
7.867434e+08
7.737848e+08
7.336490e+08
7.320112e+08
7.050255e+08
6.974172e+08
6.638952e+08
6.277894e+08
6.227231e+08
6.053613e+08
5.770054e+08
5.720817e+08
5.592455e+08
5.369105e+08
5.241830e+08
5.138160e+08
4.979639e+08
4.854788e+08
4.821492e+08
4.670484e+08
4.469968e+08
4.408943e+08
4.180058e+08
4.120408e+08
4.049590e+08
4.034030e+08
3.919191e+08
3.861303e+08
3.645684e+08
3.572691e+08
3.545303e+08
3.462027e+08
3.321639e+08
3.235170e+08
3.133953e+08
3.028956e+08
2.993342e+08
2.906858e+08
2.853354e+08
2.768463e+08
2.676923e+08
2.614053e+08
2.580772e+08
2.437953e+08
2.366516e+08
2.353922e+08
2.225081e+08
2.204974e+08
2.152633e+08
2.069868e+08
2.033242e+08
2.004092e+08
1.943752e+08
1.918700e+08
1.880773e+08
1.713492e+08
1.697596e+08
1.654666e+08
1.604443e+08
1.517864e+08
1.506560e+08
1.455328e+08
1.430819e+08
1.374337e+08
1.288419e+08
1.196478e+08
1.137098e+08
1.040038e+08
9.961883e+07
9.786360e+07
8.822466e+07
8.082801e+07
7.350034e+07
7.218922e+07
6.509011e+07
6.143098e+07
5.715683e+07
5.403468e+07
4.809420e+07
4.651300e+07
4.232521e+07
3.842343e+07
3.272837e+07
2.710510e+07
2.665738e+07
1.898585e+07
1.754876e+07
1.559832e+07
1.443610e+07
1.371518e+07
2.680053e+06
9.970928e+05
