1.834062e+05
2.260329e+04
6.064375e+03
2.051053e+03
2.157852e+02
2.653254e+01
1.119548e+01
6.340984e+00
1.521366e+00
2.018122e-01
6.730947e-02
5.415061e-02
4.332525e-02
3.547463e-02
3.343188e-02
2.754564e-02
2.476258e-02
2.404229e-02
2.150051e-02
2.081794e-02
1.977417e-02
1.722027e-02
1.584425e-02
1.487627e-02
1.367346e-02
1.304139e-02
1.238314e-02
1.209278e-02
1.117557e-02
1.089277e-02
1.030690e-02
9.790721e-03
9.608845e-03
8.706149e-03
8.474830e-03
8.206281e-03
7.905143e-03
7.885884e-03
7.251337e-03
6.940756e-03
6.855274e-03
6.725504e-03
6.510658e-03
6.327752e-03
6.025922e-03
5.925885e-03
5.682060e-03
5.477172e-03
5.210721e-03
4.817429e-03
4.677991e-03
4.536500e-03
4.435482e-03
4.107864e-03
3.940505e-03
3.652701e-03
3.615842e-03
3.360417e-03
3.160104e-03
2.921109e-03
2.875580e-03
2.700215e-03
2.542405e-03
2.476231e-03
2.317547e-03
2.264387e-03
2.203715e-03
2.115529e-03
1.912915e-03
1.793495e-03
1.572411e-03
1.468244e-03
1.340647e-03
1.298669e-03
1.191847e-03
1.090533e-03
1.035380e-03
8.868856e-04
8.111249e-04
7.419173e-04
6.180111e-04
5.731958e-04
4.905178e-04
4.201196e-04
3.862711e-04
2.513520e-04
2.037617e-04
8.352466e-05
-9.586589e-05
-3.013419e-04
-4.454119e-04
-7.416474e-04
-8.337013e-04
-9.506391e-04
-1.006545e-03
-1.305696e-03
-1.773546e-03
-1.819549e-03
-2.127741e-03
-2.574236e-03
-2.638707e-03
-3.002042e-03
-3.638605e-03
-3.943649e-03
-4.429447e-03
-4.809737e-03
-5.214477e-03
-7.295673e-03
-7.478367e-03
-7.537321e-03
-9.614078e-03
-9.713093e-03
-1.106321e-02
-1.197674e-02
-1.301895e-02
-1.404031e-02
-1.524707e-02
-1.735845e-02
-1.832104e-02
-2.027830e-02
-2.569401e-02
-3.087557e-02
-3.373954e-02
-3.595708e-02
-4.300229e-02
-4.867803e-02
-6.464154e-02
-6.763812e-02
