8.886879e+04
3.673840e+03
2.465480e+03
1.682721e+03
1.089292e+03
8.342712e+02
5.276189e+02
4.435564e+02
2.731679e+02
2.670570e+02
2.519225e+02
2.009780e+02
1.899876e+02
1.740850e+02
1.554125e+02
1.435342e+02
1.362382e+02
1.268054e+02
1.126106e+02
9.635503e+01
9.367484e+01
9.136244e+01
8.738438e+01
8.125320e+01
7.956125e+01
7.057391e+01
6.692619e+01
6.426063e+01
5.767264e+01
5.685336e+01
5.412613e+01
4.775227e+01
4.579927e+01
4.344901e+01
3.798423e+01
3.689765e+01
3.585468e+01
3.375570e+01
2.984187e+01
2.717536e+01
2.666803e+01
2.508600e+01
2.316060e+01
2.109951e+01
2.050371e+01
1.944997e+01
1.744901e+01
1.695626e+01
1.626522e+01
1.541942e+01
1.447411e+01
1.349983e+01
1.294381e+01
1.163256e+01
1.113820e+01
1.046131e+01
9.214176e+00
8.065774e+00
8.040073e+00
7.681238e+00
7.107506e+00
6.325850e+00
5.935071e+00
5.706642e+00
5.387857e+00
5.013399e+00
4.787182e+00
4.651924e+00
3.854906e+00
3.652727e+00
3.548786e+00
3.266161e+00
2.763364e+00
2.533018e+00
2.344849e+00
2.175098e+00
2.068117e+00
1.802963e+00
1.709265e+00
1.626483e+00
1.561853e+00
1.472157e+00
1.402735e+00
1.298035e+00
1.267045e+00
1.200112e+00
1.165706e+00
1.078127e+00
9.923597e-01
8.792014e-01
8.727978e-01
8.195520e-01
7.887025e-01
7.608287e-01
6.869010e-01
6.664470e-01
6.505581e-01
5.898366e-01
5.602527e-01
5.138859e-01
5.010462e-01
4.680412e-01
4.560169e-01
4.455463e-01
4.061778e-01
3.707626e-01
3.556749e-01
3.272203e-01
3.133944e-01
3.055637e-01
2.909808e-01
2.647454e-01
2.583907e-01
2.340247e-01
2.273774e-01
2.081862e-01
1.843468e-01
1.758960e-01
1.594595e-01
1.557511e-01
1.481536e-01
1.414894e-01
1.368127e-01
1.294343e-01
1.252953e-01
1.090713e-01
1.029172e-01
9.547726e-02
8.984259e-02
8.492792e-02
8.137903e-02
7.506048e-02
7.243887e-02
6.777613e-02
6.421440e-02
6.313065e-02
5.908809e-02
5.336495e-02
5.111352e-02
4.718705e-02
4.511198e-02
3.861207e-02
3.756712e-02
3.680633e-02
3.211141e-02
2.992453e-02
2.765205e-02
2.646491e-02
2.538228e-02
2.427867e-02
2.258322e-02
2.146113e-02
2.046883e-02
1.951906e-02
1.882974e-02
1.819392e-02
1.716947e-02
1.609352e-02
1.455911e-02
1.342571e-02
1.309998e-02
1.186642e-02
1.074947e-02
1.044227e-02
9.807157e-03
9.367659e-03
9.202626e-03
7.690956e-03
7.477093e-03
7.022148e-03
6.943522e-03
6.737708e-03
6.292279e-03
5.995665e-03
5.806842e-03
5.649272e-03
4.899668e-03
4.547515e-03
4.481575e-03
4.325263e-03
4.070765e-03
4.017357e-03
3.706157e-03
3.492617e-03
3.307731e-03
3.053073e-03
2.931655e-03
2.519623e-03
2.517319e-03
2.348605e-03
2.268892e-03
2.149962e-03
2.103754e-03
1.918007e-03
1.857517e-03
1.833461e-03
1.736261e-03
1.659258e-03
1.640278e-03
1.599624e-03
1.569836e-03
1.476333e-03
1.408940e-03
1.371813e-03
1.367251e-03
1.314914e-03
1.295256e-03
1.259372e-03
1.239669e-03
1.219557e-03
1.187193e-03
1.180741e-03
1.163647e-03
1.144911e-03
1.138581e-03
1.131064e-03
1.106625e-03
1.084064e-03
1.058307e-03
1.051520e-03
1.042487e-03
1.032346e-03
1.016676e-03
9.877647e-04
9.807216e-04
9.524950e-04
9.392816e-04
9.356760e-04
9.272061e-04
9.184324e-04
9.070612e-04
8.885576e-04
8.751649e-04
8.712816e-04
8.604195e-04
8.484913e-04
8.222279e-04
8.173307e-04
8.048197e-04
7.863650e-04
7.806678e-04
7.773145e-04
7.578788e-04
7.508264e-04
7.405065e-04
7.347687e-04
7.081120e-04
7.016221e-04
6.980849e-04
6.939018e-04
6.767520e-04
6.636166e-04
6.591499e-04
6.513053e-04
6.292276e-04
6.169874e-04
6.163482e-04
6.062172e-04
5.943318e-04
5.800191e-04
5.749420e-04
5.712124e-04
5.577682e-04
5.472227e-04
5.430551e-04
5.234631e-04
5.108698e-04
4.954026e-04
4.901601e-04
4.836015e-04
4.679218e-04
4.646605e-04
4.551335e-04
4.338346e-04
4.257127e-04
4.190604e-04
4.141391e-04
4.118244e-04
3.964004e-04
3.925283e-04
3.861556e-04
3.651575e-04
3.545338e-04
3.479284e-04
3.386527e-04
3.328508e-04
3.208939e-04
3.155323e-04
3.110697e-04
3.090833e-04
3.001238e-04
2.873767e-04
2.661862e-04
2.620673e-04
2.561978e-04
2.435260e-04
2.397197e-04
2.309861e-04
2.247531e-04
2.086585e-04
1.997526e-04
1.902630e-04
1.868419e-04
1.794863e-04
1.675246e-04
1.620570e-04
1.525278e-04
1.496133e-04
1.274751e-04
1.212399e-04
1.094020e-04
1.080383e-04
9.714170e-05
8.163333e-05
7.047979e-05
5.930728e-05
5.658484e-05
4.854913e-05
3.185239e-05
2.569693e-05
1.285351e-05
2.345703e-13
1.161578e-13
3.733575e-14
4.241927e-15
-1.852035e-14
-1.468088e-13
-1.897649e-06
-6.340617e-06
-1.645057e-05
-2.311374e-05
-3.070695e-05
-3.536299e-05
-4.616565e-05
-5.454653e-05
-6.695692e-05
-8.266344e-05
-9.180506e-05
-9.456890e-05
-1.050258e-04
-1.142801e-04
-1.160827e-04
-1.249436e-04
-1.413869e-04
-1.501040e-04
-1.548601e-04
-1.750064e-04
-1.790218e-04
-1.879931e-04
-2.006607e-04
-2.082563e-04
-2.170152e-04
-2.266784e-04
-2.341393e-04
-2.536738e-04
-2.656209e-04
-2.671495e-04
-2.935420e-04
-3.016496e-04
-3.085858e-04
-3.229627e-04
-3.297122e-04
-3.440014e-04
-3.507834e-04
-3.614070e-04
-3.710175e-04
-3.775725e-04
-4.108502e-04
-4.138173e-04
-4.170331e-04
-4.452446e-04
-4.579122e-04
-4.798243e-04
-4.871599e-04
-5.102356e-04
-5.119964e-04
-5.305099e-04
-5.403347e-04
-5.499752e-04
-5.757799e-04
-6.032535e-04
-6.105134e-04
-6.475458e-04
-6.767107e-04
