6.361769e+05
2.924246e+05
1.841565e+05
1.669263e+05
1.352223e+05
1.154919e+05
1.091645e+05
8.769380e+04
8.678195e+04
7.255977e+04
6.447198e+04
5.485458e+04
5.075477e+04
5.010413e+04
4.466205e+04
3.674035e+04
3.232945e+04
2.716810e+04
1.891539e+04
1.497106e+04
1.194413e+04
9.171206e+03
8.378790e+03
7.875625e+03
6.875445e+03
6.046472e+03
4.598793e+03
3.924240e+03
3.617951e+03
3.252094e+03
2.713837e+03
2.526237e+03
2.278086e+03
1.994452e+03
1.559128e+03
1.269731e+03
1.106200e+03
8.568174e+02
6.161962e+02
5.571740e+02
4.715148e+02
4.079637e+02
3.343819e+02
2.801953e+02
2.329557e+02
1.815183e+02
1.736150e+02
1.426131e+02
1.276613e+02
1.082807e+02
8.020551e+01
7.292348e+01
6.605849e+01
4.828269e+01
4.463065e+01
3.661622e+01
2.977399e+01
2.331383e+01
1.882380e+01
1.640638e+01
1.620236e+01
1.307219e+01
1.269773e+01
8.860792e+00
7.749591e+00
7.388724e+00
4.913926e+00
4.420188e+00
3.711168e+00
3.214307e+00
2.362873e+00
1.931983e+00
1.563336e+00
1.517904e+00
1.172116e+00
8.584611e-01
7.533383e-01
6.751420e-01
3.778491e-01
2.827137e-01
1.964700e-01
1.273865e-01
1.122321e-01
1.034875e-01
7.537990e-02
6.593836e-02
6.310268e-02
5.823753e-02
5.491982e-02
4.759473e-02
4.460616e-02
4.171642e-02
4.020141e-02
3.873922e-02
3.680310e-02
3.642309e-02
3.585014e-02
3.454074e-02
3.231338e-02
3.106507e-02
2.966545e-02
2.954775e-02
2.806031e-02
2.794481e-02
2.568277e-02
2.441219e-02
2.366987e-02
2.266198e-02
2.120991e-02
2.034378e-02
1.982875e-02
1.928782e-02
1.892147e-02
1.770182e-02
1.694519e-02
1.656677e-02
1.585187e-02
1.553531e-02
1.538689e-02
1.483347e-02
1.326958e-02
1.229593e-02
1.163123e-02
1.059570e-02
9.602037e-03
7.955260e-03
4.109364e-11
-2.314819e-12
