1.945060e+12
1.686503e+12
1.592160e+12
1.527769e+12
1.338397e+12
1.177183e+12
1.090903e+12
1.021699e+12
9.979503e+11
9.544745e+11
9.286854e+11
9.130612e+11
8.347687e+11
7.816314e+11
7.497451e+11
7.254996e+11
7.097317e+11
6.647060e+11
6.210843e+11
6.132318e+11
5.885754e+11
5.444662e+11
5.101108e+11
5.029965e+11
4.945051e+11
4.654399e+11
4.440428e+11
4.294514e+11
4.170208e+11
3.975367e+11
3.891647e+11
3.788508e+11
3.662246e+11
3.497332e+11
3.425035e+11
3.324923e+11
3.188130e+11
3.144675e+11
3.070623e+11
2.935548e+11
2.841387e+11
2.735191e+11
2.588176e+11
2.529727e+11
2.474457e+11
2.352823e+11
2.336461e+11
2.270934e+11
2.208571e+11
2.149480e+11
2.107810e+11
2.059851e+11
1.976804e+11
1.947886e+11
1.927183e+11
1.857702e+11
1.834963e+11
1.714783e+11
1.696776e+11
1.645301e+11
1.636502e+11
1.572560e+11
1.533315e+11
1.503610e+11
1.445178e+11
1.437132e+11
1.388717e+11
1.357825e+11
1.332895e+11
1.294811e+11
1.278688e+11
1.269680e+11
1.211372e+11
1.194335e+11
1.149502e+11
1.127883e+11
1.104460e+11
1.080042e+11
1.061417e+11
1.038381e+11
1.007352e+11
9.841997e+10
9.716118e+10
9.582496e+10
9.385140e+10
9.182380e+10
8.730465e+10
8.688092e+10
8.553546e+10
8.512202e+10
8.376371e+10
8.067523e+10
8.017358e+10
7.765299e+10
7.659377e+10
7.486871e+10
7.440980e+10
7.333554e+10
7.151771e+10
7.043994e+10
6.919272e+10
6.747710e+10
6.699633e+10
6.608056e+10
6.369149e+10
6.333603e+10
6.207520e+10
6.116593e+10
6.026496e+10
5.896957e+10
5.657286e+10
5.571031e+10
5.346957e+10
5.255553e+10
5.175937e+10
5.113981e+10
4.991068e+10
4.959237e+10
4.751618e+10
4.575230e+10
4.437210e+10
4.402267e+10
4.172773e+10
3.793875e+10
3.362066e+10
2.609544e+10
1.151749e+10
5.728167e+09
