3.785472e+10
1.662614e+10
6.772519e+09
5.147250e+09
4.133678e+09
3.966728e+09
3.407952e+09
3.062171e+09
2.917499e+09
2.595434e+09
2.243776e+09
2.114228e+09
2.012865e+09
1.830931e+09
1.778542e+09
1.737024e+09
1.626238e+09
1.610602e+09
1.582289e+09
1.479755e+09
1.411818e+09
1.364260e+09
1.357401e+09
1.279081e+09
1.228728e+09
1.212175e+09
1.177213e+09
1.149320e+09
1.098445e+09
1.067227e+09
1.029434e+09
9.914651e+08
9.582595e+08
9.323103e+08
8.988686e+08
8.648856e+08
8.528068e+08
8.378794e+08
7.876721e+08
7.719330e+08
7.695204e+08
7.540268e+08
7.362461e+08
7.140847e+08
6.884895e+08
6.802073e+08
6.502082e+08
6.412216e+08
6.164770e+08
5.962443e+08
5.806906e+08
5.655063e+08
5.478157e+08
5.266966e+08
5.238195e+08
5.109255e+08
5.024230e+08
4.741017e+08
4.565824e+08
4.496153e+08
4.397417e+08
4.330766e+08
4.111426e+08
4.050322e+08
3.971075e+08
3.869864e+08
3.785419e+08
3.659063e+08
3.499568e+08
3.428938e+08
3.414184e+08
3.305556e+08
3.232352e+08
3.101869e+08
2.967186e+08
2.789498e+08
2.686761e+08
2.609420e+08
2.546382e+08
2.531693e+08
2.424508e+08
2.307736e+08
2.277067e+08
2.268368e+08
2.209751e+08
2.141037e+08
2.101665e+08
1.934924e+08
1.884194e+08
1.834762e+08
1.795497e+08
1.767410e+08
1.720047e+08
1.662757e+08
1.604149e+08
1.535699e+08
1.479770e+08
1.465558e+08
1.426618e+08
1.351577e+08
1.320157e+08
1.270437e+08
1.202600e+08
1.184120e+08
1.151416e+08
1.098090e+08
1.021625e+08
9.976879e+07
9.355506e+07
8.673950e+07
8.629546e+07
8.162444e+07
7.831438e+07
7.345654e+07
6.784051e+07
5.807132e+07
5.344419e+07
5.191070e+07
4.281061e+07
4.161255e+07
3.317413e+07
3.229153e+07
3.022828e+07
1.379815e+07
8.859029e+06
6.655002e+06
5.313700e+06
4.145584e+06
