2.142917e+05
2.316152e+04
4.701245e+03
1.901058e+03
1.955238e+02
2.259217e+01
9.288972e+00
5.104242e+00
1.427419e+00
1.907990e-01
6.312808e-02
4.998333e-02
3.777758e-02
3.599237e-02
3.043801e-02
2.906960e-02
2.610369e-02
2.284126e-02
2.114740e-02
1.855166e-02
1.751493e-02
1.617736e-02
1.531630e-02
1.501873e-02
1.406921e-02
1.394052e-02
1.291401e-02
1.244633e-02
1.190805e-02
1.127350e-02
1.115860e-02
1.033453e-02
1.021922e-02
1.004288e-02
9.343085e-03
8.739726e-03
8.657722e-03
8.115820e-03
7.964360e-03
7.539480e-03
7.399449e-03
6.670233e-03
6.508712e-03
6.330450e-03
6.045001e-03
5.841822e-03
5.643316e-03
5.455283e-03
5.209656e-03
5.110451e-03
4.813286e-03
4.671577e-03
4.440846e-03
4.340775e-03
4.179306e-03
3.884360e-03
3.717084e-03
3.616655e-03
3.339905e-03
3.305114e-03
3.137754e-03
2.893221e-03
2.699364e-03
2.678208e-03
2.516051e-03
2.462575e-03
2.179035e-03
2.051271e-03
1.961047e-03
1.857793e-03
1.643699e-03
1.572576e-03
1.301056e-03
1.201113e-03
1.109059e-03
1.035881e-03
9.374142e-04
8.779502e-04
8.284001e-04
7.144986e-04
6.026915e-04
5.183534e-04
3.917948e-04
3.068433e-04
2.114917e-04
5.098938e-05
3.384608e-05
-3.327395e-05
-2.940299e-04
-6.025035e-04
-7.800836e-04
-9.650907e-04
-1.223618e-03
-1.268470e-03
-1.444026e-03
-2.270458e-03
-2.472070e-03
-2.495783e-03
-2.879698e-03
-3.138815e-03
-3.253810e-03
-3.766297e-03
-4.928214e-03
-5.368785e-03
-5.846872e-03
-6.133294e-03
-6.476685e-03
-6.791785e-03
-7.874490e-03
-8.675729e-03
-9.278742e-03
-9.733400e-03
-1.195536e-02
-1.264696e-02
-1.409213e-02
-1.619260e-02
-1.872692e-02
-1.960935e-02
-2.226880e-02
-2.455599e-02
-2.558490e-02
-3.150192e-02
-3.354005e-02
-3.909857e-02
-4.022075e-02
-4.613190e-02
-5.465743e-02
-9.891460e-02
