8.810000e+04
3.683991e+03
2.205698e+03
1.947102e+03
1.015698e+03
7.049781e+02
5.275511e+02
4.040583e+02
3.036502e+02
2.755878e+02
2.324876e+02
2.069905e+02
1.762640e+02
1.694610e+02
1.577550e+02
1.437161e+02
1.202822e+02
1.194408e+02
1.049577e+02
1.019486e+02
9.780035e+01
9.091800e+01
8.873914e+01
8.150314e+01
7.373091e+01
7.124231e+01
6.834190e+01
6.324258e+01
6.077696e+01
5.857578e+01
5.301841e+01
4.990930e+01
4.690968e+01
4.384681e+01
4.024778e+01
3.744864e+01
3.441964e+01
3.131213e+01
2.848197e+01
2.802224e+01
2.637577e+01
2.376247e+01
2.151721e+01
2.058330e+01
1.989281e+01
1.854423e+01
1.737993e+01
1.639191e+01
1.532823e+01
1.473186e+01
1.343989e+01
1.327038e+01
1.156396e+01
1.121560e+01
1.103329e+01
1.007730e+01
9.234294e+00
8.559897e+00
8.076123e+00
6.897434e+00
6.389450e+00
6.155139e+00
5.629445e+00
5.408280e+00
4.971675e+00
4.727594e+00
4.527174e+00
4.167994e+00
3.786209e+00
3.327939e+00
3.151961e+00
2.948813e+00
2.474221e+00
2.220091e+00
2.169614e+00
2.047114e+00
1.968969e+00
1.868648e+00
1.759912e+00
1.697035e+00
1.520161e+00
1.468367e+00
1.324098e+00
1.285957e+00
1.185795e+00
1.121222e+00
1.086142e+00
9.447886e-01
9.062358e-01
8.811908e-01
8.188851e-01
7.827306e-01
7.132793e-01
6.935037e-01
6.606072e-01
6.128584e-01
5.643635e-01
5.273724e-01
4.776742e-01
4.319194e-01
4.222802e-01
3.878239e-01
3.614176e-01
3.520415e-01
3.337718e-01
3.252220e-01
3.150498e-01
3.021244e-01
2.946523e-01
2.782973e-01
2.665900e-01
2.433611e-01
2.273786e-01
2.111376e-01
1.971577e-01
1.809196e-01
1.711628e-01
1.443734e-01
1.407572e-01
1.346821e-01
1.304172e-01
1.266092e-01
1.137496e-01
1.119856e-01
1.003923e-01
9.693372e-02
9.216250e-02
8.654197e-02
8.077341e-02
7.431723e-02
7.080889e-02
6.832184e-02
6.244097e-02
5.394834e-02
5.104972e-02
4.818515e-02
4.601556e-02
4.365707e-02
4.157655e-02
3.854133e-02
3.736031e-02
3.528773e-02
3.304975e-02
2.717015e-02
2.584174e-02
2.550619e-02
2.433729e-02
2.291783e-02
2.116383e-02
2.075335e-02
1.984477e-02
1.839617e-02
1.728370e-02
1.630365e-02
1.576563e-02
1.454874e-02
1.350737e-02
1.275056e-02
1.255380e-02
1.141704e-02
1.091369e-02
1.046841e-02
9.740513e-03
9.005140e-03
8.830474e-03
7.729824e-03
7.555714e-03
7.070842e-03
7.014235e-03
6.615224e-03
6.402133e-03
5.945831e-03
5.591558e-03
5.066306e-03
4.832900e-03
4.780829e-03
4.409499e-03
3.692236e-03
3.480687e-03
3.232824e-03
3.196526e-03
3.121148e-03
3.001849e-03
2.665521e-03
2.495551e-03
2.433262e-03
2.377964e-03
2.174900e-03
2.096844e-03
1.948837e-03
1.825748e-03
1.728009e-03
1.650604e-03
1.625267e-03
1.597525e-03
1.514571e-03
1.462637e-03
1.444634e-03
1.373095e-03
1.364490e-03
1.323452e-03
1.307035e-03
1.286996e-03
1.272081e-03
1.212944e-03
1.210222e-03
1.179333e-03
1.169966e-03
1.162950e-03
1.148185e-03
1.114651e-03
1.102035e-03
1.091068e-03
1.075073e-03
1.067688e-03
1.053445e-03
1.034695e-03
1.019176e-03
1.007790e-03
9.787268e-04
9.647929e-04
9.584573e-04
9.518843e-04
9.392834e-04
9.154011e-04
9.078091e-04
9.026992e-04
8.909324e-04
8.872346e-04
8.700700e-04
8.611188e-04
8.559921e-04
8.439852e-04
8.348405e-04
8.301081e-04
8.104946e-04
7.919524e-04
7.844887e-04
7.688692e-04
7.670370e-04
7.631725e-04
7.508231e-04
7.423933e-04
7.273551e-04
7.159022e-04
7.112171e-04
6.903509e-04
6.830698e-04
6.731907e-04
6.594096e-04
6.509641e-04
6.496579e-04
6.266937e-04
6.233744e-04
6.090686e-04
6.034774e-04
5.957833e-04
5.835427e-04
5.799727e-04
5.714345e-04
5.618277e-04
5.430235e-04
5.405260e-04
5.348310e-04
5.203873e-04
5.184984e-04
5.025673e-04
4.923407e-04
4.826598e-04
4.754028e-04
4.698047e-04
4.499986e-04
4.396192e-04
4.343189e-04
4.246042e-04
4.095048e-04
4.046898e-04
3.966285e-04
3.781476e-04
3.661079e-04
3.604014e-04
3.518799e-04
3.405769e-04
3.271860e-04
3.211170e-04
3.168254e-04
3.126829e-04
3.092649e-04
2.880999e-04
2.842732e-04
2.785444e-04
2.696757e-04
2.629923e-04
2.516959e-04
2.442479e-04
2.246048e-04
2.243204e-04
2.182725e-04
1.994464e-04
1.807959e-04
1.777175e-04
1.726884e-04
1.688291e-04
1.606024e-04
1.531054e-04
1.467994e-04
1.326572e-04
1.175598e-04
1.022915e-04
9.815241e-05
9.712082e-05
8.768826e-05
8.548034e-05
8.184645e-05
6.769132e-05
5.705922e-05
4.323640e-05
3.837586e-05
2.269231e-05
1.231013e-05
1.497074e-06
1.630613e-13
9.260408e-14
-1.525195e-14
-3.116579e-14
-5.206764e-14
-9.409137e-14
-3.720343e-06
-5.845091e-06
-2.665991e-05
-3.258378e-05
-3.511108e-05
-4.910081e-05
-5.673629e-05
-7.395020e-05
-8.141725e-05
-9.338285e-05
-1.016030e-04
-1.128731e-04
-1.303774e-04
-1.401564e-04
-1.524534e-04
-1.564043e-04
-1.672682e-04
-1.754584e-04
-1.795870e-04
-1.838164e-04
-1.979693e-04
-2.037622e-04
-2.253719e-04
-2.323492e-04
-2.419706e-04
-2.446504e-04
-2.560860e-04
-2.712087e-04
-2.837759e-04
-2.850271e-04
-2.995042e-04
-3.080109e-04
-3.165442e-04
-3.307516e-04
-3.357546e-04
-3.384318e-04
-3.644815e-04
-3.734305e-04
-3.894985e-04
-4.092304e-04
-4.190543e-04
-4.329099e-04
-4.424255e-04
-4.524682e-04
-4.703980e-04
-4.856192e-04
-5.007397e-04
-5.108137e-04
-5.297605e-04
-5.505102e-04
-5.572806e-04
-5.693302e-04
-5.911555e-04
-6.004556e-04
-6.293785e-04
-6.532037e-04
-7.141284e-04
