1.951354e+05
1.910757e+04
7.872578e+03
2.269474e+03
2.677448e+02
3.005529e+01
1.284833e+01
6.023303e+00
2.045662e+00
2.688679e-01
8.446366e-02
5.380477e-02
4.305469e-02
4.090362e-02
3.106617e-02
2.760983e-02
2.450442e-02
2.322459e-02
2.291233e-02
2.111013e-02
2.015375e-02
1.935516e-02
1.787406e-02
1.750877e-02
1.677401e-02
1.654950e-02
1.503276e-02
1.429559e-02
1.346552e-02
1.269258e-02
1.233342e-02
1.164770e-02
1.111137e-02
1.033966e-02
1.019398e-02
9.900102e-03
9.346917e-03
8.906188e-03
8.358985e-03
8.333348e-03
7.713926e-03
7.347095e-03
7.200325e-03
6.717148e-03
6.488813e-03
6.367695e-03
6.078430e-03
5.825479e-03
5.578545e-03
5.032505e-03
4.938354e-03
4.763862e-03
4.732786e-03
4.309437e-03
3.849702e-03
3.787265e-03
3.657846e-03
3.559492e-03
3.342824e-03
3.201429e-03
3.164785e-03
2.769516e-03
2.618861e-03
2.461498e-03
2.331249e-03
2.137541e-03
2.053979e-03
2.014161e-03
1.936309e-03
1.821826e-03
1.621076e-03
1.377391e-03
1.305639e-03
1.186587e-03
1.157890e-03
1.011080e-03
9.785560e-04
8.844952e-04
8.112673e-04
7.535269e-04
7.180903e-04
6.521156e-04
5.888887e-04
5.000615e-04
3.085276e-04
2.458384e-04
9.846750e-05
-3.169031e-06
-1.930515e-04
-2.606092e-04
-4.797990e-04
-7.837251e-04
-1.096910e-03
-1.212516e-03
-1.461546e-03
-1.683105e-03
-2.061041e-03
-2.649173e-03
-2.798866e-03
-3.409213e-03
-3.817726e-03
-4.290205e-03
-5.306986e-03
-5.536724e-03
-5.911913e-03
-6.907562e-03
-7.580942e-03
-8.346427e-03
-8.647790e-03
-9.354308e-03
-9.657105e-03
-1.025662e-02
-1.219166e-02
-1.263489e-02
-1.543224e-02
-1.776324e-02
-1.797740e-02
-2.037987e-02
-2.077362e-02
-2.359146e-02
-2.514510e-02
-2.959975e-02
-3.327984e-02
-3.461552e-02
-4.326212e-02
-4.890902e-02
-6.542518e-02
-9.334876e-02
