8.915166e+04
3.680234e+03
2.651948e+03
1.659580e+03
1.121102e+03
8.021068e+02
5.252238e+02
4.340056e+02
3.154161e+02
2.856597e+02
2.633625e+02
1.915069e+02
1.875884e+02
1.666118e+02
1.545568e+02
1.469761e+02
1.369835e+02
1.234415e+02
1.159879e+02
1.060704e+02
9.522345e+01
9.342864e+01
8.485067e+01
8.064564e+01
7.315068e+01
7.055039e+01
7.015693e+01
6.679153e+01
6.159766e+01
5.678259e+01
5.319655e+01
4.907402e+01
4.604580e+01
4.454594e+01
3.967544e+01
3.940434e+01
3.699889e+01
3.490723e+01
3.229947e+01
3.142268e+01
3.012238e+01
2.547708e+01
2.500643e+01
2.365670e+01
2.260860e+01
1.997896e+01
1.955459e+01
1.781891e+01
1.685943e+01
1.587251e+01
1.450271e+01
1.407006e+01
1.302841e+01
1.252903e+01
1.147012e+01
1.116051e+01
9.775820e+00
9.609434e+00
8.587912e+00
8.228267e+00
7.825827e+00
7.252789e+00
6.729514e+00
6.352309e+00
5.854988e+00
5.081856e+00
4.901384e+00
4.790479e+00
4.508578e+00
4.272663e+00
3.928780e+00
3.299220e+00
3.186498e+00
2.654402e+00
2.387647e+00
2.340341e+00
2.053402e+00
2.011572e+00
1.891040e+00
1.774004e+00
1.711983e+00
1.633578e+00
1.515485e+00
1.498753e+00
1.347684e+00
1.321671e+00
1.285396e+00
1.165919e+00
1.139027e+00
1.101461e+00
1.028952e+00
9.768382e-01
9.156769e-01
9.052774e-01
8.362959e-01
8.275256e-01
6.924772e-01
6.823997e-01
6.420205e-01
6.058893e-01
5.849132e-01
5.604541e-01
5.407360e-01
5.204837e-01
4.916070e-01
4.303243e-01
4.159341e-01
3.826732e-01
3.515371e-01
3.379344e-01
3.219956e-01
2.881395e-01
2.740832e-01
2.681454e-01
2.326353e-01
2.208629e-01
2.076603e-01
1.948989e-01
1.886791e-01
1.765470e-01
1.680231e-01
1.546131e-01
1.501580e-01
1.443134e-01
1.366205e-01
1.282987e-01
1.176403e-01
1.146464e-01
1.109316e-01
1.058142e-01
9.595820e-02
9.142043e-02
8.752489e-02
8.318238e-02
8.098069e-02
7.499079e-02
6.995291e-02
6.747945e-02
6.427145e-02
5.912792e-02
5.384446e-02
5.145196e-02
4.696483e-02
4.563988e-02
4.227871e-02
4.056753e-02
3.855521e-02
3.793127e-02
3.533151e-02
3.303825e-02
3.232077e-02
3.192201e-02
2.809719e-02
2.590999e-02
2.432542e-02
2.368522e-02
2.192522e-02
2.131579e-02
2.066025e-02
1.824915e-02
1.762806e-02
1.718024e-02
1.545063e-02
1.445855e-02
1.387213e-02
1.337203e-02
1.163720e-02
1.097468e-02
9.879693e-03
9.556481e-03
8.826744e-03
8.211344e-03
7.905606e-03
7.780763e-03
7.186314e-03
7.027012e-03
6.785050e-03
6.501634e-03
6.265964e-03
5.897082e-03
5.443198e-03
5.221370e-03
4.825201e-03
4.522363e-03
4.250253e-03
3.863810e-03
3.686655e-03
3.503581e-03
3.427263e-03
3.304295e-03
3.017605e-03
3.001707e-03
2.937409e-03
2.823368e-03
2.656150e-03
2.550500e-03
2.392577e-03
2.279041e-03
2.166159e-03
2.025241e-03
1.942991e-03
1.828834e-03
1.800568e-03
1.679277e-03
1.623264e-03
1.602576e-03
1.590662e-03
1.537043e-03
1.519156e-03
1.477612e-03
1.450723e-03
1.397928e-03
1.358625e-03
1.306631e-03
1.278375e-03
1.261925e-03
1.250321e-03
1.208746e-03
1.176203e-03
1.162938e-03
1.155793e-03
1.105099e-03
1.098493e-03
1.078435e-03
1.063655e-03
1.041651e-03
1.025751e-03
1.012543e-03
1.002677e-03
9.978149e-04
9.832387e-04
9.760789e-04
9.647674e-04
9.554386e-04
9.431493e-04
9.180973e-04
9.136831e-04
8.962576e-04
8.884250e-04
8.800259e-04
8.707732e-04
8.458061e-04
8.397051e-04
8.189736e-04
8.081979e-04
7.973292e-04
7.838071e-04
7.778464e-04
7.683449e-04
7.571289e-04
7.408052e-04
7.382566e-04
7.293174e-04
7.145872e-04
6.955247e-04
6.871623e-04
6.856815e-04
6.674445e-04
6.652370e-04
6.572547e-04
6.490538e-04
6.288328e-04
6.204211e-04
6.032801e-04
6.015410e-04
5.946578e-04
5.883069e-04
5.751615e-04
5.623614e-04
5.573037e-04
5.374951e-04
5.329316e-04
5.242405e-04
5.207808e-04
5.091340e-04
5.035818e-04
4.892562e-04
4.743018e-04
4.713229e-04
4.606073e-04
4.530499e-04
4.380250e-04
4.260757e-04
4.177687e-04
4.066913e-04
4.054286e-04
3.877444e-04
3.790146e-04
3.738252e-04
3.644711e-04
3.625751e-04
3.442332e-04
3.421996e-04
3.329597e-04
3.283873e-04
3.084361e-04
2.959066e-04
2.937268e-04
2.809544e-04
2.681725e-04
2.594139e-04
2.559303e-04
2.395514e-04
2.347027e-04
2.251833e-04
2.221035e-04
2.082903e-04
1.967641e-04
1.918025e-04
1.856746e-04
1.662700e-04
1.616086e-04
1.522484e-04
1.422405e-04
1.379477e-04
1.235639e-04
1.212551e-04
1.066940e-04
9.447458e-05
9.333171e-05
8.175553e-05
7.491514e-05
6.383313e-05
5.782514e-05
3.697167e-05
2.828161e-05
1.714461e-05
1.149101e-05
1.543459e-13
3.937658e-14
-7.909411e-14
-5.154526e-07
-1.056289e-05
-2.285969e-05
-3.105188e-05
-3.496748e-05
-3.904360e-05
-4.591346e-05
-6.251640e-05
-7.135839e-05
-8.419537e-05
-9.431600e-05
-1.033447e-04
-1.134015e-04
-1.200621e-04
-1.340905e-04
-1.392215e-04
-1.558582e-04
-1.599314e-04
-1.622117e-04
-1.713355e-04
-1.839042e-04
-2.058646e-04
-2.132680e-04
-2.273160e-04
-2.371318e-04
-2.441839e-04
-2.516257e-04
-2.734514e-04
-2.895139e-04
-2.907338e-04
-3.117406e-04
-3.257361e-04
-3.273610e-04
-3.585594e-04
-3.699557e-04
-3.751688e-04
-3.915643e-04
-4.017930e-04
-4.210207e-04
-4.402320e-04
-4.530835e-04
-4.698012e-04
-4.873284e-04
-4.917200e-04
-4.975132e-04
-5.158402e-04
-5.302601e-04
-5.450774e-04
-5.561391e-04
-5.788322e-04
-6.009372e-04
-6.153969e-04
-6.608334e-04
