1.284524e+05
6.368722e+03
3.178680e+03
2.830106e+03
1.894887e+03
1.637275e+03
1.404975e+03
1.116070e+03
8.590352e+02
7.354715e+02
7.006878e+02
4.768280e+02
3.114686e+02
2.635282e+02
2.251962e+02
1.973815e+02
1.872942e+02
1.509641e+02
1.364341e+02
1.185020e+02
1.022007e+02
1.005688e+02
9.631601e+01
8.068256e+01
7.686186e+01
6.641236e+01
5.911653e+01
5.593975e+01
5.410321e+01
4.635015e+01
4.377010e+01
4.254608e+01
4.037044e+01
3.634811e+01
3.330463e+01
2.939395e+01
2.731123e+01
2.608437e+01
2.563034e+01
2.335688e+01
2.152814e+01
2.041550e+01
1.934426e+01
1.824184e+01
1.703337e+01
1.546624e+01
1.467956e+01
1.295553e+01
1.182937e+01
1.150215e+01
1.015247e+01
1.002670e+01
8.778623e+00
8.525606e+00
8.379410e+00
8.260952e+00
7.796251e+00
6.917076e+00
6.120643e+00
5.536983e+00
5.124488e+00
4.785368e+00
4.474505e+00
4.435403e+00
3.821981e+00
3.391298e+00
3.213141e+00
3.023217e+00
2.967012e+00
2.736148e+00
2.358191e+00
2.351327e+00
2.259519e+00
2.083910e+00
1.891006e+00
1.756898e+00
1.561859e+00
1.487490e+00
1.447617e+00
1.386158e+00
1.209885e+00
1.173722e+00
1.053942e+00
1.004695e+00
9.834383e-01
8.600291e-01
8.335069e-01
7.630104e-01
7.313191e-01
6.811638e-01
6.262171e-01
6.203228e-01
5.584047e-01
5.034656e-01
4.605623e-01
4.146651e-01
3.891233e-01
3.658053e-01
3.497759e-01
3.254237e-01
3.181528e-01
2.965992e-01
2.739602e-01
2.534112e-01
2.340502e-01
2.151247e-01
2.091260e-01
1.842006e-01
1.739740e-01
1.670755e-01
1.598006e-01
1.470798e-01
1.271138e-01
1.190656e-01
1.119362e-01
1.080639e-01
9.518109e-02
9.183939e-02
8.710344e-02
8.028432e-02
7.308726e-02
7.086957e-02
6.522994e-02
6.314512e-02
5.172288e-02
5.052204e-02
4.802936e-02
4.497387e-02
4.064880e-02
3.680929e-02
3.498592e-02
3.223369e-02
2.884628e-02
2.774450e-02
2.623859e-02
2.503714e-02
2.297118e-02
2.185561e-02
2.029385e-02
1.980027e-02
1.721025e-02
1.672394e-02
1.337858e-02
1.242373e-02
1.209967e-02
1.093693e-02
9.437374e-03
9.185575e-03
8.778087e-03
8.172361e-03
7.716701e-03
7.619800e-03
6.781931e-03
6.316863e-03
5.932081e-03
5.509461e-03
5.194347e-03
5.093889e-03
4.916141e-03
4.710940e-03
3.979670e-03
3.451298e-03
3.061435e-03
2.964316e-03
2.751627e-03
2.619287e-03
2.203253e-03
2.063463e-03
1.938505e-03
1.840672e-03
1.724895e-03
1.683158e-03
1.607935e-03
1.540172e-03
1.519499e-03
1.479341e-03
1.418953e-03
1.416345e-03
1.408595e-03
1.371771e-03
1.334459e-03
1.326742e-03
1.299960e-03
1.295129e-03
1.287221e-03
1.256456e-03
1.252670e-03
1.239207e-03
1.218027e-03
1.188686e-03
1.180587e-03
1.159854e-03
1.139285e-03
1.128033e-03
1.117597e-03
1.105133e-03
1.084554e-03
1.071231e-03
1.047880e-03
1.037526e-03
1.026673e-03
1.015830e-03
9.974259e-04
9.908380e-04
9.649823e-04
9.587354e-04
9.343026e-04
9.295786e-04
9.161173e-04
9.019805e-04
8.911897e-04
8.787332e-04
8.699353e-04
8.519361e-04
8.482052e-04
8.381173e-04
8.196941e-04
7.993443e-04
7.873041e-04
7.864468e-04
7.791171e-04
7.695867e-04
7.621300e-04
7.475237e-04
7.307540e-04
7.279234e-04
7.220751e-04
7.051784e-04
7.039918e-04
6.864328e-04
6.751828e-04
6.650700e-04
6.522977e-04
6.423218e-04
6.279467e-04
6.193437e-04
6.133569e-04
6.092006e-04
5.975440e-04
5.933319e-04
5.721412e-04
5.670435e-04
5.563385e-04
5.435238e-04
5.298700e-04
5.279845e-04
5.157232e-04
5.037053e-04
4.991049e-04
4.903887e-04
4.781532e-04
4.641375e-04
4.605655e-04
4.586873e-04
4.515702e-04
4.449498e-04
4.281893e-04
4.270427e-04
4.170014e-04
4.112646e-04
4.069204e-04
3.856370e-04
3.806950e-04
3.599848e-04
3.537300e-04
3.422680e-04
3.383564e-04
3.230147e-04
3.192233e-04
3.041443e-04
2.979979e-04
2.865364e-04
2.765241e-04
2.715278e-04
2.640041e-04
2.540949e-04
2.471962e-04
2.219926e-04
2.187312e-04
2.074077e-04
1.981201e-04
1.904057e-04
1.824282e-04
1.763040e-04
1.585770e-04
1.496630e-04
1.443382e-04
1.435880e-04
1.395222e-04
1.253835e-04
1.188492e-04
1.109697e-04
1.008375e-04
8.780503e-05
8.525369e-05
6.975621e-05
6.297802e-05
6.274445e-05
5.151521e-05
3.654505e-05
3.423244e-05
2.468468e-05
1.308097e-05
-2.770118e-06
-4.949254e-06
-7.445321e-06
-2.552042e-05
-3.662092e-05
-4.679248e-05
-4.783660e-05
-6.080081e-05
-6.394325e-05
-7.908930e-05
-8.644446e-05
-9.607324e-05
-1.108335e-04
-1.112674e-04
-1.166711e-04
-1.250337e-04
-1.344839e-04
-1.472316e-04
-1.524297e-04
-1.596174e-04
-1.787303e-04
-1.843866e-04
-1.891703e-04
-2.001470e-04
-2.064620e-04
-2.148187e-04
-2.317752e-04
-2.354757e-04
-2.459449e-04
-2.540243e-04
-2.641210e-04
-2.663060e-04
-2.819691e-04
-3.014886e-04
-3.125299e-04
-3.244913e-04
-3.298609e-04
-3.442440e-04
-3.588050e-04
-3.795299e-04
-3.874840e-04
-3.997647e-04
-4.026758e-04
-4.107800e-04
-4.221272e-04
-4.339665e-04
-4.534843e-04
-4.574328e-04
-4.659772e-04
-4.748988e-04
-4.903709e-04
-4.945957e-04
-5.031666e-04
-5.132717e-04
-5.286154e-04
-5.386283e-04
-5.441796e-04
-5.629111e-04
-5.673129e-04
-5.739507e-04
-5.799915e-04
-6.079921e-04
-6.092723e-04
-6.319218e-04
-6.405541e-04
-6.633114e-04
-6.746876e-04
-6.980327e-04
-7.145033e-04
-7.235339e-04
-7.368589e-04
-7.669246e-04
-7.727939e-04
-7.964995e-04
-8.326203e-04
-8.423860e-04
-8.661357e-04
-8.819627e-04
-9.181565e-04
-9.574924e-04
-9.762189e-04
