8.229033e+12
6.102293e+12
4.804800e+12
4.031121e+12
3.502680e+12
3.086497e+12
3.015016e+12
2.790119e+12
2.636676e+12
2.485343e+12
2.286165e+12
2.148556e+12
2.053421e+12
2.014975e+12
1.861251e+12
1.812936e+12
1.782216e+12
1.688500e+12
1.630367e+12
1.557180e+12
1.497092e+12
1.461702e+12
1.433873e+12
1.427705e+12
1.340458e+12
1.280107e+12
1.259525e+12
1.211590e+12
1.165697e+12
1.136115e+12
1.114462e+12
1.091658e+12
1.035133e+12
1.008093e+12
9.798711e+11
9.592618e+11
9.427077e+11
9.095857e+11
8.816886e+11
8.675890e+11
8.524437e+11
8.478993e+11
8.108837e+11
7.951113e+11
7.853703e+11
7.683513e+11
7.558321e+11
7.458319e+11
7.393549e+11
7.166402e+11
6.941728e+11
6.789817e+11
6.657754e+11
6.503563e+11
6.329120e+11
6.245059e+11
6.199400e+11
6.041723e+11
5.899719e+11
5.745938e+11
5.591958e+11
5.564171e+11
5.434647e+11
5.311278e+11
5.207561e+11
5.187121e+11
5.094934e+11
4.974293e+11
4.964216e+11
4.931128e+11
4.816563e+11
4.734501e+11
4.623685e+11
4.518196e+11
4.498881e+11
4.332991e+11
4.303483e+11
4.240674e+11
4.151809e+11
4.117542e+11
4.085213e+11
3.958495e+11
3.951364e+11
3.822577e+11
3.769873e+11
3.741482e+11
3.714982e+11
3.676358e+11
3.620494e+11
3.594732e+11
3.554462e+11
3.486720e+11
3.441242e+11
3.381861e+11
3.343210e+11
3.321301e+11
3.247594e+11
3.162028e+11
3.156779e+11
3.120433e+11
3.025820e+11
3.002023e+11
2.926432e+11
2.911334e+11
2.860739e+11
2.815129e+11
2.731521e+11
2.681830e+11
2.649140e+11
2.561366e+11
2.541450e+11
2.524388e+11
2.477079e+11
2.439818e+11
2.377268e+11
2.237843e+11
2.196948e+11
2.088279e+11
2.033858e+11
1.955564e+11
1.896834e+11
1.867940e+11
1.726103e+11
1.705640e+11
1.630345e+11
7.950648e+10
3.922806e+10
4.008181e+09
