4.571165e+09
5.719869e+08
7.356300e+07
7.205392e+07
5.719568e+07
5.025105e+07
3.861406e+07
3.318695e+07
2.983996e+07
2.195096e+07
1.675806e+07
1.580839e+07
1.393302e+07
9.106227e+06
6.914956e+06
6.576941e+06
5.632372e+06
5.038984e+06
3.369400e+06
2.864682e+06
2.461987e+06
1.868741e+06
1.553246e+06
1.407091e+06
1.234481e+06
1.109698e+06
8.952884e+05
8.372371e+05
6.631389e+05
5.160988e+05
4.486749e+05
4.079843e+05
3.302271e+05
2.649513e+05
2.416752e+05
1.965260e+05
1.586150e+05
1.233753e+05
1.029528e+05
7.067549e+04
6.271689e+04
5.115455e+04
4.543927e+04
3.099450e+04
2.578375e+04
1.783528e+04
1.190960e+04
8.852852e+03
5.874170e+03
5.640576e+03
4.878141e+03
3.116598e+03
2.515826e+03
1.668753e+03
1.200536e+03
1.050930e+03
6.593445e+02
5.380995e+02
3.221460e+02
2.680173e+02
1.577318e+02
1.222962e+02
7.424438e+01
5.520601e+01
4.685285e+01
3.677441e+01
2.788627e+01
7.705873e+00
6.130124e+00
5.085060e+00
1.832588e+00
1.326169e+00
8.917342e-01
7.968411e-01
5.379246e-01
3.453476e-01
3.044674e-01
1.901540e-01
1.404805e-01
7.449363e-02
6.181724e-02
3.527672e-02
2.793728e-02
2.028735e-02
1.523899e-02
1.276129e-02
1.144515e-02
1.122777e-02
1.017405e-02
9.573231e-03
8.544177e-03
7.679021e-03
6.423773e-03
5.974020e-03
5.241683e-03
5.088325e-03
4.773534e-03
3.881863e-03
3.477616e-03
3.168641e-03
2.989445e-03
2.284851e-03
1.706138e-03
9.217362e-04
6.024680e-04
4.357689e-04
5.048885e-05
-1.310367e-04
-3.160460e-04
-8.462278e-04
-1.083267e-03
-1.377488e-03
-1.463123e-03
-1.935274e-03
-2.155782e-03
-3.184110e-03
-3.536429e-03
-4.112678e-03
-4.431379e-03
-4.984654e-03
-5.198989e-03
-5.859283e-03
-7.211075e-03
-7.773601e-03
-8.164578e-03
-9.934894e-03
-1.107345e-02
-4.684078e-02
