1.623849e+08
2.366434e+07
1.381004e+06
8.449421e+05
7.700239e+05
3.310077e+05
2.772536e+05
1.043356e+05
1.604035e+04
1.041190e+04
4.229061e+03
1.185938e+03
4.313905e+02
2.281092e+02
6.775674e+01
5.097197e+01
4.152397e+01
3.984917e+01
3.337455e+01
3.130960e+01
2.705239e+01
2.287558e+01
2.083332e+01
1.814146e+01
1.736217e+01
1.557850e+01
1.511871e+01
1.487541e+01
1.407268e+01
1.392862e+01
1.288320e+01
1.273672e+01
1.151194e+01
1.141226e+01
1.065949e+01
9.663246e+00
9.528099e+00
9.192389e+00
8.774567e+00
8.323541e+00
8.030960e+00
7.674746e+00
7.451684e+00
6.840991e+00
6.672912e+00
6.304006e+00
6.189342e+00
5.754081e+00
5.513045e+00
5.287364e+00
4.918084e+00
4.767885e+00
4.501404e+00
3.998114e+00
3.930664e+00
3.691292e+00
3.528945e+00
3.350217e+00
2.844815e+00
2.672174e+00
2.597185e+00
2.244873e+00
2.130924e+00
1.965291e+00
1.725839e+00
1.634989e+00
1.399668e+00
1.190788e+00
1.018240e+00
7.094874e-01
6.444557e-01
3.684779e-01
2.881656e-01
1.201388e-01
8.586299e-02
7.764640e-02
5.469741e-02
3.716210e-02
6.496716e-04
-1.181186e-09
-4.757433e-02
-1.671698e-01
-2.643812e-01
-3.152774e-01
-3.783090e-01
-5.916637e-01
-6.320552e-01
-6.888232e-01
-8.850712e-01
-1.011122e+00
-1.129112e+00
-1.262821e+00
-1.311367e+00
-1.642257e+00
-1.807372e+00
-1.991862e+00
-2.336317e+00
-2.380638e+00
-2.670390e+00
-2.746258e+00
-2.955002e+00
-3.460303e+00
-3.715240e+00
-4.045339e+00
-4.285939e+00
-4.669332e+00
-5.259021e+00
-5.601484e+00
-5.775056e+00
-6.120814e+00
-6.217834e+00
-7.157290e+00
-7.639339e+00
-8.534900e+00
-8.860208e+00
-1.029667e+01
-1.116524e+01
-1.208778e+01
-1.470885e+01
-1.559032e+01
-1.774564e+01
-2.054163e+01
-2.207567e+01
-2.517293e+01
-3.202226e+01
-3.509866e+01
-6.159873e+01
-7.022487e+01
