1.036064e+10
6.469830e+08
2.570332e+08
1.300286e+08
8.149280e+07
6.295374e+07
5.295098e+07
4.565949e+07
3.365764e+07
3.056471e+07
2.549746e+07
2.190730e+07
2.034418e+07
1.626225e+07
1.349782e+07
1.098036e+07
9.077604e+06
8.653394e+06
7.113652e+06
6.428894e+06
5.476294e+06
4.255564e+06
3.774208e+06
3.173129e+06
2.947524e+06
2.634043e+06
2.370551e+06
2.216758e+06
2.077829e+06
1.795998e+06
1.429173e+06
1.278755e+06
1.136394e+06
9.962854e+05
8.905304e+05
8.399869e+05
7.661043e+05
6.906016e+05
5.891466e+05
5.227152e+05
4.649195e+05
4.173624e+05
3.727854e+05
3.239914e+05
2.802999e+05
2.569275e+05
2.260789e+05
1.908677e+05
1.781777e+05
1.595786e+05
1.448844e+05
1.384902e+05
1.335007e+05
8.958713e+04
7.587830e+04
6.540947e+04
6.059323e+04
4.775921e+04
3.761389e+04
2.554312e+04
2.395483e+04
1.614357e+04
1.404351e+04
1.318331e+04
8.007386e+03
5.781191e+03
4.483707e+03
3.792756e+03
3.336507e+03
2.497858e+03
1.807321e+03
1.392068e+03
1.104968e+03
7.105229e+02
4.547490e+02
3.616393e+02
3.103959e+02
2.287212e+02
1.306306e+02
1.029077e+02
9.409140e+01
6.042336e+01
3.896969e+01
2.642747e+01
1.712990e+01
1.360033e+01
1.104033e+01
8.225965e+00
7.356737e+00
4.496378e+00
3.531196e+00
2.589770e+00
1.943962e+00
1.329205e+00
1.060526e+00
9.759452e-01
8.124047e-01
6.505418e-01
5.986587e-01
5.131396e-01
4.333128e-01
3.998508e-01
3.734358e-01
3.525243e-01
3.154926e-01
2.864859e-01
2.538303e-01
2.242076e-01
1.835192e-01
1.535625e-01
1.402886e-01
1.180085e-01
8.796386e-02
7.546462e-02
6.169778e-02
3.249404e-02
-1.604180e-03
-2.922640e-02
-4.878174e-02
-7.156513e-02
-9.929981e-02
-1.192851e-01
-1.492140e-01
-2.072919e-01
-2.697359e-01
-2.928301e-01
-4.027955e-01
-4.736086e-01
