2.022305e+12
1.665676e+12
1.544768e+12
1.384384e+12
1.350071e+12
1.216703e+12
1.172488e+12
1.019827e+12
9.530453e+11
9.222121e+11
8.688613e+11
8.117208e+11
7.949946e+11
7.650928e+11
7.188362e+11
6.929316e+11
6.781730e+11
6.345614e+11
6.037746e+11
5.857112e+11
5.649169e+11
5.391244e+11
5.136764e+11
5.032089e+11
4.835038e+11
4.593288e+11
4.390258e+11
4.269164e+11
4.186063e+11
4.037851e+11
3.928752e+11
3.784699e+11
3.545648e+11
3.392203e+11
3.377278e+11
3.197403e+11
3.143397e+11
3.089551e+11
2.893215e+11
2.840007e+11
2.788782e+11
2.758335e+11
2.681990e+11
2.582369e+11
2.461040e+11
2.434285e+11
2.332463e+11
2.291375e+11
2.222403e+11
2.199947e+11
2.147402e+11
2.064760e+11
2.020915e+11
1.970151e+11
1.917986e+11
1.838238e+11
1.751453e+11
1.694373e+11
1.671612e+11
1.628016e+11
1.573470e+11
1.541048e+11
1.501285e+11
1.472287e+11
1.453715e+11
1.414506e+11
1.382123e+11
1.366150e+11
1.355986e+11
1.314148e+11
1.277210e+11
1.249401e+11
1.225714e+11
1.199518e+11
1.164226e+11
1.144616e+11
1.127274e+11
1.098102e+11
1.094788e+11
1.063813e+11
1.041521e+11
1.019202e+11
9.694063e+10
9.642249e+10
9.535509e+10
9.140036e+10
8.865665e+10
8.698927e+10
8.650964e+10
8.452180e+10
8.292565e+10
8.190818e+10
7.997832e+10
7.834044e+10
7.630279e+10
7.548069e+10
7.441414e+10
7.202339e+10
7.061130e+10
6.902148e+10
6.896216e+10
6.634723e+10
6.602742e+10
6.537170e+10
6.360274e+10
6.239422e+10
6.189228e+10
6.079751e+10
5.984919e+10
5.885110e+10
5.787754e+10
5.583281e+10
5.508122e+10
5.476266e+10
5.373976e+10
5.201587e+10
5.016150e+10
4.964056e+10
4.673295e+10
4.610512e+10
4.539263e+10
4.224813e+10
2.867899e+10
2.204323e+10
1.439821e+10
9.345542e+09
7.496287e+09
4.602913e+09
