8.459852e+04
3.425699e+03
2.382961e+03
1.765384e+03
1.123331e+03
7.704521e+02
5.939969e+02
4.351637e+02
3.559021e+02
3.310759e+02
3.001241e+02
2.727534e+02
2.349395e+02
2.176949e+02
2.019575e+02
1.948401e+02
1.754036e+02
1.713425e+02
1.645432e+02
1.470994e+02
1.410334e+02
1.378084e+02
1.340596e+02
1.168980e+02
1.134726e+02
1.095860e+02
1.034277e+02
1.011019e+02
9.397926e+01
9.320738e+01
8.323147e+01
8.234244e+01
7.055775e+01
6.723306e+01
6.643289e+01
6.229686e+01
6.065731e+01
5.625644e+01
5.384266e+01
5.059311e+01
4.843794e+01
4.560857e+01
4.409149e+01
4.041101e+01
3.557365e+01
3.422134e+01
3.248442e+01
3.075617e+01
2.980697e+01
2.736687e+01
2.634193e+01
2.436604e+01
2.387749e+01
2.255664e+01
2.051334e+01
2.026922e+01
1.859743e+01
1.768493e+01
1.679337e+01
1.543118e+01
1.329799e+01
1.272944e+01
1.179272e+01
1.147260e+01
1.105567e+01
9.461458e+00
9.240161e+00
8.555115e+00
7.983974e+00
7.593877e+00
6.496347e+00
6.270454e+00
5.680459e+00
5.324898e+00
5.030893e+00
4.689653e+00
4.456796e+00
4.172814e+00
3.926203e+00
3.610554e+00
3.521504e+00
3.460939e+00
3.081029e+00
2.965238e+00
2.850106e+00
2.676548e+00
2.652332e+00
2.543517e+00
2.434523e+00
2.317711e+00
1.962116e+00
1.927689e+00
1.832145e+00
1.748689e+00
1.707930e+00
1.584339e+00
1.525329e+00
1.350041e+00
1.291265e+00
1.276071e+00
1.219017e+00
1.088490e+00
1.056267e+00
1.033935e+00
1.011384e+00
9.281093e-01
9.021416e-01
8.315727e-01
8.150677e-01
7.879806e-01
7.241293e-01
6.927022e-01
6.752177e-01
6.539583e-01
5.929398e-01
5.288733e-01
5.064253e-01
4.980395e-01
4.628733e-01
4.186990e-01
4.003857e-01
3.811488e-01
3.569117e-01
3.470769e-01
3.297317e-01
3.054884e-01
2.831207e-01
2.714052e-01
2.488702e-01
2.354775e-01
2.299471e-01
2.235038e-01
1.961837e-01
1.820318e-01
1.775700e-01
1.694889e-01
1.539941e-01
1.530490e-01
1.420799e-01
1.380880e-01
1.329799e-01
1.193095e-01
1.180499e-01
1.157359e-01
1.065371e-01
1.009719e-01
9.579593e-02
8.753129e-02
8.502393e-02
7.918351e-02
7.095790e-02
6.769229e-02
6.641215e-02
6.285827e-02
6.143612e-02
5.763349e-02
4.884992e-02
4.843939e-02
4.781324e-02
4.393859e-02
4.075799e-02
3.858206e-02
3.649865e-02
3.504670e-02
3.377079e-02
3.210382e-02
3.081650e-02
2.906226e-02
2.746237e-02
2.708832e-02
2.593927e-02
2.448144e-02
2.419849e-02
2.237851e-02
2.171939e-02
2.034758e-02
1.825752e-02
1.670343e-02
1.636024e-02
1.592988e-02
1.468142e-02
1.369626e-02
1.347873e-02
1.302736e-02
1.238740e-02
1.182702e-02
1.002421e-02
9.458594e-03
9.157828e-03
8.347909e-03
7.396752e-03
7.186339e-03
6.783222e-03
6.275977e-03
5.766228e-03
5.487278e-03
5.388874e-03
4.959604e-03
4.785351e-03
4.616790e-03
4.568965e-03
4.511090e-03
4.359559e-03
4.135929e-03
3.845652e-03
3.674288e-03
3.438481e-03
3.311642e-03
3.159563e-03
2.981920e-03
2.909778e-03
2.533380e-03
2.303655e-03
2.173006e-03
2.146724e-03
2.088030e-03
2.008436e-03
1.877659e-03
1.839538e-03
1.764156e-03
1.661611e-03
1.614236e-03
1.597240e-03
1.498746e-03
1.464380e-03
1.417044e-03
1.375174e-03
1.352063e-03
1.290666e-03
1.276744e-03
1.258312e-03
1.213447e-03
1.202938e-03
1.182971e-03
1.159509e-03
1.133494e-03
1.109876e-03
1.092976e-03
1.081983e-03
1.057692e-03
1.040487e-03
1.031680e-03
1.021840e-03
1.004480e-03
9.809367e-04
9.728185e-04
9.683286e-04
9.450431e-04
9.324456e-04
9.173700e-04
9.091134e-04
8.936900e-04
8.710932e-04
8.691989e-04
8.592945e-04
8.380641e-04
8.156572e-04
8.136260e-04
8.019850e-04
7.974778e-04
7.864005e-04
7.694249e-04
7.617741e-04
7.560216e-04
7.438750e-04
7.397822e-04
7.200752e-04
7.103575e-04
7.085048e-04
6.981261e-04
6.798759e-04
6.681902e-04
6.647515e-04
6.530590e-04
6.372601e-04
6.328157e-04
6.213769e-04
6.046711e-04
6.029935e-04
5.837954e-04
5.740440e-04
5.591520e-04
5.533971e-04
5.505143e-04
5.393620e-04
5.319759e-04
5.255362e-04
5.114180e-04
5.071278e-04
4.900880e-04
4.792041e-04
4.636696e-04
4.614266e-04
4.541269e-04
4.448868e-04
4.258238e-04
4.156718e-04
4.097596e-04
4.007368e-04
3.809873e-04
3.745948e-04
3.710453e-04
3.581250e-04
3.270081e-04
3.099955e-04
3.005055e-04
2.953495e-04
2.924506e-04
2.854890e-04
2.741996e-04
2.661074e-04
2.602340e-04
2.581594e-04
2.467755e-04
2.266877e-04
2.167300e-04
2.125046e-04
1.957132e-04
1.862898e-04
1.839682e-04
1.739748e-04
1.594041e-04
1.579909e-04
1.498342e-04
1.435916e-04
1.375138e-04
1.297105e-04
1.255639e-04
1.119119e-04
9.964219e-05
9.728777e-05
7.711289e-05
6.879985e-05
6.205079e-05
5.184321e-05
4.811698e-05
2.815032e-05
1.979004e-05
4.856563e-06
1.367138e-13
8.409255e-14
4.955836e-14
-4.296356e-14
-6.619234e-06
-2.112857e-05
-3.196251e-05
-3.477133e-05
-4.431359e-05
-6.812310e-05
-7.052284e-05
-8.446431e-05
-1.018965e-04
-1.173216e-04
-1.193841e-04
-1.310508e-04
-1.326583e-04
-1.444463e-04
-1.557432e-04
-1.599345e-04
-1.777168e-04
-1.805552e-04
-1.954762e-04
-2.138428e-04
-2.146190e-04
-2.245323e-04
-2.401856e-04
-2.510372e-04
-2.761919e-04
-2.916516e-04
-2.972338e-04
-3.149785e-04
-3.188990e-04
-3.353603e-04
-3.399364e-04
-3.585464e-04
-3.800506e-04
-3.914466e-04
-4.043622e-04
-4.197688e-04
-4.297852e-04
-4.695093e-04
-4.874684e-04
-5.033691e-04
-5.164465e-04
