2.154366e+05
2.683741e+04
4.967398e+03
1.597666e+03
2.164162e+02
3.209025e+01
1.282370e+01
5.714355e+00
1.465991e+00
1.941056e-01
7.396011e-02
4.587767e-02
3.880049e-02
3.547428e-02
2.815391e-02
2.704424e-02
2.654413e-02
2.262279e-02
2.132527e-02
1.953421e-02
1.892749e-02
1.702834e-02
1.610594e-02
1.477284e-02
1.433621e-02
1.323889e-02
1.279690e-02
1.263236e-02
1.223394e-02
1.175227e-02
1.115008e-02
1.041713e-02
1.025298e-02
9.930586e-03
9.538663e-03
9.455700e-03
9.289358e-03
8.693120e-03
8.592985e-03
8.150444e-03
8.079145e-03
7.282545e-03
7.091952e-03
6.991580e-03
6.451832e-03
6.412189e-03
6.136624e-03
5.949605e-03
5.894262e-03
5.487810e-03
5.208470e-03
4.960738e-03
4.845262e-03
4.787141e-03
4.476144e-03
4.355699e-03
4.028053e-03
3.894577e-03
3.828159e-03
3.624363e-03
3.565638e-03
3.337711e-03
3.042507e-03
3.006133e-03
2.928006e-03
2.703889e-03
2.583602e-03
2.473532e-03
2.179694e-03
2.105695e-03
1.855643e-03
1.758968e-03
1.732230e-03
1.650125e-03
1.496283e-03
1.318612e-03
1.149343e-03
1.124391e-03
9.648771e-04
9.591377e-04
8.178484e-04
7.434229e-04
6.352926e-04
4.578567e-04
3.522201e-04
2.757317e-04
2.081498e-04
1.031593e-04
5.771982e-05
-2.146329e-04
-2.526896e-04
-3.582296e-04
-6.703367e-04
-1.003027e-03
-1.093510e-03
-1.414440e-03
-1.526244e-03
-1.592063e-03
-1.893040e-03
-2.314033e-03
-2.585834e-03
-3.072672e-03
-3.536160e-03
-4.049606e-03
-4.169553e-03
-4.901821e-03
-5.438522e-03
-6.145287e-03
-6.728491e-03
-7.749744e-03
-9.086494e-03
-9.500265e-03
-1.012026e-02
-1.213415e-02
-1.348679e-02
-1.393074e-02
-1.727749e-02
-1.797285e-02
-2.028733e-02
-2.370678e-02
-2.536750e-02
-2.943935e-02
-3.349587e-02
-3.842963e-02
-4.401347e-02
-5.158639e-02
-6.525522e-02
-8.618181e-02
