1.277063e+05
6.169401e+03
3.049799e+03
2.453189e+03
1.697552e+03
1.590889e+03
1.523084e+03
9.672871e+02
8.855004e+02
7.083570e+02
6.237509e+02
5.136511e+02
2.970987e+02
2.701269e+02
2.339082e+02
2.071460e+02
1.759109e+02
1.532640e+02
1.473130e+02
1.241911e+02
1.189966e+02
1.020677e+02
8.963602e+01
8.545267e+01
7.425650e+01
7.205157e+01
6.666452e+01
5.558686e+01
5.400813e+01
5.279746e+01
5.167106e+01
4.462242e+01
4.256845e+01
4.128339e+01
3.586220e+01
3.358537e+01
3.198638e+01
2.971984e+01
2.769075e+01
2.618520e+01
2.307517e+01
2.170248e+01
2.128618e+01
1.971963e+01
1.787673e+01
1.648755e+01
1.519211e+01
1.464985e+01
1.298246e+01
1.230523e+01
1.171115e+01
1.074080e+01
9.959311e+00
9.489012e+00
9.071487e+00
7.924239e+00
7.598329e+00
6.805254e+00
6.568762e+00
6.155993e+00
5.672878e+00
5.085764e+00
4.731267e+00
4.304870e+00
3.983039e+00
3.914297e+00
3.558053e+00
3.150717e+00
3.137167e+00
2.924377e+00
2.615116e+00
2.499274e+00
2.468079e+00
2.139904e+00
2.084493e+00
1.828480e+00
1.723896e+00
1.685081e+00
1.635869e+00
1.488470e+00
1.459322e+00
1.267107e+00
1.164370e+00
1.013442e+00
9.853185e-01
9.823477e-01
9.039857e-01
8.470187e-01
8.268265e-01
7.653864e-01
7.312405e-01
6.823525e-01
6.248215e-01
6.009696e-01
5.707425e-01
5.182348e-01
4.493891e-01
4.297998e-01
3.737439e-01
3.716461e-01
3.627153e-01
3.279774e-01
3.177414e-01
2.972006e-01
2.884264e-01
2.555731e-01
2.456879e-01
2.308110e-01
2.152366e-01
1.954665e-01
1.787578e-01
1.699704e-01
1.561296e-01
1.354278e-01
1.313386e-01
1.207404e-01
1.176863e-01
1.116920e-01
1.041052e-01
9.888942e-02
9.384508e-02
8.611902e-02
8.150787e-02
7.774108e-02
6.831067e-02
6.485869e-02
5.917710e-02
5.833683e-02
5.299807e-02
4.751113e-02
4.542678e-02
4.486686e-02
4.256283e-02
3.887530e-02
3.821658e-02
3.360819e-02
3.116696e-02
2.802916e-02
2.584074e-02
2.532081e-02
2.350397e-02
2.271099e-02
2.170473e-02
1.879017e-02
1.859422e-02
1.461034e-02
1.441936e-02
1.307865e-02
1.216993e-02
1.151363e-02
1.062346e-02
9.508534e-03
9.302217e-03
8.891277e-03
8.626911e-03
7.972382e-03
7.518476e-03
6.785810e-03
6.085119e-03
5.496114e-03
5.358180e-03
4.661366e-03
4.391151e-03
3.990136e-03
3.777395e-03
3.526144e-03
3.339034e-03
2.984089e-03
2.759404e-03
2.699532e-03
2.528709e-03
2.476204e-03
2.273599e-03
2.211032e-03
2.105637e-03
1.775369e-03
1.687254e-03
1.638468e-03
1.616135e-03
1.547346e-03
1.464813e-03
1.448731e-03
1.443558e-03
1.417098e-03
1.342627e-03
1.327881e-03
1.309346e-03
1.286998e-03
1.272534e-03
1.262126e-03
1.237352e-03
1.219505e-03
1.191300e-03
1.183731e-03
1.169650e-03
1.159335e-03
1.144174e-03
1.137653e-03
1.110001e-03
1.084931e-03
1.081198e-03
1.067320e-03
1.057612e-03
1.048970e-03
1.037407e-03
1.023192e-03
1.008150e-03
1.001585e-03
9.698357e-04
9.601021e-04
9.523181e-04
9.431688e-04
9.346342e-04
9.086200e-04
8.893486e-04
8.807316e-04
8.686769e-04
8.546350e-04
8.509749e-04
8.351771e-04
8.148582e-04
8.128370e-04
8.078063e-04
7.881352e-04
7.746125e-04
7.601288e-04
7.550330e-04
7.493141e-04
7.327278e-04
7.193274e-04
7.164724e-04
7.071062e-04
6.997497e-04
6.864251e-04
6.763848e-04
6.613613e-04
6.516897e-04
6.399969e-04
6.289872e-04
6.274132e-04
6.156340e-04
6.042876e-04
5.980055e-04
5.948095e-04
5.822937e-04
5.700093e-04
5.601238e-04
5.494289e-04
5.356347e-04
5.281713e-04
5.254425e-04
5.186262e-04
5.076969e-04
5.033876e-04
4.842943e-04
4.793640e-04
4.607562e-04
4.478242e-04
4.470310e-04
4.341891e-04
4.215818e-04
4.174029e-04
3.916977e-04
3.823411e-04
3.766288e-04
3.707121e-04
3.601896e-04
3.575008e-04
3.360645e-04
3.334719e-04
3.279869e-04
3.035475e-04
2.983267e-04
2.933730e-04
2.854359e-04
2.735829e-04
2.719019e-04
2.614419e-04
2.454273e-04
2.436660e-04
2.358367e-04
2.278787e-04
2.239939e-04
2.086853e-04
1.972758e-04
1.908945e-04
1.829067e-04
1.779521e-04
1.673929e-04
1.603029e-04
1.508472e-04
1.294830e-04
1.269399e-04
1.102446e-04
1.028128e-04
9.650212e-05
8.635308e-05
8.230117e-05
7.534035e-05
6.778642e-05
5.616869e-05
4.745158e-05
4.397400e-05
3.365925e-05
2.272550e-05
1.629385e-05
4.759551e-06
-4.336933e-06
-1.002530e-05
-1.197630e-05
-3.787212e-05
-4.781985e-05
-5.428014e-05
-6.269877e-05
-7.779502e-05
-8.451366e-05
-9.024668e-05
-9.774666e-05
-1.068698e-04
-1.164301e-04
-1.314168e-04
-1.352296e-04
-1.567803e-04
-1.597663e-04
-1.668412e-04
-1.689130e-04
-1.837594e-04
-1.955855e-04
-2.090144e-04
-2.175709e-04
-2.219246e-04
-2.333020e-04
-2.399131e-04
-2.417687e-04
-2.648524e-04
-2.669780e-04
-2.910824e-04
-2.984242e-04
-3.082376e-04
-3.171822e-04
-3.248368e-04
-3.310080e-04
-3.529284e-04
-3.647520e-04
-3.707411e-04
-3.761498e-04
-3.964571e-04
-4.098699e-04
-4.204438e-04
-4.340952e-04
-4.446081e-04
-4.592467e-04
-4.684441e-04
-4.755576e-04
-4.927092e-04
-5.049673e-04
-5.146903e-04
-5.242574e-04
-5.381024e-04
-5.490396e-04
-5.662870e-04
-5.733052e-04
-5.820091e-04
-5.979626e-04
-6.074635e-04
-6.245218e-04
-6.326613e-04
-6.557869e-04
-6.719944e-04
-6.757281e-04
-6.983161e-04
-7.183505e-04
-7.368678e-04
-7.385221e-04
-7.468320e-04
-7.658550e-04
-7.942330e-04
-8.052998e-04
-8.280866e-04
-8.757103e-04
-8.786378e-04
-8.992261e-04
-9.482840e-04
-9.643708e-04
