1.250892e+10
7.052691e+08
1.949198e+08
1.063364e+08
9.062962e+07
7.443134e+07
6.502308e+07
5.267536e+07
3.478416e+07
2.886521e+07
2.333380e+07
1.699029e+07
1.609616e+07
1.405201e+07
1.314992e+07
1.126581e+07
8.549653e+06
7.722648e+06
6.951866e+06
6.179438e+06
5.073598e+06
4.401928e+06
4.110296e+06
3.179433e+06
2.922049e+06
2.480874e+06
2.217199e+06
1.650096e+06
1.507771e+06
1.304018e+06
1.200616e+06
1.096178e+06
1.056712e+06
9.555736e+05
8.782617e+05
8.503767e+05
7.255481e+05
6.240692e+05
5.354528e+05
4.526269e+05
4.050798e+05
3.960398e+05
3.666276e+05
3.048557e+05
2.704333e+05
2.487626e+05
2.440537e+05
2.363240e+05
1.703898e+05
1.603631e+05
1.448415e+05
1.261646e+05
1.068937e+05
1.015699e+05
7.497707e+04
6.178794e+04
5.801536e+04
5.110995e+04
3.408085e+04
2.893374e+04
2.244964e+04
2.097401e+04
1.768570e+04
1.151556e+04
1.008104e+04
9.080765e+03
6.867026e+03
5.857263e+03
5.589753e+03
4.190851e+03
3.272867e+03
2.820977e+03
2.538726e+03
1.565441e+03
1.483308e+03
1.387732e+03
1.330396e+03
1.125897e+03
5.781024e+02
4.523267e+02
3.162509e+02
2.506916e+02
2.315077e+02
1.549171e+02
1.155667e+02
9.356448e+01
6.520142e+01
4.976446e+01
3.373671e+01
2.647342e+01
1.998145e+01
1.651421e+01
1.285951e+01
9.836017e+00
7.620537e+00
4.834008e+00
3.330725e+00
2.255800e+00
1.289819e+00
9.189993e-01
8.633670e-01
7.256228e-01
6.015916e-01
3.956983e-01
3.490817e-01
2.781175e-01
1.599316e-01
1.418912e-01
1.200819e-01
9.154867e-02
8.710217e-02
5.979412e-02
5.654074e-02
4.667453e-02
3.692821e-02
3.104881e-02
3.054285e-02
2.679967e-02
1.910732e-02
1.566278e-02
1.240009e-02
4.872320e-03
2.958550e-03
-8.509606e-04
-1.475315e-02
-1.636713e-02
-3.335875e-02
-5.439357e-02
