1.894750e+05
1.956312e+04
5.568734e+03
2.107672e+03
2.169313e+02
2.224474e+01
1.081231e+01
5.821033e+00
1.317362e+00
2.095313e-01
6.484792e-02
5.217166e-02
4.088262e-02
3.130123e-02
2.522431e-02
2.394045e-02
2.205373e-02
2.001223e-02
1.807103e-02
1.685033e-02
1.594978e-02
1.480133e-02
1.345315e-02
1.304669e-02
1.213352e-02
1.148514e-02
1.120855e-02
1.069308e-02
1.062168e-02
9.729472e-03
9.336572e-03
9.031522e-03
8.957355e-03
8.593546e-03
8.316464e-03
8.263159e-03
7.722834e-03
6.898045e-03
6.762675e-03
6.302364e-03
6.206398e-03
5.807123e-03
5.608653e-03
5.513321e-03
5.212282e-03
4.950014e-03
4.884843e-03
4.811194e-03
4.536828e-03
4.500593e-03
4.288509e-03
3.976526e-03
3.910226e-03
3.711495e-03
3.619515e-03
3.463858e-03
3.270020e-03
3.076157e-03
2.857897e-03
2.712074e-03
2.659791e-03
2.518762e-03
2.331850e-03
2.136070e-03
1.963930e-03
1.837266e-03
1.640055e-03
1.514510e-03
1.406579e-03
1.280744e-03
1.160705e-03
8.940149e-04
8.851194e-04
8.006499e-04
7.525043e-04
7.191885e-04
6.866246e-04
6.014223e-04
5.790729e-04
5.120320e-04
3.171645e-04
2.596436e-04
1.969345e-04
8.817745e-05
2.227374e-05
-1.012579e-04
-2.909418e-04
-5.267155e-04
-6.439759e-04
-8.953501e-04
-1.038971e-03
-1.161423e-03
-1.241325e-03
-1.442318e-03
-1.732789e-03
-2.020102e-03
-2.467765e-03
-2.574530e-03
-2.915522e-03
-3.091123e-03
-3.358656e-03
-4.207910e-03
-4.347488e-03
-4.986551e-03
-5.508290e-03
-5.811180e-03
-6.146827e-03
-7.107863e-03
-7.449197e-03
-8.196530e-03
-8.313325e-03
-9.054636e-03
-9.812836e-03
-1.109017e-02
-1.282191e-02
-1.370715e-02
-1.572475e-02
-1.658978e-02
-1.812097e-02
-2.013207e-02
-2.636355e-02
-2.765447e-02
-3.163897e-02
-3.950250e-02
-4.442964e-02
-5.767461e-02
-7.901496e-02
-1.052777e-01
