3.360821e+10
1.534370e+10
7.183185e+09
4.479115e+09
4.053029e+09
3.896202e+09
3.457311e+09
3.166219e+09
2.993122e+09
2.798289e+09
2.304454e+09
2.254338e+09
2.102451e+09
2.014962e+09
1.912745e+09
1.777696e+09
1.700905e+09
1.608249e+09
1.565684e+09
1.480202e+09
1.412443e+09
1.369360e+09
1.329297e+09
1.302066e+09
1.279415e+09
1.143745e+09
1.134340e+09
1.118790e+09
1.090963e+09
1.073180e+09
1.018722e+09
9.698406e+08
9.020690e+08
8.997939e+08
8.388993e+08
8.288735e+08
8.203365e+08
7.816225e+08
7.481749e+08
7.354024e+08
7.124354e+08
6.976958e+08
6.899117e+08
6.714707e+08
6.454231e+08
6.145970e+08
6.126527e+08
6.068031e+08
5.898157e+08
5.756863e+08
5.610175e+08
5.463472e+08
5.294134e+08
5.181552e+08
5.047692e+08
4.854348e+08
4.757232e+08
4.655407e+08
4.428501e+08
4.288673e+08
4.184165e+08
4.090330e+08
4.063238e+08
3.907391e+08
3.857614e+08
3.795110e+08
3.745044e+08
3.605267e+08
3.454651e+08
3.323450e+08
3.243473e+08
3.150554e+08
3.116112e+08
3.065021e+08
2.973131e+08
2.826755e+08
2.793761e+08
2.764865e+08
2.709377e+08
2.607246e+08
2.558718e+08
2.445255e+08
2.381136e+08
2.337675e+08
2.245412e+08
2.228885e+08
2.071375e+08
2.062758e+08
1.950278e+08
1.879793e+08
1.858714e+08
1.810817e+08
1.742344e+08
1.672552e+08
1.621324e+08
1.580232e+08
1.555704e+08
1.507293e+08
1.421095e+08
1.380713e+08
1.330387e+08
1.282504e+08
1.243380e+08
1.134376e+08
1.089024e+08
1.048690e+08
9.886834e+07
9.481763e+07
8.492337e+07
8.312014e+07
7.520310e+07
7.196170e+07
7.110226e+07
6.498776e+07
6.077871e+07
5.817412e+07
4.466544e+07
4.200319e+07
3.948928e+07
3.575032e+07
3.337997e+07
2.740277e+07
2.008624e+07
1.636342e+07
1.343691e+07
1.143894e+07
1.040202e+07
2.448875e+06
