4.678972e+09
8.418202e+08
1.464774e+08
1.065559e+08
9.317829e+07
5.733598e+07
4.275699e+07
3.277837e+07
2.853093e+07
2.746792e+07
2.466771e+07
2.069289e+07
1.750195e+07
1.319708e+07
1.264717e+07
1.105968e+07
1.026106e+07
9.951615e+06
8.889893e+06
7.789792e+06
6.917890e+06
5.771090e+06
5.264832e+06
4.046252e+06
3.370843e+06
2.851433e+06
2.737216e+06
2.112968e+06
1.951354e+06
1.720626e+06
1.456816e+06
1.372970e+06
1.148732e+06
1.054663e+06
9.597609e+05
9.257234e+05
8.530760e+05
7.367120e+05
6.639416e+05
5.945614e+05
5.856666e+05
4.644667e+05
4.356733e+05
3.608578e+05
3.392160e+05
2.680533e+05
2.263684e+05
2.116985e+05
1.779748e+05
1.504517e+05
1.257947e+05
1.162563e+05
8.558291e+04
6.590083e+04
5.164598e+04
4.548019e+04
3.365188e+04
3.026102e+04
1.946144e+04
1.476303e+04
1.176360e+04
9.503709e+03
8.658033e+03
7.631409e+03
4.975326e+03
3.900752e+03
2.897317e+03
2.338226e+03
1.476615e+03
1.291369e+03
1.135670e+03
1.085753e+03
7.979117e+02
5.788693e+02
3.987256e+02
3.271349e+02
2.658485e+02
2.091274e+02
1.656983e+02
8.883327e+01
7.755325e+01
5.929473e+01
4.864926e+01
4.190117e+01
2.628251e+01
1.621605e+01
1.569774e+01
9.849367e+00
7.671671e+00
5.695494e+00
5.316308e+00
4.272406e+00
3.082612e+00
2.433502e+00
1.599370e+00
1.347787e+00
1.170798e+00
9.674413e-01
8.407731e-01
7.648885e-01
6.602207e-01
6.258409e-01
4.544642e-01
4.517618e-01
3.725842e-01
3.338463e-01
2.647310e-01
2.467756e-01
2.433175e-01
2.117696e-01
1.893315e-01
1.567231e-01
1.358173e-01
1.204056e-01
7.407011e-02
5.361919e-02
4.969878e-02
2.034243e-02
2.100232e-03
-1.995636e-02
-4.212455e-02
-6.360649e-02
-9.521784e-02
-1.083437e-01
-1.950523e-01
-2.758515e-01
-2.912744e-01
-5.613641e-01
