7.960261e+09
9.367021e+08
1.652438e+08
9.121394e+07
6.435617e+07
5.726515e+07
4.738492e+07
4.082481e+07
2.950953e+07
2.402442e+07
1.956093e+07
1.504918e+07
1.339919e+07
1.044702e+07
8.773587e+06
6.984043e+06
6.684940e+06
5.350490e+06
4.355005e+06
3.398342e+06
3.191859e+06
2.731311e+06
2.490152e+06
2.350068e+06
2.327970e+06
2.122326e+06
1.845940e+06
1.546378e+06
1.503489e+06
1.457093e+06
1.232161e+06
1.116167e+06
1.014756e+06
9.192320e+05
8.334228e+05
7.151102e+05
6.727194e+05
5.735289e+05
4.980044e+05
4.765097e+05
4.008288e+05
3.627757e+05
3.382591e+05
2.914356e+05
2.660518e+05
2.366563e+05
2.235598e+05
1.793455e+05
1.570484e+05
1.462586e+05
1.356145e+05
1.161992e+05
9.726812e+04
9.016711e+04
7.777650e+04
6.085901e+04
5.432998e+04
4.284823e+04
4.006818e+04
3.328279e+04
2.432728e+04
1.914031e+04
1.524624e+04
1.351250e+04
1.146092e+04
9.717864e+03
7.997057e+03
7.343910e+03
6.199133e+03
5.669693e+03
4.393792e+03
3.235747e+03
3.140272e+03
2.247607e+03
2.054170e+03
1.588225e+03
1.486872e+03
9.210340e+02
6.823854e+02
6.295814e+02
5.813409e+02
4.758109e+02
3.367255e+02
2.857599e+02
2.516272e+02
1.565375e+02
1.360930e+02
6.969691e+01
5.777465e+01
4.731774e+01
2.759255e+01
2.551141e+01
2.221846e+01
2.182198e+01
1.666297e+01
1.152722e+01
6.594891e+00
5.367620e+00
3.268061e+00
1.807509e+00
1.020805e+00
7.806779e-01
7.115278e-01
4.525031e-01
3.437720e-01
3.250755e-01
2.343294e-01
1.387912e-01
1.138232e-01
8.242014e-02
7.013793e-02
6.311285e-02
5.367326e-02
4.758904e-02
4.418802e-02
3.744579e-02
3.199521e-02
2.225857e-02
1.920269e-02
8.556688e-03
1.413548e-03
-4.179752e-03
-7.841257e-03
-1.092965e-02
-1.982262e-02
-4.624842e-02
-7.250244e-02
-7.808083e-02
