5.977779e+04
9.926028e+03
5.940927e+03
1.511747e+03
9.169601e+02
6.232567e+02
4.545287e+02
3.195768e+02
2.561750e+02
1.782869e+02
1.408826e+02
9.378409e+01
7.685898e+01
6.784918e+01
5.644765e+01
3.863524e+01
3.031294e+01
2.237835e+01
2.023672e+01
1.576547e+01
1.451106e+01
1.380893e+01
1.191022e+01
9.164288e+00
8.211513e+00
7.424535e+00
4.881878e+00
4.292056e+00
3.700086e+00
2.852785e+00
2.703587e+00
1.930451e+00
1.585184e+00
1.068528e+00
8.449335e-01
6.796981e-01
6.498052e-01
4.179398e-01
3.450450e-01
2.880235e-01
2.369272e-01
1.652864e-01
1.221128e-01
1.031713e-01
8.774386e-02
7.577519e-02
6.020090e-02
4.117893e-02
3.040312e-02
2.139745e-02
2.039524e-02
1.380548e-02
1.236949e-02
7.491193e-03
6.970118e-03
5.007434e-03
4.712213e-03
3.498500e-03
3.110315e-03
2.420755e-03
1.841788e-03
1.775647e-03
1.487573e-03
1.415520e-03
1.117127e-03
1.049965e-03
9.289946e-04
8.844439e-04
8.314595e-04
8.016520e-04
7.894223e-04
7.335567e-04
7.330563e-04
7.175682e-04
6.846107e-04
6.648171e-04
6.645437e-04
6.599718e-04
6.224530e-04
6.156693e-04
6.038219e-04
5.882813e-04
5.755418e-04
5.602160e-04
5.563543e-04
5.393130e-04
5.312862e-04
5.180931e-04
5.146050e-04
5.091002e-04
4.962043e-04
4.850882e-04
4.798300e-04
4.706900e-04
4.698012e-04
4.652629e-04
4.593232e-04
4.441326e-04
4.399086e-04
4.264681e-04
4.231549e-04
4.222294e-04
4.191535e-04
4.135589e-04
4.123421e-04
4.038752e-04
4.009895e-04
3.964655e-04
3.909145e-04
3.814559e-04
3.770086e-04
3.724656e-04
3.692873e-04
3.616801e-04
3.611114e-04
3.559130e-04
3.512580e-04
3.459596e-04
3.432348e-04
3.391565e-04
3.359854e-04
3.342175e-04
3.251416e-04
3.224101e-04
3.196991e-04
3.184806e-04
3.094234e-04
3.074917e-04
3.046601e-04
3.022709e-04
2.992337e-04
2.937334e-04
2.918196e-04
2.884460e-04
2.834716e-04
2.811752e-04
2.796262e-04
2.734813e-04
2.726224e-04
2.714758e-04
2.623604e-04
2.599069e-04
2.546980e-04
2.519973e-04
2.495435e-04
2.474710e-04
2.473456e-04
2.421980e-04
2.392668e-04
2.356476e-04
2.338741e-04
2.302298e-04
2.249240e-04
2.225440e-04
2.206390e-04
2.194772e-04
2.163564e-04
2.149946e-04
2.114616e-04
2.078475e-04
2.049150e-04
1.997105e-04
1.972020e-04
1.947142e-04
1.914954e-04
1.907407e-04
1.888231e-04
1.866067e-04
1.861965e-04
1.833793e-04
1.807172e-04
1.759830e-04
1.748493e-04
1.723388e-04
1.692251e-04
1.656812e-04
1.628766e-04
1.615034e-04
1.563805e-04
1.549036e-04
1.518509e-04
1.510161e-04
1.473639e-04
1.468971e-04
1.446401e-04
1.431096e-04
1.397797e-04
1.348820e-04
1.323509e-04
1.285920e-04
1.266283e-04
1.254387e-04
1.219991e-04
1.207563e-04
1.154413e-04
1.137691e-04
1.115650e-04
1.100147e-04
1.084082e-04
1.051398e-04
1.041490e-04
1.008999e-04
9.955472e-05
9.529274e-05
9.469840e-05
9.160514e-05
8.968086e-05
8.786216e-05
8.655931e-05
8.369226e-05
8.119913e-05
7.631715e-05
7.462667e-05
7.402777e-05
6.872076e-05
6.738869e-05
6.311937e-05
6.234081e-05
6.037677e-05
5.782099e-05
5.536142e-05
5.276173e-05
4.890676e-05
4.628965e-05
4.535650e-05
4.447352e-05
4.012440e-05
3.871123e-05
3.701718e-05
3.349310e-05
3.069536e-05
2.905010e-05
2.804666e-05
2.562519e-05
2.556488e-05
2.359110e-05
1.876431e-05
1.755220e-05
1.706272e-05
1.572377e-05
1.218333e-05
9.659158e-06
9.302092e-06
6.242537e-06
8.603201e-07
5.548712e-09
2.843595e-14
-6.052280e-12
-2.027947e-06
-2.329288e-06
-6.002915e-06
-8.335833e-06
-1.078257e-05
-1.241581e-05
-1.337699e-05
-1.486921e-05
-1.981086e-05
-2.097669e-05
-2.512038e-05
-2.693538e-05
-2.912368e-05
-3.078822e-05
-3.196860e-05
-3.483017e-05
-3.766264e-05
-3.903742e-05
-4.361806e-05
-4.565300e-05
-4.853700e-05
-5.049766e-05
-5.394847e-05
-5.553418e-05
-5.742819e-05
-6.087762e-05
-6.153341e-05
-6.357834e-05
-6.677493e-05
-7.114038e-05
-7.167257e-05
-7.455605e-05
-7.711215e-05
-7.946901e-05
-8.241861e-05
-8.298197e-05
-8.516778e-05
-8.781505e-05
-8.865630e-05
-8.970137e-05
-9.531976e-05
-9.653623e-05
-9.886095e-05
-1.026505e-04
-1.061048e-04
-1.066763e-04
-1.111536e-04
-1.122792e-04
-1.164681e-04
-1.166164e-04
-1.214609e-04
-1.222453e-04
-1.245055e-04
-1.264894e-04
-1.298484e-04
-1.307395e-04
-1.341147e-04
-1.385075e-04
-1.396351e-04
-1.406366e-04
-1.446538e-04
-1.505175e-04
-1.518749e-04
-1.549328e-04
-1.572930e-04
-1.588147e-04
-1.630124e-04
-1.651053e-04
-1.683967e-04
-1.710293e-04
-1.740283e-04
-1.771750e-04
-1.793313e-04
-1.820133e-04
-1.847835e-04
-1.859114e-04
-1.910982e-04
-1.922952e-04
-1.967034e-04
-1.985570e-04
-2.021659e-04
-2.044627e-04
-2.084178e-04
-2.100153e-04
-2.130972e-04
-2.171209e-04
-2.220916e-04
-2.231310e-04
-2.264444e-04
-2.303141e-04
-2.349990e-04
-2.377212e-04
-2.381453e-04
-2.409710e-04
-2.466272e-04
-2.495668e-04
-2.537440e-04
-2.543641e-04
-2.581190e-04
-2.605102e-04
-2.644066e-04
-2.672787e-04
-2.720568e-04
-2.761208e-04
-2.835168e-04
-2.873100e-04
-2.930009e-04
-2.962708e-04
-2.998518e-04
-3.131556e-04
-3.137169e-04
-3.151032e-04
-3.227869e-04
-3.256304e-04
-3.268121e-04
-3.376550e-04
-3.399962e-04
-3.440183e-04
-3.457207e-04
-3.537087e-04
-3.585138e-04
-3.679159e-04
-3.772154e-04
-3.867427e-04
-3.962593e-04
-4.002564e-04
-4.143685e-04
-4.326693e-04
-4.515281e-04
-4.689417e-04
-4.966308e-04
-5.002112e-04
-5.306272e-04
-6.178202e-04
-8.768666e-04
-1.324004e-03
