1.012304e+10
5.415355e+08
1.907764e+08
1.043722e+08
8.559530e+07
6.412002e+07
5.454037e+07
3.851528e+07
2.882027e+07
2.505844e+07
1.948034e+07
1.849171e+07
1.420351e+07
1.396348e+07
1.188552e+07
1.058699e+07
9.351763e+06
7.813134e+06
7.018468e+06
6.300382e+06
5.305820e+06
4.693175e+06
3.844146e+06
3.206822e+06
2.375111e+06
2.331562e+06
1.953152e+06
1.535901e+06
1.344869e+06
1.057392e+06
9.962684e+05
9.276768e+05
8.519699e+05
7.512949e+05
7.296932e+05
5.675620e+05
5.123969e+05
4.514256e+05
4.301590e+05
3.533394e+05
3.202228e+05
2.831050e+05
2.510904e+05
2.376476e+05
1.880951e+05
1.856209e+05
1.453762e+05
1.270986e+05
1.036794e+05
9.358829e+04
8.034577e+04
7.329255e+04
6.375678e+04
5.530260e+04
5.332075e+04
4.457759e+04
3.800491e+04
3.476289e+04
2.133880e+04
1.462687e+04
1.435170e+04
1.134999e+04
9.093024e+03
7.500896e+03
4.158322e+03
3.573188e+03
3.148282e+03
1.997196e+03
1.594615e+03
1.268291e+03
1.137809e+03
9.374473e+02
5.698590e+02
5.327822e+02
4.974999e+02
3.837210e+02
2.201299e+02
1.838741e+02
1.556631e+02
1.036349e+02
8.941408e+01
7.193156e+01
6.188878e+01
4.606209e+01
3.235796e+01
2.603312e+01
1.416599e+01
9.559119e+00
8.036530e+00
5.362859e+00
3.572109e+00
2.693802e+00
2.646838e+00
1.308917e+00
1.131881e+00
9.168277e-01
8.458527e-01
7.059218e-01
6.410911e-01
5.622986e-01
4.575315e-01
4.185943e-01
3.800647e-01
3.366725e-01
3.002182e-01
2.379288e-01
2.345105e-01
2.075638e-01
1.924699e-01
1.848410e-01
1.450773e-01
1.418056e-01
1.082097e-01
9.547654e-02
8.807928e-02
5.899319e-02
2.232582e-02
1.675052e-02
-6.291116e-03
-2.475509e-02
-4.279748e-02
-5.589040e-02
-7.314764e-02
-9.403689e-02
-1.341581e-01
-1.757898e-01
-2.379640e-01
-4.622615e-01
