6.109121e+05
3.078400e+05
1.896340e+05
1.623928e+05
1.533708e+05
1.238937e+05
1.104548e+05
9.305308e+04
8.026911e+04
7.592981e+04
6.282880e+04
5.606706e+04
5.322816e+04
4.404404e+04
3.637802e+04
3.417842e+04
2.849206e+04
2.118509e+04
1.772978e+04
1.365006e+04
1.240693e+04
1.105692e+04
8.826658e+03
8.227669e+03
6.236853e+03
5.022145e+03
4.936834e+03
4.208271e+03
3.700226e+03
3.069583e+03
2.784832e+03
2.628667e+03
1.744758e+03
1.325852e+03
1.193420e+03
9.451827e+02
8.284268e+02
7.564666e+02
5.750696e+02
5.410382e+02
4.787856e+02
4.007805e+02
3.931733e+02
2.652117e+02
2.503849e+02
2.177592e+02
1.201223e+02
1.117335e+02
1.068426e+02
7.676735e+01
7.354759e+01
5.252088e+01
4.431998e+01
3.639283e+01
3.199425e+01
2.884744e+01
2.446079e+01
1.952407e+01
1.505557e+01
1.332940e+01
1.149452e+01
9.130903e+00
7.501317e+00
6.919386e+00
5.976053e+00
5.007678e+00
4.075411e+00
3.643447e+00
2.579164e+00
1.682237e+00
1.489325e+00
1.126423e+00
9.041334e-01
7.024209e-01
6.675572e-01
5.704786e-01
4.054349e-01
3.797050e-01
3.581134e-01
2.552608e-01
2.263527e-01
1.917759e-01
1.673899e-01
1.553520e-01
1.184871e-01
9.990415e-02
6.198046e-02
5.363065e-02
4.967937e-02
4.770533e-02
4.622062e-02
4.267723e-02
4.138830e-02
3.796571e-02
3.767771e-02
3.591008e-02
3.506672e-02
3.478818e-02
3.127914e-02
3.061168e-02
2.872708e-02
2.738081e-02
2.496706e-02
2.459528e-02
2.380829e-02
2.333605e-02
2.189506e-02
2.112091e-02
2.078617e-02
2.058968e-02
2.034573e-02
1.950202e-02
1.930011e-02
1.915627e-02
1.811450e-02
1.774895e-02
1.713719e-02
1.610831e-02
1.518955e-02
1.472992e-02
1.413262e-02
1.343639e-02
1.309460e-02
1.253711e-02
1.181209e-02
1.066582e-02
1.039450e-02
6.605763e-03
