2.815880e+12
2.624827e+12
1.968248e+12
1.926467e+12
1.715783e+12
1.600890e+12
1.584303e+12
1.414970e+12
1.363602e+12
1.231258e+12
1.163572e+12
1.142345e+12
1.035446e+12
1.019273e+12
9.486618e+11
9.310140e+11
8.827195e+11
7.951877e+11
7.651307e+11
7.268538e+11
7.117823e+11
6.957173e+11
6.633432e+11
6.493312e+11
6.076472e+11
5.943199e+11
5.889278e+11
5.732378e+11
5.338414e+11
5.100327e+11
4.981894e+11
4.803821e+11
4.572260e+11
4.462585e+11
4.262066e+11
4.136412e+11
3.953682e+11
3.779397e+11
3.711909e+11
3.592154e+11
3.539828e+11
3.485461e+11
3.385020e+11
3.294976e+11
3.153824e+11
3.150342e+11
2.963502e+11
2.870742e+11
2.811004e+11
2.728438e+11
2.616154e+11
2.599400e+11
2.530082e+11
2.482703e+11
2.343992e+11
2.262222e+11
2.236036e+11
2.140056e+11
2.114745e+11
2.027525e+11
2.004833e+11
1.964288e+11
1.935478e+11
1.840107e+11
1.818574e+11
1.796211e+11
1.783974e+11
1.727348e+11
1.651156e+11
1.647324e+11
1.624152e+11
1.543256e+11
1.516349e+11
1.461313e+11
1.449597e+11
1.432896e+11
1.426886e+11
1.375482e+11
1.350689e+11
1.318017e+11
1.296354e+11
1.256328e+11
1.234736e+11
1.215097e+11
1.165531e+11
1.151991e+11
1.126564e+11
1.108683e+11
1.080197e+11
1.067024e+11
1.054919e+11
1.015351e+11
9.998331e+10
9.860148e+10
9.747543e+10
9.588184e+10
9.372636e+10
9.175848e+10
8.964042e+10
8.854912e+10
8.618268e+10
8.574326e+10
8.349218e+10
8.207467e+10
8.020946e+10
7.914809e+10
7.775420e+10
7.445011e+10
7.409526e+10
7.334543e+10
7.243928e+10
7.097065e+10
7.013017e+10
6.725020e+10
6.587832e+10
6.490839e+10
6.331470e+10
6.215943e+10
6.022010e+10
5.953671e+10
5.835972e+10
5.562403e+10
5.299374e+10
5.195318e+10
4.041559e+10
3.882584e+10
1.962393e+10
1.117604e+10
