8.378433e+04
3.536308e+03
2.337307e+03
1.841349e+03
1.140010e+03
8.033904e+02
6.469356e+02
4.924493e+02
3.829936e+02
3.616731e+02
3.378727e+02
3.031075e+02
2.958220e+02
2.779289e+02
2.490701e+02
2.329167e+02
2.159297e+02
2.017678e+02
1.827283e+02
1.672376e+02
1.665753e+02
1.626969e+02
1.479312e+02
1.443834e+02
1.374671e+02
1.251109e+02
1.221575e+02
1.121095e+02
1.094696e+02
1.047428e+02
9.698918e+01
9.249174e+01
8.934922e+01
8.225011e+01
7.577251e+01
7.293069e+01
6.816237e+01
6.569360e+01
6.302355e+01
5.997525e+01
5.905830e+01
5.357196e+01
5.042092e+01
4.464226e+01
4.373914e+01
4.329776e+01
4.141795e+01
3.962405e+01
3.632354e+01
3.536434e+01
3.303046e+01
3.058108e+01
2.967100e+01
2.772376e+01
2.679315e+01
2.554171e+01
2.293048e+01
2.148642e+01
2.042004e+01
1.940978e+01
1.776021e+01
1.659123e+01
1.600880e+01
1.525528e+01
1.344980e+01
1.281337e+01
1.164274e+01
1.103083e+01
9.984732e+00
9.420798e+00
8.775888e+00
8.355644e+00
8.012553e+00
7.149635e+00
7.016807e+00
6.544554e+00
5.886867e+00
5.697379e+00
5.405741e+00
5.115263e+00
4.790264e+00
4.715802e+00
4.645480e+00
4.455274e+00
4.287797e+00
3.994160e+00
3.918056e+00
3.755445e+00
3.636661e+00
3.409923e+00
3.204296e+00
3.013539e+00
2.813414e+00
2.725885e+00
2.626498e+00
2.340423e+00
2.213071e+00
2.180836e+00
2.068391e+00
1.911122e+00
1.867778e+00
1.733217e+00
1.636523e+00
1.587739e+00
1.403745e+00
1.358050e+00
1.297359e+00
1.233819e+00
1.152212e+00
1.122396e+00
1.080094e+00
1.022333e+00
9.916546e-01
9.353698e-01
8.400233e-01
8.153583e-01
7.959923e-01
7.413582e-01
7.078711e-01
6.558821e-01
6.433982e-01
6.160074e-01
6.018667e-01
5.923510e-01
5.629668e-01
5.397390e-01
5.209249e-01
4.645590e-01
4.415638e-01
4.093798e-01
3.894118e-01
3.764691e-01
3.741083e-01
3.268700e-01
3.121703e-01
2.896201e-01
2.749853e-01
2.646438e-01
2.423474e-01
2.383588e-01
2.186686e-01
2.097105e-01
2.072761e-01
1.981280e-01
1.916304e-01
1.848479e-01
1.778456e-01
1.708258e-01
1.655284e-01
1.592721e-01
1.483867e-01
1.276954e-01
1.255437e-01
1.192579e-01
1.142463e-01
1.123167e-01
1.015404e-01
9.634812e-02
8.954424e-02
8.515670e-02
7.619100e-02
7.302937e-02
7.180686e-02
6.785286e-02
6.416766e-02
5.999449e-02
5.907920e-02
5.433522e-02
5.235098e-02
4.980998e-02
4.826256e-02
4.170965e-02
3.943355e-02
3.904825e-02
3.841526e-02
3.643782e-02
3.501449e-02
3.390556e-02
3.317647e-02
3.145191e-02
2.880654e-02
2.723299e-02
2.599508e-02
2.474199e-02
2.436914e-02
2.331069e-02
2.250900e-02
2.199844e-02
1.935841e-02
1.828462e-02
1.648291e-02
1.424879e-02
1.380469e-02
1.289344e-02
1.241576e-02
1.202263e-02
1.170797e-02
1.080359e-02
1.019102e-02
9.751406e-03
9.725969e-03
8.011764e-03
7.904208e-03
7.309688e-03
7.254267e-03
6.327396e-03
6.155943e-03
5.798187e-03
5.468300e-03
5.300280e-03
4.942560e-03
4.688952e-03
4.544885e-03
4.412950e-03
4.308320e-03
4.149809e-03
4.113732e-03
3.553065e-03
3.359038e-03
3.056444e-03
2.893844e-03
2.820248e-03
2.653799e-03
2.611039e-03
2.515567e-03
2.453557e-03
2.362924e-03
2.283778e-03
2.143878e-03
2.057616e-03
1.993116e-03
1.861166e-03
1.782225e-03
1.715870e-03
1.664005e-03
1.578350e-03
1.508660e-03
1.451765e-03
1.390880e-03
1.337605e-03
1.310928e-03
1.268122e-03
1.241936e-03
1.210928e-03
1.199321e-03
1.180663e-03
1.148138e-03
1.113744e-03
1.100112e-03
1.064292e-03
1.058805e-03
1.055548e-03
1.046621e-03
1.023460e-03
9.793460e-04
9.734931e-04
9.448915e-04
9.335628e-04
9.254714e-04
9.197700e-04
8.931381e-04
8.813393e-04
8.726184e-04
8.704378e-04
8.445802e-04
8.374911e-04
8.217630e-04
8.121575e-04
7.919665e-04
7.827094e-04
7.694588e-04
7.581720e-04
7.418541e-04
7.260943e-04
7.217688e-04
7.141023e-04
6.974702e-04
6.833498e-04
6.753057e-04
6.690838e-04
6.598529e-04
6.528430e-04
6.340867e-04
6.307407e-04
6.186232e-04
6.155520e-04
6.006535e-04
5.915106e-04
5.725630e-04
5.638846e-04
5.537989e-04
5.392514e-04
5.352970e-04
5.233665e-04
5.065112e-04
4.992667e-04
4.921936e-04
4.800808e-04
4.764191e-04
4.685665e-04
4.544909e-04
4.462233e-04
4.380044e-04
4.303090e-04
4.166332e-04
4.131976e-04
4.039616e-04
3.963662e-04
3.876779e-04
3.775255e-04
3.632048e-04
3.526036e-04
3.507434e-04
3.403872e-04
3.273689e-04
3.215751e-04
3.085997e-04
2.920649e-04
2.850948e-04
2.795307e-04
2.680937e-04
2.524195e-04
2.500408e-04
2.375616e-04
2.268135e-04
2.179489e-04
2.152947e-04
2.007990e-04
1.898000e-04
1.796826e-04
1.776577e-04
1.659943e-04
1.578418e-04
1.302843e-04
1.264628e-04
1.176210e-04
1.008593e-04
8.685188e-05
8.163063e-05
7.200921e-05
6.314487e-05
5.620327e-05
5.033903e-05
3.411823e-05
2.386195e-05
1.513270e-05
1.212723e-05
-7.121956e-06
-1.338161e-05
-2.025406e-05
-2.902850e-05
-3.568383e-05
-4.516257e-05
-5.618750e-05
-7.619977e-05
-8.564663e-05
-9.468796e-05
-1.147474e-04
-1.184624e-04
-1.298094e-04
-1.412689e-04
-1.601636e-04
-1.616298e-04
-1.660838e-04
-1.800848e-04
-2.005418e-04
-2.069555e-04
-2.207630e-04
-2.277380e-04
-2.462605e-04
-2.643977e-04
-2.748418e-04
-2.970842e-04
-3.036693e-04
-3.167315e-04
-3.224004e-04
-3.455695e-04
-3.554899e-04
-3.868359e-04
-4.216349e-04
-4.310399e-04
-4.571664e-04
-4.687467e-04
-5.012275e-04
