1.239491e+05
5.929022e+03
4.415801e+03
2.630013e+03
1.544868e+03
1.278089e+03
8.199525e+02
6.887440e+02
6.132059e+02
4.840639e+02
3.961576e+02
3.618504e+02
3.472173e+02
2.912713e+02
2.808393e+02
2.685196e+02
2.284994e+02
1.832115e+02
1.794834e+02
1.674143e+02
1.527069e+02
1.131269e+02
1.057130e+02
1.043321e+02
1.027465e+02
9.738033e+01
8.895152e+01
8.346622e+01
7.948804e+01
6.874068e+01
6.370803e+01
6.004231e+01
5.453616e+01
5.361986e+01
4.756419e+01
4.506793e+01
4.349271e+01
4.257042e+01
4.071779e+01
3.743786e+01
3.503013e+01
3.336034e+01
2.953143e+01
2.825437e+01
2.519700e+01
2.396391e+01
2.276295e+01
1.892599e+01
1.810978e+01
1.729251e+01
1.536805e+01
1.362269e+01
1.285435e+01
1.172168e+01
1.116654e+01
1.080102e+01
1.003968e+01
9.723416e+00
9.429154e+00
7.877857e+00
7.706217e+00
7.375668e+00
6.978086e+00
6.708330e+00
5.775276e+00
5.377668e+00
4.840413e+00
4.496628e+00
4.110720e+00
3.842310e+00
3.729019e+00
3.452059e+00
3.104561e+00
3.043331e+00
2.833540e+00
2.531449e+00
2.310876e+00
2.274920e+00
1.902218e+00
1.840593e+00
1.682336e+00
1.604397e+00
1.592573e+00
1.407748e+00
1.228831e+00
1.146359e+00
1.122211e+00
1.015391e+00
9.106898e-01
8.799414e-01
8.533091e-01
7.858202e-01
7.123406e-01
6.047730e-01
5.434152e-01
5.287516e-01
5.164843e-01
4.985937e-01
4.558060e-01
4.292989e-01
3.665201e-01
3.607101e-01
3.236676e-01
3.076855e-01
2.937429e-01
2.662590e-01
2.484141e-01
2.315883e-01
2.284044e-01
2.137214e-01
1.905408e-01
1.824525e-01
1.734613e-01
1.634029e-01
1.435288e-01
1.394939e-01
1.348134e-01
1.149388e-01
1.044291e-01
9.721664e-02
9.550940e-02
8.152736e-02
7.627591e-02
7.434343e-02
7.204284e-02
6.761879e-02
6.568176e-02
6.024283e-02
5.179657e-02
4.793744e-02
4.662431e-02
3.996332e-02
3.808678e-02
3.549394e-02
3.220053e-02
2.821075e-02
2.654494e-02
2.547390e-02
2.244310e-02
2.196277e-02
1.924141e-02
1.901436e-02
1.682716e-02
1.599360e-02
1.485412e-02
1.357089e-02
1.289333e-02
1.099452e-02
1.051868e-02
9.797245e-03
9.231476e-03
8.306833e-03
7.965396e-03
7.722042e-03
7.345148e-03
6.023146e-03
5.192064e-03
5.077790e-03
4.478632e-03
4.189771e-03
4.035180e-03
3.826560e-03
3.505254e-03
3.379361e-03
3.258427e-03
2.824509e-03
2.697360e-03
2.594433e-03
2.438304e-03
2.378707e-03
2.091501e-03
2.005907e-03
1.929456e-03
1.836399e-03
1.801153e-03
1.743762e-03
1.700518e-03
1.644061e-03
1.593939e-03
1.547933e-03
1.533615e-03
1.505787e-03
1.455863e-03
1.428485e-03
1.396682e-03
1.342021e-03
1.335563e-03
1.291453e-03
1.285100e-03
1.254126e-03
1.234588e-03
1.212550e-03
1.199275e-03
1.179175e-03
1.172674e-03
1.156356e-03
1.149677e-03
1.117188e-03
1.114345e-03
1.100720e-03
1.079704e-03
1.062829e-03
1.057195e-03
1.042890e-03
1.035613e-03
1.014124e-03
1.009385e-03
1.000498e-03
9.807262e-04
9.727441e-04
9.661365e-04
9.607551e-04
9.488321e-04
9.347856e-04
9.159219e-04
9.092607e-04
9.066461e-04
8.905590e-04
8.754986e-04
8.730012e-04
8.648796e-04
8.487486e-04
8.328174e-04
8.280797e-04
8.151531e-04
8.083352e-04
7.983222e-04
7.924441e-04
7.804031e-04
7.740895e-04
7.502747e-04
7.407606e-04
7.363228e-04
7.262767e-04
7.171548e-04
7.078997e-04
6.996988e-04
6.931960e-04
6.900662e-04
6.767990e-04
6.602370e-04
6.587299e-04
6.551938e-04
6.448142e-04
6.375255e-04
6.271229e-04
6.207409e-04
6.118513e-04
6.052678e-04
5.941554e-04
5.832298e-04
5.777863e-04
5.646650e-04
5.613982e-04
5.481206e-04
5.391400e-04
5.369507e-04
5.176915e-04
5.111213e-04
5.061332e-04
4.999865e-04
4.907119e-04
4.842401e-04
4.733535e-04
4.642956e-04
4.582414e-04
4.479580e-04
4.427108e-04
4.343545e-04
4.275304e-04
4.158207e-04
4.073796e-04
4.029299e-04
4.022561e-04
3.866938e-04
3.779070e-04
3.709614e-04
3.636132e-04
3.562665e-04
3.489326e-04
3.351655e-04
3.317799e-04
3.196378e-04
3.007061e-04
2.978095e-04
2.889047e-04
2.835975e-04
2.692658e-04
2.659984e-04
2.620498e-04
2.492031e-04
2.456147e-04
2.350533e-04
2.220028e-04
2.154723e-04
2.111222e-04
1.997863e-04
1.917504e-04
1.817116e-04
1.748069e-04
1.726499e-04
1.640394e-04
1.566104e-04
1.403601e-04
1.307220e-04
1.222974e-04
1.151429e-04
1.110188e-04
9.331600e-05
9.008280e-05
8.569733e-05
7.145655e-05
6.612029e-05
6.425801e-05
6.069302e-05
4.968506e-05
4.517217e-05
3.208730e-05
2.758233e-05
1.806553e-05
1.289233e-05
3.333285e-06
-1.401940e-05
-1.725621e-05
-2.775979e-05
-3.385799e-05
-4.081177e-05
-4.504031e-05
-5.910006e-05
-6.174026e-05
-8.011602e-05
-8.410117e-05
-9.356937e-05
-9.661635e-05
-1.183766e-04
-1.286920e-04
-1.344858e-04
-1.431451e-04
-1.517284e-04
-1.530628e-04
-1.635273e-04
-1.733737e-04
-1.824639e-04
-1.866136e-04
-1.968584e-04
-2.050090e-04
-2.265889e-04
-2.295063e-04
-2.349713e-04
-2.480594e-04
-2.576013e-04
-2.693168e-04
-2.785083e-04
-2.920675e-04
-3.075802e-04
-3.188670e-04
-3.280313e-04
-3.352061e-04
-3.503693e-04
-3.598741e-04
-3.697877e-04
-3.743675e-04
-3.821837e-04
-3.858454e-04
-3.999507e-04
-4.115578e-04
-4.283095e-04
-4.347822e-04
-4.464841e-04
-4.729204e-04
-4.826557e-04
-5.009914e-04
-5.127169e-04
-5.242469e-04
-5.268289e-04
-5.622868e-04
-5.644112e-04
-5.735860e-04
-5.871289e-04
-6.412966e-04
-6.597787e-04
-6.654357e-04
-6.853226e-04
-6.938469e-04
