1.285315e+05
6.375253e+03
3.210433e+03
3.065969e+03
1.730243e+03
1.545988e+03
1.483384e+03
1.116572e+03
9.230204e+02
6.951616e+02
5.679171e+02
4.976978e+02
2.901630e+02
2.777297e+02
2.154952e+02
2.033878e+02
1.729603e+02
1.530960e+02
1.313285e+02
1.228018e+02
9.869510e+01
9.283385e+01
8.761034e+01
7.546542e+01
7.349714e+01
6.943233e+01
6.126461e+01
5.896902e+01
5.805736e+01
5.412965e+01
5.157037e+01
4.084378e+01
4.024199e+01
3.974805e+01
3.347896e+01
2.928229e+01
2.763572e+01
2.699331e+01
2.426996e+01
2.347295e+01
2.293106e+01
2.129055e+01
1.921584e+01
1.650659e+01
1.530920e+01
1.505267e+01
1.396688e+01
1.312961e+01
1.228115e+01
1.092619e+01
9.977161e+00
9.422176e+00
9.082824e+00
8.486962e+00
8.037387e+00
7.042420e+00
6.554907e+00
5.536060e+00
5.065968e+00
4.923182e+00
4.799578e+00
4.421199e+00
4.365122e+00
3.905699e+00
3.669728e+00
3.238636e+00
3.056940e+00
2.767515e+00
2.608825e+00
2.445308e+00
2.391873e+00
2.302431e+00
2.220301e+00
1.997593e+00
1.790484e+00
1.741619e+00
1.569171e+00
1.541985e+00
1.349034e+00
1.280363e+00
1.098909e+00
9.953863e-01
9.433182e-01
8.780723e-01
8.471871e-01
8.163532e-01
7.407588e-01
7.213774e-01
6.928082e-01
6.244659e-01
5.923125e-01
5.731354e-01
5.620601e-01
5.117556e-01
4.556502e-01
4.350659e-01
3.931648e-01
3.854766e-01
3.371985e-01
3.331954e-01
2.940744e-01
2.897069e-01
2.811932e-01
2.534177e-01
2.434388e-01
2.227186e-01
2.086808e-01
1.829797e-01
1.675454e-01
1.620003e-01
1.467825e-01
1.292176e-01
1.262464e-01
1.215452e-01
1.170302e-01
1.123904e-01
1.060478e-01
1.031699e-01
9.850989e-02
8.930950e-02
8.421018e-02
7.727778e-02
7.050946e-02
6.720582e-02
5.754832e-02
5.572318e-02
5.272513e-02
4.964472e-02
4.716542e-02
3.766480e-02
3.479104e-02
3.399447e-02
3.272220e-02
3.031380e-02
2.880748e-02
2.725080e-02
2.574612e-02
2.254133e-02
1.992800e-02
1.889643e-02
1.756618e-02
1.484859e-02
1.364768e-02
1.205417e-02
1.110592e-02
1.065863e-02
9.273605e-03
8.462655e-03
8.133866e-03
7.632794e-03
7.252706e-03
5.971212e-03
5.415808e-03
5.084186e-03
4.639707e-03
4.384386e-03
4.320647e-03
4.187103e-03
3.654701e-03
3.409191e-03
3.199436e-03
2.971220e-03
2.655766e-03
2.558801e-03
2.531708e-03
2.364444e-03
2.113825e-03
2.007903e-03
1.982404e-03
1.897502e-03
1.750144e-03
1.715667e-03
1.665315e-03
1.645073e-03
1.598237e-03
1.512086e-03
1.482379e-03
1.441824e-03
1.412753e-03
1.370245e-03
1.352307e-03
1.342551e-03
1.327647e-03
1.305734e-03
1.282060e-03
1.249937e-03
1.239839e-03
1.215034e-03
1.199265e-03
1.179560e-03
1.174629e-03
1.163006e-03
1.145928e-03
1.127901e-03
1.119077e-03
1.091706e-03
1.086049e-03
1.073249e-03
1.048598e-03
1.037346e-03
1.025101e-03
9.964678e-04
9.823962e-04
9.741399e-04
9.644459e-04
9.527446e-04
9.424693e-04
9.286645e-04
9.208738e-04
9.175442e-04
9.019850e-04
8.889993e-04
8.537434e-04
8.485737e-04
8.414313e-04
8.246166e-04
8.191688e-04
8.100827e-04
7.888129e-04
7.809390e-04
7.736304e-04
7.648582e-04
7.452500e-04
7.389117e-04
7.293039e-04
7.262790e-04
7.178464e-04
7.123900e-04
6.977483e-04
6.906441e-04
6.665584e-04
6.597027e-04
6.535591e-04
6.420373e-04
6.356164e-04
6.201348e-04
6.073698e-04
5.879570e-04
5.823593e-04
5.781917e-04
5.694299e-04
5.624327e-04
5.522314e-04
5.443063e-04
5.354881e-04
5.298693e-04
5.143214e-04
4.976672e-04
4.912250e-04
4.807989e-04
4.695326e-04
4.620733e-04
4.516400e-04
4.463874e-04
4.394252e-04
4.366021e-04
4.209557e-04
4.162078e-04
3.968498e-04
3.938696e-04
3.842349e-04
3.771577e-04
3.705840e-04
3.582099e-04
3.496993e-04
3.410726e-04
3.377157e-04
3.273565e-04
3.154948e-04
3.019068e-04
2.976455e-04
2.912790e-04
2.776800e-04
2.675228e-04
2.558619e-04
2.422603e-04
2.402190e-04
2.214080e-04
2.193353e-04
2.175000e-04
2.078851e-04
2.011793e-04
1.785885e-04
1.737400e-04
1.715834e-04
1.593101e-04
1.378238e-04
1.348726e-04
1.264411e-04
1.232942e-04
1.148969e-04
9.967844e-05
9.622381e-05
9.299155e-05
7.625028e-05
6.048240e-05
5.467702e-05
4.012310e-05
3.011822e-05
2.657444e-05
1.579582e-05
1.268038e-05
6.452508e-06
2.660905e-06
-8.991138e-06
-1.424629e-05
-2.239313e-05
-3.423815e-05
-4.630821e-05
-5.183834e-05
-5.609331e-05
-6.792240e-05
-8.348441e-05
-9.366725e-05
-9.814316e-05
-1.037251e-04
-1.115563e-04
-1.249063e-04
-1.339619e-04
-1.462978e-04
-1.574207e-04
-1.657197e-04
-1.760340e-04
-1.850395e-04
-1.927987e-04
-2.085714e-04
-2.186149e-04
-2.291576e-04
-2.342379e-04
-2.501304e-04
-2.573912e-04
-2.640926e-04
-2.676770e-04
-2.821910e-04
-2.883432e-04
-3.002232e-04
-3.098226e-04
-3.211623e-04
-3.334360e-04
-3.460080e-04
-3.492971e-04
-3.643993e-04
-3.743138e-04
-3.832845e-04
-3.988268e-04
-4.085846e-04
-4.166769e-04
-4.260058e-04
-4.347875e-04
-4.440293e-04
-4.447054e-04
-4.612337e-04
-4.778672e-04
-4.877119e-04
-4.928303e-04
-5.091064e-04
-5.260184e-04
-5.278830e-04
-5.510841e-04
-5.629899e-04
-5.820561e-04
-5.947069e-04
-6.017220e-04
-6.105192e-04
-6.353858e-04
-6.444274e-04
-6.541305e-04
-6.741899e-04
-6.892676e-04
-6.948313e-04
-7.099466e-04
-7.246374e-04
-7.483978e-04
-7.642096e-04
-7.787866e-04
-7.873705e-04
-8.126424e-04
-8.236716e-04
-8.461184e-04
-8.719699e-04
-8.917515e-04
-9.077230e-04
-9.417753e-04
-9.933088e-04
