2.848569e+10
1.347598e+10
5.635210e+09
4.368825e+09
3.949307e+09
3.848976e+09
3.405812e+09
3.158354e+09
2.558969e+09
2.553121e+09
2.347613e+09
2.239023e+09
2.079834e+09
1.951729e+09
1.866721e+09
1.851046e+09
1.690413e+09
1.616468e+09
1.532128e+09
1.509807e+09
1.355332e+09
1.332045e+09
1.229468e+09
1.209255e+09
1.139139e+09
1.107839e+09
1.062836e+09
1.032165e+09
9.885021e+08
9.686671e+08
9.506801e+08
9.358102e+08
8.487582e+08
8.365376e+08
8.125752e+08
7.739039e+08
7.563332e+08
7.364246e+08
7.304578e+08
7.250089e+08
6.957617e+08
6.792282e+08
6.551667e+08
6.396607e+08
6.344568e+08
6.148325e+08
5.886889e+08
5.703542e+08
5.616784e+08
5.466800e+08
5.211853e+08
5.135612e+08
5.030166e+08
4.913845e+08
4.660395e+08
4.550870e+08
4.468997e+08
4.324075e+08
4.201784e+08
4.084600e+08
4.005715e+08
3.879292e+08
3.806608e+08
3.564690e+08
3.494189e+08
3.377060e+08
3.370609e+08
3.199387e+08
3.148754e+08
3.099832e+08
3.071615e+08
2.981070e+08
2.897111e+08
2.772908e+08
2.701582e+08
2.658308e+08
2.648372e+08
2.564023e+08
2.541389e+08
2.429283e+08
2.343095e+08
2.318314e+08
2.256374e+08
2.202509e+08
2.166697e+08
2.083537e+08
2.053859e+08
2.010712e+08
1.888445e+08
1.840672e+08
1.768762e+08
1.745058e+08
1.679164e+08
1.623523e+08
1.534177e+08
1.508717e+08
1.436685e+08
1.376504e+08
1.357641e+08
1.343876e+08
1.282137e+08
1.237061e+08
1.169688e+08
1.113289e+08
1.090747e+08
1.042502e+08
9.965034e+07
9.358622e+07
8.740064e+07
8.580461e+07
7.964224e+07
7.692681e+07
7.411603e+07
7.200631e+07
6.175204e+07
6.030622e+07
5.701216e+07
5.312194e+07
5.146459e+07
4.115806e+07
3.902850e+07
3.479882e+07
3.318249e+07
2.622492e+07
1.331863e+07
1.194691e+07
2.196878e+06
1.466429e+06
