5.862666e+04
1.248264e+04
7.452750e+03
1.849326e+03
1.311488e+03
9.974722e+02
7.597907e+02
4.348954e+02
3.258643e+02
2.893512e+02
2.260301e+02
1.991880e+02
1.775548e+02
1.380542e+02
1.278760e+02
9.827827e+01
9.371020e+01
8.589980e+01
6.244676e+01
5.859438e+01
4.853947e+01
4.390340e+01
3.763816e+01
3.391777e+01
2.937494e+01
2.206289e+01
1.973129e+01
1.864976e+01
1.497660e+01
1.363917e+01
1.029068e+01
8.963218e+00
8.746637e+00
8.084102e+00
7.201019e+00
6.359235e+00
5.686975e+00
4.674538e+00
3.792991e+00
3.571254e+00
3.292626e+00
2.786473e+00
2.511141e+00
2.137900e+00
1.823976e+00
1.477218e+00
1.084104e+00
1.049650e+00
8.591203e-01
7.165195e-01
6.403393e-01
5.748705e-01
5.645452e-01
5.024937e-01
3.367099e-01
2.296133e-01
2.269744e-01
1.838039e-01
1.599719e-01
1.369558e-01
9.516387e-02
6.917667e-02
5.303664e-02
4.950246e-02
4.142646e-02
3.495044e-02
2.719682e-02
1.980277e-02
1.847314e-02
1.619434e-02
1.453878e-02
1.341417e-02
1.162904e-02
1.034148e-02
6.852060e-03
6.519147e-03
4.689006e-03
3.796804e-03
3.306241e-03
2.996606e-03
2.152930e-03
1.767053e-03
1.671787e-03
1.479800e-03
1.377014e-03
1.228053e-03
1.189937e-03
1.097316e-03
9.901779e-04
9.504395e-04
8.308089e-04
8.086837e-04
7.858105e-04
7.155859e-04
6.942864e-04
6.696073e-04
6.540060e-04
6.373316e-04
6.261577e-04
6.220930e-04
6.151026e-04
5.930852e-04
5.905394e-04
5.771766e-04
5.678450e-04
5.554847e-04
5.479531e-04
5.267037e-04
5.226604e-04
5.177257e-04
5.125228e-04
5.036889e-04
4.934315e-04
4.822707e-04
4.809767e-04
4.681241e-04
4.594478e-04
4.580198e-04
4.510441e-04
4.432444e-04
4.381454e-04
4.366993e-04
4.267282e-04
4.185967e-04
4.143690e-04
4.064538e-04
4.020206e-04
3.938694e-04
3.898928e-04
3.836257e-04
3.798546e-04
3.720145e-04
3.692954e-04
3.581371e-04
3.516075e-04
3.476334e-04
3.468732e-04
3.394178e-04
3.358000e-04
3.327828e-04
3.296276e-04
3.266615e-04
3.252598e-04
3.217790e-04
3.192967e-04
3.163287e-04
3.088821e-04
3.070377e-04
3.007731e-04
2.984011e-04
2.950975e-04
2.926719e-04
2.893698e-04
2.825409e-04
2.783713e-04
2.776594e-04
2.740054e-04
2.698924e-04
2.666144e-04
2.626748e-04
2.598373e-04
2.580280e-04
2.543406e-04
2.501317e-04
2.457476e-04
2.418047e-04
2.404372e-04
2.369704e-04
2.346270e-04
2.319105e-04
2.303731e-04
2.263847e-04
2.262341e-04
2.244239e-04
2.186598e-04
2.137912e-04
2.114143e-04
2.073420e-04
2.062273e-04
2.032498e-04
1.999149e-04
1.966053e-04
1.943261e-04
1.905408e-04
1.884609e-04
1.854013e-04
1.797692e-04
1.773466e-04
1.762701e-04
1.754679e-04
1.700763e-04
1.691248e-04
1.680234e-04
1.648762e-04
1.639981e-04
1.618107e-04
1.581401e-04
1.566171e-04
1.530828e-04
1.488320e-04
1.450051e-04
1.428430e-04
1.405677e-04
1.400412e-04
1.355377e-04
1.330667e-04
1.314760e-04
1.291566e-04
1.272174e-04
1.232896e-04
1.216690e-04
1.181778e-04
1.165644e-04
1.144325e-04
1.097624e-04
1.089154e-04
1.059584e-04
1.044314e-04
1.024899e-04
9.730928e-05
9.526904e-05
9.318932e-05
8.906422e-05
8.729784e-05
8.625486e-05
8.370202e-05
8.155729e-05
8.015423e-05
7.612420e-05
7.194324e-05
7.084379e-05
6.902750e-05
6.416905e-05
6.338658e-05
6.203583e-05
6.056625e-05
5.636388e-05
5.603571e-05
5.201322e-05
4.894575e-05
4.553723e-05
4.421119e-05
3.821562e-05
3.631864e-05
3.432900e-05
3.286386e-05
3.075353e-05
2.732057e-05
2.358327e-05
2.118101e-05
2.033927e-05
1.884679e-05
1.482113e-05
1.148209e-05
1.116869e-05
8.587469e-06
7.236462e-06
6.178220e-06
9.504931e-07
1.772570e-13
5.188065e-14
-4.255287e-14
-7.248192e-14
-1.199581e-06
-1.923380e-06
-7.455603e-06
-9.922106e-06
-1.051756e-05
-1.327723e-05
-1.415816e-05
-1.637397e-05
-1.991612e-05
-2.057934e-05
-2.291360e-05
-2.712750e-05
-3.111290e-05
-3.401590e-05
-3.551477e-05
-3.711128e-05
-3.811168e-05
-4.167024e-05
-4.276588e-05
-4.895348e-05
-5.021338e-05
-5.218916e-05
-5.658162e-05
-5.807897e-05
-5.891865e-05
-6.128954e-05
-6.512170e-05
-6.828101e-05
-7.060428e-05
-7.213096e-05
-7.308044e-05
-7.415388e-05
-8.017881e-05
-8.113690e-05
-8.535595e-05
-8.785510e-05
-8.978642e-05
-9.075284e-05
-9.630031e-05
-9.649512e-05
-9.710168e-05
-1.006807e-04
-1.044451e-04
-1.059108e-04
-1.078962e-04
-1.149796e-04
-1.164964e-04
-1.193394e-04
-1.210990e-04
-1.244421e-04
-1.260050e-04
-1.299625e-04
-1.325053e-04
-1.352123e-04
-1.374374e-04
-1.420874e-04
-1.427776e-04
-1.446120e-04
-1.466079e-04
-1.501178e-04
-1.539825e-04
-1.604817e-04
-1.627227e-04
-1.646518e-04
-1.690402e-04
-1.706801e-04
-1.716235e-04
-1.740293e-04
-1.794541e-04
-1.812344e-04
-1.858577e-04
-1.907330e-04
-1.918482e-04
-1.942253e-04
-1.949685e-04
-2.016649e-04
-2.045927e-04
-2.095101e-04
-2.133929e-04
-2.142468e-04
-2.199791e-04
-2.234844e-04
-2.279429e-04
-2.312269e-04
-2.347787e-04
-2.395217e-04
-2.438847e-04
-2.478909e-04
-2.506487e-04
-2.560382e-04
-2.627629e-04
-2.654257e-04
-2.680741e-04
-2.804786e-04
-2.811246e-04
-2.866838e-04
-2.937067e-04
-2.966630e-04
-2.996528e-04
-3.017166e-04
-3.077721e-04
-3.161604e-04
-3.230805e-04
-3.260022e-04
-3.314108e-04
-3.444067e-04
-3.481759e-04
-3.574100e-04
-3.623604e-04
-3.685382e-04
-3.852634e-04
-3.889228e-04
-4.024684e-04
-4.364545e-04
-4.469152e-04
-5.025040e-04
-5.455465e-04
-6.748660e-04
-8.559835e-04
-9.463794e-04
-1.329944e-03
