8.660526e+04
3.514007e+03
2.343745e+03
1.702774e+03
1.016301e+03
6.896263e+02
5.806049e+02
4.507628e+02
3.226546e+02
2.817438e+02
2.638910e+02
2.164871e+02
2.010596e+02
1.832557e+02
1.769424e+02
1.710591e+02
1.378865e+02
1.313209e+02
1.240708e+02
1.212676e+02
1.138444e+02
1.100321e+02
1.000049e+02
9.359596e+01
8.793299e+01
7.823714e+01
7.675657e+01
7.492580e+01
7.004808e+01
6.548793e+01
6.037005e+01
5.718364e+01
5.312025e+01
5.110421e+01
4.776290e+01
4.482970e+01
4.318306e+01
3.937490e+01
3.730411e+01
3.465290e+01
3.165041e+01
2.955969e+01
2.714018e+01
2.654512e+01
2.334536e+01
2.249025e+01
2.145516e+01
1.975974e+01
1.910835e+01
1.792496e+01
1.737899e+01
1.619759e+01
1.548580e+01
1.530240e+01
1.412519e+01
1.341163e+01
1.207877e+01
1.121501e+01
1.057523e+01
8.829245e+00
8.418737e+00
8.142186e+00
7.531364e+00
6.765304e+00
6.519956e+00
6.212244e+00
5.626673e+00
5.508814e+00
5.424137e+00
5.115951e+00
4.417629e+00
3.948380e+00
3.583402e+00
3.149889e+00
2.793921e+00
2.640231e+00
2.568053e+00
2.422939e+00
2.295093e+00
2.223509e+00
2.078767e+00
1.946553e+00
1.776106e+00
1.691071e+00
1.533624e+00
1.417570e+00
1.346750e+00
1.313225e+00
1.261154e+00
1.220766e+00
1.140790e+00
1.011247e+00
9.749134e-01
8.959425e-01
8.870804e-01
8.330945e-01
8.139630e-01
7.604748e-01
7.461877e-01
7.334288e-01
6.822762e-01
6.007920e-01
5.940636e-01
5.130662e-01
4.798968e-01
4.606292e-01
4.474145e-01
4.194181e-01
3.931881e-01
3.798380e-01
3.562624e-01
3.502705e-01
3.326445e-01
3.136950e-01
2.774528e-01
2.655506e-01
2.490847e-01
2.405508e-01
2.235020e-01
2.125257e-01
2.016601e-01
1.900790e-01
1.818765e-01
1.608598e-01
1.570259e-01
1.457210e-01
1.375947e-01
1.230914e-01
1.198168e-01
1.175037e-01
1.064598e-01
1.037005e-01
9.985255e-02
9.469350e-02
9.230887e-02
9.006074e-02
7.940836e-02
7.624054e-02
7.138544e-02
6.797577e-02
6.084262e-02
6.058672e-02
5.536766e-02
5.074179e-02
4.891882e-02
4.576549e-02
4.380044e-02
4.017804e-02
3.984298e-02
3.927525e-02
3.624857e-02
3.438810e-02
3.280712e-02
3.134032e-02
3.001774e-02
2.825538e-02
2.716164e-02
2.531246e-02
2.433985e-02
2.201558e-02
2.112531e-02
2.092766e-02
1.834000e-02
1.674576e-02
1.547720e-02
1.422364e-02
1.383879e-02
1.282392e-02
1.250520e-02
1.202673e-02
1.151905e-02
1.082677e-02
1.011813e-02
9.845751e-03
9.191220e-03
8.947105e-03
8.505185e-03
7.669769e-03
7.016504e-03
6.657749e-03
6.197272e-03
5.807470e-03
5.683687e-03
5.498722e-03
5.126628e-03
4.819558e-03
4.441739e-03
4.123312e-03
3.912349e-03
3.774303e-03
3.659042e-03
3.508263e-03
3.372645e-03
2.971845e-03
2.730243e-03
2.516459e-03
2.432853e-03
2.373260e-03
2.307200e-03
2.192375e-03
2.146530e-03
2.065678e-03
1.945665e-03
1.894973e-03
1.813119e-03
1.748006e-03
1.713003e-03
1.638549e-03
1.615554e-03
1.490779e-03
1.480984e-03
1.437225e-03
1.388977e-03
1.376287e-03
1.354229e-03
1.327634e-03
1.276276e-03
1.252329e-03
1.202883e-03
1.185643e-03
1.178788e-03
1.164118e-03
1.145861e-03
1.133843e-03
1.106281e-03
1.087739e-03
1.082090e-03
1.057344e-03
1.048296e-03
1.028594e-03
1.017595e-03
1.004429e-03
9.777127e-04
9.665283e-04
9.469358e-04
9.439709e-04
9.315030e-04
9.179249e-04
9.033842e-04
8.909649e-04
8.850468e-04
8.792420e-04
8.702183e-04
8.638629e-04
8.405506e-04
8.330774e-04
8.122467e-04
8.026207e-04
7.994772e-04
7.746136e-04
7.619406e-04
7.578974e-04
7.442399e-04
7.367654e-04
7.198901e-04
7.061375e-04
6.893192e-04
6.887557e-04
6.827803e-04
6.686578e-04
6.651742e-04
6.435015e-04
6.381987e-04
6.304928e-04
6.287923e-04
6.183889e-04
6.096703e-04
5.959301e-04
5.916663e-04
5.786366e-04
5.631899e-04
5.615022e-04
5.472217e-04
5.339358e-04
5.228387e-04
5.124456e-04
5.064551e-04
4.980622e-04
4.890308e-04
4.747075e-04
4.649292e-04
4.638202e-04
4.533738e-04
4.392871e-04
4.297108e-04
4.234935e-04
4.105837e-04
4.024543e-04
3.888840e-04
3.817474e-04
3.612612e-04
3.591071e-04
3.506991e-04
3.384813e-04
3.271751e-04
3.154795e-04
3.075745e-04
3.012282e-04
2.926624e-04
2.905797e-04
2.686351e-04
2.630338e-04
2.517116e-04
2.456351e-04
2.389199e-04
2.265417e-04
2.130182e-04
2.019627e-04
1.941995e-04
1.790548e-04
1.766472e-04
1.640313e-04
1.555751e-04
1.410919e-04
1.316772e-04
1.210970e-04
1.130037e-04
1.075990e-04
9.969711e-05
7.441358e-05
7.042364e-05
6.497110e-05
6.039085e-05
5.351513e-05
3.169233e-05
2.913163e-05
2.299842e-05
1.590209e-05
2.819843e-06
1.256325e-13
6.131170e-14
1.060204e-14
-3.636267e-14
-4.449657e-14
-9.477320e-06
-1.434991e-05
-2.024116e-05
-3.575233e-05
-3.839866e-05
-4.845097e-05
-5.356842e-05
-6.803580e-05
-7.380487e-05
-8.009789e-05
-9.517616e-05
-1.037078e-04
-1.149604e-04
-1.205050e-04
-1.357947e-04
-1.454924e-04
-1.584532e-04
-1.737475e-04
-1.827659e-04
-1.901507e-04
-1.982540e-04
-2.171016e-04
-2.252022e-04
-2.301486e-04
-2.516935e-04
-2.635019e-04
-2.675988e-04
-2.798766e-04
-2.954115e-04
-3.110827e-04
-3.230808e-04
-3.335257e-04
-3.367060e-04
-3.597670e-04
-3.782215e-04
-3.945230e-04
-4.042756e-04
-4.089003e-04
-4.284768e-04
-4.414062e-04
-4.583164e-04
-4.707640e-04
-4.718839e-04
-5.036937e-04
-5.113683e-04
-5.477756e-04
-5.608608e-04
-5.920284e-04
-6.125229e-04
-6.569095e-04
