8.785384e+04
3.475887e+03
2.502086e+03
1.772723e+03
1.035049e+03
7.250451e+02
5.118217e+02
4.081994e+02
2.783193e+02
2.571776e+02
2.332282e+02
1.921084e+02
1.866016e+02
1.654131e+02
1.519571e+02
1.469744e+02
1.374181e+02
1.358354e+02
1.180968e+02
1.085026e+02
1.012609e+02
9.839928e+01
8.881311e+01
7.703635e+01
7.583590e+01
7.348187e+01
7.305779e+01
6.581517e+01
5.960714e+01
5.502115e+01
5.382547e+01
5.271808e+01
4.804944e+01
4.610415e+01
4.273951e+01
3.801846e+01
3.626654e+01
3.515413e+01
3.382534e+01
3.212145e+01
2.803037e+01
2.684917e+01
2.508717e+01
2.279296e+01
2.165428e+01
2.014002e+01
1.955387e+01
1.906367e+01
1.784900e+01
1.548131e+01
1.447592e+01
1.354381e+01
1.319406e+01
1.241612e+01
1.230560e+01
1.077710e+01
1.041880e+01
9.636029e+00
9.332958e+00
8.744662e+00
7.965963e+00
7.016849e+00
6.965352e+00
6.800638e+00
6.416556e+00
5.307919e+00
5.002948e+00
4.788965e+00
4.447715e+00
4.292134e+00
3.680617e+00
3.371809e+00
3.123639e+00
2.941730e+00
2.466031e+00
2.329542e+00
2.184648e+00
2.022447e+00
2.005502e+00
1.713120e+00
1.626945e+00
1.486382e+00
1.422282e+00
1.367109e+00
1.252324e+00
1.216038e+00
1.164685e+00
1.148145e+00
1.097505e+00
1.028253e+00
8.816394e-01
8.752982e-01
8.371568e-01
7.880262e-01
7.553090e-01
7.003961e-01
6.523003e-01
6.058136e-01
5.703776e-01
5.409378e-01
5.051294e-01
4.849318e-01
4.467782e-01
4.370818e-01
3.914810e-01
3.782257e-01
3.723651e-01
3.365303e-01
3.224925e-01
2.986812e-01
2.845030e-01
2.745781e-01
2.643490e-01
2.457496e-01
2.290759e-01
2.218381e-01
1.973639e-01
1.776229e-01
1.709346e-01
1.544437e-01
1.418526e-01
1.383192e-01
1.307608e-01
1.248828e-01
1.179219e-01
1.116694e-01
1.094629e-01
1.050722e-01
9.639142e-02
9.233052e-02
8.861933e-02
8.182883e-02
7.848324e-02
7.688828e-02
6.935736e-02
6.416391e-02
6.182114e-02
5.826935e-02
5.356134e-02
5.066902e-02
4.809018e-02
4.550735e-02
4.415375e-02
4.118805e-02
4.011518e-02
3.743553e-02
3.612939e-02
3.342904e-02
3.252090e-02
3.000244e-02
2.871290e-02
2.763843e-02
2.536645e-02
2.392587e-02
2.252328e-02
2.105986e-02
1.891294e-02
1.788593e-02
1.677571e-02
1.668313e-02
1.603158e-02
1.521663e-02
1.473298e-02
1.400890e-02
1.327871e-02
1.197878e-02
1.183750e-02
1.038545e-02
1.002142e-02
9.898302e-03
9.393562e-03
9.168409e-03
8.655281e-03
8.162792e-03
7.673359e-03
7.376869e-03
7.228137e-03
6.613253e-03
6.347792e-03
6.081970e-03
4.871830e-03
4.681396e-03
4.431193e-03
4.303865e-03
4.182653e-03
3.767813e-03
3.467820e-03
3.448090e-03
3.299581e-03
3.047416e-03
3.021784e-03
2.784451e-03
2.753225e-03
2.560433e-03
2.505343e-03
2.429502e-03
2.313382e-03
2.146647e-03
2.090391e-03
2.006635e-03
1.953829e-03
1.888428e-03
1.798791e-03
1.756079e-03
1.663091e-03
1.608395e-03
1.554814e-03
1.498563e-03
1.443248e-03
1.358255e-03
1.328270e-03
1.314759e-03
1.286933e-03
1.244736e-03
1.240411e-03
1.211825e-03
1.186261e-03
1.160740e-03
1.133395e-03
1.116985e-03
1.104452e-03
1.073952e-03
1.063192e-03
1.051827e-03
1.037090e-03
1.007189e-03
9.949689e-04
9.901226e-04
9.827464e-04
9.668045e-04
9.611798e-04
9.431730e-04
9.232195e-04
9.166982e-04
9.027555e-04
8.773739e-04
8.693603e-04
8.559140e-04
8.490903e-04
8.285798e-04
8.224341e-04
8.155136e-04
8.089467e-04
7.875438e-04
7.855615e-04
7.684568e-04
7.554323e-04
7.476885e-04
7.408943e-04
7.330477e-04
7.216978e-04
6.989270e-04
6.928456e-04
6.885978e-04
6.800249e-04
6.641079e-04
6.521350e-04
6.361411e-04
6.272580e-04
6.090484e-04
6.012229e-04
5.934374e-04
5.825401e-04
5.740421e-04
5.705854e-04
5.549937e-04
5.476199e-04
5.412629e-04
5.232128e-04
5.078721e-04
5.017142e-04
5.005876e-04
4.907163e-04
4.785231e-04
4.715005e-04
4.650999e-04
4.491179e-04
4.418108e-04
4.380623e-04
4.162988e-04
4.133075e-04
4.083320e-04
3.870581e-04
3.861269e-04
3.783771e-04
3.571136e-04
3.558419e-04
3.403787e-04
3.290187e-04
3.265139e-04
3.123127e-04
2.929248e-04
2.887117e-04
2.767275e-04
2.637432e-04
2.574496e-04
2.478751e-04
2.347426e-04
2.320082e-04
2.141172e-04
2.000706e-04
1.975905e-04
1.911390e-04
1.878927e-04
1.783154e-04
1.694264e-04
1.598524e-04
1.491171e-04
1.363874e-04
1.251362e-04
1.153065e-04
1.056893e-04
9.167208e-05
8.759698e-05
8.418212e-05
6.112769e-05
5.990751e-05
3.962637e-05
3.493551e-05
3.056625e-05
2.115919e-05
1.535595e-05
7.688122e-06
2.749604e-06
2.389128e-13
1.556241e-13
7.461783e-14
-2.704052e-14
-5.398677e-14
-9.398278e-14
-1.046239e-13
-1.582523e-13
-2.369745e-13
-1.677597e-05
-2.030127e-05
-3.277234e-05
-4.185370e-05
-5.875537e-05
-6.396417e-05
-6.724837e-05
-7.471796e-05
-9.523269e-05
-1.036861e-04
-1.108923e-04
-1.201542e-04
-1.277243e-04
-1.400842e-04
-1.447811e-04
-1.519835e-04
-1.536413e-04
-1.620501e-04
-1.753509e-04
-1.915710e-04
-2.015255e-04
-2.242361e-04
-2.300734e-04
-2.343396e-04
-2.490805e-04
-2.728877e-04
-2.793012e-04
-2.856387e-04
-2.992315e-04
-3.039688e-04
-3.288288e-04
-3.307670e-04
-3.501105e-04
-3.610142e-04
-3.661703e-04
-3.816600e-04
-3.979487e-04
-4.016600e-04
-4.082383e-04
-4.340975e-04
-4.625788e-04
-4.678451e-04
-4.698608e-04
-4.972949e-04
-5.228537e-04
-5.400652e-04
-5.768818e-04
-5.905578e-04
-6.188645e-04
-6.411984e-04
-6.480567e-04
