6.800491e+05
3.880113e+04
1.079934e+04
2.914230e+03
7.783170e+02
1.271911e+02
4.985667e+01
1.106166e+01
2.607622e+00
7.721812e-01
1.636083e-01
5.995977e-02
2.551902e-02
2.094992e-02
2.054087e-02
2.011380e-02
1.927680e-02
1.881420e-02
1.795919e-02
1.672609e-02
1.650600e-02
1.599311e-02
1.521921e-02
1.462659e-02
1.412603e-02
1.354110e-02
1.295843e-02
1.265942e-02
1.231087e-02
1.191341e-02
1.106539e-02
1.097369e-02
1.052669e-02
1.042109e-02
9.701089e-03
8.941727e-03
8.454684e-03
7.548224e-03
7.379533e-03
6.639596e-03
6.440470e-03
5.739801e-03
5.419428e-03
5.086193e-03
4.414556e-03
4.122381e-03
3.366870e-03
2.842844e-03
2.341353e-03
2.018509e-03
1.506847e-03
8.986324e-04
2.848456e-04
3.089470e-05
-7.621584e-04
-9.560281e-04
-1.677179e-03
-2.242138e-03
-3.110771e-03
-3.510077e-03
-4.799455e-03
-5.742036e-03
-6.186478e-03
-6.747296e-03
