1.427767e+08
2.196536e+07
1.588871e+06
1.448516e+06
8.302219e+05
2.977861e+05
1.830256e+05
7.316144e+04
1.391182e+04
9.481574e+03
2.523522e+03
8.120630e+02
3.945979e+02
2.018977e+02
1.403730e+02
6.279744e+01
5.845655e+01
4.672193e+01
3.393044e+01
2.597901e+01
2.487849e+01
2.110541e+01
1.866002e+01
1.705252e+01
1.586284e+01
1.522692e+01
1.388963e+01
1.386323e+01
1.281368e+01
1.238046e+01
1.126898e+01
1.024226e+01
9.820905e+00
9.566785e+00
9.054138e+00
8.521314e+00
8.061291e+00
7.829973e+00
7.573747e+00
7.081530e+00
6.755476e+00
6.645680e+00
6.321760e+00
6.071878e+00
5.664625e+00
5.417007e+00
4.931175e+00
4.703860e+00
4.258379e+00
4.053824e+00
4.007226e+00
3.733420e+00
3.489544e+00
3.349377e+00
3.207425e+00
2.880371e+00
2.606096e+00
2.407258e+00
2.215550e+00
1.892904e+00
1.828618e+00
1.803638e+00
1.458781e+00
1.244479e+00
1.238247e+00
1.100168e+00
9.691656e-01
8.715469e-01
7.344661e-01
5.468197e-01
5.149853e-01
4.301046e-01
2.007249e-01
1.768693e-01
1.342093e-01
9.804716e-02
8.431309e-02
6.910280e-02
2.956869e-02
-2.872865e-11
-4.381442e-10
-3.424782e-02
-1.248627e-01
-2.256881e-01
-3.244326e-01
-3.712237e-01
-4.083230e-01
-4.327477e-01
-5.407436e-01
-6.801693e-01
-7.303828e-01
-8.376622e-01
-1.079416e+00
-1.146684e+00
-1.316186e+00
-1.474633e+00
-1.588261e+00
-1.808491e+00
-2.184027e+00
-2.707498e+00
-2.756803e+00
-3.037316e+00
-3.199594e+00
-3.483737e+00
-3.641912e+00
-3.995634e+00
-4.694468e+00
-5.010240e+00
-5.135715e+00
-5.731220e+00
-5.830773e+00
-6.055467e+00
-6.611296e+00
-7.597840e+00
-8.457298e+00
-8.928457e+00
-9.422236e+00
-1.087935e+01
-1.257953e+01
-1.644813e+01
-1.803078e+01
-2.122836e+01
-2.316471e+01
-2.516617e+01
-2.891437e+01
-3.434465e+01
-4.871978e+01
-7.325175e+01
