8.835492e+09
7.222886e+08
2.333714e+08
1.204579e+08
8.647794e+07
7.459154e+07
6.292674e+07
4.403420e+07
3.264708e+07
2.715516e+07
2.544194e+07
2.330122e+07
1.974604e+07
1.723217e+07
1.323970e+07
1.280620e+07
1.166295e+07
9.876653e+06
9.007482e+06
7.583616e+06
6.498160e+06
6.085168e+06
5.389544e+06
5.090907e+06
4.248864e+06
3.577657e+06
3.233050e+06
2.880688e+06
2.706566e+06
2.396339e+06
1.941944e+06
1.744923e+06
1.426569e+06
1.314470e+06
1.108032e+06
1.025096e+06
9.429484e+05
8.375733e+05
8.198368e+05
7.549271e+05
5.903678e+05
5.566544e+05
5.294421e+05
4.825389e+05
4.533569e+05
4.156989e+05
3.414727e+05
3.255088e+05
2.834591e+05
2.602910e+05
2.263701e+05
2.073195e+05
1.796942e+05
1.540677e+05
1.473641e+05
1.321030e+05
1.166560e+05
9.793538e+04
9.003577e+04
7.231338e+04
6.023916e+04
4.041769e+04
3.304980e+04
2.817534e+04
1.699656e+04
1.398736e+04
1.210235e+04
9.413036e+03
7.479023e+03
7.111196e+03
5.566525e+03
4.546309e+03
3.230749e+03
2.260253e+03
1.707312e+03
1.472214e+03
1.211663e+03
1.078273e+03
9.031389e+02
5.528959e+02
3.571343e+02
2.965281e+02
2.477916e+02
2.108776e+02
1.309920e+02
1.077848e+02
6.730895e+01
6.248269e+01
4.646988e+01
4.221818e+01
2.761222e+01
1.861690e+01
1.335052e+01
1.010299e+01
7.309943e+00
5.971307e+00
4.058330e+00
3.039712e+00
2.344261e+00
1.598263e+00
1.024346e+00
8.723335e-01
6.717910e-01
5.148931e-01
3.968053e-01
3.639904e-01
3.285902e-01
2.770003e-01
2.336515e-01
1.987103e-01
1.940553e-01
1.563725e-01
1.370006e-01
1.141241e-01
9.455158e-02
8.066481e-02
5.438993e-02
3.079535e-02
-4.136222e-03
-3.046478e-02
-3.626167e-02
-4.166940e-02
-7.583964e-02
-9.773476e-02
-1.254770e-01
-1.712084e-01
-2.498143e-01
-3.217678e-01
