5.855498e+04
1.209702e+04
5.446771e+03
1.774544e+03
1.555034e+03
9.633399e+02
8.129111e+02
4.486758e+02
4.153516e+02
3.520753e+02
3.030944e+02
2.743830e+02
2.636693e+02
2.060319e+02
1.543660e+02
1.370428e+02
1.097485e+02
9.531977e+01
7.378710e+01
6.678398e+01
5.973444e+01
5.008473e+01
4.545157e+01
4.058078e+01
3.652526e+01
2.863861e+01
2.478738e+01
2.090940e+01
1.565298e+01
1.534010e+01
1.447767e+01
1.285980e+01
1.212632e+01
1.097551e+01
7.818580e+00
6.779144e+00
6.689511e+00
6.021246e+00
5.182357e+00
4.438161e+00
3.792564e+00
3.358180e+00
2.929318e+00
2.388358e+00
2.127008e+00
1.670912e+00
1.409707e+00
1.269012e+00
9.199165e-01
8.506926e-01
7.706448e-01
6.456897e-01
5.555665e-01
5.064788e-01
3.561703e-01
3.189391e-01
2.778260e-01
2.350883e-01
2.068437e-01
1.570971e-01
1.201527e-01
1.116234e-01
7.360293e-02
6.613639e-02
6.137663e-02
5.530154e-02
3.444150e-02
3.414651e-02
2.904005e-02
2.764017e-02
1.985305e-02
1.795277e-02
1.569617e-02
1.101050e-02
9.888394e-03
7.791757e-03
6.034827e-03
5.580793e-03
5.328347e-03
4.184497e-03
3.483524e-03
3.058152e-03
2.373036e-03
2.196025e-03
2.002669e-03
1.759317e-03
1.585501e-03
1.312720e-03
1.185153e-03
1.134818e-03
1.027730e-03
9.732276e-04
9.389798e-04
8.783944e-04
7.916245e-04
7.675634e-04
7.143014e-04
6.840666e-04
6.580480e-04
6.159958e-04
5.825086e-04
5.655616e-04
5.545066e-04
5.507442e-04
5.475422e-04
5.322810e-04
5.269477e-04
5.155668e-04
4.933706e-04
4.900585e-04
4.868355e-04
4.762703e-04
4.633277e-04
4.592646e-04
4.524207e-04
4.435209e-04
4.391829e-04
4.339071e-04
4.293987e-04
4.251064e-04
4.221944e-04
4.108236e-04
4.029410e-04
4.009375e-04
3.951291e-04
3.899241e-04
3.864761e-04
3.791238e-04
3.763512e-04
3.723881e-04
3.628969e-04
3.582950e-04
3.556947e-04
3.503989e-04
3.444990e-04
3.422701e-04
3.408750e-04
3.360799e-04
3.349909e-04
3.302666e-04
3.263451e-04
3.199787e-04
3.163207e-04
3.138008e-04
3.076372e-04
3.039523e-04
3.006879e-04
2.984251e-04
2.924012e-04
2.911768e-04
2.886110e-04
2.853260e-04
2.836361e-04
2.775923e-04
2.741443e-04
2.712306e-04
2.667607e-04
2.610135e-04
2.581855e-04
2.539916e-04
2.510590e-04
2.502805e-04
2.487860e-04
2.452611e-04
2.419323e-04
2.407887e-04
2.369475e-04
2.362514e-04
2.305771e-04
2.270700e-04
2.262804e-04
2.212098e-04
2.206112e-04
2.169226e-04
2.144924e-04
2.116625e-04
2.104695e-04
2.049454e-04
1.998114e-04
1.971005e-04
1.959258e-04
1.929462e-04
1.917508e-04
1.878791e-04
1.856064e-04
1.830756e-04
1.798630e-04
1.796435e-04
1.779295e-04
1.728827e-04
1.693921e-04
1.688759e-04
1.647768e-04
1.640015e-04
1.626414e-04
1.543117e-04
1.541950e-04
1.497805e-04
1.495184e-04
1.443311e-04
1.435163e-04
1.421300e-04
1.389147e-04
1.355467e-04
1.328080e-04
1.304999e-04
1.273456e-04
1.246957e-04
1.221681e-04
1.213928e-04
1.208337e-04
1.157372e-04
1.149527e-04
1.132723e-04
1.080269e-04
1.044245e-04
1.036449e-04
1.005137e-04
9.982515e-05
9.656477e-05
9.292810e-05
8.987271e-05
8.921581e-05
8.556964e-05
8.529441e-05
8.281899e-05
8.080892e-05
7.977865e-05
7.715655e-05
7.249079e-05
7.215475e-05
6.874001e-05
6.616341e-05
6.327798e-05
6.178545e-05
5.913881e-05
5.766282e-05
5.477447e-05
5.210401e-05
5.041619e-05
4.875489e-05
4.639779e-05
4.036101e-05
3.882042e-05
3.620443e-05
3.474355e-05
3.313047e-05
3.237941e-05
2.815442e-05
2.726596e-05
2.482737e-05
2.137184e-05
1.980578e-05
1.829542e-05
1.518763e-05
1.124197e-05
8.722318e-06
7.575473e-06
4.514410e-06
3.297572e-06
2.117576e-14
-4.968035e-14
-6.933271e-07
-1.645809e-06
-4.384191e-06
-6.797167e-06
-1.061708e-05
-1.348832e-05
-1.518482e-05
-1.682405e-05
-1.902154e-05
-2.170738e-05
-2.353840e-05
-2.466693e-05
-2.631003e-05
-2.903205e-05
-3.334531e-05
-3.423479e-05
-4.231543e-05
-4.390976e-05
-4.548100e-05
-4.664025e-05
-5.235123e-05
-5.259005e-05
-5.364571e-05
-5.625391e-05
-5.896528e-05
-6.107792e-05
-6.535056e-05
-6.719879e-05
-7.012812e-05
-7.182791e-05
-7.472728e-05
-7.718064e-05
-7.938766e-05
-8.080837e-05
-8.359779e-05
-8.524244e-05
-8.690254e-05
-8.941487e-05
-9.393207e-05
-9.720927e-05
-9.967833e-05
-1.014504e-04
-1.032757e-04
-1.068055e-04
-1.091530e-04
-1.125371e-04
-1.144084e-04
-1.173231e-04
-1.195411e-04
-1.231024e-04
-1.246668e-04
-1.270408e-04
-1.324591e-04
-1.347535e-04
-1.376665e-04
-1.397114e-04
-1.422435e-04
-1.434398e-04
-1.472536e-04
-1.504656e-04
-1.526936e-04
-1.566501e-04
-1.602695e-04
-1.623495e-04
-1.670446e-04
-1.675124e-04
-1.682248e-04
-1.708029e-04
-1.758242e-04
-1.787878e-04
-1.809749e-04
-1.844288e-04
-1.879279e-04
-1.893352e-04
-1.939843e-04
-1.982884e-04
-1.994737e-04
-2.032463e-04
-2.070059e-04
-2.138423e-04
-2.144335e-04
-2.167645e-04
-2.206897e-04
-2.236845e-04
-2.288090e-04
-2.326447e-04
-2.398977e-04
-2.462796e-04
-2.473581e-04
-2.491320e-04
-2.540633e-04
-2.598801e-04
-2.631935e-04
-2.671807e-04
-2.724575e-04
-2.747846e-04
-2.786632e-04
-2.813857e-04
-2.838629e-04
-2.899897e-04
-2.970074e-04
-2.980893e-04
-3.066901e-04
-3.181147e-04
-3.257855e-04
-3.313515e-04
-3.374006e-04
-3.462075e-04
-3.498469e-04
-3.733738e-04
-3.845073e-04
-3.859326e-04
-3.952563e-04
-4.062967e-04
-4.305707e-04
-4.552341e-04
-4.945867e-04
-5.503333e-04
-5.922234e-04
-7.499611e-04
-7.673710e-04
-1.553675e-03
