1.283988e+05
6.341068e+03
3.095650e+03
2.930924e+03
1.833033e+03
1.673900e+03
1.337910e+03
1.086814e+03
8.287209e+02
6.996627e+02
6.719866e+02
4.508511e+02
2.989913e+02
2.771555e+02
2.216776e+02
2.019052e+02
1.724959e+02
1.454894e+02
1.410485e+02
1.200154e+02
1.059840e+02
1.043645e+02
9.328254e+01
7.726319e+01
7.619901e+01
7.269812e+01
6.909683e+01
6.316797e+01
5.756434e+01
5.220702e+01
4.394290e+01
4.050952e+01
3.976780e+01
3.779050e+01
3.614487e+01
3.405883e+01
3.173096e+01
2.899351e+01
2.768545e+01
2.463922e+01
2.417113e+01
2.225500e+01
1.882302e+01
1.760104e+01
1.710557e+01
1.590919e+01
1.338148e+01
1.279964e+01
1.238765e+01
1.155364e+01
1.045902e+01
9.793623e+00
8.677647e+00
8.249570e+00
7.781400e+00
7.397170e+00
6.890685e+00
6.572609e+00
6.011863e+00
5.532382e+00
4.804757e+00
4.675340e+00
4.432440e+00
4.099254e+00
3.725971e+00
3.431707e+00
3.175333e+00
2.917848e+00
2.625802e+00
2.524905e+00
2.390022e+00
2.293218e+00
2.029764e+00
1.961241e+00
1.872283e+00
1.625092e+00
1.533337e+00
1.435164e+00
1.354542e+00
1.274333e+00
1.197238e+00
1.066692e+00
1.002319e+00
9.733301e-01
9.209553e-01
8.288509e-01
7.625349e-01
7.329699e-01
6.987980e-01
6.702569e-01
6.339542e-01
5.666769e-01
5.292998e-01
5.123352e-01
4.618995e-01
4.527535e-01
4.271490e-01
3.697684e-01
3.372805e-01
3.071393e-01
2.671493e-01
2.568564e-01
2.508292e-01
2.228868e-01
2.140072e-01
2.115193e-01
1.976736e-01
1.837412e-01
1.753028e-01
1.636323e-01
1.519462e-01
1.482455e-01
1.341874e-01
1.311820e-01
1.196188e-01
1.175111e-01
1.101720e-01
9.625424e-02
9.106047e-02
8.100837e-02
7.054670e-02
6.861514e-02
6.486896e-02
6.100548e-02
5.729211e-02
5.438634e-02
4.608453e-02
4.322663e-02
4.027283e-02
3.769154e-02
3.572269e-02
3.518457e-02
3.253855e-02
2.909180e-02
2.712867e-02
2.542922e-02
2.103271e-02
2.061081e-02
1.970094e-02
1.794116e-02
1.749355e-02
1.576930e-02
1.511954e-02
1.278667e-02
1.243690e-02
1.167885e-02
1.012984e-02
9.542118e-03
8.876890e-03
8.633128e-03
8.368593e-03
7.688615e-03
7.042553e-03
6.597669e-03
5.915829e-03
5.238945e-03
4.843333e-03
4.748163e-03
4.557686e-03
4.323079e-03
3.669838e-03
3.225533e-03
3.134714e-03
2.875490e-03
2.753782e-03
2.658556e-03
2.525796e-03
2.495618e-03
2.381130e-03
2.273992e-03
2.183932e-03
2.093617e-03
1.973304e-03
1.790299e-03
1.738277e-03
1.649864e-03
1.554783e-03
1.507163e-03
1.483958e-03
1.437351e-03
1.421798e-03
1.402058e-03
1.383429e-03
1.345815e-03
1.318772e-03
1.301257e-03
1.284750e-03
1.273787e-03
1.258253e-03
1.231460e-03
1.222892e-03
1.212585e-03
1.190435e-03
1.174199e-03
1.156603e-03
1.131262e-03
1.114141e-03
1.100942e-03
1.093407e-03
1.084521e-03
1.057005e-03
1.043660e-03
1.026764e-03
1.021893e-03
1.012802e-03
9.876451e-04
9.845857e-04
9.753775e-04
9.704041e-04
9.470325e-04
9.404232e-04
9.161177e-04
9.050181e-04
8.924712e-04
8.866484e-04
8.790470e-04
8.627025e-04
8.454747e-04
8.371942e-04
8.228980e-04
8.079682e-04
8.004553e-04
7.938402e-04
7.730969e-04
7.685714e-04
7.487723e-04
7.426791e-04
7.328756e-04
7.093012e-04
7.027914e-04
6.970143e-04
6.881186e-04
6.841716e-04
6.712930e-04
6.607305e-04
6.483315e-04
6.381629e-04
6.345203e-04
6.197057e-04
6.135384e-04
5.997431e-04
5.936843e-04
5.823084e-04
5.740891e-04
5.571235e-04
5.556431e-04
5.409619e-04
5.340353e-04
5.116425e-04
5.095715e-04
5.053435e-04
4.837201e-04
4.804075e-04
4.720609e-04
4.508258e-04
4.378518e-04
4.332119e-04
4.311834e-04
4.165454e-04
4.063070e-04
3.994238e-04
3.973228e-04
3.873645e-04
3.735030e-04
3.679360e-04
3.521717e-04
3.492931e-04
3.422434e-04
3.347129e-04
3.182759e-04
3.134144e-04
3.074105e-04
2.831611e-04
2.816757e-04
2.797115e-04
2.609071e-04
2.565369e-04
2.531925e-04
2.400959e-04
2.350870e-04
2.165261e-04
2.118228e-04
2.038964e-04
1.990624e-04
1.951246e-04
1.750683e-04
1.717046e-04
1.630351e-04
1.493425e-04
1.430857e-04
1.335628e-04
1.306890e-04
1.165830e-04
1.096047e-04
9.660907e-05
8.768598e-05
7.604941e-05
7.354360e-05
6.517076e-05
6.107890e-05
5.391266e-05
3.412368e-05
1.879224e-05
1.485358e-05
5.183892e-07
-3.764756e-06
-7.525221e-06
-1.833839e-05
-2.601495e-05
-3.387903e-05
-3.905996e-05
-4.654352e-05
-5.915686e-05
-7.670738e-05
-8.366980e-05
-9.716495e-05
-1.045418e-04
-1.117732e-04
-1.136852e-04
-1.260396e-04
-1.374043e-04
-1.393294e-04
-1.599185e-04
-1.721885e-04
-1.773510e-04
-1.836290e-04
-1.945532e-04
-2.056529e-04
-2.135631e-04
-2.260266e-04
-2.301338e-04
-2.462323e-04
-2.533485e-04
-2.671090e-04
-2.747537e-04
-2.904228e-04
-2.945410e-04
-3.175061e-04
-3.223587e-04
-3.250658e-04
-3.382832e-04
-3.437148e-04
-3.612634e-04
-3.646629e-04
-3.773293e-04
-3.911153e-04
-3.992519e-04
-4.018777e-04
-4.136845e-04
-4.329249e-04
-4.454224e-04
-4.597750e-04
-4.746776e-04
-4.762727e-04
-4.897980e-04
-4.984944e-04
-5.129986e-04
-5.209735e-04
-5.378252e-04
-5.430403e-04
-5.557190e-04
-5.733170e-04
-5.918163e-04
-6.072629e-04
-6.173126e-04
-6.415911e-04
-6.497073e-04
-6.642441e-04
-6.678196e-04
-6.852978e-04
-7.053750e-04
-7.143023e-04
-7.269519e-04
-7.578545e-04
-7.745112e-04
-7.848855e-04
-8.044236e-04
-8.138481e-04
-8.327084e-04
-8.574948e-04
-9.048078e-04
-9.271830e-04
-9.704487e-04
-9.899258e-04
