1.332307e+08
2.205241e+07
1.865468e+06
1.137691e+06
8.246076e+05
3.239013e+05
2.007031e+05
1.073199e+05
1.569185e+04
1.133551e+04
3.811718e+03
1.186409e+03
4.109400e+02
1.640236e+02
7.442219e+01
6.696321e+01
3.957762e+01
3.494174e+01
3.413601e+01
2.855328e+01
2.401259e+01
2.126440e+01
1.901265e+01
1.648030e+01
1.525958e+01
1.408157e+01
1.218727e+01
1.177430e+01
1.161817e+01
1.101006e+01
1.023067e+01
9.736168e+00
9.501841e+00
9.282401e+00
8.952678e+00
8.544991e+00
8.184541e+00
7.720758e+00
7.345198e+00
6.846357e+00
6.608048e+00
6.131179e+00
5.698502e+00
5.548221e+00
5.320910e+00
5.043279e+00
4.692566e+00
4.223746e+00
3.995838e+00
3.827020e+00
3.679731e+00
3.512949e+00
3.233780e+00
2.783944e+00
2.565169e+00
2.510139e+00
2.315589e+00
2.234183e+00
2.118469e+00
1.833032e+00
1.553650e+00
1.470688e+00
1.403286e+00
1.123789e+00
8.933117e-01
7.895278e-01
7.522630e-01
6.582495e-01
5.549990e-01
5.361221e-01
4.174028e-01
2.775044e-01
2.686531e-01
2.286572e-01
1.161102e-01
1.030738e-01
6.838235e-02
2.355224e-02
1.316576e-02
-4.632153e-03
-1.775280e-02
-6.531596e-02
-1.613821e-01
-3.386177e-01
-3.594704e-01
-4.214582e-01
-4.562618e-01
-5.430403e-01
-5.687029e-01
-7.955325e-01
-8.485846e-01
-9.004576e-01
-1.060237e+00
-1.304793e+00
-1.440100e+00
-1.546589e+00
-1.757685e+00
-1.775542e+00
-1.887018e+00
-2.097608e+00
-2.187533e+00
-2.602098e+00
-2.680435e+00
-2.929437e+00
-3.283059e+00
-3.358816e+00
-4.024251e+00
-4.204571e+00
-4.748922e+00
-5.108831e+00
-5.705719e+00
-5.936502e+00
-6.824364e+00
-7.404853e+00
-7.770590e+00
-9.495576e+00
-9.919288e+00
-1.042519e+01
-1.194255e+01
-1.371884e+01
-1.554560e+01
-1.621123e+01
-2.353420e+01
-2.484214e+01
-2.895691e+01
-4.047533e+01
-4.792834e+01
-6.193774e+01
