2.015948e+05
2.380458e+04
4.920934e+03
1.916700e+03
2.039455e+02
2.404169e+01
9.522675e+00
5.491269e+00
1.332498e+00
2.427059e-01
6.343781e-02
4.653417e-02
4.279128e-02
3.290130e-02
3.270083e-02
2.721920e-02
2.458710e-02
2.088181e-02
1.976566e-02
1.744578e-02
1.631632e-02
1.570205e-02
1.566352e-02
1.493916e-02
1.465893e-02
1.403990e-02
1.373506e-02
1.259982e-02
1.242102e-02
1.200711e-02
1.147125e-02
1.081972e-02
1.057261e-02
1.021954e-02
8.902976e-03
8.787859e-03
8.491762e-03
8.006908e-03
7.688298e-03
7.455306e-03
7.374748e-03
7.094707e-03
6.683682e-03
6.550687e-03
6.422642e-03
6.036629e-03
6.012995e-03
5.867804e-03
5.456258e-03
5.355915e-03
5.135392e-03
4.903985e-03
4.555435e-03
4.260991e-03
4.164416e-03
4.064203e-03
3.773584e-03
3.681842e-03
3.536408e-03
3.116485e-03
3.034132e-03
2.697741e-03
2.575474e-03
2.386442e-03
2.313690e-03
2.111185e-03
1.922097e-03
1.811404e-03
1.766367e-03
1.607066e-03
1.478892e-03
1.420110e-03
1.335852e-03
1.133456e-03
1.046814e-03
1.013109e-03
9.245422e-04
9.136284e-04
7.463360e-04
6.954080e-04
6.367149e-04
5.341414e-04
4.507220e-04
3.313497e-04
2.386909e-04
9.165432e-05
-2.268383e-05
-7.023129e-05
-1.335793e-04
-3.233814e-04
-6.487482e-04
-7.567612e-04
-1.092426e-03
-1.334105e-03
-1.456246e-03
-1.862604e-03
-1.974380e-03
-2.675522e-03
-2.916366e-03
-3.272061e-03
-3.355504e-03
-3.969202e-03
-4.738141e-03
-4.934426e-03
-5.344979e-03
-5.957206e-03
-6.193682e-03
-7.362976e-03
-8.269269e-03
-8.499490e-03
-1.008195e-02
-1.127119e-02
-1.166364e-02
-1.201731e-02
-1.408443e-02
-1.608890e-02
-1.739455e-02
-1.868654e-02
-1.975207e-02
-2.206668e-02
-2.520834e-02
-2.911860e-02
-3.049277e-02
-3.569965e-02
-3.798072e-02
-4.971200e-02
-6.488999e-02
-8.052727e-02
