8.845856e+04
3.493311e+03
2.422213e+03
1.655885e+03
1.084572e+03
7.302631e+02
5.313626e+02
4.398267e+02
3.017568e+02
2.705834e+02
2.498159e+02
1.856877e+02
1.786540e+02
1.654633e+02
1.573294e+02
1.461784e+02
1.329866e+02
1.206116e+02
1.144918e+02
1.080658e+02
1.058373e+02
9.234953e+01
9.177583e+01
8.428757e+01
7.546641e+01
7.115798e+01
6.759684e+01
6.578289e+01
6.154061e+01
6.000446e+01
5.364888e+01
4.785438e+01
4.419884e+01
4.260284e+01
4.040779e+01
3.737059e+01
3.471344e+01
3.340737e+01
3.084105e+01
2.771602e+01
2.692053e+01
2.442886e+01
2.384787e+01
2.311992e+01
2.039919e+01
1.909098e+01
1.794491e+01
1.623623e+01
1.535874e+01
1.495853e+01
1.346798e+01
1.265472e+01
1.179296e+01
1.107009e+01
1.019063e+01
8.649031e+00
8.108338e+00
7.899053e+00
7.532715e+00
7.094406e+00
7.049552e+00
6.073123e+00
5.858934e+00
5.638133e+00
5.340419e+00
5.081365e+00
4.471834e+00
4.384993e+00
3.558938e+00
3.373547e+00
3.082692e+00
2.606772e+00
2.560138e+00
2.442071e+00
2.347655e+00
2.260149e+00
1.934105e+00
1.722635e+00
1.671076e+00
1.541620e+00
1.468188e+00
1.452266e+00
1.326365e+00
1.255152e+00
1.229521e+00
1.173311e+00
1.089868e+00
1.004013e+00
9.525890e-01
8.948110e-01
8.357040e-01
8.194113e-01
7.849386e-01
7.611243e-01
6.681637e-01
6.413330e-01
5.876601e-01
5.754551e-01
5.374281e-01
5.031776e-01
4.853392e-01
4.236565e-01
4.206725e-01
4.013536e-01
3.669634e-01
3.515494e-01
3.248673e-01
3.011371e-01
2.710194e-01
2.591600e-01
2.389560e-01
2.353617e-01
2.253533e-01
2.179793e-01
2.045895e-01
1.878277e-01
1.650966e-01
1.599894e-01
1.479284e-01
1.403662e-01
1.363583e-01
1.214029e-01
1.105204e-01
1.079462e-01
1.044094e-01
9.385059e-02
9.075375e-02
8.539277e-02
7.899425e-02
7.177342e-02
7.004377e-02
6.744920e-02
6.184128e-02
5.976346e-02
5.568707e-02
4.723144e-02
4.650543e-02
4.559792e-02
4.042862e-02
3.670072e-02
3.541235e-02
3.456775e-02
3.329509e-02
3.102945e-02
2.964254e-02
2.678589e-02
2.608730e-02
2.511159e-02
2.381168e-02
2.225904e-02
2.189485e-02
2.092521e-02
2.071350e-02
1.850833e-02
1.671689e-02
1.606033e-02
1.521130e-02
1.459317e-02
1.341276e-02
1.259135e-02
1.197065e-02
1.174168e-02
1.050584e-02
9.455005e-03
8.792667e-03
8.594240e-03
8.215753e-03
8.010689e-03
7.533828e-03
6.983166e-03
6.519478e-03
5.886070e-03
5.677173e-03
5.353404e-03
4.826520e-03
4.697308e-03
4.209556e-03
4.063121e-03
3.630686e-03
3.581567e-03
3.324871e-03
3.258014e-03
3.090795e-03
3.012753e-03
2.879148e-03
2.739051e-03
2.673148e-03
2.584663e-03
2.468978e-03
2.406987e-03
2.285719e-03
2.198244e-03
2.172503e-03
2.069665e-03
1.988470e-03
1.935411e-03
1.843104e-03
1.757433e-03
1.633181e-03
1.552671e-03
1.448957e-03
1.421623e-03
1.390720e-03
1.367885e-03
1.325406e-03
1.303032e-03
1.284829e-03
1.257877e-03
1.239127e-03
1.233231e-03
1.202605e-03
1.194601e-03
1.173019e-03
1.144161e-03
1.138863e-03
1.124402e-03
1.094428e-03
1.077308e-03
1.071590e-03
1.060637e-03
1.036218e-03
1.028323e-03
1.014257e-03
1.001636e-03
9.755074e-04
9.547170e-04
9.408122e-04
9.374550e-04
9.255458e-04
9.189777e-04
8.901496e-04
8.845677e-04
8.765381e-04
8.745778e-04
8.569253e-04
8.500797e-04
8.353477e-04
8.075052e-04
8.031979e-04
7.976452e-04
7.735640e-04
7.670449e-04
7.538024e-04
7.362514e-04
7.276753e-04
7.198360e-04
7.098049e-04
6.951743e-04
6.858669e-04
6.793640e-04
6.742212e-04
6.702555e-04
6.527042e-04
6.340111e-04
6.294545e-04
6.163035e-04
6.083827e-04
6.028884e-04
5.922911e-04
5.873705e-04
5.767155e-04
5.584743e-04
5.553234e-04
5.278302e-04
5.173683e-04
5.137050e-04
5.054705e-04
5.023252e-04
4.873322e-04
4.826704e-04
4.695678e-04
4.554598e-04
4.486664e-04
4.374957e-04
4.304721e-04
4.154361e-04
4.076286e-04
4.018908e-04
3.945149e-04
3.890333e-04
3.781885e-04
3.748354e-04
3.700026e-04
3.643870e-04
3.492190e-04
3.383620e-04
3.255890e-04
3.159106e-04
3.124380e-04
2.947043e-04
2.874764e-04
2.831043e-04
2.742822e-04
2.664825e-04
2.591337e-04
2.467518e-04
2.441777e-04
2.315572e-04
2.146390e-04
2.111663e-04
2.014232e-04
1.871927e-04
1.854334e-04
1.745460e-04
1.612820e-04
1.443779e-04
1.368899e-04
1.288759e-04
1.219963e-04
1.151958e-04
1.043057e-04
9.177160e-05
8.055900e-05
7.381688e-05
6.165360e-05
5.063023e-05
4.515177e-05
4.234319e-05
3.293282e-05
2.323428e-05
1.443289e-05
7.604099e-06
1.228619e-06
3.605892e-13
9.779785e-14
6.164384e-14
5.837118e-14
1.219284e-14
-6.493701e-14
-1.207116e-13
-2.059821e-13
-1.731673e-05
-2.664762e-05
-3.795339e-05
-4.139955e-05
-5.086177e-05
-6.415006e-05
-7.901753e-05
-9.203885e-05
-9.381207e-05
-1.037759e-04
-1.154458e-04
-1.196805e-04
-1.291734e-04
-1.404440e-04
-1.554808e-04
-1.727697e-04
-1.793221e-04
-1.930896e-04
-1.947687e-04
-2.047843e-04
-2.183126e-04
-2.248210e-04
-2.376120e-04
-2.443258e-04
-2.610342e-04
-2.753858e-04
-2.850653e-04
-2.937825e-04
-3.076120e-04
-3.231727e-04
-3.294265e-04
-3.393091e-04
-3.634589e-04
-3.678124e-04
-3.864283e-04
-3.995155e-04
-4.164212e-04
-4.239870e-04
-4.321007e-04
-4.458641e-04
-4.549638e-04
-4.761379e-04
-4.793702e-04
-5.028020e-04
-5.106714e-04
-5.236012e-04
-5.407635e-04
-5.534645e-04
-5.845358e-04
-5.975298e-04
-6.235097e-04
-6.474822e-04
-7.077634e-04
