2.809709e+10
1.350872e+10
7.384820e+09
4.498660e+09
4.169273e+09
3.659810e+09
3.282245e+09
3.165262e+09
2.856830e+09
2.517022e+09
2.396239e+09
2.104687e+09
2.036363e+09
1.946688e+09
1.864909e+09
1.721549e+09
1.692025e+09
1.626942e+09
1.550539e+09
1.448515e+09
1.375979e+09
1.309800e+09
1.254779e+09
1.210689e+09
1.181202e+09
1.154022e+09
1.109908e+09
1.049889e+09
1.003007e+09
9.960793e+08
9.576234e+08
9.298306e+08
8.755135e+08
8.552659e+08
8.481583e+08
8.224079e+08
8.034003e+08
7.891254e+08
7.558848e+08
7.430879e+08
7.168707e+08
7.043117e+08
6.897306e+08
6.692097e+08
6.406465e+08
6.326256e+08
6.145578e+08
5.950822e+08
5.805111e+08
5.695693e+08
5.520458e+08
5.399213e+08
5.235684e+08
5.141011e+08
5.042309e+08
4.972222e+08
4.893728e+08
4.806881e+08
4.730888e+08
4.434644e+08
4.252091e+08
4.142231e+08
4.101806e+08
4.012473e+08
3.973807e+08
3.822202e+08
3.763823e+08
3.642956e+08
3.611007e+08
3.378008e+08
3.291653e+08
3.233158e+08
3.163412e+08
3.048846e+08
3.021679e+08
2.968105e+08
2.901620e+08
2.817969e+08
2.803343e+08
2.700904e+08
2.684562e+08
2.609946e+08
2.522573e+08
2.374801e+08
2.334279e+08
2.313238e+08
2.231548e+08
2.125664e+08
2.088421e+08
2.038657e+08
1.953335e+08
1.872790e+08
1.827472e+08
1.735369e+08
1.724662e+08
1.661791e+08
1.636231e+08
1.543616e+08
1.502998e+08
1.463696e+08
1.395202e+08
1.356981e+08
1.308372e+08
1.230491e+08
1.204424e+08
1.139692e+08
1.116477e+08
1.093114e+08
1.080137e+08
1.013165e+08
9.611430e+07
9.212247e+07
8.184719e+07
7.706526e+07
7.396311e+07
6.810058e+07
6.655153e+07
5.917314e+07
5.466263e+07
4.420765e+07
4.120191e+07
4.089232e+07
3.595719e+07
3.300482e+07
2.805993e+07
1.163339e+07
6.645778e+06
4.488036e+06
