1.020534e+10
5.324734e+08
1.077744e+08
7.420453e+07
5.594661e+07
4.357698e+07
4.055072e+07
2.828435e+07
2.355647e+07
2.005653e+07
1.825792e+07
1.464384e+07
1.084528e+07
1.013593e+07
8.005022e+06
7.210860e+06
5.668810e+06
4.629889e+06
4.077104e+06
3.335360e+06
2.550616e+06
2.042128e+06
1.937217e+06
1.495933e+06
1.399667e+06
1.199375e+06
1.032903e+06
9.677501e+05
7.490060e+05
5.892064e+05
5.545238e+05
4.453879e+05
4.207396e+05
3.969037e+05
3.046583e+05
2.980751e+05
2.444449e+05
2.041426e+05
1.820611e+05
1.213526e+05
1.174746e+05
9.950385e+04
7.822370e+04
5.638239e+04
4.700357e+04
3.334095e+04
2.945952e+04
2.525146e+04
2.318429e+04
1.310060e+04
1.068650e+04
7.164045e+03
5.821890e+03
4.188796e+03
2.638290e+03
1.790378e+03
1.142273e+03
9.414676e+02
6.332676e+02
5.628016e+02
5.100236e+02
2.730844e+02
2.015969e+02
1.321419e+02
1.077347e+02
8.787222e+01
5.683058e+01
2.481697e+01
1.971791e+01
1.739020e+01
9.640436e+00
7.542458e+00
4.668409e+00
3.395279e+00
2.664893e+00
2.027059e+00
6.575592e-01
4.662782e-01
3.676368e-01
2.125507e-01
1.959487e-01
9.868824e-02
7.373387e-02
6.255213e-02
1.982165e-02
1.877281e-02
1.677124e-02
1.311839e-02
1.099155e-02
1.044986e-02
8.442468e-03
7.670344e-03
6.519528e-03
6.432891e-03
5.118967e-03
4.753086e-03
4.459697e-03
3.291395e-03
3.208754e-03
2.792050e-03
2.146111e-03
1.666447e-03
1.347605e-03
1.218143e-03
9.869935e-04
5.944005e-04
3.149066e-04
1.754213e-04
-2.508769e-04
-3.762976e-04
-5.086614e-04
-9.133996e-04
-1.337953e-03
-1.696440e-03
-2.231108e-03
-2.863272e-03
-3.242227e-03
-3.460660e-03
-3.928126e-03
-4.517730e-03
-5.247946e-03
-5.732668e-03
-6.210233e-03
-7.484502e-03
-7.794659e-03
-8.978469e-03
-1.117502e-02
-2.667866e-02
