5.975493e+04
1.084020e+04
2.645485e+03
1.044945e+03
6.138563e+02
3.157864e+02
1.617213e+02
1.235828e+02
4.069370e+01
3.792061e+01
1.719726e+01
1.606336e+01
1.039914e+01
6.118755e+00
3.593753e+00
2.496336e+00
2.041787e+00
1.385204e+00
8.829988e-01
6.828341e-01
3.962461e-01
2.751855e-01
1.256101e-01
9.148747e-02
6.165714e-02
3.388327e-02
3.353210e-02
1.465758e-02
1.270881e-02
8.398459e-03
5.844526e-03
2.631370e-03
2.040956e-03
1.458302e-03
1.203703e-03
1.068090e-03
9.969283e-04
9.726054e-04
9.173476e-04
8.859633e-04
8.576274e-04
8.259009e-04
7.890778e-04
7.595228e-04
7.438461e-04
7.272466e-04
7.007476e-04
6.918210e-04
6.866218e-04
6.712087e-04
6.636787e-04
6.517118e-04
6.346859e-04
6.242875e-04
6.179441e-04
6.004859e-04
5.891112e-04
5.807231e-04
5.755633e-04
5.677367e-04
5.648476e-04
5.574388e-04
5.497490e-04
5.365224e-04
5.290051e-04
5.254974e-04
5.205367e-04
5.114809e-04
5.108989e-04
5.058562e-04
5.039340e-04
4.936237e-04
4.868687e-04
4.800406e-04
4.759525e-04
4.715079e-04
4.673757e-04
4.637963e-04
4.577129e-04
4.536990e-04
4.470437e-04
4.415525e-04
4.367027e-04
4.289375e-04
4.256409e-04
4.245508e-04
4.218738e-04
4.173773e-04
4.125462e-04
4.068144e-04
3.987124e-04
3.936176e-04
3.913916e-04
3.854242e-04
3.839141e-04
3.811167e-04
3.775507e-04
3.748967e-04
3.726346e-04
3.658564e-04
3.595403e-04
3.579221e-04
3.569899e-04
3.520027e-04
3.493692e-04
3.439772e-04
3.406215e-04
3.382920e-04
3.322991e-04
3.313662e-04
3.256373e-04
3.221421e-04
3.177914e-04
3.158427e-04
3.137949e-04
3.110399e-04
3.076924e-04
3.062777e-04
3.013015e-04
2.960108e-04
2.926564e-04
2.915481e-04
2.888610e-04
2.834757e-04
2.821244e-04
2.780158e-04
2.751032e-04
2.720147e-04
2.701518e-04
2.630351e-04
2.603201e-04
2.589258e-04
2.540057e-04
2.533393e-04
2.519020e-04
2.488875e-04
2.442680e-04
2.424273e-04
2.372921e-04
2.345855e-04
2.329274e-04
2.318492e-04
2.309166e-04
2.268253e-04
2.234952e-04
2.209430e-04
2.178380e-04
2.165947e-04
2.117106e-04
2.073663e-04
2.052595e-04
2.046741e-04
2.017055e-04
1.990410e-04
1.967627e-04
1.947579e-04
1.929511e-04
1.871736e-04
1.854883e-04
1.816510e-04
1.795413e-04
1.785131e-04
1.753333e-04
1.741361e-04
1.725257e-04
1.707603e-04
1.653677e-04
1.638013e-04
1.619331e-04
1.566515e-04
1.561493e-04
1.554671e-04
1.517902e-04
1.473828e-04
1.444686e-04
1.436223e-04
1.394284e-04
1.378933e-04
1.351239e-04
1.334895e-04
1.315465e-04
1.288729e-04
1.270741e-04
1.231419e-04
1.201239e-04
1.188408e-04
1.178103e-04
1.155119e-04
1.126386e-04
1.095213e-04
1.078479e-04
1.072313e-04
1.033738e-04
1.003393e-04
9.708081e-05
9.377398e-05
9.175619e-05
8.957328e-05
8.780416e-05
8.699542e-05
8.308751e-05
8.217351e-05
7.905981e-05
7.654546e-05
7.484105e-05
7.399861e-05
7.244216e-05
6.953524e-05
6.875551e-05
6.413088e-05
6.250474e-05
6.017100e-05
5.769029e-05
5.494915e-05
5.084747e-05
4.979326e-05
4.753371e-05
4.639348e-05
4.217118e-05
4.147749e-05
4.015138e-05
3.801427e-05
3.420236e-05
3.192801e-05
2.979585e-05
2.720006e-05
2.669547e-05
2.461248e-05
2.242476e-05
1.772951e-05
1.741593e-05
1.349194e-05
9.927583e-06
9.737085e-06
8.577192e-06
4.792254e-06
2.795628e-06
7.639952e-07
-4.263253e-14
-1.551367e-07
-1.325560e-06
-5.006940e-06
-6.104001e-06
-9.197505e-06
-1.218353e-05
-1.468624e-05
-1.600459e-05
-2.102673e-05
-2.197405e-05
-2.643426e-05
-2.753325e-05
-3.075681e-05
-3.235835e-05
-3.276785e-05
-3.520484e-05
-3.680468e-05
-3.843573e-05
-4.163472e-05
-4.530198e-05
-4.672681e-05
-4.919961e-05
-5.123230e-05
-5.353234e-05
-5.626132e-05
-5.859529e-05
-6.138375e-05
-6.402846e-05
-6.646301e-05
-6.702035e-05
-6.883392e-05
-7.171607e-05
-7.293591e-05
-7.467645e-05
-7.854538e-05
-7.993804e-05
-8.191920e-05
-8.688751e-05
-8.798628e-05
-9.252291e-05
-9.345279e-05
-9.462258e-05
-9.787026e-05
-9.933753e-05
-1.020062e-04
-1.033124e-04
-1.070398e-04
-1.070894e-04
-1.109878e-04
-1.129125e-04
-1.165553e-04
-1.197780e-04
-1.198882e-04
-1.224600e-04
-1.288613e-04
-1.318301e-04
-1.321781e-04
-1.348462e-04
-1.383079e-04
-1.426451e-04
-1.445885e-04
-1.473232e-04
-1.513685e-04
-1.542242e-04
-1.553471e-04
-1.569600e-04
-1.634200e-04
-1.675113e-04
-1.695415e-04
-1.715087e-04
-1.750061e-04
-1.787568e-04
-1.811483e-04
-1.823667e-04
-1.881486e-04
-1.922581e-04
-1.932744e-04
-1.963022e-04
-1.989192e-04
-2.023772e-04
-2.042709e-04
-2.072609e-04
-2.091340e-04
-2.135470e-04
-2.184162e-04
-2.206144e-04
-2.214618e-04
-2.246473e-04
-2.291677e-04
-2.345360e-04
-2.386549e-04
-2.441494e-04
-2.492724e-04
-2.505068e-04
-2.543222e-04
-2.557035e-04
-2.601359e-04
-2.661221e-04
-2.690380e-04
-2.733397e-04
-2.795719e-04
-2.835220e-04
-2.854323e-04
-2.919587e-04
-2.980413e-04
-3.010490e-04
-3.098008e-04
-3.115422e-04
-3.181373e-04
-3.220759e-04
-3.269941e-04
-3.292247e-04
-3.313953e-04
-3.383567e-04
-3.460792e-04
-3.487657e-04
-3.623132e-04
-3.637837e-04
-3.710890e-04
-3.783399e-04
-3.922815e-04
-3.996732e-04
-4.063580e-04
-4.100505e-04
-4.196282e-04
-4.238628e-04
-4.401778e-04
-4.481506e-04
-4.552304e-04
-4.626779e-04
-4.702833e-04
-4.860344e-04
-4.979707e-04
-5.023418e-04
-5.284705e-04
-5.505951e-04
-5.773589e-04
-5.842333e-04
-6.091188e-04
-6.402887e-04
-6.980942e-04
-9.439681e-04
-1.048223e-03
-1.316667e-03
-1.786720e-03
