3.091803e+10
1.610863e+10
6.944318e+09
4.440760e+09
4.036911e+09
3.643061e+09
3.316599e+09
3.062778e+09
2.774543e+09
2.685648e+09
2.493772e+09
2.343018e+09
2.149836e+09
1.953312e+09
1.905449e+09
1.775582e+09
1.707896e+09
1.649388e+09
1.581598e+09
1.525739e+09
1.436515e+09
1.381435e+09
1.344617e+09
1.295913e+09
1.260334e+09
1.206530e+09
1.153586e+09
1.135236e+09
1.113626e+09
1.046730e+09
9.743116e+08
9.707668e+08
9.333736e+08
8.996828e+08
8.827706e+08
8.674536e+08
8.224961e+08
7.942868e+08
7.849996e+08
7.690236e+08
7.377546e+08
7.356170e+08
7.125987e+08
6.991343e+08
6.706228e+08
6.374231e+08
6.127652e+08
5.993816e+08
5.915629e+08
5.684450e+08
5.612276e+08
5.432120e+08
5.275259e+08
5.079752e+08
4.925684e+08
4.914098e+08
4.888296e+08
4.775010e+08
4.517572e+08
4.468059e+08
4.284108e+08
4.082546e+08
4.035723e+08
3.889226e+08
3.843744e+08
3.734023e+08
3.680663e+08
3.531129e+08
3.516572e+08
3.359581e+08
3.295413e+08
3.244377e+08
3.165283e+08
3.036165e+08
2.940783e+08
2.874204e+08
2.828725e+08
2.798163e+08
2.641904e+08
2.592611e+08
2.536821e+08
2.443660e+08
2.332274e+08
2.306220e+08
2.274483e+08
2.230956e+08
2.132180e+08
2.117848e+08
2.068945e+08
2.019359e+08
1.968307e+08
1.918187e+08
1.871489e+08
1.787393e+08
1.754449e+08
1.687301e+08
1.640330e+08
1.579364e+08
1.462815e+08
1.448788e+08
1.403668e+08
1.332788e+08
1.266928e+08
1.233239e+08
1.172695e+08
1.125832e+08
1.100065e+08
1.059859e+08
1.025926e+08
9.452990e+07
8.742271e+07
8.304420e+07
7.996341e+07
7.654581e+07
7.278994e+07
6.620331e+07
6.126778e+07
5.426515e+07
5.217948e+07
4.699432e+07
3.940390e+07
3.838869e+07
3.252214e+07
1.488002e+07
7.757606e+06
4.047060e+06
3.471896e+06
1.323785e+06
