2.181475e+05
2.231810e+04
4.582964e+03
1.682578e+03
2.034083e+02
2.474473e+01
9.708938e+00
5.484577e+00
1.498311e+00
1.950201e-01
5.939100e-02
4.233142e-02
3.946938e-02
3.813100e-02
3.205595e-02
3.147812e-02
2.625733e-02
2.395206e-02
2.283166e-02
2.061928e-02
1.878615e-02
1.857181e-02
1.653242e-02
1.555498e-02
1.441275e-02
1.386567e-02
1.343229e-02
1.271304e-02
1.221552e-02
1.209275e-02
1.119749e-02
1.102793e-02
1.045506e-02
1.017025e-02
9.779317e-03
9.493367e-03
8.993943e-03
8.855576e-03
8.446185e-03
8.243877e-03
7.980451e-03
7.789888e-03
7.432677e-03
7.329592e-03
6.631216e-03
6.558306e-03
6.195463e-03
6.069740e-03
5.507798e-03
5.348169e-03
5.239048e-03
4.911707e-03
4.807316e-03
4.553903e-03
4.358063e-03
4.140456e-03
4.083211e-03
3.873005e-03
3.783221e-03
3.607936e-03
3.323668e-03
3.157407e-03
3.060377e-03
2.950087e-03
2.479019e-03
2.402157e-03
2.084204e-03
2.083271e-03
1.930915e-03
1.740234e-03
1.573076e-03
1.430572e-03
1.348585e-03
1.292183e-03
1.167880e-03
1.012391e-03
8.725559e-04
8.355863e-04
7.544184e-04
6.276597e-04
5.474752e-04
4.773988e-04
3.747057e-04
3.313484e-04
3.159613e-04
4.790778e-05
-1.515877e-05
-1.839206e-04
-2.929863e-04
-4.735453e-04
-6.511583e-04
-9.276035e-04
-9.533833e-04
-1.476274e-03
-1.498100e-03
-1.831607e-03
-1.882020e-03
-2.214235e-03
-2.504382e-03
-3.019178e-03
-3.135818e-03
-3.202806e-03
-3.585039e-03
-4.017472e-03
-4.495542e-03
-5.124213e-03
-5.837332e-03
-6.167511e-03
-6.768537e-03
-9.258153e-03
-9.817149e-03
-1.070782e-02
-1.146871e-02
-1.249224e-02
-1.463198e-02
-1.537170e-02
-1.571923e-02
-1.867955e-02
-2.223819e-02
-2.239264e-02
-2.351892e-02
-2.776226e-02
-2.999925e-02
-3.357527e-02
-4.172973e-02
-4.605889e-02
-4.804844e-02
-1.443660e-01
