3.422830e+10
1.465342e+10
6.223507e+09
5.520729e+09
4.316158e+09
4.094234e+09
3.320486e+09
3.069993e+09
2.659908e+09
2.482703e+09
2.375196e+09
2.131193e+09
2.044742e+09
1.962584e+09
1.883650e+09
1.716880e+09
1.676601e+09
1.636966e+09
1.480626e+09
1.472819e+09
1.379390e+09
1.338661e+09
1.209497e+09
1.196274e+09
1.128690e+09
1.088102e+09
1.038879e+09
1.026970e+09
1.003646e+09
9.379039e+08
9.016691e+08
8.849436e+08
8.652515e+08
8.289048e+08
8.065961e+08
8.006883e+08
7.662136e+08
7.532564e+08
7.342854e+08
6.932232e+08
6.790427e+08
6.681205e+08
6.625482e+08
6.485700e+08
6.394636e+08
6.109014e+08
5.866676e+08
5.784412e+08
5.673932e+08
5.546562e+08
5.486956e+08
5.378001e+08
5.194314e+08
5.151945e+08
4.943970e+08
4.781296e+08
4.616732e+08
4.549765e+08
4.349438e+08
4.260054e+08
4.190252e+08
4.142286e+08
4.064816e+08
3.947235e+08
3.844690e+08
3.817836e+08
3.687068e+08
3.594080e+08
3.421612e+08
3.389063e+08
3.365009e+08
3.329559e+08
3.150157e+08
3.123246e+08
3.022499e+08
2.964619e+08
2.941723e+08
2.782774e+08
2.694309e+08
2.565254e+08
2.553485e+08
2.483909e+08
2.421514e+08
2.362143e+08
2.245535e+08
2.218858e+08
2.166481e+08
2.140168e+08
2.113216e+08
2.053814e+08
1.993258e+08
1.937818e+08
1.765800e+08
1.697132e+08
1.674492e+08
1.636572e+08
1.566122e+08
1.514420e+08
1.428578e+08
1.391590e+08
1.370773e+08
1.334759e+08
1.249493e+08
1.231691e+08
1.202487e+08
1.160348e+08
1.115517e+08
1.074735e+08
1.021514e+08
9.992215e+07
9.712142e+07
8.764042e+07
8.544551e+07
8.365531e+07
7.680885e+07
7.521898e+07
7.115085e+07
6.471097e+07
6.046406e+07
4.885290e+07
4.444119e+07
3.973001e+07
3.853003e+07
3.173889e+07
2.654942e+07
2.595842e+07
2.338079e+07
1.918986e+07
