7.014511e+09
1.083426e+09
1.564930e+08
1.410486e+08
1.243987e+08
8.268969e+07
6.561407e+07
5.113636e+07
3.861708e+07
3.425149e+07
3.275262e+07
2.562295e+07
2.093814e+07
1.628700e+07
1.186943e+07
1.001539e+07
9.675000e+06
9.218106e+06
8.342454e+06
6.915298e+06
5.937159e+06
5.786716e+06
5.032812e+06
4.458868e+06
3.808288e+06
3.184222e+06
3.063496e+06
2.285127e+06
2.097146e+06
1.981553e+06
1.790968e+06
1.671370e+06
1.484444e+06
1.336948e+06
1.063096e+06
9.811674e+05
8.003707e+05
7.582872e+05
6.825563e+05
5.595092e+05
5.260190e+05
4.798346e+05
4.452561e+05
3.905402e+05
3.689704e+05
3.054417e+05
2.934700e+05
2.528310e+05
2.336457e+05
2.105023e+05
1.904438e+05
1.804466e+05
1.602784e+05
1.475085e+05
1.150950e+05
1.073317e+05
5.847284e+04
5.244259e+04
4.743608e+04
4.027123e+04
3.948870e+04
3.577362e+04
3.078084e+04
2.758807e+04
2.326203e+04
2.104320e+04
1.539800e+04
1.321769e+04
1.092072e+04
8.834250e+03
7.234335e+03
5.167846e+03
3.900857e+03
2.700951e+03
1.694986e+03
1.041198e+03
7.918007e+02
6.494121e+02
4.687277e+02
2.525074e+02
2.314506e+02
9.758517e+01
7.643664e+01
6.458010e+01
4.671328e+01
4.224154e+01
3.160178e+01
1.852800e+01
1.230048e+01
8.123817e+00
7.614275e+00
6.386079e+00
4.321365e+00
1.902424e+00
1.692129e+00
1.463856e+00
1.029722e+00
6.753450e-01
6.503498e-01
4.889542e-01
4.528718e-01
3.963020e-01
3.478737e-01
3.377024e-01
2.983977e-01
2.761136e-01
2.330350e-01
1.959912e-01
1.822975e-01
1.504496e-01
1.230778e-01
1.100980e-01
1.011898e-01
8.918621e-02
5.685377e-02
1.774885e-02
1.017529e-02
-9.619853e-03
-3.909618e-02
-8.407555e-02
-9.557573e-02
-1.235498e-01
-1.674635e-01
-1.683238e-01
-2.195164e-01
-2.563734e-01
-3.169278e-01
-1.137154e+00
