1.929946e+05
2.494093e+04
4.281952e+03
1.484841e+03
1.938827e+02
2.017012e+01
9.815480e+00
4.931345e+00
1.470351e+00
1.780725e-01
6.199726e-02
4.579338e-02
3.949554e-02
3.522634e-02
3.193109e-02
2.969317e-02
2.569165e-02
2.504225e-02
2.282763e-02
2.168697e-02
1.794208e-02
1.751070e-02
1.715147e-02
1.585161e-02
1.500456e-02
1.430862e-02
1.322098e-02
1.306261e-02
1.198986e-02
1.143263e-02
1.129114e-02
1.038104e-02
1.001125e-02
9.308320e-03
9.045865e-03
8.884126e-03
8.541396e-03
7.908059e-03
7.714827e-03
7.445697e-03
7.001541e-03
6.817284e-03
6.644506e-03
6.224142e-03
6.045935e-03
5.881011e-03
5.690078e-03
5.083928e-03
4.900849e-03
4.752083e-03
4.692818e-03
4.439856e-03
4.177057e-03
3.895708e-03
3.670051e-03
3.565531e-03
3.483695e-03
3.348281e-03
3.174627e-03
2.811791e-03
2.689477e-03
2.636666e-03
2.485886e-03
2.430913e-03
2.198771e-03
2.160522e-03
2.090726e-03
2.036955e-03
1.858310e-03
1.692395e-03
1.569305e-03
1.542180e-03
1.388958e-03
1.301759e-03
1.205935e-03
1.078084e-03
1.065904e-03
9.623391e-04
9.237083e-04
7.524901e-04
5.947932e-04
5.460540e-04
5.154848e-04
3.209155e-04
2.090899e-04
6.942102e-05
-1.136392e-04
-1.467976e-04
-5.485113e-04
-6.550901e-04
-8.673585e-04
-9.099299e-04
-1.058323e-03
-1.479359e-03
-1.560591e-03
-1.921744e-03
-2.031468e-03
-2.176198e-03
-2.301319e-03
-2.615947e-03
-3.203333e-03
-3.581427e-03
-3.777882e-03
-4.729292e-03
-4.846015e-03
-5.327696e-03
-6.275091e-03
-6.464500e-03
-7.422948e-03
-8.003236e-03
-9.108298e-03
-9.814296e-03
-1.024861e-02
-1.203923e-02
-1.396885e-02
-1.423787e-02
-1.560197e-02
-1.608640e-02
-1.853636e-02
-1.919378e-02
-2.376774e-02
-3.366808e-02
-3.430319e-02
-4.375931e-02
-4.817773e-02
-5.930341e-02
-6.818692e-02
-8.434157e-02
