1.400040e+08
2.248714e+07
1.675223e+06
1.354073e+06
8.212562e+05
2.936181e+05
2.521041e+05
1.082270e+05
2.001833e+04
1.104870e+04
4.214446e+03
1.308959e+03
4.527837e+02
2.654510e+02
6.359867e+01
6.224332e+01
5.248352e+01
4.551109e+01
3.577443e+01
2.962176e+01
2.817110e+01
2.528879e+01
2.249687e+01
2.125417e+01
1.816529e+01
1.721013e+01
1.549454e+01
1.454773e+01
1.398670e+01
1.260865e+01
1.195849e+01
1.161646e+01
1.050961e+01
9.856626e+00
9.006393e+00
8.701561e+00
8.551411e+00
8.030332e+00
7.394208e+00
6.814476e+00
6.726269e+00
6.260211e+00
6.096974e+00
5.783284e+00
5.245018e+00
5.026034e+00
4.846347e+00
4.628310e+00
4.137764e+00
3.986584e+00
3.543619e+00
3.394258e+00
3.195554e+00
3.027315e+00
2.931851e+00
2.646138e+00
2.504328e+00
2.369769e+00
2.320429e+00
1.975918e+00
1.899094e+00
1.554386e+00
1.493322e+00
1.452826e+00
1.337381e+00
9.889738e-01
8.409772e-01
7.962825e-01
6.362873e-01
5.639848e-01
5.269842e-01
3.551182e-01
2.218166e-01
1.763306e-01
1.521313e-01
8.203395e-02
7.511821e-02
9.731655e-03
2.099437e-03
-2.328302e-10
-3.379351e-02
-6.178224e-02
-7.925702e-02
-1.200424e-01
-2.071842e-01
-2.988667e-01
-4.136281e-01
-4.285954e-01
-6.492320e-01
-8.119688e-01
-8.287660e-01
-9.931589e-01
-1.110656e+00
-1.187993e+00
-1.294095e+00
-1.464907e+00
-1.851864e+00
-2.062715e+00
-2.455830e+00
-2.537084e+00
-2.841840e+00
-3.249146e+00
-3.277155e+00
-3.543150e+00
-3.626196e+00
-4.161578e+00
-4.598321e+00
-5.009904e+00
-5.158360e+00
-6.254561e+00
-7.001595e+00
-7.459484e+00
-8.148858e+00
-8.840149e+00
-1.018164e+01
-1.121376e+01
-1.203696e+01
-1.513226e+01
-1.651694e+01
-1.812325e+01
-2.150658e+01
-2.235338e+01
-2.430275e+01
-3.188255e+01
-3.999998e+01
-4.394421e+01
-6.169005e+01
-7.278673e+01
