1.390206e+08
1.815691e+07
1.967114e+06
1.307356e+06
8.354964e+05
2.889864e+05
2.313863e+05
1.019573e+05
1.832138e+04
9.672410e+03
3.032455e+03
1.107758e+03
4.648894e+02
2.550470e+02
9.471996e+01
7.656048e+01
5.778011e+01
4.769341e+01
4.166682e+01
3.650821e+01
3.045576e+01
2.658039e+01
2.505182e+01
2.172704e+01
2.134559e+01
1.876304e+01
1.710099e+01
1.584407e+01
1.517413e+01
1.362662e+01
1.276267e+01
1.211193e+01
1.109387e+01
1.054862e+01
1.006342e+01
9.155434e+00
8.903058e+00
8.806577e+00
7.980982e+00
7.882622e+00
7.285748e+00
7.063189e+00
6.672925e+00
6.641326e+00
5.841864e+00
5.471556e+00
4.765489e+00
4.618371e+00
4.414574e+00
4.148129e+00
3.913492e+00
3.503662e+00
3.435799e+00
3.252360e+00
2.828722e+00
2.535161e+00
2.383663e+00
2.165925e+00
1.688794e+00
1.663448e+00
1.534592e+00
1.308424e+00
1.212966e+00
9.768868e-01
9.067458e-01
7.970004e-01
7.774367e-01
5.375901e-01
4.678225e-01
4.087797e-01
3.104804e-01
1.633934e-01
1.597354e-01
1.494739e-01
9.053901e-02
8.740201e-02
5.841946e-02
3.904041e-02
-4.969142e-03
-9.739818e-03
-4.350895e-02
-9.564756e-02
-1.390850e-01
-2.298602e-01
-2.927236e-01
-3.695824e-01
-4.912036e-01
-5.451710e-01
-7.043211e-01
-7.434006e-01
-8.918041e-01
-9.543155e-01
-1.181387e+00
-1.295044e+00
-1.352915e+00
-1.602471e+00
-1.720319e+00
-1.792954e+00
-2.104554e+00
-2.386729e+00
-2.608130e+00
-2.948065e+00
-3.103351e+00
-3.878773e+00
-4.194650e+00
-4.506295e+00
-4.747036e+00
-5.937272e+00
-6.065040e+00
-6.686751e+00
-7.096092e+00
-8.468972e+00
-8.720534e+00
-9.264099e+00
-9.792141e+00
-1.062484e+01
-1.293665e+01
-1.442063e+01
-1.630798e+01
-1.672997e+01
-2.363669e+01
-2.488086e+01
-2.915347e+01
-3.614563e+01
-4.072405e+01
-4.846651e+01
-7.047952e+01
-8.890359e+01
