1.238681e+05
6.024366e+03
3.834498e+03
2.332087e+03
1.830169e+03
1.324095e+03
9.479903e+02
8.014527e+02
6.588815e+02
5.549398e+02
4.615338e+02
3.744373e+02
3.594510e+02
3.338951e+02
2.878274e+02
2.613058e+02
2.514695e+02
2.224345e+02
1.938441e+02
1.595691e+02
1.448666e+02
1.290513e+02
1.175129e+02
1.132345e+02
1.006127e+02
9.108281e+01
8.996933e+01
7.677365e+01
6.877816e+01
6.780698e+01
6.520322e+01
6.069624e+01
5.634772e+01
5.079057e+01
4.913798e+01
4.444297e+01
4.311143e+01
4.153687e+01
3.880627e+01
3.513335e+01
3.270114e+01
3.171648e+01
2.876943e+01
2.707991e+01
2.442789e+01
2.254207e+01
2.118343e+01
1.896248e+01
1.833289e+01
1.644299e+01
1.616681e+01
1.355303e+01
1.278901e+01
1.226156e+01
1.120827e+01
1.074212e+01
1.013128e+01
8.639521e+00
7.851591e+00
7.714564e+00
7.077477e+00
6.641986e+00
6.029803e+00
5.860313e+00
5.392033e+00
4.845501e+00
4.563947e+00
4.030308e+00
3.922045e+00
3.488411e+00
3.293867e+00
2.959911e+00
2.766027e+00
2.713294e+00
2.537994e+00
2.266648e+00
2.139906e+00
1.913805e+00
1.811971e+00
1.747273e+00
1.682715e+00
1.643382e+00
1.597557e+00
1.427344e+00
1.260021e+00
1.137997e+00
1.040735e+00
9.754354e-01
8.882732e-01
8.581861e-01
7.688963e-01
7.321544e-01
6.694028e-01
6.451508e-01
6.014879e-01
5.827478e-01
5.682490e-01
5.319935e-01
4.859763e-01
4.195348e-01
3.928375e-01
3.593776e-01
3.356815e-01
3.173061e-01
2.821124e-01
2.776839e-01
2.702316e-01
2.600352e-01
2.128892e-01
2.080127e-01
1.992376e-01
1.818446e-01
1.708725e-01
1.625880e-01
1.405662e-01
1.349516e-01
1.290842e-01
1.257423e-01
1.178085e-01
1.137059e-01
1.091759e-01
1.047643e-01
9.946834e-02
9.559906e-02
8.044876e-02
7.067530e-02
6.958363e-02
6.803402e-02
6.123879e-02
5.790217e-02
5.344029e-02
5.097732e-02
4.633681e-02
4.040114e-02
4.007572e-02
3.336238e-02
3.261226e-02
2.756008e-02
2.749286e-02
2.381805e-02
2.288903e-02
2.020665e-02
1.949365e-02
1.869242e-02
1.720076e-02
1.512456e-02
1.435147e-02
1.333696e-02
1.215871e-02
1.001131e-02
8.132835e-03
7.741345e-03
7.431245e-03
7.060291e-03
6.247692e-03
5.573713e-03
5.428997e-03
5.141531e-03
4.693995e-03
4.445805e-03
4.051118e-03
3.936852e-03
3.782677e-03
3.447745e-03
3.211000e-03
3.155170e-03
2.989144e-03
2.755382e-03
2.572389e-03
2.339848e-03
2.320190e-03
2.085182e-03
2.028855e-03
1.923539e-03
1.890112e-03
1.749840e-03
1.665081e-03
1.632706e-03
1.610090e-03
1.546452e-03
1.440707e-03
1.392135e-03
1.367321e-03
1.351894e-03
1.348199e-03
1.292798e-03
1.281980e-03
1.275238e-03
1.245478e-03
1.226782e-03
1.210300e-03
1.199579e-03
1.187067e-03
1.166940e-03
1.160317e-03
1.154709e-03
1.123145e-03
1.100232e-03
1.098154e-03
1.084893e-03
1.079269e-03
1.067759e-03
1.045391e-03
1.040899e-03
1.023021e-03
1.010898e-03
9.990894e-04
9.782065e-04
9.671274e-04
9.559100e-04
9.506355e-04
9.308019e-04
9.280872e-04
9.158461e-04
8.981209e-04
8.938342e-04
8.845383e-04
8.742745e-04
8.701303e-04
8.515880e-04
8.419927e-04
8.356089e-04
8.336835e-04
8.165650e-04
8.102441e-04
7.889954e-04
7.833704e-04
7.785322e-04
7.723260e-04
7.641249e-04
7.614699e-04
7.419524e-04
7.368178e-04
7.321840e-04
7.182899e-04
7.079815e-04
7.042573e-04
6.901439e-04
6.746135e-04
6.613982e-04
6.575427e-04
6.528540e-04
6.443549e-04
6.425338e-04
6.296916e-04
6.185560e-04
6.126767e-04
5.951872e-04
5.868035e-04
5.808799e-04
5.673782e-04
5.566562e-04
5.534823e-04
5.425448e-04
5.325592e-04
5.247677e-04
5.115696e-04
4.940516e-04
4.908576e-04
4.862644e-04
4.747203e-04
4.634202e-04
4.515743e-04
4.477061e-04
4.408267e-04
4.287618e-04
4.251002e-04
4.116053e-04
4.016539e-04
3.913411e-04
3.862288e-04
3.763787e-04
3.714783e-04
3.670172e-04
3.483344e-04
3.431039e-04
3.409233e-04
3.250166e-04
3.181232e-04
3.140050e-04
3.038213e-04
2.957280e-04
2.816315e-04
2.698897e-04
2.671670e-04
2.590170e-04
2.495079e-04
2.329996e-04
2.215143e-04
2.176634e-04
2.123998e-04
2.006245e-04
1.952195e-04
1.863726e-04
1.784060e-04
1.739069e-04
1.627274e-04
1.471377e-04
1.434624e-04
1.345216e-04
1.272464e-04
1.247447e-04
1.183703e-04
1.007661e-04
9.479342e-05
8.462590e-05
8.165668e-05
7.592981e-05
6.432323e-05
5.198359e-05
4.757617e-05
4.150656e-05
3.197819e-05
2.833414e-05
2.576130e-05
1.782720e-05
1.090172e-06
-1.025886e-05
-2.237045e-05
-3.021431e-05
-3.996750e-05
-4.587549e-05
-5.437779e-05
-6.774894e-05
-7.145073e-05
-7.599220e-05
-8.542652e-05
-8.915499e-05
-9.989661e-05
-1.056094e-04
-1.101923e-04
-1.326827e-04
-1.397584e-04
-1.429931e-04
-1.539480e-04
-1.614549e-04
-1.686693e-04
-1.751384e-04
-1.867995e-04
-1.967283e-04
-2.040807e-04
-2.120127e-04
-2.286449e-04
-2.391589e-04
-2.402912e-04
-2.560455e-04
-2.579794e-04
-2.704182e-04
-2.790170e-04
-3.027203e-04
-3.114374e-04
-3.252558e-04
-3.304535e-04
-3.430384e-04
-3.478723e-04
-3.574965e-04
-3.731342e-04
-3.821254e-04
-3.978951e-04
-4.093607e-04
-4.160211e-04
-4.261600e-04
-4.377807e-04
-4.470086e-04
-4.575658e-04
-4.841607e-04
-4.968899e-04
-4.981970e-04
-5.143555e-04
-5.181782e-04
-5.410523e-04
-5.546715e-04
-5.696996e-04
-5.876102e-04
-6.039442e-04
-6.153810e-04
-6.194938e-04
-6.284563e-04
-6.372633e-04
-6.609054e-04
-6.923384e-04
-7.034109e-04
-7.472936e-04
-8.052019e-04
