1.378914e+08
2.016291e+07
1.760952e+06
1.306477e+06
1.008531e+06
2.986448e+05
2.007732e+05
1.061242e+05
1.504510e+04
9.230753e+03
3.195525e+03
1.056179e+03
4.808872e+02
2.489014e+02
1.416672e+02
7.943786e+01
6.105133e+01
5.290915e+01
4.192998e+01
3.143270e+01
2.821440e+01
2.616350e+01
2.427556e+01
2.154513e+01
2.082661e+01
1.765232e+01
1.603639e+01
1.496595e+01
1.455059e+01
1.316565e+01
1.224402e+01
1.149926e+01
1.138239e+01
1.060823e+01
1.041892e+01
9.820370e+00
9.335073e+00
9.094336e+00
7.903956e+00
7.564015e+00
7.425908e+00
6.991827e+00
6.490052e+00
6.031245e+00
5.716259e+00
5.627549e+00
5.344496e+00
4.968314e+00
4.896611e+00
4.370342e+00
4.304866e+00
3.940863e+00
3.708477e+00
3.387801e+00
3.164603e+00
2.880708e+00
2.637612e+00
2.403307e+00
2.222144e+00
2.172885e+00
1.900630e+00
1.523533e+00
1.369046e+00
1.263274e+00
1.158349e+00
1.110143e+00
9.042475e-01
8.480634e-01
7.729646e-01
5.475341e-01
3.645992e-01
3.003871e-01
1.421932e-01
1.289919e-01
1.152178e-01
7.228802e-02
4.887166e-02
8.508189e-03
-3.393911e-02
-1.166969e-01
-1.690721e-01
-2.241773e-01
-3.026058e-01
-3.909298e-01
-4.635130e-01
-5.489144e-01
-6.810992e-01
-8.756090e-01
-9.249937e-01
-1.084809e+00
-1.164196e+00
-1.450202e+00
-1.454356e+00
-1.614388e+00
-1.834941e+00
-2.135539e+00
-2.288315e+00
-2.692914e+00
-2.834576e+00
-2.990479e+00
-3.412905e+00
-3.687337e+00
-3.834731e+00
-4.630687e+00
-4.716201e+00
-5.051088e+00
-5.192629e+00
-5.690877e+00
-6.536811e+00
-7.119342e+00
-7.253244e+00
-7.807167e+00
-8.358565e+00
-8.666325e+00
-1.040422e+01
-1.172075e+01
-1.363688e+01
-1.549086e+01
-1.744534e+01
-1.887649e+01
-2.383097e+01
-2.550819e+01
-2.624360e+01
-3.114190e+01
-3.539273e+01
-4.373079e+01
-6.190563e+01
-1.021272e+02
