8.751880e+04
3.239786e+03
2.301423e+03
1.823425e+03
1.088489e+03
7.393218e+02
5.583584e+02
4.312591e+02
2.999579e+02
2.645717e+02
2.305551e+02
2.086243e+02
1.878032e+02
1.722357e+02
1.583074e+02
1.397548e+02
1.325074e+02
1.228888e+02
1.166465e+02
1.120285e+02
1.030982e+02
9.903217e+01
8.866022e+01
8.587560e+01
7.953146e+01
7.594917e+01
6.977068e+01
6.511240e+01
6.010690e+01
5.711299e+01
5.390362e+01
4.929644e+01
4.826471e+01
4.692921e+01
4.559694e+01
4.404300e+01
4.000167e+01
3.782959e+01
3.534804e+01
3.176441e+01
2.890890e+01
2.819040e+01
2.583242e+01
2.411480e+01
2.307757e+01
2.097215e+01
1.993444e+01
1.856663e+01
1.751838e+01
1.654358e+01
1.584315e+01
1.517200e+01
1.391944e+01
1.344479e+01
1.197813e+01
1.102694e+01
1.053028e+01
9.731264e+00
9.320769e+00
8.545037e+00
7.895772e+00
7.618310e+00
7.091180e+00
6.295836e+00
6.006137e+00
5.641439e+00
5.438389e+00
4.841547e+00
4.412846e+00
4.067396e+00
3.895138e+00
3.216474e+00
3.062385e+00
2.875726e+00
2.677325e+00
2.479034e+00
2.211720e+00
2.092144e+00
1.888977e+00
1.836682e+00
1.740597e+00
1.679637e+00
1.502495e+00
1.428410e+00
1.333919e+00
1.275973e+00
1.178818e+00
1.138912e+00
1.090704e+00
1.016297e+00
9.815880e-01
8.980218e-01
8.444408e-01
7.920431e-01
7.630894e-01
7.039517e-01
6.928675e-01
6.520134e-01
6.183416e-01
5.914571e-01
5.668031e-01
5.594656e-01
4.899605e-01
4.616561e-01
4.127662e-01
4.010197e-01
3.707843e-01
3.422964e-01
3.313027e-01
3.096877e-01
2.983532e-01
2.821367e-01
2.725837e-01
2.539071e-01
2.405582e-01
2.291022e-01
2.206489e-01
2.051681e-01
1.890881e-01
1.835748e-01
1.706882e-01
1.579124e-01
1.570171e-01
1.442601e-01
1.363236e-01
1.268827e-01
1.237622e-01
1.153583e-01
1.050922e-01
1.018803e-01
9.220355e-02
8.805562e-02
8.346616e-02
7.859171e-02
7.380791e-02
7.232610e-02
6.346162e-02
6.268796e-02
5.723207e-02
5.561612e-02
5.265758e-02
4.973191e-02
4.590321e-02
4.280955e-02
4.160174e-02
3.912077e-02
3.670384e-02
3.429826e-02
3.356579e-02
3.028658e-02
2.854837e-02
2.749173e-02
2.509721e-02
2.406671e-02
2.396701e-02
2.256197e-02
2.077347e-02
2.011479e-02
1.913068e-02
1.853718e-02
1.688809e-02
1.601700e-02
1.434030e-02
1.314826e-02
1.228935e-02
1.093237e-02
1.029843e-02
1.009624e-02
9.476827e-03
9.363317e-03
8.634773e-03
8.303193e-03
7.924210e-03
7.549616e-03
6.966838e-03
6.151751e-03
5.948736e-03
5.637018e-03
5.127436e-03
4.680614e-03
4.555575e-03
4.231890e-03
4.152893e-03
3.868739e-03
3.545750e-03
3.475137e-03
3.401626e-03
3.158078e-03
2.729391e-03
2.680519e-03
2.510322e-03
2.397558e-03
2.344726e-03
2.233669e-03
2.149489e-03
2.129442e-03
2.097202e-03
1.981844e-03
1.957502e-03
1.829745e-03
1.771933e-03
1.666546e-03
1.625887e-03
1.556809e-03
1.499495e-03
1.445134e-03
1.375378e-03
1.348677e-03
1.345840e-03
1.324389e-03
1.286349e-03
1.241479e-03
1.229738e-03
1.220720e-03
1.209724e-03
1.170650e-03
1.156595e-03
1.131674e-03
1.105521e-03
1.098307e-03
1.065996e-03
1.051517e-03
1.031040e-03
1.019575e-03
9.983676e-04
9.772900e-04
9.742164e-04
9.657084e-04
9.504785e-04
9.353738e-04
9.162473e-04
9.067935e-04
8.932718e-04
8.808814e-04
8.696912e-04
8.451120e-04
8.365821e-04
8.188462e-04
8.090227e-04
7.946561e-04
7.797287e-04
7.784911e-04
7.737573e-04
7.653062e-04
7.502062e-04
7.410335e-04
7.282092e-04
7.191446e-04
7.069054e-04
6.942026e-04
6.894356e-04
6.797471e-04
6.751076e-04
6.572297e-04
6.464710e-04
6.342697e-04
6.249389e-04
6.203559e-04
6.091292e-04
6.016714e-04
5.963884e-04
5.895511e-04
5.812652e-04
5.659365e-04
5.629867e-04
5.428778e-04
5.363583e-04
5.197407e-04
5.171126e-04
5.054675e-04
4.977844e-04
4.893414e-04
4.805190e-04
4.691718e-04
4.574935e-04
4.485541e-04
4.452615e-04
4.327146e-04
4.280176e-04
4.164264e-04
4.081423e-04
3.968968e-04
3.821904e-04
3.695350e-04
3.644854e-04
3.517249e-04
3.373556e-04
3.350651e-04
3.226585e-04
3.176407e-04
3.068964e-04
2.981032e-04
2.816499e-04
2.797385e-04
2.695681e-04
2.610997e-04
2.395591e-04
2.363765e-04
2.290498e-04
2.240853e-04
2.200520e-04
2.178546e-04
2.069594e-04
1.926285e-04
1.890421e-04
1.706478e-04
1.618079e-04
1.589279e-04
1.512952e-04
1.332425e-04
1.249281e-04
1.066739e-04
1.021356e-04
9.728996e-05
8.897766e-05
7.691938e-05
7.021911e-05
5.793399e-05
4.663786e-05
4.096310e-05
2.215709e-05
2.051671e-05
1.210511e-05
3.277895e-13
1.073016e-13
5.862766e-14
-1.906878e-14
-4.277264e-14
-1.429092e-13
-2.410033e-13
-3.758745e-06
-7.994936e-06
-2.083153e-05
-3.018481e-05
-3.442508e-05
-4.766613e-05
-5.416815e-05
-5.803341e-05
-7.264598e-05
-7.910568e-05
-9.024489e-05
-1.052358e-04
-1.118915e-04
-1.216359e-04
-1.347551e-04
-1.523375e-04
-1.726533e-04
-1.748871e-04
-1.798015e-04
-1.878577e-04
-1.961604e-04
-2.058188e-04
-2.217389e-04
-2.278945e-04
-2.359362e-04
-2.464192e-04
-2.515024e-04
-2.566404e-04
-2.690996e-04
-2.920986e-04
-3.012981e-04
-3.151704e-04
-3.228354e-04
-3.341681e-04
-3.401631e-04
-3.527670e-04
-3.674857e-04
-3.802308e-04
-3.892413e-04
-4.039597e-04
-4.167527e-04
-4.244510e-04
-4.257690e-04
-4.535772e-04
-4.733974e-04
-4.956285e-04
-5.011641e-04
-5.166426e-04
-5.397880e-04
-5.521849e-04
-5.792166e-04
-5.976846e-04
-6.315783e-04
-6.531663e-04
