4.390948e+05
2.150892e+05
2.040817e+05
1.802697e+05
1.367542e+05
1.294441e+05
1.118795e+05
1.000244e+05
8.563192e+04
8.279296e+04
6.355096e+04
5.477622e+04
5.035322e+04
4.442188e+04
4.170058e+04
3.888334e+04
3.618075e+04
2.587224e+04
1.975223e+04
1.865714e+04
1.498749e+04
1.255394e+04
1.132587e+04
1.088522e+04
9.776915e+03
9.087400e+03
6.823222e+03
5.705961e+03
5.169344e+03
4.487802e+03
4.347285e+03
3.984411e+03
3.252885e+03
2.924082e+03
2.392052e+03
1.931478e+03
1.690562e+03
1.268367e+03
1.230438e+03
1.166264e+03
9.687520e+02
8.143307e+02
7.505049e+02
6.846447e+02
5.637974e+02
5.225530e+02
4.537805e+02
4.160513e+02
3.539284e+02
2.401475e+02
1.988092e+02
1.900498e+02
1.717360e+02
1.455322e+02
1.385740e+02
1.107299e+02
8.814943e+01
7.949478e+01
4.802754e+01
4.512120e+01
3.939446e+01
3.429011e+01
3.350084e+01
3.047720e+01
1.877690e+01
1.722838e+01
1.405382e+01
1.228924e+01
1.097859e+01
8.034599e+00
7.869094e+00
4.135471e+00
3.973481e+00
3.451676e+00
3.140907e+00
2.838970e+00
1.874412e+00
1.385328e+00
1.279337e+00
1.088486e+00
7.970778e-01
7.661453e-01
4.801545e-01
3.718362e-01
2.642033e-01
2.371592e-01
1.918978e-01
1.416134e-01
1.278267e-01
1.168802e-01
7.108694e-02
6.130253e-02
5.459766e-02
5.121738e-02
4.686814e-02
4.413440e-02
3.512218e-02
3.480932e-02
3.098376e-02
3.044064e-02
2.951895e-02
2.850161e-02
2.629750e-02
2.585379e-02
2.574060e-02
2.504437e-02
2.441733e-02
2.381097e-02
2.271747e-02
2.202309e-02
2.143965e-02
1.967285e-02
1.904779e-02
1.889458e-02
1.841580e-02
1.823558e-02
1.674730e-02
1.642328e-02
1.612804e-02
1.581267e-02
1.511076e-02
1.486170e-02
1.394583e-02
1.369638e-02
1.231342e-02
1.115299e-02
5.082086e-03
-1.387698e-11
