1.271256e+08
1.784771e+07
2.619479e+06
1.203380e+06
7.075298e+05
2.658324e+05
1.455418e+05
1.179360e+05
3.166480e+04
2.116124e+04
5.383268e+03
1.105567e+03
3.402965e+02
1.486310e+02
7.636429e+01
5.871570e+01
4.500806e+01
3.904813e+01
2.895648e+01
2.481944e+01
2.172747e+01
2.125829e+01
1.928520e+01
1.603393e+01
1.478278e+01
1.412530e+01
1.379692e+01
1.249926e+01
1.144771e+01
1.118781e+01
1.026274e+01
8.974728e+00
8.795317e+00
8.575352e+00
7.684267e+00
7.247893e+00
7.039516e+00
6.848119e+00
6.548901e+00
6.188867e+00
5.902047e+00
5.582408e+00
5.476703e+00
5.110016e+00
4.918850e+00
4.684794e+00
4.485743e+00
4.258181e+00
3.968541e+00
3.769673e+00
3.585318e+00
3.177665e+00
3.141792e+00
2.917821e+00
2.752954e+00
2.429321e+00
2.008253e+00
1.875028e+00
1.813171e+00
1.713922e+00
1.357496e+00
1.329507e+00
1.297167e+00
1.117091e+00
1.035409e+00
8.509529e-01
6.800640e-01
6.366665e-01
6.041711e-01
4.495842e-01
4.228917e-01
3.224706e-01
2.387094e-01
2.203160e-01
1.993200e-01
1.298816e-01
1.149721e-01
9.441649e-02
-3.491051e-03
-1.756390e-02
-3.421103e-02
-1.671194e-01
-2.447328e-01
-2.675580e-01
-3.722741e-01
-4.305812e-01
-4.820878e-01
-5.452912e-01
-6.181837e-01
-7.635083e-01
-8.272009e-01
-1.133533e+00
-1.146510e+00
-1.262963e+00
-1.511320e+00
-1.560493e+00
-1.734792e+00
-1.940697e+00
-2.200130e+00
-2.342730e+00
-2.528723e+00
-2.631798e+00
-2.810763e+00
-3.040800e+00
-3.208101e+00
-3.370581e+00
-4.026429e+00
-4.212879e+00
-4.454989e+00
-4.907585e+00
-5.100677e+00
-6.134636e+00
-6.675411e+00
-6.995808e+00
-7.374313e+00
-8.557964e+00
-9.326962e+00
-1.030726e+01
-1.149835e+01
-1.309627e+01
-1.344178e+01
-1.625076e+01
-1.875206e+01
-1.991841e+01
-3.046815e+01
-4.111993e+01
-4.308934e+01
-6.449674e+01
