6.922323e+05
3.071339e+05
2.018428e+05
1.817364e+05
1.412528e+05
1.265181e+05
1.143542e+05
1.109302e+05
8.889077e+04
8.165541e+04
7.213389e+04
6.849670e+04
6.324874e+04
5.713498e+04
4.947612e+04
4.325859e+04
3.620139e+04
2.720863e+04
2.263155e+04
1.802571e+04
1.398256e+04
1.045610e+04
9.364260e+03
8.740612e+03
7.628527e+03
7.095848e+03
6.293651e+03
5.447124e+03
4.706768e+03
4.302253e+03
3.575983e+03
3.073420e+03
2.744363e+03
2.531280e+03
2.134700e+03
1.495354e+03
1.448527e+03
1.193633e+03
8.812584e+02
6.892662e+02
6.461848e+02
5.783032e+02
5.375639e+02
4.737540e+02
3.579544e+02
3.266361e+02
2.615386e+02
1.989096e+02
1.794990e+02
1.612017e+02
1.480383e+02
1.083501e+02
9.909220e+01
7.594874e+01
6.203581e+01
5.386267e+01
5.031489e+01
4.316121e+01
3.951757e+01
3.340179e+01
2.607843e+01
1.899735e+01
1.074019e+01
9.748703e+00
7.944673e+00
6.816292e+00
6.031026e+00
5.332774e+00
5.140697e+00
3.870138e+00
3.182183e+00
2.743234e+00
2.312401e+00
1.612535e+00
1.094113e+00
1.003985e+00
8.864647e-01
8.418930e-01
6.432699e-01
6.044129e-01
4.552222e-01
4.245912e-01
3.848670e-01
1.827062e-01
1.610815e-01
1.328753e-01
1.306888e-01
9.804769e-02
6.584117e-02
6.252819e-02
5.732855e-02
5.579398e-02
5.329612e-02
5.198805e-02
5.003585e-02
4.873988e-02
4.692765e-02
4.506268e-02
4.264757e-02
4.031013e-02
3.771927e-02
3.694174e-02
3.323877e-02
3.119582e-02
2.980182e-02
2.676892e-02
2.550697e-02
2.501386e-02
2.449107e-02
2.386493e-02
2.381378e-02
2.291025e-02
2.214543e-02
1.966655e-02
1.923531e-02
1.865936e-02
1.769717e-02
1.692868e-02
1.660586e-02
1.585473e-02
1.556285e-02
1.503548e-02
1.465118e-02
1.135923e-02
9.878941e-03
7.772645e-03
4.434192e-12
-7.976198e-13
