8.898687e+04
3.996729e+03
2.328986e+03
1.787149e+03
1.098042e+03
8.252670e+02
5.101898e+02
4.352163e+02
3.264523e+02
2.843133e+02
2.736379e+02
2.008522e+02
1.778044e+02
1.645738e+02
1.592141e+02
1.399681e+02
1.303553e+02
1.273749e+02
1.178658e+02
1.128588e+02
1.029957e+02
9.827345e+01
8.450232e+01
7.994485e+01
7.651940e+01
7.301066e+01
6.866197e+01
6.155191e+01
5.978966e+01
5.491541e+01
5.172567e+01
5.050806e+01
4.669696e+01
4.232147e+01
4.167724e+01
3.884108e+01
3.563330e+01
3.522773e+01
3.159727e+01
3.049085e+01
2.975170e+01
2.662556e+01
2.605294e+01
2.394852e+01
2.316430e+01
1.957754e+01
1.819302e+01
1.737077e+01
1.587534e+01
1.494323e+01
1.464751e+01
1.322675e+01
1.209737e+01
1.118425e+01
1.085386e+01
1.045893e+01
9.525727e+00
9.201321e+00
8.442652e+00
7.793678e+00
6.931994e+00
6.455443e+00
6.135502e+00
5.674425e+00
5.493320e+00
5.340550e+00
5.064687e+00
4.684042e+00
4.225259e+00
4.155719e+00
3.583544e+00
3.423425e+00
3.190637e+00
2.714727e+00
2.521033e+00
2.406980e+00
2.291196e+00
2.119429e+00
2.015784e+00
1.897511e+00
1.817808e+00
1.665774e+00
1.528757e+00
1.510537e+00
1.449341e+00
1.351573e+00
1.257060e+00
1.217871e+00
1.105797e+00
1.032486e+00
1.026899e+00
9.934993e-01
8.373921e-01
8.195648e-01
7.867786e-01
7.514116e-01
6.952316e-01
6.369560e-01
6.054826e-01
5.711498e-01
5.479334e-01
5.230809e-01
5.021968e-01
4.551976e-01
4.231417e-01
4.120282e-01
3.803318e-01
3.455434e-01
3.189695e-01
2.998286e-01
2.913682e-01
2.784387e-01
2.704020e-01
2.513829e-01
2.412685e-01
2.225524e-01
2.208492e-01
2.037541e-01
1.878540e-01
1.705938e-01
1.649585e-01
1.528270e-01
1.409281e-01
1.347652e-01
1.263125e-01
1.219702e-01
1.128063e-01
1.105640e-01
1.048122e-01
9.969039e-02
8.788104e-02
8.384874e-02
7.919452e-02
7.561519e-02
7.208432e-02
6.938615e-02
6.618531e-02
6.145048e-02
6.057962e-02
5.854917e-02
5.543213e-02
5.115718e-02
4.926906e-02
4.663889e-02
4.370540e-02
3.669314e-02
3.517312e-02
3.025044e-02
2.796974e-02
2.536977e-02
2.461752e-02
2.135857e-02
1.925783e-02
1.899990e-02
1.757923e-02
1.701425e-02
1.594018e-02
1.535195e-02
1.468141e-02
1.337291e-02
1.270864e-02
1.187991e-02
1.150703e-02
1.072727e-02
1.033102e-02
1.001910e-02
9.246956e-03
8.990036e-03
8.578831e-03
8.283747e-03
7.497544e-03
7.098491e-03
6.902610e-03
6.231001e-03
6.187971e-03
5.721673e-03
5.347854e-03
4.881897e-03
4.698272e-03
4.516185e-03
4.083410e-03
3.864701e-03
3.555518e-03
3.412767e-03
3.312174e-03
3.191473e-03
3.018363e-03
2.823931e-03
2.789319e-03
2.725784e-03
2.612559e-03
2.499706e-03
2.452907e-03
2.288690e-03
2.233732e-03
2.085187e-03
1.956618e-03
1.886130e-03
1.828529e-03
1.810353e-03
1.741202e-03
1.661471e-03
1.568224e-03
1.542205e-03
1.510075e-03
1.403057e-03
1.364921e-03
1.342446e-03
1.321630e-03
1.300700e-03
1.269876e-03
1.224962e-03
1.206450e-03
1.180048e-03
1.170637e-03
1.163443e-03
1.138083e-03
1.121112e-03
1.115024e-03
1.097960e-03
1.077328e-03
1.057419e-03
1.055271e-03
1.040986e-03
1.028103e-03
9.986000e-04
9.966320e-04
9.717123e-04
9.628584e-04
9.585199e-04
9.486726e-04
9.190907e-04
9.149250e-04
8.832767e-04
8.787434e-04
8.760405e-04
8.515654e-04
8.507024e-04
8.316415e-04
8.226116e-04
8.127968e-04
7.969325e-04
7.957419e-04
7.899371e-04
7.749518e-04
7.542389e-04
7.480707e-04
7.434253e-04
7.335116e-04
7.249751e-04
7.147889e-04
6.991991e-04
6.786779e-04
6.728514e-04
6.655276e-04
6.466175e-04
6.359365e-04
6.262033e-04
6.210372e-04
6.177646e-04
5.986382e-04
5.865530e-04
5.797791e-04
5.646000e-04
5.627780e-04
5.498496e-04
5.393453e-04
5.352471e-04
5.257574e-04
5.152497e-04
5.037196e-04
4.945149e-04
4.887441e-04
4.786599e-04
4.577406e-04
4.486269e-04
4.476550e-04
4.332814e-04
4.244298e-04
4.146750e-04
4.107916e-04
3.936197e-04
3.901101e-04
3.895575e-04
3.818072e-04
3.620863e-04
3.591205e-04
3.429484e-04
3.344105e-04
3.268888e-04
3.141021e-04
3.098817e-04
3.079395e-04
2.982634e-04
2.895986e-04
2.765013e-04
2.661108e-04
2.596292e-04
2.549535e-04
2.438094e-04
2.340559e-04
2.248389e-04
2.145382e-04
1.987062e-04
1.884885e-04
1.760672e-04
1.676844e-04
1.623525e-04
1.570224e-04
1.394539e-04
1.324718e-04
1.321045e-04
1.197199e-04
1.139206e-04
1.014721e-04
9.008060e-05
7.885218e-05
7.717965e-05
7.303159e-05
5.612821e-05
5.400759e-05
3.695731e-05
3.163400e-05
2.104034e-05
1.035135e-05
4.109701e-06
1.574409e-13
-1.538294e-14
-1.979465e-06
-1.072971e-05
-2.472789e-05
-3.084909e-05
-4.045167e-05
-5.295356e-05
-6.031875e-05
-7.952600e-05
-8.723011e-05
-9.307921e-05
-1.002413e-04
-1.090403e-04
-1.218017e-04
-1.267374e-04
-1.362088e-04
-1.406160e-04
-1.548635e-04
-1.641154e-04
-1.721442e-04
-1.842784e-04
-1.883829e-04
-2.043016e-04
-2.187347e-04
-2.219272e-04
-2.297226e-04
-2.380410e-04
-2.538985e-04
-2.641334e-04
-2.708849e-04
-2.972142e-04
-3.013079e-04
-3.071036e-04
-3.212785e-04
-3.244840e-04
-3.372222e-04
-3.478360e-04
-3.540209e-04
-3.807723e-04
-3.870062e-04
-4.060326e-04
-4.306896e-04
-4.459945e-04
-4.507553e-04
-4.771467e-04
-4.878183e-04
-4.925946e-04
-4.955347e-04
-5.070795e-04
-5.284448e-04
-5.412703e-04
-5.736288e-04
-5.914210e-04
-6.134830e-04
-6.244800e-04
-6.523980e-04
-6.775380e-04
