2.850129e+10
1.228325e+10
6.880491e+09
4.720621e+09
3.743200e+09
3.407480e+09
3.087612e+09
2.968397e+09
2.872308e+09
2.471142e+09
2.390074e+09
2.243542e+09
2.018048e+09
1.979311e+09
1.869350e+09
1.820614e+09
1.788626e+09
1.630816e+09
1.558790e+09
1.498248e+09
1.432340e+09
1.360818e+09
1.266194e+09
1.210090e+09
1.200397e+09
1.124234e+09
1.109419e+09
1.043939e+09
1.030862e+09
1.017521e+09
9.890163e+08
9.582515e+08
9.112881e+08
8.847183e+08
8.686156e+08
8.452028e+08
8.271049e+08
8.228924e+08
7.780891e+08
7.744349e+08
7.421774e+08
7.351402e+08
7.238050e+08
6.776071e+08
6.491571e+08
6.345841e+08
6.131820e+08
5.894916e+08
5.865413e+08
5.792223e+08
5.740763e+08
5.473197e+08
5.441976e+08
5.227997e+08
5.130209e+08
5.047823e+08
4.973567e+08
4.699286e+08
4.559881e+08
4.496989e+08
4.318321e+08
4.240147e+08
4.202543e+08
4.070240e+08
3.925160e+08
3.881331e+08
3.839915e+08
3.629220e+08
3.538624e+08
3.445255e+08
3.351862e+08
3.330250e+08
3.290748e+08
3.218271e+08
3.008562e+08
2.932681e+08
2.902640e+08
2.825605e+08
2.765645e+08
2.684230e+08
2.612078e+08
2.566816e+08
2.511684e+08
2.363111e+08
2.237826e+08
2.214396e+08
2.180675e+08
2.095971e+08
2.046590e+08
2.005907e+08
1.934125e+08
1.862382e+08
1.822197e+08
1.818766e+08
1.756970e+08
1.726114e+08
1.648984e+08
1.507066e+08
1.489873e+08
1.429113e+08
1.416543e+08
1.320899e+08
1.299848e+08
1.276720e+08
1.239399e+08
1.123412e+08
1.097910e+08
1.044047e+08
1.027892e+08
9.642276e+07
9.332010e+07
9.072054e+07
8.416810e+07
7.831106e+07
7.741937e+07
6.777128e+07
6.396308e+07
5.894679e+07
4.901788e+07
4.664858e+07
4.269462e+07
4.121895e+07
3.615417e+07
3.542034e+07
3.128417e+07
2.481799e+07
1.927918e+07
1.249466e+07
