1.278157e+10
6.993354e+08
2.165670e+08
1.226050e+08
8.981346e+07
6.653532e+07
6.196640e+07
4.403422e+07
3.979912e+07
3.006367e+07
2.848975e+07
2.207590e+07
1.976748e+07
1.844227e+07
1.439766e+07
1.148247e+07
1.077386e+07
9.329947e+06
6.544987e+06
6.280302e+06
5.210656e+06
4.594450e+06
3.965258e+06
3.667366e+06
3.406690e+06
3.011423e+06
2.592270e+06
2.400588e+06
1.951199e+06
1.801121e+06
1.652714e+06
1.492775e+06
1.337590e+06
1.260693e+06
8.953374e+05
8.023766e+05
7.595561e+05
6.972182e+05
6.574917e+05
6.102729e+05
4.502329e+05
3.926077e+05
3.728414e+05
3.310633e+05
2.687936e+05
2.563350e+05
2.261945e+05
1.673245e+05
1.321095e+05
1.173320e+05
9.828563e+04
8.436439e+04
7.531557e+04
7.386818e+04
6.637423e+04
4.563361e+04
3.465589e+04
3.357075e+04
2.789837e+04
2.499441e+04
2.016878e+04
1.518576e+04
1.049003e+04
7.145896e+03
4.822618e+03
4.339395e+03
3.765212e+03
2.014480e+03
1.633990e+03
1.394511e+03
1.141383e+03
8.009402e+02
6.487980e+02
3.725705e+02
3.427474e+02
2.346295e+02
1.591254e+02
9.964137e+01
8.554922e+01
3.588642e+01
3.131574e+01
2.223609e+01
1.301297e+01
7.108421e+00
5.290880e+00
4.284705e+00
2.812872e+00
2.134684e+00
1.236266e+00
1.101835e+00
7.442681e-01
5.836552e-01
5.134348e-01
2.519096e-01
1.858548e-01
1.407290e-01
1.112447e-01
9.646181e-02
8.024166e-02
6.870448e-02
6.303626e-02
5.954103e-02
4.594722e-02
4.226707e-02
3.472264e-02
3.392323e-02
2.567479e-02
2.370008e-02
1.898740e-02
1.759864e-02
1.511887e-02
1.314156e-02
1.150279e-02
4.192632e-03
4.064138e-04
-3.362571e-03
-6.069853e-03
-1.068941e-02
-1.301208e-02
-2.204817e-02
-2.227914e-02
-2.982282e-02
-3.492537e-02
-4.063954e-02
-5.039242e-02
-6.665249e-02
-7.272594e-02
-9.045272e-02
