1.280033e+05
6.286212e+03
3.136206e+03
2.374158e+03
1.866204e+03
1.545371e+03
1.450662e+03
9.208763e+02
8.440164e+02
7.306790e+02
6.488827e+02
4.954813e+02
3.090689e+02
2.692581e+02
2.399912e+02
2.116051e+02
1.857894e+02
1.528433e+02
1.376546e+02
1.189666e+02
1.141123e+02
9.019233e+01
8.480936e+01
8.238682e+01
7.572301e+01
7.269978e+01
6.940503e+01
6.337179e+01
5.682309e+01
5.375259e+01
4.841573e+01
4.392334e+01
3.922322e+01
3.891230e+01
3.568801e+01
3.269799e+01
3.061616e+01
2.779822e+01
2.648531e+01
2.423359e+01
2.265685e+01
2.174069e+01
2.047018e+01
1.837229e+01
1.779019e+01
1.660029e+01
1.532024e+01
1.375675e+01
1.281364e+01
1.199240e+01
1.093007e+01
1.087682e+01
9.658838e+00
9.046985e+00
8.323862e+00
7.701127e+00
6.888466e+00
6.638532e+00
6.332364e+00
5.795098e+00
5.128282e+00
4.891328e+00
4.655599e+00
4.493444e+00
3.980606e+00
3.717534e+00
3.479771e+00
2.811466e+00
2.565704e+00
2.549354e+00
2.312805e+00
2.158767e+00
2.049737e+00
1.939163e+00
1.752408e+00
1.686496e+00
1.638768e+00
1.458249e+00
1.425685e+00
1.307024e+00
1.220798e+00
1.087996e+00
1.063488e+00
9.402184e-01
9.210348e-01
8.010739e-01
7.988172e-01
7.346846e-01
6.963747e-01
6.577153e-01
6.009361e-01
5.672768e-01
5.398831e-01
5.301378e-01
4.981337e-01
4.792985e-01
4.254778e-01
4.091318e-01
3.747176e-01
3.530492e-01
3.193623e-01
2.692925e-01
2.665848e-01
2.544622e-01
2.316411e-01
2.150618e-01
2.074431e-01
1.991201e-01
1.945111e-01
1.671561e-01
1.438279e-01
1.353229e-01
1.290698e-01
1.187606e-01
1.119990e-01
1.066664e-01
9.874787e-02
9.240230e-02
8.248217e-02
7.899617e-02
7.457834e-02
7.056357e-02
6.284375e-02
5.663205e-02
5.326582e-02
4.823381e-02
4.520762e-02
4.203435e-02
3.979316e-02
3.589756e-02
3.177612e-02
3.054554e-02
2.868416e-02
2.626796e-02
2.545008e-02
2.200537e-02
2.102533e-02
1.915051e-02
1.790483e-02
1.570805e-02
1.530734e-02
1.348129e-02
1.200538e-02
1.054546e-02
1.013886e-02
1.009316e-02
8.990140e-03
8.702167e-03
8.123099e-03
7.607040e-03
7.282807e-03
6.917363e-03
6.707240e-03
5.973033e-03
5.673094e-03
4.816561e-03
4.380458e-03
4.044869e-03
3.706830e-03
3.553483e-03
3.137073e-03
3.049073e-03
2.957092e-03
2.742526e-03
2.620279e-03
2.389059e-03
2.268002e-03
2.130214e-03
2.045037e-03
1.993204e-03
1.807351e-03
1.769073e-03
1.665195e-03
1.603167e-03
1.556206e-03
1.506885e-03
1.464718e-03
1.448230e-03
1.409019e-03
1.384471e-03
1.352563e-03
1.332267e-03
1.284384e-03
1.264234e-03
1.258827e-03
1.224740e-03
1.218005e-03
1.210598e-03
1.190807e-03
1.181933e-03
1.159705e-03
1.143133e-03
1.138245e-03
1.135900e-03
1.107612e-03
1.094362e-03
1.080665e-03
1.072573e-03
1.052161e-03
1.035148e-03
1.025095e-03
9.971922e-04
9.922954e-04
9.805745e-04
9.745618e-04
9.519734e-04
9.436294e-04
9.312830e-04
9.156073e-04
9.050586e-04
8.934827e-04
8.862219e-04
8.767847e-04
8.625896e-04
8.479083e-04
8.411768e-04
8.227919e-04
8.044285e-04
7.995437e-04
7.794587e-04
7.707972e-04
7.626964e-04
7.542926e-04
7.406529e-04
7.297037e-04
7.232940e-04
7.116226e-04
7.069219e-04
7.045649e-04
6.918961e-04
6.889221e-04
6.760707e-04
6.694370e-04
6.594126e-04
6.460100e-04
6.435546e-04
6.241074e-04
6.133392e-04
5.979136e-04
5.919015e-04
5.793215e-04
5.694939e-04
5.560656e-04
5.500598e-04
5.406149e-04
5.308029e-04
5.159220e-04
5.042892e-04
4.929971e-04
4.877042e-04
4.804833e-04
4.764389e-04
4.668205e-04
4.558296e-04
4.426371e-04
4.316880e-04
4.285694e-04
4.172648e-04
4.076015e-04
3.999167e-04
3.948724e-04
3.708307e-04
3.631495e-04
3.609263e-04
3.534152e-04
3.397847e-04
3.354083e-04
3.226540e-04
3.103319e-04
3.039452e-04
2.949402e-04
2.791158e-04
2.712484e-04
2.614357e-04
2.596572e-04
2.474203e-04
2.410168e-04
2.379513e-04
2.231149e-04
2.215146e-04
2.041169e-04
1.985214e-04
1.866893e-04
1.760365e-04
1.708872e-04
1.625604e-04
1.518436e-04
1.470302e-04
1.376152e-04
1.238744e-04
1.192816e-04
1.102730e-04
1.035094e-04
9.644643e-05
8.971718e-05
7.324764e-05
7.071138e-05
5.958801e-05
4.923255e-05
4.411944e-05
3.991379e-05
3.213831e-05
1.302302e-05
7.062238e-06
3.307174e-07
-1.968173e-05
-2.472905e-05
-3.047943e-05
-4.784018e-05
-5.240087e-05
-5.767682e-05
-6.672905e-05
-7.946782e-05
-8.730392e-05
-9.844873e-05
-1.052022e-04
-1.124634e-04
-1.204824e-04
-1.255191e-04
-1.299899e-04
-1.399679e-04
-1.556645e-04
-1.670209e-04
-1.798456e-04
-1.836347e-04
-1.902503e-04
-1.973953e-04
-2.150594e-04
-2.249001e-04
-2.346518e-04
-2.512785e-04
-2.699827e-04
-2.735082e-04
-2.842149e-04
-2.880609e-04
-2.910754e-04
-2.985554e-04
-3.240437e-04
-3.381126e-04
-3.459135e-04
-3.556668e-04
-3.698268e-04
-3.768981e-04
-3.844010e-04
-4.037734e-04
-4.072214e-04
-4.173075e-04
-4.279377e-04
-4.316002e-04
-4.399017e-04
-4.553562e-04
-4.654262e-04
-4.909195e-04
-4.999249e-04
-5.022134e-04
-5.178097e-04
-5.268779e-04
-5.389238e-04
-5.455205e-04
-5.585579e-04
-5.762936e-04
-5.823703e-04
-5.990864e-04
-6.125121e-04
-6.271217e-04
-6.350777e-04
-6.516339e-04
-6.680186e-04
-6.827541e-04
-6.961826e-04
-7.259620e-04
-7.310070e-04
-7.516258e-04
-7.647885e-04
-7.936269e-04
-8.137185e-04
-8.179228e-04
-8.271398e-04
-8.551148e-04
-8.662916e-04
-9.070519e-04
-9.099055e-04
-9.481473e-04
-9.854588e-04
