2.924093e+10
1.554292e+10
6.001135e+09
4.469357e+09
3.838800e+09
3.592720e+09
3.164396e+09
2.988476e+09
2.878666e+09
2.644648e+09
2.308653e+09
2.229925e+09
2.136990e+09
1.950494e+09
1.822477e+09
1.746438e+09
1.700225e+09
1.639324e+09
1.519281e+09
1.437218e+09
1.424276e+09
1.368547e+09
1.345220e+09
1.285558e+09
1.240321e+09
1.214271e+09
1.199129e+09
1.081949e+09
1.047922e+09
1.013729e+09
9.659661e+08
9.580010e+08
9.116851e+08
8.891544e+08
8.703699e+08
8.392979e+08
7.947065e+08
7.442497e+08
7.299842e+08
7.157404e+08
7.047581e+08
6.765622e+08
6.588342e+08
6.234153e+08
6.146291e+08
5.973769e+08
5.840417e+08
5.771752e+08
5.520613e+08
5.335797e+08
5.121186e+08
5.061469e+08
4.789939e+08
4.666851e+08
4.589706e+08
4.530036e+08
4.393457e+08
4.258758e+08
4.107902e+08
3.992069e+08
3.978636e+08
3.771498e+08
3.673375e+08
3.579405e+08
3.467353e+08
3.373030e+08
3.320655e+08
3.195041e+08
3.096504e+08
3.002478e+08
2.885746e+08
2.867342e+08
2.768784e+08
2.746817e+08
2.681393e+08
2.518585e+08
2.449383e+08
2.370847e+08
2.286656e+08
2.228951e+08
2.203679e+08
2.169220e+08
2.050088e+08
1.999105e+08
1.904619e+08
1.873891e+08
1.854140e+08
1.753538e+08
1.721379e+08
1.685038e+08
1.674758e+08
1.605516e+08
1.578096e+08
1.537961e+08
1.499231e+08
1.446551e+08
1.403182e+08
1.365550e+08
1.361817e+08
1.216780e+08
1.204250e+08
1.141656e+08
1.135272e+08
1.074942e+08
1.036453e+08
9.967898e+07
9.142708e+07
9.104485e+07
7.970543e+07
7.923158e+07
7.796392e+07
7.227014e+07
6.814380e+07
6.675037e+07
6.102545e+07
5.985792e+07
5.467144e+07
4.533356e+07
4.028998e+07
3.176571e+07
2.873510e+07
2.539571e+07
2.139761e+07
1.829627e+07
1.740374e+07
1.466176e+07
5.217584e+06
3.150269e+06
