1.284026e+05
5.930591e+03
3.062047e+03
2.808420e+03
1.855838e+03
1.578693e+03
1.436865e+03
1.063543e+03
8.469668e+02
7.309658e+02
6.857188e+02
5.241835e+02
2.964450e+02
2.521202e+02
2.214143e+02
2.127276e+02
1.946584e+02
1.535474e+02
1.517224e+02
1.273753e+02
1.110472e+02
1.036989e+02
8.766058e+01
8.422559e+01
7.560226e+01
6.796359e+01
6.098046e+01
5.942606e+01
5.792247e+01
5.108795e+01
4.330344e+01
4.010470e+01
3.855556e+01
3.577790e+01
3.283759e+01
3.190360e+01
2.932652e+01
2.809188e+01
2.449124e+01
2.373006e+01
2.317566e+01
2.158662e+01
2.061074e+01
1.792407e+01
1.711340e+01
1.550483e+01
1.419868e+01
1.347633e+01
1.193746e+01
1.126524e+01
1.063814e+01
9.584933e+00
8.694643e+00
8.138157e+00
7.820715e+00
7.087434e+00
6.367305e+00
5.938487e+00
5.711280e+00
5.230225e+00
4.797125e+00
4.491111e+00
4.223125e+00
4.091267e+00
3.824132e+00
3.471666e+00
3.101140e+00
3.078256e+00
2.843594e+00
2.745013e+00
2.657866e+00
2.406724e+00
2.189468e+00
2.042329e+00
1.948690e+00
1.643459e+00
1.591291e+00
1.510151e+00
1.416385e+00
1.265229e+00
1.150829e+00
1.073162e+00
9.876063e-01
9.151232e-01
8.651102e-01
8.158990e-01
7.664355e-01
7.425247e-01
6.857931e-01
6.549596e-01
6.169242e-01
5.790475e-01
5.454898e-01
4.894623e-01
4.617075e-01
4.262622e-01
4.109191e-01
3.810297e-01
3.607048e-01
3.292214e-01
3.086372e-01
2.785316e-01
2.521899e-01
2.428687e-01
2.329511e-01
2.128746e-01
2.015499e-01
1.906537e-01
1.705820e-01
1.565659e-01
1.478865e-01
1.348480e-01
1.286950e-01
1.133649e-01
1.066945e-01
9.338471e-02
8.980558e-02
8.681194e-02
8.079046e-02
7.936738e-02
7.327921e-02
7.025094e-02
6.715831e-02
6.484849e-02
5.572173e-02
5.357936e-02
5.125915e-02
4.663849e-02
4.123858e-02
3.537041e-02
3.348835e-02
3.170321e-02
3.067636e-02
2.741464e-02
2.392568e-02
2.226480e-02
2.107357e-02
2.070011e-02
1.768280e-02
1.714050e-02
1.592186e-02
1.415897e-02
1.279946e-02
1.191436e-02
1.125077e-02
1.084334e-02
9.421108e-03
9.094297e-03
8.258772e-03
7.943562e-03
7.075661e-03
6.422597e-03
6.072559e-03
5.803414e-03
5.290333e-03
5.040579e-03
4.685060e-03
4.660838e-03
4.415944e-03
4.148574e-03
3.848710e-03
3.585787e-03
3.210669e-03
3.164897e-03
3.014497e-03
2.880574e-03
2.627690e-03
2.562778e-03
2.331575e-03
2.252463e-03
2.209246e-03
2.112004e-03
1.826119e-03
1.705080e-03
1.683007e-03
1.609273e-03
1.550457e-03
1.515884e-03
1.513988e-03
1.440776e-03
1.419921e-03
1.384493e-03
1.377841e-03
1.360979e-03
1.330300e-03
1.322293e-03
1.294843e-03
1.272505e-03
1.250666e-03
1.227919e-03
1.217403e-03
1.203352e-03
1.187316e-03
1.159900e-03
1.132537e-03
1.125157e-03
1.104368e-03
1.092493e-03
1.084004e-03
1.053987e-03
1.035202e-03
1.030449e-03
1.020729e-03
1.005992e-03
9.955129e-04
9.852167e-04
9.647436e-04
9.532231e-04
9.459726e-04
9.233264e-04
9.195798e-04
9.113883e-04
9.009049e-04
8.769390e-04
8.731257e-04
8.604679e-04
8.538752e-04
8.384607e-04
8.283165e-04
8.147219e-04
8.009006e-04
7.902017e-04
7.762358e-04
7.637386e-04
7.556219e-04
7.492928e-04
7.330503e-04
7.220518e-04
7.175776e-04
7.056810e-04
6.947216e-04
6.777570e-04
6.742770e-04
6.590703e-04
6.555415e-04
6.545138e-04
6.379178e-04
6.224228e-04
6.148621e-04
6.055908e-04
5.975338e-04
5.935402e-04
5.770752e-04
5.730105e-04
5.594000e-04
5.539368e-04
5.346389e-04
5.290750e-04
5.222157e-04
5.172649e-04
4.922228e-04
4.861506e-04
4.686246e-04
4.618092e-04
4.446768e-04
4.340404e-04
4.294712e-04
4.256337e-04
4.119073e-04
4.014218e-04
3.947674e-04
3.894083e-04
3.808671e-04
3.738569e-04
3.654758e-04
3.535823e-04
3.483527e-04
3.278559e-04
3.211414e-04
3.170261e-04
3.001513e-04
2.931222e-04
2.824020e-04
2.764491e-04
2.682173e-04
2.606686e-04
2.488095e-04
2.361729e-04
2.244845e-04
2.220775e-04
2.175192e-04
1.950586e-04
1.929999e-04
1.887256e-04
1.762302e-04
1.634735e-04
1.564823e-04
1.478395e-04
1.432288e-04
1.373075e-04
1.240813e-04
1.216807e-04
1.066082e-04
9.756985e-05
8.834596e-05
8.284071e-05
7.719498e-05
6.386390e-05
4.855202e-05
3.673666e-05
3.403809e-05
2.340048e-05
2.216081e-05
1.422301e-05
5.038592e-06
-4.790739e-06
-8.844892e-06
-1.531139e-05
-2.809606e-05
-3.720408e-05
-5.465456e-05
-6.594939e-05
-6.812236e-05
-7.773512e-05
-8.019327e-05
-9.643073e-05
-1.013190e-04
-1.119736e-04
-1.205709e-04
-1.353585e-04
-1.417857e-04
-1.451484e-04
-1.582571e-04
-1.697080e-04
-1.799355e-04
-1.839324e-04
-1.987546e-04
-2.097652e-04
-2.170017e-04
-2.174489e-04
-2.247043e-04
-2.507357e-04
-2.676383e-04
-2.705224e-04
-2.850186e-04
-2.933214e-04
-2.959189e-04
-3.145549e-04
-3.171597e-04
-3.274260e-04
-3.346649e-04
-3.420541e-04
-3.559687e-04
-3.569226e-04
-3.701843e-04
-3.776476e-04
-3.906983e-04
-4.001956e-04
-4.036865e-04
-4.102242e-04
-4.318332e-04
-4.523995e-04
-4.663975e-04
-4.746304e-04
-4.797580e-04
-4.940022e-04
-5.123366e-04
-5.180252e-04
-5.318619e-04
-5.473056e-04
-5.555658e-04
-5.732019e-04
-5.786369e-04
-5.990627e-04
-6.042591e-04
-6.431022e-04
-6.476734e-04
-6.625311e-04
-6.711272e-04
-6.828053e-04
-6.873114e-04
-7.148221e-04
-7.402156e-04
-7.472909e-04
-7.641721e-04
-7.847663e-04
-7.919765e-04
-8.128385e-04
-8.219026e-04
-8.389862e-04
-8.786485e-04
-9.053259e-04
-9.346395e-04
-9.936155e-04
