5.858535e+04
1.096827e+04
6.060822e+03
1.872657e+03
1.117919e+03
9.540970e+02
6.490591e+02
4.011120e+02
3.433681e+02
3.016223e+02
2.327851e+02
2.115809e+02
1.416284e+02
1.170195e+02
1.001883e+02
9.092077e+01
8.523907e+01
6.821249e+01
6.028217e+01
5.144311e+01
3.691842e+01
2.985865e+01
2.551335e+01
2.172915e+01
1.794544e+01
1.700574e+01
1.691314e+01
1.468021e+01
1.241856e+01
9.474319e+00
9.046238e+00
8.776996e+00
7.670623e+00
6.247729e+00
5.628138e+00
3.764494e+00
2.946397e+00
2.698153e+00
2.179574e+00
1.985760e+00
1.542089e+00
1.293339e+00
1.159345e+00
9.089149e-01
7.538491e-01
6.696847e-01
5.881143e-01
4.481497e-01
4.021022e-01
3.544813e-01
2.303879e-01
2.169011e-01
1.951177e-01
1.564845e-01
1.471641e-01
1.400606e-01
1.247182e-01
9.062129e-02
7.057715e-02
5.475033e-02
5.085818e-02
3.269414e-02
2.558443e-02
2.272594e-02
2.104663e-02
1.524033e-02
1.288912e-02
1.226690e-02
9.701517e-03
6.890924e-03
5.822052e-03
4.902464e-03
3.703608e-03
3.542671e-03
3.184649e-03
2.324049e-03
2.089007e-03
1.678746e-03
1.533025e-03
1.475720e-03
1.332166e-03
1.170484e-03
1.030922e-03
9.325573e-04
8.381894e-04
8.024813e-04
7.379545e-04
6.758633e-04
6.643872e-04
6.482539e-04
6.377994e-04
6.135894e-04
6.046576e-04
5.815375e-04
5.721619e-04
5.386861e-04
5.369191e-04
5.227371e-04
5.022188e-04
4.999883e-04
4.931067e-04
4.766127e-04
4.724548e-04
4.649479e-04
4.574980e-04
4.512751e-04
4.429920e-04
4.422673e-04
4.339072e-04
4.325077e-04
4.243245e-04
4.161896e-04
4.140679e-04
4.060412e-04
4.043533e-04
3.882131e-04
3.873353e-04
3.796015e-04
3.746404e-04
3.746087e-04
3.688673e-04
3.612237e-04
3.589645e-04
3.561839e-04
3.487167e-04
3.464375e-04
3.412626e-04
3.364940e-04
3.346836e-04
3.317015e-04
3.271432e-04
3.210340e-04
3.189363e-04
3.160092e-04
3.109911e-04
3.041810e-04
3.015943e-04
3.005483e-04
2.974573e-04
2.932233e-04
2.895244e-04
2.854371e-04
2.828796e-04
2.792120e-04
2.779284e-04
2.738025e-04
2.687320e-04
2.647039e-04
2.631023e-04
2.610336e-04
2.572759e-04
2.521107e-04
2.517321e-04
2.485727e-04
2.461668e-04
2.424337e-04
2.382505e-04
2.364316e-04
2.331159e-04
2.295649e-04
2.269241e-04
2.229944e-04
2.212703e-04
2.186576e-04
2.174322e-04
2.157640e-04
2.110489e-04
2.064323e-04
2.039697e-04
2.029296e-04
1.991789e-04
1.976077e-04
1.933188e-04
1.915297e-04
1.891102e-04
1.881726e-04
1.863831e-04
1.847206e-04
1.816266e-04
1.776950e-04
1.746648e-04
1.695406e-04
1.677014e-04
1.661935e-04
1.620937e-04
1.610471e-04
1.558509e-04
1.540759e-04
1.533483e-04
1.510959e-04
1.470376e-04
1.428789e-04
1.412859e-04
1.395071e-04
1.386958e-04
1.359565e-04
1.325190e-04
1.306592e-04
1.268339e-04
1.246649e-04
1.243216e-04
1.203809e-04
1.170271e-04
1.137264e-04
1.124485e-04
1.090642e-04
1.066200e-04
1.030428e-04
1.018534e-04
9.888593e-05
9.562987e-05
9.362910e-05
8.887200e-05
8.807534e-05
8.779670e-05
8.625746e-05
8.335251e-05
8.100183e-05
7.813503e-05
7.565870e-05
7.437691e-05
7.164939e-05
6.874810e-05
6.733982e-05
6.533588e-05
6.246692e-05
6.064399e-05
5.730769e-05
5.642571e-05
5.479353e-05
5.348138e-05
5.217814e-05
5.063784e-05
4.544285e-05
4.308469e-05
4.123630e-05
3.869437e-05
3.753148e-05
3.457331e-05
2.922504e-05
2.870615e-05
2.620016e-05
2.556312e-05
2.462614e-05
2.058078e-05
1.765383e-05
1.483053e-05
1.154630e-05
9.397203e-06
7.928063e-06
7.061121e-06
4.599808e-06
1.362691e-13
1.026175e-13
7.262548e-15
-7.767636e-14
-1.219441e-13
-3.144783e-13
-9.915874e-07
-2.625038e-06
-5.673316e-06
-6.221631e-06
-9.109299e-06
-1.151118e-05
-1.325576e-05
-1.557403e-05
-1.985837e-05
-2.113210e-05
-2.418137e-05
-2.572456e-05
-2.843608e-05
-3.012910e-05
-3.335288e-05
-3.493598e-05
-3.568205e-05
-3.937167e-05
-4.349169e-05
-4.467454e-05
-4.676451e-05
-5.063144e-05
-5.395476e-05
-5.528932e-05
-5.862813e-05
-6.018973e-05
-6.157585e-05
-6.245649e-05
-6.887872e-05
-7.081825e-05
-7.328868e-05
-7.559139e-05
-7.767283e-05
-7.895951e-05
-8.164300e-05
-8.392851e-05
-8.814754e-05
-9.066952e-05
-9.083806e-05
-9.207214e-05
-9.554870e-05
-9.772645e-05
-1.018700e-04
-1.037902e-04
-1.065879e-04
-1.083428e-04
-1.103674e-04
-1.141812e-04
-1.150131e-04
-1.167815e-04
-1.208930e-04
-1.214356e-04
-1.242389e-04
-1.265379e-04
-1.274011e-04
-1.308825e-04
-1.371300e-04
-1.388258e-04
-1.473670e-04
-1.490909e-04
-1.535806e-04
-1.559380e-04
-1.587545e-04
-1.600713e-04
-1.629231e-04
-1.662168e-04
-1.681050e-04
-1.708617e-04
-1.751411e-04
-1.766073e-04
-1.792588e-04
-1.802096e-04
-1.837084e-04
-1.863401e-04
-1.939004e-04
-1.975563e-04
-1.990321e-04
-2.009847e-04
-2.032051e-04
-2.074043e-04
-2.112243e-04
-2.145063e-04
-2.158597e-04
-2.167805e-04
-2.205004e-04
-2.221778e-04
-2.253061e-04
-2.307351e-04
-2.387343e-04
-2.405188e-04
-2.431114e-04
-2.465727e-04
-2.477258e-04
-2.574897e-04
-2.596748e-04
-2.618003e-04
-2.693787e-04
-2.763140e-04
-2.782815e-04
-2.811574e-04
-2.850287e-04
-2.928883e-04
-2.948189e-04
-2.970707e-04
-2.999396e-04
-3.087982e-04
-3.104584e-04
-3.150205e-04
-3.232220e-04
-3.275666e-04
-3.301286e-04
-3.412286e-04
-3.448386e-04
-3.558524e-04
-3.654634e-04
-3.717756e-04
-3.774460e-04
-4.053248e-04
-4.109206e-04
-4.173007e-04
-4.393845e-04
-4.652522e-04
-5.405974e-04
-6.450422e-04
-7.098230e-04
-1.156368e-03
