9.179747e+09
9.615360e+08
1.616029e+08
9.997964e+07
7.918794e+07
6.232300e+07
5.343108e+07
4.505329e+07
3.511000e+07
3.247066e+07
2.623969e+07
1.705231e+07
1.426158e+07
1.303032e+07
1.218752e+07
9.225542e+06
7.948084e+06
6.824770e+06
6.308753e+06
5.619094e+06
5.285091e+06
4.769804e+06
3.856313e+06
3.615989e+06
3.153285e+06
3.008926e+06
2.738397e+06
2.705186e+06
2.125892e+06
1.823963e+06
1.493237e+06
1.284744e+06
1.179485e+06
9.879888e+05
7.293475e+05
7.165121e+05
6.548606e+05
6.355611e+05
5.743971e+05
5.243962e+05
4.648947e+05
4.307686e+05
3.781806e+05
3.620015e+05
2.977966e+05
2.853910e+05
2.398589e+05
2.247586e+05
2.015443e+05
1.905335e+05
1.643540e+05
1.538008e+05
1.451450e+05
9.013802e+04
8.344879e+04
7.975741e+04
7.209723e+04
4.275262e+04
3.467809e+04
2.948330e+04
2.505921e+04
1.361532e+04
1.210806e+04
1.014602e+04
9.714184e+03
8.341112e+03
4.595916e+03
4.092852e+03
3.274147e+03
2.369929e+03
1.992403e+03
1.494635e+03
1.075745e+03
8.128008e+02
6.677256e+02
4.952395e+02
4.087816e+02
2.801582e+02
2.392925e+02
1.635831e+02
1.473761e+02
9.349698e+01
6.506233e+01
5.985175e+01
3.003106e+01
2.336303e+01
1.554529e+01
1.255594e+01
1.223610e+01
5.902250e+00
5.093812e+00
4.602750e+00
2.617960e+00
2.179155e+00
1.367683e+00
9.929405e-01
8.948749e-01
7.561784e-01
6.531261e-01
5.346927e-01
4.913563e-01
4.570976e-01
3.200045e-01
2.841921e-01
2.412650e-01
2.252450e-01
1.981804e-01
1.752396e-01
1.563955e-01
1.300264e-01
1.094422e-01
9.694209e-02
7.560971e-02
6.228730e-02
5.677219e-02
3.531818e-02
1.825220e-02
-9.483556e-03
-2.373012e-02
-4.408632e-02
-5.168243e-02
-6.201142e-02
-8.436138e-02
-1.134030e-01
-1.239472e-01
-1.700077e-01
-2.677643e-01
-4.642098e-01
