2.138844e+05
2.105597e+04
4.890947e+03
1.898029e+03
1.947064e+02
2.478773e+01
9.537321e+00
6.235627e+00
1.627682e+00
1.918524e-01
6.380618e-02
5.039217e-02
4.410405e-02
4.039350e-02
3.386934e-02
2.996759e-02
2.816606e-02
2.534721e-02
2.218951e-02
2.158546e-02
1.980899e-02
1.903559e-02
1.851569e-02
1.702131e-02
1.554085e-02
1.465522e-02
1.440653e-02
1.336563e-02
1.292553e-02
1.216755e-02
1.180183e-02
1.122010e-02
1.097376e-02
1.004058e-02
9.530055e-03
8.702922e-03
8.582769e-03
8.300120e-03
7.980771e-03
7.514796e-03
7.307276e-03
6.983299e-03
6.463232e-03
6.286065e-03
6.145150e-03
5.864128e-03
5.566869e-03
5.351882e-03
5.154481e-03
4.941812e-03
4.637900e-03
4.593612e-03
4.361161e-03
4.257632e-03
4.067262e-03
3.819359e-03
3.535631e-03
3.365437e-03
3.097262e-03
2.999609e-03
2.830466e-03
2.456398e-03
2.436006e-03
2.283234e-03
2.144280e-03
2.096796e-03
1.959470e-03
1.791974e-03
1.668357e-03
1.545276e-03
1.481024e-03
1.337437e-03
1.226276e-03
1.109461e-03
9.517617e-04
8.922984e-04
8.389116e-04
7.702045e-04
6.699601e-04
6.094019e-04
5.228982e-04
4.355612e-04
2.528616e-04
1.823960e-04
7.014909e-05
-4.114235e-05
-4.709943e-04
-6.312291e-04
-7.204867e-04
-8.706789e-04
-1.083196e-03
-1.188897e-03
-1.664712e-03
-2.041742e-03
-2.413036e-03
-2.785589e-03
-3.173343e-03
-3.631076e-03
-4.042742e-03
-4.173604e-03
-4.930282e-03
-5.375488e-03
-5.707949e-03
-6.513199e-03
-7.548199e-03
-7.625461e-03
-8.240924e-03
-8.484645e-03
-9.049840e-03
-9.881662e-03
-1.094511e-02
-1.113111e-02
-1.253346e-02
-1.412407e-02
-1.446702e-02
-1.542427e-02
-1.579017e-02
-1.645640e-02
-1.878666e-02
-2.034673e-02
-2.262315e-02
-2.960859e-02
-3.382478e-02
-3.724113e-02
-4.168967e-02
-5.441163e-02
-6.483178e-02
-9.318537e-02
