1.456578e+10
9.854579e+08
2.339211e+08
1.332223e+08
1.151187e+08
9.336372e+07
6.330056e+07
6.168074e+07
4.977815e+07
4.423088e+07
3.415097e+07
2.978554e+07
2.964276e+07
2.375998e+07
1.947282e+07
1.855613e+07
1.677041e+07
1.496486e+07
1.232556e+07
1.114102e+07
8.310438e+06
7.382237e+06
6.603292e+06
6.123970e+06
5.548554e+06
4.299922e+06
4.237834e+06
3.693498e+06
3.387760e+06
3.227040e+06
2.926970e+06
2.382292e+06
2.296159e+06
1.886810e+06
1.750384e+06
1.672751e+06
1.577644e+06
1.319338e+06
1.160697e+06
1.099668e+06
1.018137e+06
8.963410e+05
7.822059e+05
6.875529e+05
6.504114e+05
6.187516e+05
5.525262e+05
5.378248e+05
5.071801e+05
4.630198e+05
4.200237e+05
3.741983e+05
2.950781e+05
2.815098e+05
2.613324e+05
2.281728e+05
2.103839e+05
1.745264e+05
1.620778e+05
1.516798e+05
1.364370e+05
1.268365e+05
1.055841e+05
7.477541e+04
6.705430e+04
6.322298e+04
5.314686e+04
4.107393e+04
3.746847e+04
3.481729e+04
3.419080e+04
2.810630e+04
1.951261e+04
1.544364e+04
1.226082e+04
1.081982e+04
8.388490e+03
6.146287e+03
5.269350e+03
4.853219e+03
3.727532e+03
2.180227e+03
1.916805e+03
1.728148e+03
1.449124e+03
1.094272e+03
9.960046e+02
8.125456e+02
6.281472e+02
4.522730e+02
2.956469e+02
1.965684e+02
8.998754e+01
8.517328e+01
7.049501e+01
3.648009e+01
3.190973e+01
1.699703e+01
1.505272e+01
1.387117e+01
7.563687e+00
5.016826e+00
2.322597e+00
1.801987e+00
1.668839e+00
1.031720e+00
7.583120e-01
6.056972e-01
3.448334e-01
3.280631e-01
2.936013e-01
2.603051e-01
2.537815e-01
2.209375e-01
1.797975e-01
1.631271e-01
1.136088e-01
7.129300e-02
6.256884e-02
2.695183e-02
2.027472e-02
-1.593040e-02
-2.693812e-02
-7.636273e-02
-1.134379e-01
-1.467249e-01
-2.042607e-01
-2.332542e-01
