8.868344e+04
3.697216e+03
2.323722e+03
1.892902e+03
1.073040e+03
7.591797e+02
5.274217e+02
4.496847e+02
2.825124e+02
2.598504e+02
2.313137e+02
2.097671e+02
1.875690e+02
1.732905e+02
1.648486e+02
1.538461e+02
1.420772e+02
1.266986e+02
1.224324e+02
1.117419e+02
9.571407e+01
9.198971e+01
8.707041e+01
7.725236e+01
7.219658e+01
7.105949e+01
6.507089e+01
6.252412e+01
6.175693e+01
5.410136e+01
4.971097e+01
4.769247e+01
4.733322e+01
4.444805e+01
3.877572e+01
3.757991e+01
3.509900e+01
3.331500e+01
3.042960e+01
2.838533e+01
2.779135e+01
2.487012e+01
2.343161e+01
2.216840e+01
2.121859e+01
1.977679e+01
1.833527e+01
1.659932e+01
1.493541e+01
1.408955e+01
1.332785e+01
1.165252e+01
1.143632e+01
1.045288e+01
1.029324e+01
9.851414e+00
8.910965e+00
8.292982e+00
7.470749e+00
7.109358e+00
6.955694e+00
6.583620e+00
5.988492e+00
5.345817e+00
5.318736e+00
5.111503e+00
4.676178e+00
4.313798e+00
4.009031e+00
3.706568e+00
3.192402e+00
2.929506e+00
2.777192e+00
2.531776e+00
2.321452e+00
2.222546e+00
2.055886e+00
1.879051e+00
1.792746e+00
1.570518e+00
1.465393e+00
1.416903e+00
1.310043e+00
1.256746e+00
1.222108e+00
1.148904e+00
1.087594e+00
1.017652e+00
9.696909e-01
9.064147e-01
8.289249e-01
7.932401e-01
7.720800e-01
6.691338e-01
6.327550e-01
5.956723e-01
5.712026e-01
5.334033e-01
4.969029e-01
4.776905e-01
4.525408e-01
4.389319e-01
4.154249e-01
4.002106e-01
3.740171e-01
3.539991e-01
3.266064e-01
3.008063e-01
2.764588e-01
2.695575e-01
2.612120e-01
2.439980e-01
2.314487e-01
2.102112e-01
1.984633e-01
1.855507e-01
1.763933e-01
1.696857e-01
1.631451e-01
1.555738e-01
1.493117e-01
1.458988e-01
1.317100e-01
1.201514e-01
1.124810e-01
1.007968e-01
9.669936e-02
9.194946e-02
8.787912e-02
8.581559e-02
7.374556e-02
7.080852e-02
6.768966e-02
6.489022e-02
5.523839e-02
5.288562e-02
5.106363e-02
4.645348e-02
4.259505e-02
4.021180e-02
3.720643e-02
3.610867e-02
3.451423e-02
3.243419e-02
2.989438e-02
2.903217e-02
2.628029e-02
2.478043e-02
2.232789e-02
2.157155e-02
2.082108e-02
1.986166e-02
1.858413e-02
1.711502e-02
1.639100e-02
1.585224e-02
1.524717e-02
1.473062e-02
1.390070e-02
1.371710e-02
1.275051e-02
1.251716e-02
1.181261e-02
1.140160e-02
1.062328e-02
1.006678e-02
9.468053e-03
8.544714e-03
8.345966e-03
8.108642e-03
8.027374e-03
7.129877e-03
6.652575e-03
5.998287e-03
5.450475e-03
5.391471e-03
5.096103e-03
4.637973e-03
4.458731e-03
4.098631e-03
4.082506e-03
3.604313e-03
3.534477e-03
3.410905e-03
3.254007e-03
3.060710e-03
2.882046e-03
2.682470e-03
2.617551e-03
2.327955e-03
2.169586e-03
2.088798e-03
2.034678e-03
1.911340e-03
1.896885e-03
1.799302e-03
1.672763e-03
1.649768e-03
1.551626e-03
1.528284e-03
1.485599e-03
1.455356e-03
1.429168e-03
1.383909e-03
1.359682e-03
1.329556e-03
1.314698e-03
1.275977e-03
1.256858e-03
1.193107e-03
1.176424e-03
1.169494e-03
1.141352e-03
1.140035e-03
1.123495e-03
1.110280e-03
1.101589e-03
1.076944e-03
1.024760e-03
1.017555e-03
1.008639e-03
1.004205e-03
9.974155e-04
9.757446e-04
9.626228e-04
9.562902e-04
9.456836e-04
9.322240e-04
9.205411e-04
9.115326e-04
9.073743e-04
9.003485e-04
8.731700e-04
8.640859e-04
8.501999e-04
8.393384e-04
8.339504e-04
8.285156e-04
8.199067e-04
8.045667e-04
7.876933e-04
7.734548e-04
7.719915e-04
7.508237e-04
7.404358e-04
7.281065e-04
7.108880e-04
7.076552e-04
6.920923e-04
6.875084e-04
6.819493e-04
6.691389e-04
6.603620e-04
6.553672e-04
6.455472e-04
6.285458e-04
6.240546e-04
6.217107e-04
6.087769e-04
5.981665e-04
5.941412e-04
5.868695e-04
5.747123e-04
5.584381e-04
5.500650e-04
5.456037e-04
5.277097e-04
5.224952e-04
5.212956e-04
5.111300e-04
4.947121e-04
4.895820e-04
4.814360e-04
4.718538e-04
4.615470e-04
4.517221e-04
4.434382e-04
4.290219e-04
4.138004e-04
4.037830e-04
3.893201e-04
3.767939e-04
3.671674e-04
3.651175e-04
3.606787e-04
3.525841e-04
3.452961e-04
3.359402e-04
3.301251e-04
3.110789e-04
3.039800e-04
2.932831e-04
2.786568e-04
2.754710e-04
2.678609e-04
2.605022e-04
2.529344e-04
2.319653e-04
2.209508e-04
2.119467e-04
2.079335e-04
1.957978e-04
1.837950e-04
1.756068e-04
1.665192e-04
1.645429e-04
1.562275e-04
1.453035e-04
1.425353e-04
1.355822e-04
1.299892e-04
1.185207e-04
1.137107e-04
1.066293e-04
8.858673e-05
8.637022e-05
6.615674e-05
6.152585e-05
5.640396e-05
5.189621e-05
4.779029e-05
2.355313e-05
1.886977e-05
7.412694e-06
1.090377e-13
7.454463e-17
-5.216906e-14
-1.523658e-06
-4.423267e-06
-1.067355e-05
-2.304058e-05
-4.395666e-05
-5.410133e-05
-6.020897e-05
-6.798403e-05
-8.217842e-05
-8.650638e-05
-1.012373e-04
-1.045894e-04
-1.121989e-04
-1.264440e-04
-1.346853e-04
-1.406416e-04
-1.491035e-04
-1.560178e-04
-1.736122e-04
-1.798538e-04
-1.977383e-04
-2.028980e-04
-2.089211e-04
-2.199757e-04
-2.284883e-04
-2.414551e-04
-2.499206e-04
-2.637958e-04
-2.770736e-04
-2.873234e-04
-2.945270e-04
-3.102748e-04
-3.244115e-04
-3.277122e-04
-3.347255e-04
-3.534505e-04
-3.628715e-04
-3.801435e-04
-3.909603e-04
-4.071697e-04
-4.163946e-04
-4.215449e-04
-4.409389e-04
-4.615029e-04
-4.784768e-04
-4.951438e-04
-4.980307e-04
-5.215837e-04
-5.316733e-04
-5.559073e-04
-5.652564e-04
-5.851832e-04
-6.027332e-04
-6.208445e-04
-6.370248e-04
-6.670515e-04
-7.067736e-04
