1.235693e+08
2.155084e+07
2.095274e+06
1.359384e+06
9.124618e+05
2.633081e+05
2.396149e+05
9.536163e+04
1.613460e+04
9.269834e+03
2.653869e+03
9.267415e+02
5.264186e+02
2.057722e+02
8.848469e+01
6.286974e+01
5.558353e+01
4.301938e+01
3.940844e+01
3.321814e+01
2.965543e+01
2.603646e+01
2.329009e+01
2.143957e+01
1.980328e+01
1.782640e+01
1.734496e+01
1.516200e+01
1.397934e+01
1.193998e+01
1.157027e+01
1.090515e+01
1.023521e+01
9.536985e+00
9.144306e+00
8.865002e+00
7.776035e+00
7.711305e+00
7.223406e+00
6.969364e+00
6.378967e+00
5.742105e+00
5.434747e+00
4.936303e+00
4.741425e+00
4.640067e+00
4.308694e+00
3.875523e+00
3.296910e+00
3.032110e+00
2.880038e+00
2.752972e+00
2.508065e+00
2.314434e+00
2.164483e+00
2.039723e+00
1.992333e+00
1.468288e+00
1.261963e+00
1.187648e+00
9.180302e-01
7.075456e-01
5.796878e-01
4.836220e-01
4.187067e-01
4.003282e-01
3.077914e-01
2.916126e-01
2.234239e-01
1.701480e-01
1.265749e-01
1.046499e-01
9.193870e-02
5.313219e-02
3.998136e-02
1.876422e-02
-3.162120e-04
-1.857021e-02
-4.229627e-02
-5.468860e-02
-1.049387e-01
-1.326293e-01
-1.779968e-01
-1.850831e-01
-2.204510e-01
-3.033695e-01
-3.418370e-01
-4.052322e-01
-4.826821e-01
-6.085297e-01
-7.993116e-01
-9.073445e-01
-1.035743e+00
-1.235404e+00
-1.364680e+00
-1.599175e+00
-1.777944e+00
-1.924606e+00
-2.128148e+00
-2.486924e+00
-2.564634e+00
-2.688124e+00
-3.303632e+00
-3.493173e+00
-4.158493e+00
-4.252507e+00
-4.738527e+00
-5.025535e+00
-5.446529e+00
-6.528714e+00
-7.092628e+00
-7.793464e+00
-8.235082e+00
-9.243349e+00
-1.014053e+01
-1.044068e+01
-1.327596e+01
-1.620582e+01
-1.705083e+01
-1.875890e+01
-2.074318e+01
-2.236485e+01
-2.417153e+01
-3.276077e+01
-3.484749e+01
-4.709946e+01
-5.423267e+01
-7.308128e+01
