5.905364e+04
1.086961e+04
5.346745e+03
1.614076e+03
8.692878e+02
7.591840e+02
6.026703e+02
3.301763e+02
2.776115e+02
2.366038e+02
1.793482e+02
1.589424e+02
1.413024e+02
1.119426e+02
9.102916e+01
8.068362e+01
7.627041e+01
5.957161e+01
4.493985e+01
4.357676e+01
3.584945e+01
2.784123e+01
2.109964e+01
1.934394e+01
1.658688e+01
1.391055e+01
1.124322e+01
1.040816e+01
9.727533e+00
9.284978e+00
7.887488e+00
5.965977e+00
5.061778e+00
4.571361e+00
4.045128e+00
2.984722e+00
2.812471e+00
1.836507e+00
1.526799e+00
1.220785e+00
1.022078e+00
8.991153e-01
6.382836e-01
5.496047e-01
4.967881e-01
4.749811e-01
4.259058e-01
3.439404e-01
2.823662e-01
2.547785e-01
1.823695e-01
1.436924e-01
1.233276e-01
1.069285e-01
8.755817e-02
5.464587e-02
5.140476e-02
4.750027e-02
4.340598e-02
3.414656e-02
2.641183e-02
1.596193e-02
1.386735e-02
1.252953e-02
8.589707e-03
7.548723e-03
6.698256e-03
5.592193e-03
4.855173e-03
4.407465e-03
3.697436e-03
3.051144e-03
2.617637e-03
1.963037e-03
1.657517e-03
1.506947e-03
1.225798e-03
1.183917e-03
1.061814e-03
1.044440e-03
9.849385e-04
8.256695e-04
8.149531e-04
7.904930e-04
7.420409e-04
7.227256e-04
6.695142e-04
6.653449e-04
6.555325e-04
6.133939e-04
6.040647e-04
5.840925e-04
5.733897e-04
5.626726e-04
5.546906e-04
5.343404e-04
5.218973e-04
5.190030e-04
5.129590e-04
5.032800e-04
4.898414e-04
4.896666e-04
4.761996e-04
4.685783e-04
4.597114e-04
4.465101e-04
4.420150e-04
4.334303e-04
4.286473e-04
4.207312e-04
4.196908e-04
4.139159e-04
4.104344e-04
4.059608e-04
3.989674e-04
3.975031e-04
3.926478e-04
3.856744e-04
3.810614e-04
3.766896e-04
3.659134e-04
3.625994e-04
3.594750e-04
3.577669e-04
3.550237e-04
3.495443e-04
3.477503e-04
3.473019e-04
3.351564e-04
3.292839e-04
3.251661e-04
3.212222e-04
3.187442e-04
3.175931e-04
3.124570e-04
3.108813e-04
3.072083e-04
3.003000e-04
2.991078e-04
2.930055e-04
2.904411e-04
2.873833e-04
2.812276e-04
2.761998e-04
2.747870e-04
2.715204e-04
2.690653e-04
2.644096e-04
2.597595e-04
2.561270e-04
2.542707e-04
2.502349e-04
2.467392e-04
2.453177e-04
2.438361e-04
2.410693e-04
2.401293e-04
2.378747e-04
2.340767e-04
2.308367e-04
2.273073e-04
2.253947e-04
2.177245e-04
2.163129e-04
2.133606e-04
2.119776e-04
2.096555e-04
2.091879e-04
2.022910e-04
2.017694e-04
2.004525e-04
1.967420e-04
1.936537e-04
1.909003e-04
1.883455e-04
1.859473e-04
1.829480e-04
1.801233e-04
1.774596e-04
1.741807e-04
1.724077e-04
1.699244e-04
1.667709e-04
1.633616e-04
1.602567e-04
1.566690e-04
1.558529e-04
1.522357e-04
1.509250e-04
1.500263e-04
1.464179e-04
1.421061e-04
1.401006e-04
1.380762e-04
1.341966e-04
1.294116e-04
1.287939e-04
1.254982e-04
1.244908e-04
1.223369e-04
1.197809e-04
1.152659e-04
1.129892e-04
1.104600e-04
1.081996e-04
1.069892e-04
1.056997e-04
1.020581e-04
9.869649e-05
9.783337e-05
9.585795e-05
9.550830e-05
9.177218e-05
8.976936e-05
8.613124e-05
8.325349e-05
8.155069e-05
8.062091e-05
7.819759e-05
7.486470e-05
7.273771e-05
7.123868e-05
6.783062e-05
6.445529e-05
6.297792e-05
5.920528e-05
5.558547e-05
5.183638e-05
5.025812e-05
4.831105e-05
4.546902e-05
4.405991e-05
4.214948e-05
3.772439e-05
3.586508e-05
3.378370e-05
3.339859e-05
3.118132e-05
2.881175e-05
2.467316e-05
2.442970e-05
2.306164e-05
2.225233e-05
1.780083e-05
1.534435e-05
1.400270e-05
1.207401e-05
1.059110e-05
9.244140e-06
7.325774e-06
5.600588e-06
3.868356e-07
7.010719e-14
5.640745e-14
2.157427e-14
-7.815243e-15
-9.809610e-14
-1.129054e-06
-3.618192e-06
-5.872343e-06
-1.011736e-05
-1.270877e-05
-1.583282e-05
-1.626354e-05
-1.987434e-05
-2.138217e-05
-2.308275e-05
-2.584985e-05
-2.806666e-05
-3.084361e-05
-3.171589e-05
-3.567384e-05
-4.036883e-05
-4.083534e-05
-4.459642e-05
-4.875613e-05
-5.007752e-05
-5.301545e-05
-5.316557e-05
-5.515036e-05
-5.840950e-05
-5.927670e-05
-6.392865e-05
-6.515126e-05
-6.948897e-05
-7.009607e-05
-7.181844e-05
-7.335514e-05
-7.428878e-05
-7.864934e-05
-8.152018e-05
-8.343926e-05
-8.691170e-05
-8.921893e-05
-9.263573e-05
-9.365928e-05
-9.753447e-05
-1.001320e-04
-1.019716e-04
-1.041800e-04
-1.063140e-04
-1.089987e-04
-1.109763e-04
-1.132189e-04
-1.140919e-04
-1.172395e-04
-1.196370e-04
-1.246878e-04
-1.275616e-04
-1.323808e-04
-1.341056e-04
-1.350237e-04
-1.368942e-04
-1.387042e-04
-1.402616e-04
-1.419881e-04
-1.498017e-04
-1.511006e-04
-1.524223e-04
-1.588379e-04
-1.598144e-04
-1.634099e-04
-1.663361e-04
-1.682322e-04
-1.702427e-04
-1.747474e-04
-1.775310e-04
-1.786474e-04
-1.827599e-04
-1.844033e-04
-1.861631e-04
-1.888298e-04
-1.931247e-04
-1.955491e-04
-1.993482e-04
-2.022676e-04
-2.087157e-04
-2.108391e-04
-2.131555e-04
-2.151342e-04
-2.167187e-04
-2.255482e-04
-2.299023e-04
-2.316122e-04
-2.341847e-04
-2.398553e-04
-2.402469e-04
-2.434816e-04
-2.491198e-04
-2.523701e-04
-2.555398e-04
-2.583879e-04
-2.648788e-04
-2.690724e-04
-2.760751e-04
-2.765151e-04
-2.867540e-04
-2.890329e-04
-2.898880e-04
-2.933188e-04
-3.049141e-04
-3.104058e-04
-3.144078e-04
-3.175210e-04
-3.212419e-04
-3.271089e-04
-3.336011e-04
-3.457691e-04
-3.479345e-04
-3.655196e-04
-3.686338e-04
-3.728769e-04
-3.890730e-04
-4.107039e-04
-4.196852e-04
-4.246876e-04
-4.297616e-04
-4.405034e-04
-4.812680e-04
-4.902343e-04
-5.158991e-04
-5.880670e-04
-7.195352e-04
-8.440975e-04
