6.446816e+09
5.817492e+08
1.503036e+08
6.905986e+07
5.935644e+07
4.463292e+07
4.363778e+07
3.432544e+07
3.009952e+07
2.369970e+07
1.719827e+07
1.626261e+07
1.179542e+07
1.019796e+07
8.935379e+06
5.542006e+06
4.763024e+06
4.509252e+06
3.861999e+06
3.338538e+06
2.660093e+06
2.287158e+06
2.174643e+06
1.814409e+06
1.487581e+06
1.234813e+06
1.100047e+06
9.465104e+05
9.050694e+05
7.387914e+05
6.873479e+05
6.019464e+05
5.808148e+05
4.775734e+05
4.189742e+05
3.253764e+05
2.800611e+05
2.405918e+05
2.215881e+05
1.970360e+05
1.570199e+05
1.522812e+05
1.199300e+05
1.147740e+05
1.001446e+05
9.126483e+04
6.948917e+04
6.541324e+04
4.992188e+04
4.898130e+04
4.257240e+04
3.458790e+04
3.224440e+04
1.900629e+04
1.555061e+04
1.380371e+04
1.108198e+04
7.615687e+03
6.170587e+03
5.772156e+03
4.441300e+03
3.843293e+03
3.619410e+03
3.424760e+03
2.615875e+03
1.566579e+03
1.346139e+03
1.022649e+03
8.639775e+02
6.773739e+02
4.274618e+02
3.159956e+02
2.854898e+02
1.687351e+02
9.616235e+01
8.691601e+01
7.625423e+01
5.582796e+01
4.069219e+01
3.327703e+01
1.912633e+01
1.417913e+01
1.109575e+01
7.769630e+00
6.116896e+00
5.639762e+00
3.801561e+00
3.073666e+00
1.724535e+00
1.530404e+00
1.079718e+00
8.859073e-01
6.397578e-01
4.248863e-01
3.754497e-01
3.303868e-01
2.545699e-01
2.031009e-01
1.401921e-01
1.125304e-01
1.093651e-01
1.017122e-01
8.759719e-02
7.989151e-02
7.056621e-02
6.319170e-02
5.704684e-02
4.820917e-02
4.238311e-02
3.858563e-02
3.459903e-02
2.744700e-02
2.269902e-02
1.488024e-02
1.123653e-02
6.593542e-03
5.133864e-03
-2.184544e-03
-9.161170e-03
-1.547232e-02
-1.946204e-02
-2.424996e-02
-2.916601e-02
-4.443482e-02
-5.104500e-02
-5.921559e-02
-7.267638e-02
-8.140180e-02
