7.481428e+12
5.838645e+12
4.333321e+12
3.517381e+12
3.063539e+12
2.743599e+12
2.673338e+12
2.495980e+12
2.289871e+12
2.259848e+12
2.131276e+12
2.087016e+12
1.934280e+12
1.836664e+12
1.769956e+12
1.706359e+12
1.544205e+12
1.500189e+12
1.434077e+12
1.395591e+12
1.325952e+12
1.321686e+12
1.295331e+12
1.258815e+12
1.232580e+12
1.186154e+12
1.150520e+12
1.105886e+12
1.065424e+12
1.050783e+12
1.018108e+12
9.871956e+11
9.489954e+11
9.397089e+11
9.082376e+11
8.657859e+11
8.528760e+11
8.172827e+11
7.919520e+11
7.747538e+11
7.526039e+11
7.283337e+11
7.231868e+11
7.162059e+11
6.989754e+11
6.750817e+11
6.668226e+11
6.515978e+11
6.417887e+11
6.311766e+11
6.216444e+11
6.003835e+11
5.930727e+11
5.801519e+11
5.658674e+11
5.537034e+11
5.463965e+11
5.307998e+11
5.195545e+11
5.095508e+11
4.982371e+11
4.918614e+11
4.901867e+11
4.724275e+11
4.691485e+11
4.602340e+11
4.522942e+11
4.472123e+11
4.367638e+11
4.354340e+11
4.263979e+11
4.184469e+11
4.104165e+11
4.018623e+11
4.011278e+11
3.895036e+11
3.817661e+11
3.737549e+11
3.602126e+11
3.523426e+11
3.485549e+11
3.426342e+11
3.406130e+11
3.356333e+11
3.296604e+11
3.245217e+11
3.213297e+11
3.177829e+11
3.118882e+11
3.072765e+11
3.026550e+11
2.967099e+11
2.909924e+11
2.902828e+11
2.871765e+11
2.857249e+11
2.705476e+11
2.693536e+11
2.669433e+11
2.632260e+11
2.589747e+11
2.528971e+11
2.493233e+11
2.443215e+11
2.427230e+11
2.402489e+11
2.362262e+11
2.340585e+11
2.275756e+11
2.200849e+11
2.164006e+11
2.123108e+11
2.088293e+11
2.065750e+11
2.027098e+11
1.983729e+11
1.916599e+11
1.884547e+11
1.818489e+11
1.778951e+11
1.712758e+11
1.639195e+11
1.593694e+11
1.146141e+11
1.087718e+11
1.031009e+11
9.018314e+10
7.319079e+10
