7.648542e+07
6.682670e+06
9.929494e+05
3.145141e+05
1.973728e+05
7.397002e+04
1.773284e+04
3.629394e+03
3.386947e+02
9.001306e+01
5.832428e+01
4.351846e+01
3.604095e+01
3.188524e+01
2.673702e+01
2.309961e+01
1.769212e+01
1.516124e+01
1.272800e+01
1.095218e+01
1.074278e+01
1.042251e+01
9.216329e+00
8.097066e+00
7.740967e+00
7.511424e+00
7.452166e+00
7.109715e+00
6.615437e+00
6.299675e+00
5.509600e+00
5.020180e+00
4.784233e+00
4.509734e+00
4.174808e+00
4.075683e+00
3.909325e+00
3.399868e+00
3.222359e+00
3.153420e+00
2.928772e+00
2.720212e+00
2.580819e+00
2.454137e+00
2.362816e+00
2.262185e+00
2.153655e+00
2.093040e+00
2.063610e+00
1.912575e+00
1.665015e+00
1.510647e+00
1.441789e+00
1.401752e+00
1.301262e+00
1.130964e+00
1.025663e+00
9.515201e-01
7.840754e-01
7.441027e-01
7.032152e-01
6.822845e-01
5.574559e-01
4.791922e-01
4.608559e-01
4.243447e-01
3.317401e-01
3.035850e-01
2.044347e-01
1.508027e-01
1.037985e-01
9.587504e-02
7.626523e-02
4.578840e-02
1.666621e-02
5.972872e-03
3.868836e-10
1.094002e-10
-1.052095e-10
-1.773321e-02
-6.707820e-02
-8.321567e-02
-1.081238e-01
-1.570333e-01
-2.298880e-01
-2.847243e-01
-3.117233e-01
-3.697356e-01
-4.045705e-01
-5.475338e-01
-5.741545e-01
-6.344770e-01
-7.713900e-01
-8.593287e-01
-1.016373e+00
-1.071347e+00
-1.290367e+00
-1.418391e+00
-1.575374e+00
-1.715931e+00
-1.795283e+00
-2.140813e+00
-2.281211e+00
-2.393921e+00
-2.686418e+00
-2.803295e+00
-2.861424e+00
-3.251637e+00
-3.736641e+00
-4.493359e+00
-4.756875e+00
-4.961188e+00
-5.391792e+00
-6.099853e+00
-6.408896e+00
-7.116035e+00
-7.852434e+00
-8.337170e+00
-9.456252e+00
-1.093909e+01
-1.286448e+01
-1.689265e+01
-1.950868e+01
-2.083215e+01
-2.966643e+01
-4.408459e+01
-4.939136e+01
-6.959748e+01
