1.184682e+08
1.876283e+07
2.015558e+06
1.146043e+06
9.400582e+05
3.770096e+05
2.736624e+05
1.035649e+05
2.238215e+04
1.780953e+04
9.296888e+03
1.173516e+03
4.756996e+02
2.218530e+02
8.820332e+01
7.494044e+01
5.765148e+01
3.952243e+01
3.321030e+01
2.760954e+01
2.548035e+01
2.153638e+01
1.967239e+01
1.830914e+01
1.613869e+01
1.521558e+01
1.332499e+01
1.251859e+01
1.166865e+01
1.128965e+01
1.016556e+01
9.835159e+00
9.391734e+00
9.028808e+00
8.829208e+00
8.084255e+00
7.633564e+00
6.975217e+00
6.774655e+00
6.562322e+00
5.940370e+00
5.498575e+00
5.475730e+00
5.309656e+00
5.174183e+00
4.788868e+00
4.514338e+00
4.179538e+00
3.741466e+00
3.377213e+00
3.242885e+00
3.089674e+00
2.812929e+00
2.697545e+00
2.459514e+00
2.369631e+00
2.138311e+00
1.937780e+00
1.761998e+00
1.534141e+00
1.314708e+00
1.205540e+00
1.099633e+00
9.388334e-01
8.033386e-01
6.702291e-01
5.591759e-01
5.033693e-01
3.842216e-01
3.214832e-01
2.478598e-01
2.020077e-01
1.712400e-01
1.475366e-01
6.358495e-02
2.727033e-02
4.965957e-10
-1.843311e-10
-2.045450e-02
-3.651946e-02
-7.126261e-02
-1.442818e-01
-2.050063e-01
-2.970590e-01
-4.026064e-01
-4.310092e-01
-4.898316e-01
-5.631816e-01
-6.719531e-01
-9.114112e-01
-1.068294e+00
-1.079826e+00
-1.368335e+00
-1.498274e+00
-1.679752e+00
-1.728079e+00
-2.010746e+00
-2.243726e+00
-2.504042e+00
-2.793589e+00
-2.842513e+00
-3.086964e+00
-3.251948e+00
-3.671951e+00
-4.000969e+00
-4.570659e+00
-5.081397e+00
-5.592947e+00
-6.041368e+00
-6.289569e+00
-7.105562e+00
-7.791755e+00
-8.621605e+00
-8.976611e+00
-1.045483e+01
-1.126521e+01
-1.242517e+01
-1.400867e+01
-1.449865e+01
-1.761315e+01
-1.817702e+01
-2.396616e+01
-2.877645e+01
-3.777226e+01
-4.214610e+01
-4.904758e+01
-6.080121e+01
-7.636269e+01
