1.359382e+10
1.022887e+09
2.470766e+08
1.164120e+08
8.472514e+07
6.359910e+07
6.081584e+07
4.935277e+07
4.043203e+07
3.813374e+07
3.509859e+07
2.985441e+07
2.839121e+07
2.318681e+07
1.932811e+07
1.660829e+07
1.210391e+07
1.074102e+07
9.825256e+06
9.099809e+06
7.632386e+06
4.676648e+06
4.072885e+06
3.820024e+06
3.420378e+06
3.015347e+06
2.587155e+06
2.519049e+06
2.036958e+06
1.793791e+06
1.610061e+06
1.568215e+06
1.351628e+06
1.166984e+06
1.026715e+06
9.574120e+05
8.506352e+05
8.166573e+05
6.949477e+05
6.728593e+05
5.443174e+05
5.057036e+05
4.567829e+05
4.504240e+05
3.528084e+05
3.259304e+05
2.920475e+05
2.601784e+05
2.391989e+05
2.142575e+05
1.945339e+05
1.815116e+05
1.519978e+05
1.268110e+05
9.917949e+04
8.816627e+04
7.942069e+04
6.353486e+04
5.796595e+04
4.873194e+04
3.070163e+04
2.828078e+04
1.817887e+04
1.649471e+04
1.422714e+04
1.100354e+04
8.558279e+03
7.603871e+03
5.331096e+03
3.484222e+03
3.004038e+03
1.968723e+03
1.629925e+03
1.330293e+03
1.191669e+03
1.095018e+03
8.098799e+02
5.211360e+02
3.187321e+02
2.837985e+02
2.732716e+02
1.664465e+02
1.520341e+02
7.528363e+01
6.165029e+01
3.968061e+01
3.052975e+01
2.419863e+01
2.246349e+01
1.598212e+01
1.309610e+01
1.044066e+01
7.360297e+00
4.726518e+00
4.294129e+00
3.161268e+00
2.105952e+00
1.603840e+00
1.189021e+00
8.059850e-01
4.280633e-01
3.409622e-01
2.274119e-01
1.970511e-01
1.748746e-01
1.219171e-01
8.805324e-02
8.481982e-02
7.164267e-02
5.442042e-02
4.977608e-02
4.584623e-02
3.861512e-02
2.755424e-02
2.347773e-02
1.747992e-02
1.432312e-02
6.964246e-03
4.586788e-03
1.436502e-03
-6.735455e-03
-1.666354e-02
-2.565589e-02
-3.004427e-02
-3.463233e-02
-3.820079e-02
-6.736301e-02
-8.650453e-02
