4.137917e+05
2.281886e+05
1.469486e+05
1.409457e+05
1.212285e+05
1.156345e+05
1.006140e+05
9.041088e+04
8.508465e+04
7.132533e+04
6.189457e+04
6.041677e+04
5.378203e+04
4.523698e+04
4.068271e+04
3.796533e+04
3.269609e+04
2.929756e+04
1.891461e+04
1.750500e+04
1.239649e+04
1.062720e+04
8.805791e+03
7.920982e+03
7.336071e+03
6.656400e+03
5.377236e+03
4.741615e+03
4.340773e+03
4.227141e+03
3.472636e+03
2.629688e+03
2.272529e+03
1.657362e+03
1.494858e+03
1.361472e+03
1.142675e+03
9.587369e+02
7.506929e+02
6.024752e+02
5.439683e+02
4.332811e+02
3.984004e+02
3.626601e+02
3.358494e+02
2.966917e+02
2.453002e+02
2.107084e+02
1.874632e+02
1.609858e+02
1.353478e+02
1.221129e+02
8.595679e+01
7.188165e+01
6.157002e+01
4.982222e+01
4.580389e+01
3.854766e+01
3.534249e+01
3.161205e+01
2.874090e+01
2.524266e+01
2.194886e+01
1.529956e+01
1.071356e+01
9.706506e+00
7.779983e+00
7.286470e+00
6.790207e+00
4.819297e+00
4.661547e+00
3.781085e+00
2.961375e+00
2.124847e+00
1.889025e+00
1.608728e+00
1.285960e+00
1.228664e+00
1.052491e+00
9.082987e-01
8.366686e-01
5.231956e-01
3.627510e-01
3.257805e-01
3.098381e-01
2.770586e-01
2.240145e-01
1.834855e-01
1.073476e-01
9.033426e-02
7.869073e-02
7.513496e-02
5.934079e-02
5.385952e-02
3.907623e-02
3.649779e-02
3.585651e-02
3.377927e-02
3.150048e-02
3.109113e-02
2.824926e-02
2.686371e-02
2.608609e-02
2.512822e-02
2.336532e-02
2.281240e-02
1.925375e-02
1.862500e-02
1.838236e-02
1.770689e-02
1.672957e-02
1.635103e-02
1.563599e-02
1.499052e-02
1.393593e-02
1.362710e-02
1.328910e-02
1.309259e-02
1.286984e-02
1.256026e-02
1.212770e-02
1.185506e-02
9.271134e-03
8.091492e-03
7.943457e-03
6.478527e-03
6.304068e-03
-1.747893e-12
