1.200693e+08
1.944847e+07
2.240498e+06
1.243808e+06
5.114366e+05
2.683849e+05
1.268128e+05
9.903832e+04
3.825310e+04
2.193915e+04
3.619734e+03
1.412342e+03
3.303040e+02
1.401943e+02
7.582295e+01
6.209954e+01
5.560432e+01
4.126300e+01
3.691019e+01
3.398542e+01
2.553276e+01
2.426078e+01
2.019325e+01
1.845190e+01
1.507700e+01
1.421348e+01
1.311589e+01
1.275165e+01
1.219631e+01
1.057701e+01
1.016633e+01
9.410494e+00
8.984920e+00
8.628777e+00
7.913518e+00
7.841187e+00
6.969717e+00
6.840011e+00
6.291935e+00
6.053127e+00
5.952877e+00
5.434208e+00
5.413662e+00
5.287101e+00
4.754137e+00
4.433198e+00
4.118060e+00
3.931140e+00
3.762771e+00
3.587875e+00
3.310455e+00
3.125144e+00
3.013689e+00
2.749970e+00
2.410311e+00
2.272611e+00
2.020313e+00
1.799502e+00
1.609724e+00
1.499311e+00
1.435512e+00
1.251963e+00
1.208455e+00
1.003374e+00
8.551298e-01
7.372223e-01
6.775784e-01
5.106462e-01
4.381457e-01
3.339049e-01
2.930748e-01
2.278011e-01
1.961710e-01
1.675470e-01
1.389413e-01
1.277048e-01
7.008640e-02
5.055726e-02
-5.483747e-03
-4.610943e-02
-7.499231e-02
-1.479105e-01
-1.836984e-01
-2.655135e-01
-3.422165e-01
-4.201311e-01
-4.338651e-01
-5.449074e-01
-5.990106e-01
-6.438963e-01
-8.330566e-01
-8.965257e-01
-1.171297e+00
-1.355613e+00
-1.451341e+00
-1.540061e+00
-1.788635e+00
-1.955516e+00
-2.176224e+00
-2.472371e+00
-2.740479e+00
-2.953055e+00
-3.089764e+00
-3.302885e+00
-3.685382e+00
-4.126489e+00
-4.189734e+00
-4.498777e+00
-4.598962e+00
-5.405365e+00
-5.583203e+00
-6.605789e+00
-7.704574e+00
-8.095821e+00
-8.551324e+00
-1.024902e+01
-1.081431e+01
-1.322995e+01
-1.506328e+01
-1.627406e+01
-1.944924e+01
-2.315965e+01
-2.432610e+01
-2.997257e+01
-3.482869e+01
-5.626651e+01
-7.025199e+01
-1.085683e+02
