1.283369e+05
6.225054e+03
3.159688e+03
2.795836e+03
2.017825e+03
1.565275e+03
1.390699e+03
1.035504e+03
9.185285e+02
7.804322e+02
6.136181e+02
4.663025e+02
3.020214e+02
2.722767e+02
2.175575e+02
1.928421e+02
1.716067e+02
1.549397e+02
1.411110e+02
1.273409e+02
1.018968e+02
9.846182e+01
8.701001e+01
8.402636e+01
7.505492e+01
7.032255e+01
5.856334e+01
5.745362e+01
5.557204e+01
5.196370e+01
4.415930e+01
4.225428e+01
3.883408e+01
3.759398e+01
3.617416e+01
3.460932e+01
2.977504e+01
2.719516e+01
2.608692e+01
2.421509e+01
2.325153e+01
2.158642e+01
1.998644e+01
1.915018e+01
1.652361e+01
1.560178e+01
1.493202e+01
1.306837e+01
1.266687e+01
1.197786e+01
1.079166e+01
1.029362e+01
9.605930e+00
8.741975e+00
8.153662e+00
7.816276e+00
6.916773e+00
6.217334e+00
6.154549e+00
5.748270e+00
5.277805e+00
5.209440e+00
4.507583e+00
4.352038e+00
3.967159e+00
3.477893e+00
3.453787e+00
3.062655e+00
2.896065e+00
2.674232e+00
2.616542e+00
2.331456e+00
2.197706e+00
2.017867e+00
1.849761e+00
1.737065e+00
1.642717e+00
1.605058e+00
1.549126e+00
1.386090e+00
1.301327e+00
1.221142e+00
1.181326e+00
1.143720e+00
9.873794e-01
9.731697e-01
8.606710e-01
8.472571e-01
8.019508e-01
7.419454e-01
7.278231e-01
6.655272e-01
6.219425e-01
5.474457e-01
5.383494e-01
5.043957e-01
4.599616e-01
4.516944e-01
4.176725e-01
4.155126e-01
3.617583e-01
3.351690e-01
3.092839e-01
2.863591e-01
2.755928e-01
2.619102e-01
2.543044e-01
2.331226e-01
2.163706e-01
2.145714e-01
1.970143e-01
1.767941e-01
1.695025e-01
1.574157e-01
1.511385e-01
1.427226e-01
1.165565e-01
1.139191e-01
9.966316e-02
9.758992e-02
9.406854e-02
8.818340e-02
8.573888e-02
8.164722e-02
8.009947e-02
7.157131e-02
6.935745e-02
5.774322e-02
5.195139e-02
4.926983e-02
4.355860e-02
4.201146e-02
3.970584e-02
3.839944e-02
3.722901e-02
2.893271e-02
2.837502e-02
2.678271e-02
2.229629e-02
2.171563e-02
2.065851e-02
1.947225e-02
1.811240e-02
1.728004e-02
1.700068e-02
1.590712e-02
1.425875e-02
1.309921e-02
1.267085e-02
1.215110e-02
1.127732e-02
1.089620e-02
1.012828e-02
9.515379e-03
7.940915e-03
7.295403e-03
6.932111e-03
6.161109e-03
5.397779e-03
5.216788e-03
4.633956e-03
4.297173e-03
3.922635e-03
3.627100e-03
3.395619e-03
3.350838e-03
3.134749e-03
2.992247e-03
2.704136e-03
2.560600e-03
2.388011e-03
2.232839e-03
2.177181e-03
1.970557e-03
1.836275e-03
1.758314e-03
1.712970e-03
1.646264e-03
1.579438e-03
1.537901e-03
1.489430e-03
1.462608e-03
1.437921e-03
1.413626e-03
1.393866e-03
1.360810e-03
1.323113e-03
1.312162e-03
1.289512e-03
1.284461e-03
1.269556e-03
1.247226e-03
1.220735e-03
1.207906e-03
1.191418e-03
1.177073e-03
1.155837e-03
1.151885e-03
1.138265e-03
1.119141e-03
1.082438e-03
1.073372e-03
1.068111e-03
1.053243e-03
1.044473e-03
1.010275e-03
9.906915e-04
9.746418e-04
9.707193e-04
9.661744e-04
9.378698e-04
9.333784e-04
9.191713e-04
9.133330e-04
8.833192e-04
8.800348e-04
8.758797e-04
8.601437e-04
8.513457e-04
8.468422e-04
8.354981e-04
8.290652e-04
8.060777e-04
7.977133e-04
7.837928e-04
7.666249e-04
7.547363e-04
7.425040e-04
7.307088e-04
7.264987e-04
7.154832e-04
7.052847e-04
7.027835e-04
6.848852e-04
6.812638e-04
6.686407e-04
6.654765e-04
6.560216e-04
6.177953e-04
6.130703e-04
6.101437e-04
5.970936e-04
5.876225e-04
5.796815e-04
5.713109e-04
5.637263e-04
5.579436e-04
5.445620e-04
5.341740e-04
5.195746e-04
5.107073e-04
5.085119e-04
4.992889e-04
4.954291e-04
4.791836e-04
4.681245e-04
4.649117e-04
4.588737e-04
4.270367e-04
4.149144e-04
4.122854e-04
4.000438e-04
3.934694e-04
3.921966e-04
3.735374e-04
3.651005e-04
3.633772e-04
3.446581e-04
3.393747e-04
3.325445e-04
3.197317e-04
3.132890e-04
3.115533e-04
3.026210e-04
2.960090e-04
2.859338e-04
2.730183e-04
2.653619e-04
2.552034e-04
2.417003e-04
2.320217e-04
2.293619e-04
2.221615e-04
2.128936e-04
2.051246e-04
1.900962e-04
1.829082e-04
1.769006e-04
1.651772e-04
1.575945e-04
1.445173e-04
1.263210e-04
1.246688e-04
1.239501e-04
1.074740e-04
1.065561e-04
8.872290e-05
7.607332e-05
7.133863e-05
6.352577e-05
5.802313e-05
5.293042e-05
4.037718e-05
3.252564e-05
1.627779e-05
1.383918e-05
7.016629e-06
-8.474238e-06
-1.031545e-05
-2.710408e-05
-4.311194e-05
-4.891133e-05
-5.330291e-05
-6.289429e-05
-7.233529e-05
-7.772014e-05
-9.433656e-05
-1.030029e-04
-1.143711e-04
-1.267182e-04
-1.362710e-04
-1.499958e-04
-1.575736e-04
-1.753747e-04
-1.773207e-04
-1.834982e-04
-1.875025e-04
-1.984299e-04
-2.138301e-04
-2.202829e-04
-2.293173e-04
-2.319811e-04
-2.435609e-04
-2.534549e-04
-2.653039e-04
-2.683064e-04
-2.803525e-04
-2.975112e-04
-3.061298e-04
-3.112671e-04
-3.281530e-04
-3.333164e-04
-3.463753e-04
-3.637892e-04
-3.749498e-04
-3.816266e-04
-3.880734e-04
-3.972952e-04
-3.992383e-04
-4.131347e-04
-4.242103e-04
-4.375541e-04
-4.476983e-04
-4.598490e-04
-4.840077e-04
-4.967493e-04
-5.132393e-04
-5.317936e-04
-5.451820e-04
-5.530594e-04
-5.583245e-04
-5.657905e-04
-5.913682e-04
-6.024767e-04
-6.040889e-04
-6.258172e-04
-6.308975e-04
-6.554799e-04
-6.623555e-04
-6.774755e-04
-7.048784e-04
-7.068705e-04
-7.276869e-04
-7.346564e-04
-7.550626e-04
-7.707838e-04
-7.854797e-04
-8.135047e-04
-8.305425e-04
-8.381038e-04
-8.602280e-04
-8.783090e-04
-8.945286e-04
-9.709577e-04
