2.865096e+10
8.508289e+09
5.695546e+09
5.463916e+09
5.005595e+09
3.638765e+09
3.105820e+09
3.041803e+09
2.608874e+09
2.512327e+09
2.182432e+09
2.060115e+09
1.749061e+09
1.538883e+09
1.501410e+09
1.484495e+09
1.327686e+09
1.288583e+09
1.181658e+09
1.128871e+09
1.106119e+09
1.085315e+09
1.057527e+09
1.033027e+09
9.617173e+08
9.448514e+08
8.661125e+08
8.622339e+08
8.322782e+08
7.997581e+08
7.764419e+08
7.566703e+08
7.320982e+08
7.029384e+08
6.745784e+08
6.729896e+08
6.593265e+08
6.298541e+08
6.121956e+08
5.873242e+08
5.847577e+08
5.558249e+08
5.339764e+08
5.179371e+08
5.054345e+08
4.953574e+08
4.914468e+08
4.672724e+08
4.533136e+08
4.454623e+08
4.225470e+08
4.186680e+08
4.047717e+08
3.945834e+08
3.885883e+08
3.730897e+08
3.652093e+08
3.615750e+08
3.460778e+08
3.417091e+08
3.361938e+08
3.279878e+08
3.150738e+08
3.029078e+08
2.969771e+08
2.909785e+08
2.856667e+08
2.829629e+08
2.801064e+08
2.781387e+08
2.657925e+08
2.562241e+08
2.516290e+08
2.396329e+08
2.376231e+08
2.328886e+08
2.247115e+08
2.189844e+08
2.150221e+08
2.022353e+08
2.003354e+08
1.870579e+08
1.842471e+08
1.812496e+08
1.753444e+08
1.694629e+08
1.634871e+08
1.586407e+08
1.573896e+08
1.509605e+08
1.504338e+08
1.464385e+08
1.374537e+08
1.350823e+08
1.332574e+08
1.293071e+08
1.265185e+08
1.222858e+08
1.151522e+08
1.082645e+08
1.057573e+08
1.045048e+08
1.011161e+08
9.453938e+07
8.831967e+07
8.418578e+07
7.508622e+07
7.339218e+07
6.687784e+07
6.614552e+07
5.956769e+07
5.153920e+07
4.933222e+07
4.750473e+07
4.604579e+07
3.895750e+07
3.501484e+07
3.309105e+07
3.124092e+07
2.887912e+07
2.565306e+07
2.234803e+07
2.076377e+07
1.266570e+07
1.167195e+07
9.844962e+06
9.192075e+06
3.787350e+06
