1.338118e+08
1.993521e+07
1.510354e+06
1.094640e+06
9.599600e+05
4.268209e+05
2.846930e+05
1.009831e+05
1.614648e+04
9.774304e+03
2.983451e+03
9.504609e+02
5.332084e+02
2.939725e+02
1.354544e+02
6.444464e+01
4.532617e+01
3.070453e+01
3.008259e+01
2.623313e+01
2.480251e+01
1.957930e+01
1.875782e+01
1.770638e+01
1.473031e+01
1.410978e+01
1.366695e+01
1.274378e+01
1.204205e+01
1.182535e+01
1.079865e+01
1.016326e+01
9.606506e+00
8.445933e+00
8.347126e+00
8.174221e+00
8.062350e+00
7.604965e+00
7.118514e+00
7.021832e+00
6.300750e+00
5.653285e+00
5.128034e+00
4.969073e+00
4.810752e+00
4.538362e+00
4.242613e+00
4.167823e+00
3.880612e+00
3.824726e+00
3.200453e+00
3.066299e+00
3.043537e+00
2.676782e+00
2.545955e+00
2.381618e+00
2.208217e+00
2.022251e+00
1.986886e+00
1.858509e+00
1.725198e+00
1.586673e+00
1.513273e+00
1.401486e+00
1.245627e+00
1.003140e+00
8.966091e-01
8.629320e-01
7.689197e-01
6.103520e-01
5.371288e-01
3.474211e-01
3.029025e-01
2.288405e-01
1.657871e-01
1.270088e-01
1.036724e-01
2.490421e-02
-7.841743e-11
-3.893422e-02
-6.877530e-02
-1.125721e-01
-1.318206e-01
-2.360431e-01
-2.764845e-01
-3.103682e-01
-3.271523e-01
-5.551116e-01
-5.936142e-01
-7.213143e-01
-8.357202e-01
-9.711298e-01
-1.070275e+00
-1.114290e+00
-1.297012e+00
-1.535778e+00
-1.566224e+00
-1.624301e+00
-1.967083e+00
-2.156175e+00
-2.485287e+00
-2.729395e+00
-2.907554e+00
-3.275008e+00
-3.456397e+00
-3.771540e+00
-3.993590e+00
-4.389860e+00
-4.865050e+00
-5.006643e+00
-5.097744e+00
-5.881483e+00
-6.329484e+00
-7.632502e+00
-7.738140e+00
-8.273726e+00
-9.202391e+00
-1.053101e+01
-1.185684e+01
-1.419212e+01
-1.597604e+01
-1.742620e+01
-2.044988e+01
-2.295079e+01
-2.827709e+01
-3.750177e+01
-5.010098e+01
-6.193727e+01
