8.904388e+04
3.771767e+03
2.358935e+03
1.790584e+03
1.041828e+03
8.402216e+02
5.067549e+02
4.265030e+02
3.317473e+02
2.810424e+02
2.539506e+02
2.063289e+02
1.924928e+02
1.773001e+02
1.606252e+02
1.481962e+02
1.388277e+02
1.262927e+02
1.137246e+02
1.086681e+02
1.031245e+02
9.330712e+01
8.634408e+01
8.402541e+01
7.821815e+01
7.073581e+01
6.882182e+01
6.004410e+01
5.675815e+01
5.403319e+01
4.910327e+01
4.728678e+01
4.517707e+01
4.164651e+01
3.875866e+01
3.734815e+01
3.530066e+01
3.500228e+01
3.185084e+01
2.965432e+01
2.720301e+01
2.448935e+01
2.299211e+01
2.227093e+01
2.115953e+01
1.977745e+01
1.911917e+01
1.705521e+01
1.615907e+01
1.504844e+01
1.388086e+01
1.337221e+01
1.283439e+01
1.242211e+01
1.171848e+01
1.079446e+01
9.681454e+00
8.977788e+00
8.415130e+00
7.881797e+00
6.899661e+00
6.598304e+00
5.953866e+00
5.808270e+00
5.212094e+00
4.756196e+00
4.697904e+00
4.454600e+00
4.170494e+00
3.998675e+00
3.407126e+00
3.096865e+00
2.957222e+00
2.632800e+00
2.279731e+00
2.171731e+00
2.044053e+00
1.940702e+00
1.841524e+00
1.680042e+00
1.603281e+00
1.471956e+00
1.409542e+00
1.304816e+00
1.258704e+00
1.255024e+00
1.168848e+00
1.076394e+00
1.062518e+00
1.015905e+00
8.798737e-01
8.040376e-01
7.806763e-01
7.350059e-01
7.089695e-01
6.554894e-01
6.465068e-01
5.631977e-01
5.533082e-01
5.134681e-01
4.878200e-01
4.672536e-01
4.543700e-01
4.281169e-01
3.956039e-01
3.759191e-01
3.574813e-01
3.548304e-01
3.314531e-01
3.138792e-01
3.075521e-01
2.705189e-01
2.665611e-01
2.483897e-01
2.260051e-01
2.245981e-01
2.100885e-01
1.851718e-01
1.732616e-01
1.678192e-01
1.522238e-01
1.425104e-01
1.303098e-01
1.222829e-01
1.182385e-01
1.145256e-01
1.042789e-01
1.025970e-01
9.641317e-02
8.923244e-02
8.190022e-02
7.673828e-02
7.007159e-02
6.879099e-02
6.636997e-02
6.261487e-02
5.871259e-02
5.522928e-02
5.244843e-02
4.712947e-02
4.587327e-02
4.407223e-02
4.206430e-02
4.061362e-02
3.981217e-02
3.510355e-02
3.244231e-02
3.023989e-02
2.878093e-02
2.744180e-02
2.526617e-02
2.365064e-02
2.256489e-02
2.163579e-02
1.992580e-02
1.895077e-02
1.844373e-02
1.800521e-02
1.613750e-02
1.447038e-02
1.249310e-02
1.226898e-02
1.129447e-02
1.104916e-02
9.830588e-03
9.447252e-03
9.024818e-03
8.468932e-03
8.109151e-03
7.621192e-03
7.523540e-03
6.751256e-03
6.222947e-03
5.824322e-03
5.373298e-03
5.300365e-03
5.032332e-03
4.922458e-03
4.696600e-03
4.654605e-03
4.404594e-03
4.290257e-03
3.945653e-03
3.780611e-03
3.437103e-03
3.231320e-03
3.178514e-03
2.943213e-03
2.808801e-03
2.712163e-03
2.397835e-03
2.281338e-03
2.235719e-03
2.057491e-03
1.966679e-03
1.867873e-03
1.844254e-03
1.798606e-03
1.648475e-03
1.578857e-03
1.526042e-03
1.451970e-03
1.407744e-03
1.388797e-03
1.374422e-03
1.345691e-03
1.308462e-03
1.294773e-03
1.254989e-03
1.231473e-03
1.208408e-03
1.188480e-03
1.184509e-03
1.136018e-03
1.129560e-03
1.101991e-03
1.092239e-03
1.074736e-03
1.061014e-03
1.052694e-03
1.046524e-03
1.033772e-03
1.020414e-03
1.012002e-03
9.949607e-04
9.871555e-04
9.683208e-04
9.502185e-04
9.393400e-04
9.264834e-04
9.206966e-04
9.012654e-04
8.829157e-04
8.750365e-04
8.618789e-04
8.506087e-04
8.367662e-04
8.232364e-04
8.193341e-04
8.172572e-04
8.017778e-04
7.972011e-04
7.897630e-04
7.762330e-04
7.662444e-04
7.527945e-04
7.468430e-04
7.317255e-04
7.180477e-04
7.052902e-04
6.928792e-04
6.883246e-04
6.777535e-04
6.753571e-04
6.562636e-04
6.482300e-04
6.415911e-04
6.344682e-04
6.191373e-04
6.096229e-04
5.967848e-04
5.951314e-04
5.805652e-04
5.675569e-04
5.616865e-04
5.510665e-04
5.465185e-04
5.350508e-04
5.304517e-04
5.160555e-04
5.141380e-04
4.969260e-04
4.931012e-04
4.772622e-04
4.679206e-04
4.635986e-04
4.470667e-04
4.343137e-04
4.269230e-04
4.214479e-04
4.195192e-04
4.128051e-04
4.018102e-04
3.915793e-04
3.758486e-04
3.675712e-04
3.553561e-04
3.463195e-04
3.392221e-04
3.314002e-04
3.223077e-04
3.089248e-04
3.056994e-04
2.925075e-04
2.869700e-04
2.742869e-04
2.668340e-04
2.591890e-04
2.549084e-04
2.478887e-04
2.438589e-04
2.266157e-04
2.163019e-04
2.119904e-04
1.983895e-04
1.944992e-04
1.801971e-04
1.698861e-04
1.590111e-04
1.506523e-04
1.391975e-04
1.277989e-04
1.194498e-04
1.162140e-04
1.094907e-04
1.035875e-04
9.016998e-05
8.368667e-05
6.499078e-05
5.906910e-05
4.912966e-05
4.443359e-05
3.369919e-05
2.274298e-05
1.335204e-05
7.494397e-06
1.565816e-14
-3.887785e-06
-1.467689e-05
-3.163045e-05
-3.387787e-05
-4.682945e-05
-5.551223e-05
-6.024265e-05
-6.900654e-05
-7.677303e-05
-8.219725e-05
-8.864979e-05
-1.046581e-04
-1.175843e-04
-1.267920e-04
-1.402480e-04
-1.513764e-04
-1.637403e-04
-1.694207e-04
-1.709110e-04
-1.886645e-04
-1.972779e-04
-2.011561e-04
-2.089391e-04
-2.248738e-04
-2.390291e-04
-2.396445e-04
-2.545537e-04
-2.694889e-04
-2.847910e-04
-2.905079e-04
-3.002184e-04
-3.125581e-04
-3.259236e-04
-3.321536e-04
-3.451183e-04
-3.566677e-04
-3.611673e-04
-3.780083e-04
-3.853335e-04
-4.174926e-04
-4.218036e-04
-4.389029e-04
-4.461983e-04
-4.578608e-04
-4.720723e-04
-4.879513e-04
-5.013099e-04
-5.180201e-04
-5.368234e-04
-5.571516e-04
-5.599796e-04
-5.915411e-04
-5.949180e-04
-6.207432e-04
-6.466197e-04
-7.001248e-04
-7.276936e-04
