4.863519e+05
2.390434e+05
1.599015e+05
1.272100e+05
1.182948e+05
1.125400e+05
9.266552e+04
9.019129e+04
7.695337e+04
7.105548e+04
6.124323e+04
5.962250e+04
5.072721e+04
3.741894e+04
3.489188e+04
2.992375e+04
2.687400e+04
2.445426e+04
1.551331e+04
1.291230e+04
1.041684e+04
1.039747e+04
8.775369e+03
8.157968e+03
6.732608e+03
6.294297e+03
5.186309e+03
4.540581e+03
4.133170e+03
3.455724e+03
3.002503e+03
2.484355e+03
2.144824e+03
1.965418e+03
1.482580e+03
1.441398e+03
1.128598e+03
8.539983e+02
7.576345e+02
6.160451e+02
5.055836e+02
4.305030e+02
4.006822e+02
3.173488e+02
2.842143e+02
2.542928e+02
2.213289e+02
1.835054e+02
1.514387e+02
1.383818e+02
9.386346e+01
7.903330e+01
6.875730e+01
6.238294e+01
5.427447e+01
5.083689e+01
4.016833e+01
3.402193e+01
2.695492e+01
2.258155e+01
2.168759e+01
1.919518e+01
1.709635e+01
1.287536e+01
9.537102e+00
6.737613e+00
5.551554e+00
4.809252e+00
4.436149e+00
4.118346e+00
3.639862e+00
3.114397e+00
2.255628e+00
2.138742e+00
1.202540e+00
1.036130e+00
8.847607e-01
7.047120e-01
5.911548e-01
3.839784e-01
3.512449e-01
3.246944e-01
2.241654e-01
1.763767e-01
1.352253e-01
1.255907e-01
7.152341e-02
5.983245e-02
5.617066e-02
4.169884e-02
3.666420e-02
3.596153e-02
3.367601e-02
3.082584e-02
3.057527e-02
2.921140e-02
2.896477e-02
2.728513e-02
2.598151e-02
2.480304e-02
2.410425e-02
2.346596e-02
2.204476e-02
2.123607e-02
1.986143e-02
1.884081e-02
1.803671e-02
1.731008e-02
1.656138e-02
1.623037e-02
1.588482e-02
1.540654e-02
1.526801e-02
1.492331e-02
1.426764e-02
1.408333e-02
1.394331e-02
1.352376e-02
1.308791e-02
1.293519e-02
1.178070e-02
1.075110e-02
1.004260e-02
9.487621e-03
8.859682e-03
8.169160e-03
7.030101e-03
-3.527611e-12
