1.317138e+08
1.713352e+07
2.516123e+06
1.159988e+06
9.377976e+05
2.914404e+05
1.802978e+05
9.502338e+04
1.452691e+04
1.104168e+04
4.335153e+03
1.227936e+03
3.439210e+02
1.731829e+02
7.053442e+01
6.023114e+01
4.017142e+01
3.594288e+01
2.965481e+01
2.662667e+01
2.346815e+01
2.228657e+01
1.927058e+01
1.702382e+01
1.564512e+01
1.508766e+01
1.463022e+01
1.348918e+01
1.289132e+01
1.160326e+01
1.144694e+01
1.057000e+01
9.621176e+00
9.458120e+00
9.106086e+00
8.247239e+00
7.844175e+00
7.332276e+00
6.887576e+00
6.614885e+00
6.105738e+00
5.923792e+00
5.579854e+00
5.427381e+00
5.110543e+00
4.791934e+00
4.679334e+00
4.283529e+00
4.021296e+00
3.734266e+00
3.667659e+00
3.338932e+00
3.015530e+00
2.821563e+00
2.666468e+00
2.462865e+00
2.183885e+00
2.008311e+00
1.844653e+00
1.772272e+00
1.380485e+00
1.235560e+00
1.068952e+00
9.549619e-01
8.556184e-01
7.451743e-01
6.683446e-01
6.558455e-01
4.802589e-01
4.120198e-01
3.227863e-01
2.614379e-01
2.267677e-01
1.806582e-01
1.415663e-01
1.357466e-01
1.032327e-01
5.838175e-02
2.584946e-02
1.525629e-02
-1.544144e-02
-6.010433e-02
-1.443749e-01
-2.224126e-01
-2.972119e-01
-3.316521e-01
-4.323993e-01
-4.751937e-01
-5.587181e-01
-7.454879e-01
-9.999020e-01
-1.010537e+00
-1.154278e+00
-1.242482e+00
-1.369375e+00
-1.595612e+00
-1.704395e+00
-1.829475e+00
-2.224005e+00
-2.381245e+00
-2.798863e+00
-3.017278e+00
-3.180748e+00
-3.264837e+00
-3.391084e+00
-3.886129e+00
-4.280653e+00
-4.483066e+00
-5.396731e+00
-5.808908e+00
-6.449498e+00
-6.922229e+00
-7.530365e+00
-8.266802e+00
-8.777685e+00
-1.007326e+01
-1.079160e+01
-1.108023e+01
-1.275626e+01
-1.433049e+01
-1.823063e+01
-2.161004e+01
-2.313584e+01
-2.750550e+01
-3.123674e+01
-4.828490e+01
-5.049470e+01
-8.376456e+01
