1.977566e+05
2.052985e+04
4.917428e+03
1.901829e+03
2.176814e+02
2.364029e+01
1.004448e+01
7.535171e+00
1.502592e+00
2.117470e-01
6.900024e-02
4.730465e-02
4.205432e-02
3.625092e-02
3.179661e-02
2.352065e-02
2.315206e-02
2.124842e-02
2.029940e-02
1.946559e-02
1.826569e-02
1.752231e-02
1.667752e-02
1.570214e-02
1.517223e-02
1.435202e-02
1.423602e-02
1.336699e-02
1.218455e-02
1.145911e-02
1.096537e-02
1.064340e-02
9.803711e-03
9.442793e-03
9.034880e-03
8.491484e-03
8.249818e-03
8.171557e-03
7.476546e-03
7.408131e-03
7.056489e-03
6.750215e-03
6.507385e-03
6.419267e-03
6.100917e-03
5.572549e-03
5.310969e-03
5.211645e-03
5.074648e-03
4.679948e-03
4.232722e-03
4.149344e-03
3.901514e-03
3.737376e-03
3.618173e-03
3.407524e-03
3.207626e-03
3.036503e-03
2.882117e-03
2.678191e-03
2.553500e-03
2.435324e-03
2.156721e-03
2.031978e-03
1.988334e-03
1.807579e-03
1.635140e-03
1.531842e-03
1.489597e-03
1.319217e-03
1.275782e-03
1.246233e-03
1.083925e-03
1.052281e-03
9.023496e-04
7.357029e-04
6.904749e-04
6.620886e-04
6.079190e-04
5.212931e-04
4.267051e-04
3.550119e-04
2.696092e-04
1.086265e-04
-7.079217e-06
-5.880620e-05
-1.832834e-04
-5.353296e-04
-6.654433e-04
-1.030040e-03
-1.120360e-03
-1.472880e-03
-1.782361e-03
-2.119710e-03
-2.348949e-03
-2.725752e-03
-3.039274e-03
-3.398943e-03
-3.840615e-03
-3.925898e-03
-4.151508e-03
-5.103386e-03
-5.414197e-03
-5.788010e-03
-5.985235e-03
-6.774411e-03
-7.752940e-03
-8.140759e-03
-8.777346e-03
-9.278137e-03
-1.105921e-02
-1.151106e-02
-1.240907e-02
-1.283528e-02
-1.357743e-02
-1.471959e-02
-1.817887e-02
-1.909598e-02
-2.203653e-02
-2.299737e-02
-3.288407e-02
-3.539199e-02
-3.759996e-02
-4.009003e-02
-4.401339e-02
-4.829288e-02
-6.037945e-02
-8.078033e-02
