8.886876e+04
3.700304e+03
2.625080e+03
1.686536e+03
1.063342e+03
7.798517e+02
5.279976e+02
4.400825e+02
2.952123e+02
2.543802e+02
2.422966e+02
2.085835e+02
1.827485e+02
1.733166e+02
1.600995e+02
1.502846e+02
1.442178e+02
1.290415e+02
1.224977e+02
1.132734e+02
1.047767e+02
9.276237e+01
8.979299e+01
8.726028e+01
8.148821e+01
6.958170e+01
6.563287e+01
6.196394e+01
5.995748e+01
5.641396e+01
5.286306e+01
5.194360e+01
4.409893e+01
4.307038e+01
4.064784e+01
3.927975e+01
3.627798e+01
3.342774e+01
3.169164e+01
3.072667e+01
2.922713e+01
2.752479e+01
2.440965e+01
2.195226e+01
2.116513e+01
1.954219e+01
1.848190e+01
1.811680e+01
1.697210e+01
1.517846e+01
1.413941e+01
1.317078e+01
1.251566e+01
1.216949e+01
1.111421e+01
1.066637e+01
9.846906e+00
9.316824e+00
8.701883e+00
7.600101e+00
7.395996e+00
6.947533e+00
6.092540e+00
5.713578e+00
5.250888e+00
5.031448e+00
4.970688e+00
4.627614e+00
4.157399e+00
4.077835e+00
3.990284e+00
3.022167e+00
2.992608e+00
2.690665e+00
2.304327e+00
2.262689e+00
2.195795e+00
2.032209e+00
1.873846e+00
1.721301e+00
1.563210e+00
1.477932e+00
1.409065e+00
1.348209e+00
1.260198e+00
1.194378e+00
1.140502e+00
1.082961e+00
1.048282e+00
9.885182e-01
9.332339e-01
8.992293e-01
8.731941e-01
8.075245e-01
7.748963e-01
7.382163e-01
7.046916e-01
6.898199e-01
6.218687e-01
5.924925e-01
5.371065e-01
5.202760e-01
4.885902e-01
4.612619e-01
4.264322e-01
4.090486e-01
3.771378e-01
3.588334e-01
3.174953e-01
3.110269e-01
2.899776e-01
2.672266e-01
2.525129e-01
2.397763e-01
2.153332e-01
2.123735e-01
1.982287e-01
1.878320e-01
1.744801e-01
1.713170e-01
1.602119e-01
1.449560e-01
1.314855e-01
1.240933e-01
1.152448e-01
1.113077e-01
1.039718e-01
9.644189e-02
9.376702e-02
8.944684e-02
8.370586e-02
7.895056e-02
7.448794e-02
6.955347e-02
6.517401e-02
6.390297e-02
6.028612e-02
5.959302e-02
5.356979e-02
5.122908e-02
4.954304e-02
4.813491e-02
4.431077e-02
4.211612e-02
4.114337e-02
3.865077e-02
3.746631e-02
3.384649e-02
3.204437e-02
2.844884e-02
2.733180e-02
2.692191e-02
2.325631e-02
2.250915e-02
2.081375e-02
1.990010e-02
1.941984e-02
1.817962e-02
1.698168e-02
1.655735e-02
1.520431e-02
1.400555e-02
1.381439e-02
1.308599e-02
1.100530e-02
1.028099e-02
9.332120e-03
8.968125e-03
8.424813e-03
8.200492e-03
7.803025e-03
7.109376e-03
6.842185e-03
6.645427e-03
6.035195e-03
5.993627e-03
5.490606e-03
4.976525e-03
4.714352e-03
4.477651e-03
4.242858e-03
4.230830e-03
4.030425e-03
3.807408e-03
3.708199e-03
3.501737e-03
3.302801e-03
3.049228e-03
2.899053e-03
2.803530e-03
2.627315e-03
2.464571e-03
2.383790e-03
2.228266e-03
2.190406e-03
2.133215e-03
2.026626e-03
2.014234e-03
1.939439e-03
1.842663e-03
1.817632e-03
1.758746e-03
1.672795e-03
1.553005e-03
1.508679e-03
1.480159e-03
1.444743e-03
1.360948e-03
1.346139e-03
1.301585e-03
1.283476e-03
1.253468e-03
1.226704e-03
1.194251e-03
1.177028e-03
1.155838e-03
1.144374e-03
1.126115e-03
1.119939e-03
1.103185e-03
1.072418e-03
1.050827e-03
1.036545e-03
1.021561e-03
9.992985e-04
9.827252e-04
9.789999e-04
9.710581e-04
9.577626e-04
9.384779e-04
9.202540e-04
9.096891e-04
9.019480e-04
8.998116e-04
8.814854e-04
8.760677e-04
8.707020e-04
8.576832e-04
8.444301e-04
8.278016e-04
8.066827e-04
7.973792e-04
7.783046e-04
7.745253e-04
7.693918e-04
7.522870e-04
7.503328e-04
7.387799e-04
7.296181e-04
7.268093e-04
7.045627e-04
6.995972e-04
6.828516e-04
6.726992e-04
6.684254e-04
6.594061e-04
6.558029e-04
6.489906e-04
6.378313e-04
6.266793e-04
6.103870e-04
5.928489e-04
5.856557e-04
5.817675e-04
5.715115e-04
5.651345e-04
5.593578e-04
5.444804e-04
5.312774e-04
5.159935e-04
5.131349e-04
4.983147e-04
4.889370e-04
4.856945e-04
4.775087e-04
4.684429e-04
4.635736e-04
4.443752e-04
4.327230e-04
4.247423e-04
4.193859e-04
4.118131e-04
3.949192e-04
3.903311e-04
3.750769e-04
3.607895e-04
3.557346e-04
3.510737e-04
3.503101e-04
3.374532e-04
3.295478e-04
3.173703e-04
3.160260e-04
3.010517e-04
2.880197e-04
2.753218e-04
2.658240e-04
2.530171e-04
2.496101e-04
2.439340e-04
2.279594e-04
2.175751e-04
2.117941e-04
2.071277e-04
1.999173e-04
1.867816e-04
1.653366e-04
1.629907e-04
1.539491e-04
1.505796e-04
1.448681e-04
1.368350e-04
1.181778e-04
1.103455e-04
1.022172e-04
8.978142e-05
7.561310e-05
7.048192e-05
5.738344e-05
4.991645e-05
4.533660e-05
4.202075e-05
2.569007e-05
2.361476e-05
1.550236e-05
9.037972e-06
2.632473e-06
1.709336e-13
-2.134716e-16
-1.343824e-05
-1.636626e-05
-4.098273e-05
-4.532685e-05
-5.285646e-05
-6.332492e-05
-7.014337e-05
-7.750532e-05
-8.338657e-05
-9.310227e-05
-1.018046e-04
-1.115449e-04
-1.246562e-04
-1.334969e-04
-1.454197e-04
-1.522103e-04
-1.723684e-04
-1.836513e-04
-1.875165e-04
-1.975996e-04
-2.013179e-04
-2.219128e-04
-2.268365e-04
-2.370229e-04
-2.568680e-04
-2.709193e-04
-2.781224e-04
-2.805396e-04
-2.997305e-04
-3.113230e-04
-3.193251e-04
-3.320723e-04
-3.474544e-04
-3.612837e-04
-3.734915e-04
-3.768954e-04
-3.929593e-04
-3.958785e-04
-4.143945e-04
-4.311305e-04
-4.456367e-04
-4.624921e-04
-4.695177e-04
-4.855036e-04
-4.923003e-04
-5.070794e-04
-5.210347e-04
-5.558028e-04
-5.686891e-04
-5.932800e-04
-5.995089e-04
-6.194305e-04
-6.347157e-04
-6.428491e-04
-6.636426e-04
