1.426397e+08
2.277114e+07
2.160272e+06
9.405458e+05
5.224199e+05
3.445068e+05
2.364042e+05
1.040609e+05
1.268069e+04
7.875703e+03
3.271469e+03
8.149670e+02
6.466536e+02
3.580286e+02
7.898946e+01
4.825271e+01
4.483155e+01
4.186375e+01
3.579861e+01
2.917468e+01
2.718210e+01
2.093856e+01
1.883332e+01
1.823743e+01
1.697356e+01
1.601101e+01
1.483396e+01
1.396601e+01
1.257900e+01
1.246529e+01
1.102217e+01
1.060904e+01
9.826032e+00
9.187617e+00
8.821052e+00
8.746342e+00
8.372000e+00
7.892745e+00
7.384487e+00
7.255299e+00
6.893119e+00
6.406100e+00
6.157648e+00
5.660199e+00
5.561867e+00
5.296090e+00
4.889236e+00
4.756699e+00
4.660926e+00
4.399693e+00
4.266576e+00
4.104592e+00
3.812322e+00
3.391035e+00
3.026585e+00
2.810258e+00
2.423758e+00
2.214813e+00
2.142375e+00
1.994156e+00
1.844038e+00
1.693619e+00
1.519489e+00
1.293841e+00
1.187452e+00
1.018250e+00
7.935969e-01
5.974960e-01
5.795618e-01
4.107915e-01
3.718157e-01
2.796632e-01
2.484103e-01
1.773877e-01
1.558096e-01
1.465504e-01
1.076724e-01
3.169411e-02
3.492458e-10
-5.992422e-03
-3.150574e-02
-8.861627e-02
-1.354378e-01
-1.601798e-01
-2.380872e-01
-2.937056e-01
-3.498493e-01
-4.068429e-01
-5.622925e-01
-6.160786e-01
-7.666096e-01
-8.781864e-01
-1.089047e+00
-1.118056e+00
-1.282665e+00
-1.444190e+00
-1.521694e+00
-1.705597e+00
-1.901870e+00
-1.974906e+00
-2.325926e+00
-2.667648e+00
-2.837479e+00
-3.146340e+00
-3.357897e+00
-3.539341e+00
-3.866488e+00
-4.184142e+00
-4.947351e+00
-5.579991e+00
-5.709762e+00
-6.075027e+00
-6.820762e+00
-8.070154e+00
-8.902554e+00
-9.297548e+00
-1.074897e+01
-1.190011e+01
-1.328893e+01
-1.471760e+01
-1.557246e+01
-2.083097e+01
-2.249558e+01
-2.447983e+01
-3.179575e+01
-3.741626e+01
-6.184366e+01
-8.370144e+01
