1.003971e+05
6.508526e+04
5.914939e+04
5.375308e+04
4.563052e+04
3.718759e+04
3.320927e+04
2.513713e+04
2.262198e+04
1.907019e+04
1.786510e+04
1.546466e+04
1.522519e+04
1.223418e+04
1.132223e+04
9.782241e+03
7.190875e+03
5.626123e+03
4.887322e+03
4.553525e+03
4.426423e+03
3.042050e+03
2.502068e+03
2.402571e+03
2.001217e+03
1.660788e+03
1.279201e+03
1.097950e+03
9.525536e+02
8.257271e+02
6.383942e+02
5.855297e+02
4.395711e+02
3.686996e+02
3.383907e+02
1.778730e+02
1.517582e+02
1.134510e+02
8.892007e+01
7.899490e+01
7.422056e+01
5.766285e+01
4.508503e+01
1.919795e+01
1.674988e+01
1.112493e+01
6.381333e+00
4.341513e+00
3.462541e+00
2.333851e+00
1.397372e+00
1.184380e+00
8.447989e-01
4.946591e-01
2.475288e-01
1.545080e-01
9.276394e-02
5.741655e-02
4.104172e-02
2.776766e-02
1.275730e-02
3.603627e-03
2.610151e-03
4.561172e-04
