5.913473e+04
1.062276e+04
6.619953e+03
1.770514e+03
1.065096e+03
7.464836e+02
7.218248e+02
3.961254e+02
2.536070e+02
2.299293e+02
1.998177e+02
1.334003e+02
1.060088e+02
9.177208e+01
8.355342e+01
7.248195e+01
5.724303e+01
5.053802e+01
4.363233e+01
3.343245e+01
2.853351e+01
2.189113e+01
1.945304e+01
1.871211e+01
1.610387e+01
1.468381e+01
1.155929e+01
1.043875e+01
8.797826e+00
7.558636e+00
6.573990e+00
5.316033e+00
4.197484e+00
3.324571e+00
3.188657e+00
2.273673e+00
2.132987e+00
1.971331e+00
1.606894e+00
1.563768e+00
1.183502e+00
6.422508e-01
6.032915e-01
5.703377e-01
4.954335e-01
4.068614e-01
3.395711e-01
2.711927e-01
2.530364e-01
2.049448e-01
1.457457e-01
1.156767e-01
9.515937e-02
6.815267e-02
5.476029e-02
4.643735e-02
4.130587e-02
3.911100e-02
2.812873e-02
2.569268e-02
2.216984e-02
1.508482e-02
1.354217e-02
1.237252e-02
1.178829e-02
9.982892e-03
6.818870e-03
5.935311e-03
3.815087e-03
2.587480e-03
2.281383e-03
1.941881e-03
1.625570e-03
1.594696e-03
1.418621e-03
1.262932e-03
1.190435e-03
1.058857e-03
9.443722e-04
8.593063e-04
8.249699e-04
7.779858e-04
7.602223e-04
7.208475e-04
6.789411e-04
6.671158e-04
6.367588e-04
6.326844e-04
6.078654e-04
6.017904e-04
5.872278e-04
5.813595e-04
5.675444e-04
5.635692e-04
5.472164e-04
5.448323e-04
5.358277e-04
5.270076e-04
5.152375e-04
5.137079e-04
5.047648e-04
4.994951e-04
4.886469e-04
4.817828e-04
4.711303e-04
4.660657e-04
4.530330e-04
4.453064e-04
4.405861e-04
4.363188e-04
4.279201e-04
4.210888e-04
4.160226e-04
4.074289e-04
4.018057e-04
3.969856e-04
3.923540e-04
3.893916e-04
3.806469e-04
3.795696e-04
3.709470e-04
3.657139e-04
3.653134e-04
3.552030e-04
3.528077e-04
3.507832e-04
3.461057e-04
3.434216e-04
3.391291e-04
3.370578e-04
3.298055e-04
3.272131e-04
3.201528e-04
3.192091e-04
3.128156e-04
3.097250e-04
3.085911e-04
3.035937e-04
3.007743e-04
2.952322e-04
2.933433e-04
2.894827e-04
2.832364e-04
2.782615e-04
2.778781e-04
2.734293e-04
2.682025e-04
2.638521e-04
2.634395e-04
2.620698e-04
2.583927e-04
2.544496e-04
2.517338e-04
2.488092e-04
2.458382e-04
2.408428e-04
2.387412e-04
2.350678e-04
2.321303e-04
2.285010e-04
2.262259e-04
2.240092e-04
2.185063e-04
2.160471e-04
2.145842e-04
2.110530e-04
2.083756e-04
2.062794e-04
2.026179e-04
2.003411e-04
1.970072e-04
1.946677e-04
1.900411e-04
1.874519e-04
1.872692e-04
1.830073e-04
1.812927e-04
1.768786e-04
1.744580e-04
1.715300e-04
1.689838e-04
1.663556e-04
1.644541e-04
1.636220e-04
1.582298e-04
1.556492e-04
1.509023e-04
1.504377e-04
1.476489e-04
1.470975e-04
1.433708e-04
1.404304e-04
1.376745e-04
1.347443e-04
1.331529e-04
1.317556e-04
1.298287e-04
1.253002e-04
1.235636e-04
1.203833e-04
1.187145e-04
1.175579e-04
1.147209e-04
1.123058e-04
1.098168e-04
1.055555e-04
1.027648e-04
9.992686e-05
9.926379e-05
9.582881e-05
9.308445e-05
9.176348e-05
8.934178e-05
8.618241e-05
8.343508e-05
8.171997e-05
7.958338e-05
7.841265e-05
7.748547e-05
7.437716e-05
7.297876e-05
7.012626e-05
6.747847e-05
6.588315e-05
6.384313e-05
6.081306e-05
5.876795e-05
5.576402e-05
5.380038e-05
5.133069e-05
4.863952e-05
4.535039e-05
4.429244e-05
4.111299e-05
3.953511e-05
3.850886e-05
3.569184e-05
3.235275e-05
3.190328e-05
2.843990e-05
2.684490e-05
2.391257e-05
2.337660e-05
2.106050e-05
1.684049e-05
1.542856e-05
1.316607e-05
1.037064e-05
8.182294e-06
7.373043e-06
4.373345e-06
2.769586e-06
1.393377e-06
7.424502e-14
3.799465e-14
-3.615977e-14
-2.862332e-06
-5.618929e-06
-7.385930e-06
-9.700502e-06
-1.357330e-05
-1.391211e-05
-1.742723e-05
-2.191305e-05
-2.407699e-05
-2.486389e-05
-2.739743e-05
-2.822659e-05
-2.985632e-05
-3.208184e-05
-3.259600e-05
-3.638151e-05
-3.881209e-05
-4.276132e-05
-4.356118e-05
-4.627756e-05
-4.844843e-05
-5.003723e-05
-5.385540e-05
-5.690504e-05
-6.052194e-05
-6.301830e-05
-6.469517e-05
-6.803693e-05
-7.021782e-05
-7.231632e-05
-7.679846e-05
-7.804800e-05
-7.995777e-05
-8.186686e-05
-8.354773e-05
-8.654818e-05
-8.800529e-05
-8.937760e-05
-9.297437e-05
-9.332983e-05
-9.968469e-05
-1.005201e-04
-1.033432e-04
-1.064371e-04
-1.081187e-04
-1.117512e-04
-1.140121e-04
-1.172294e-04
-1.179903e-04
-1.200241e-04
-1.217211e-04
-1.269901e-04
-1.298761e-04
-1.330458e-04
-1.347952e-04
-1.366775e-04
-1.400396e-04
-1.409936e-04
-1.437413e-04
-1.475072e-04
-1.512578e-04
-1.541886e-04
-1.559909e-04
-1.605233e-04
-1.654896e-04
-1.678767e-04
-1.734978e-04
-1.752562e-04
-1.764669e-04
-1.791145e-04
-1.808181e-04
-1.838127e-04
-1.874311e-04
-1.902818e-04
-1.909590e-04
-1.947430e-04
-1.985093e-04
-2.010250e-04
-2.051708e-04
-2.086461e-04
-2.152835e-04
-2.169414e-04
-2.230466e-04
-2.264589e-04
-2.294957e-04
-2.305166e-04
-2.349916e-04
-2.373920e-04
-2.435574e-04
-2.471021e-04
-2.495112e-04
-2.553541e-04
-2.584914e-04
-2.621367e-04
-2.636755e-04
-2.703088e-04
-2.722145e-04
-2.774399e-04
-2.803462e-04
-2.845001e-04
-2.899184e-04
-2.947797e-04
-2.996955e-04
-3.086324e-04
-3.120479e-04
-3.134902e-04
-3.255771e-04
-3.286716e-04
-3.339380e-04
-3.361187e-04
-3.411481e-04
-3.564356e-04
-3.597536e-04
-3.689474e-04
-3.791078e-04
-3.899862e-04
-3.968686e-04
-4.112221e-04
-4.213010e-04
-4.298827e-04
-4.373799e-04
-4.628792e-04
-4.960605e-04
-5.267482e-04
-6.217980e-04
-7.068376e-04
-7.613939e-04
-1.235943e-03
