4.905633e+05
2.222840e+05
1.778773e+05
1.444540e+05
1.307705e+05
1.057009e+05
1.000195e+05
9.136518e+04
8.132816e+04
7.020598e+04
5.945488e+04
5.557560e+04
5.242390e+04
4.384927e+04
4.169205e+04
3.785859e+04
3.072122e+04
2.859914e+04
1.673616e+04
1.463456e+04
1.199392e+04
9.728566e+03
7.985935e+03
7.598999e+03
6.261726e+03
5.640391e+03
5.243900e+03
4.799073e+03
4.340780e+03
3.518493e+03
2.919079e+03
2.621721e+03
2.314031e+03
1.959705e+03
1.760551e+03
1.372752e+03
8.631136e+02
8.251349e+02
7.207538e+02
5.329998e+02
5.083835e+02
4.717482e+02
4.175935e+02
3.776648e+02
3.023965e+02
2.751491e+02
2.199027e+02
2.152361e+02
1.749491e+02
1.347569e+02
1.212624e+02
9.582502e+01
7.817653e+01
7.141061e+01
6.892024e+01
4.413875e+01
4.016447e+01
3.516557e+01
3.089337e+01
2.749795e+01
1.973845e+01
1.578057e+01
1.483624e+01
1.160088e+01
9.386789e+00
8.734848e+00
7.508681e+00
6.555686e+00
5.268343e+00
4.273558e+00
2.688399e+00
2.503484e+00
2.203596e+00
1.693076e+00
1.548476e+00
1.153643e+00
9.711457e-01
9.219460e-01
8.101649e-01
7.602113e-01
7.163554e-01
5.654028e-01
4.941995e-01
3.967369e-01
1.962489e-01
1.460847e-01
1.237388e-01
1.053210e-01
9.753866e-02
7.830233e-02
6.261118e-02
5.492967e-02
4.577539e-02
4.430633e-02
3.880863e-02
3.494295e-02
3.344046e-02
3.270635e-02
3.158444e-02
3.020973e-02
2.989213e-02
2.748549e-02
2.593873e-02
2.539048e-02
2.397158e-02
2.361422e-02
2.287018e-02
2.215598e-02
1.965154e-02
1.937277e-02
1.861083e-02
1.800562e-02
1.697236e-02
1.666000e-02
1.615919e-02
1.574910e-02
1.528129e-02
1.500426e-02
1.358292e-02
1.284048e-02
1.244962e-02
1.202006e-02
1.089801e-02
1.047159e-02
1.003097e-02
8.558773e-03
-7.252903e-13
-4.937632e-12
