2.202148e+12
1.997217e+12
1.689066e+12
1.480478e+12
1.392148e+12
1.256859e+12
1.218300e+12
1.104604e+12
1.052213e+12
1.027978e+12
9.624998e+11
9.108225e+11
8.760535e+11
8.039541e+11
7.441482e+11
7.259710e+11
7.057615e+11
6.983034e+11
6.410133e+11
6.140357e+11
5.740004e+11
5.572107e+11
5.307492e+11
5.082260e+11
5.059949e+11
4.727597e+11
4.517403e+11
4.388759e+11
4.258635e+11
4.077868e+11
3.966555e+11
3.774049e+11
3.710772e+11
3.639648e+11
3.543932e+11
3.405755e+11
3.228244e+11
3.101810e+11
3.001116e+11
2.941013e+11
2.802333e+11
2.757688e+11
2.660863e+11
2.608475e+11
2.527515e+11
2.400465e+11
2.322859e+11
2.280685e+11
2.231041e+11
2.131763e+11
2.063406e+11
2.061943e+11
2.013200e+11
1.986269e+11
1.868995e+11
1.833191e+11
1.810432e+11
1.765008e+11
1.731358e+11
1.705519e+11
1.642575e+11
1.611801e+11
1.590552e+11
1.531477e+11
1.461614e+11
1.422631e+11
1.380688e+11
1.354514e+11
1.345549e+11
1.317741e+11
1.279874e+11
1.237062e+11
1.213796e+11
1.175916e+11
1.159043e+11
1.142990e+11
1.121529e+11
1.089121e+11
1.082304e+11
1.055875e+11
1.046445e+11
9.999284e+10
9.835227e+10
9.589154e+10
9.322158e+10
9.222022e+10
8.962881e+10
8.700221e+10
8.456889e+10
8.390886e+10
8.337018e+10
8.097777e+10
7.906809e+10
7.828070e+10
7.667900e+10
7.600378e+10
7.465425e+10
7.347914e+10
7.088638e+10
6.973016e+10
6.779048e+10
6.711790e+10
6.611253e+10
6.449711e+10
6.425679e+10
6.324965e+10
6.270015e+10
5.978386e+10
5.922046e+10
5.903437e+10
5.678863e+10
5.608099e+10
5.452472e+10
5.327856e+10
5.046165e+10
5.028832e+10
4.922013e+10
4.825422e+10
4.406376e+10
4.309601e+10
4.189327e+10
4.088756e+10
3.945611e+10
3.727106e+10
3.362147e+10
2.842840e+10
2.221877e+10
1.472888e+10
