3.139855e+10
1.158677e+10
8.525129e+09
7.167184e+09
5.438255e+09
4.950669e+09
4.143974e+09
3.324462e+09
2.862751e+09
2.330090e+09
2.266558e+09
2.159499e+09
1.876989e+09
1.754761e+09
1.600073e+09
1.531988e+09
1.477411e+09
1.382103e+09
1.321815e+09
1.158319e+09
1.115847e+09
1.052557e+09
1.019456e+09
9.882124e+08
9.062880e+08
8.585620e+08
8.379923e+08
8.070156e+08
7.672534e+08
7.578986e+08
7.514732e+08
7.320019e+08
6.931704e+08
6.696120e+08
6.488140e+08
6.253533e+08
6.090895e+08
5.863606e+08
5.781916e+08
5.419530e+08
5.285845e+08
5.138072e+08
4.906981e+08
4.754978e+08
4.733500e+08
4.466957e+08
4.434162e+08
4.366080e+08
4.235879e+08
4.149844e+08
4.056368e+08
3.898464e+08
3.732052e+08
3.580827e+08
3.526149e+08
3.460167e+08
3.364807e+08
3.278943e+08
3.242116e+08
3.140586e+08
3.036237e+08
3.025364e+08
2.930072e+08
2.815384e+08
2.716075e+08
2.621514e+08
2.571944e+08
2.466040e+08
2.362350e+08
2.347770e+08
2.300017e+08
2.248955e+08
2.202121e+08
2.081310e+08
1.973647e+08
1.913165e+08
1.895662e+08
1.806378e+08
1.787381e+08
1.676787e+08
1.647895e+08
1.595777e+08
1.581056e+08
1.560383e+08
1.487843e+08
1.431322e+08
1.418347e+08
1.387489e+08
1.288946e+08
1.279754e+08
1.241570e+08
1.192231e+08
1.175178e+08
1.128173e+08
1.093552e+08
1.081989e+08
1.014348e+08
9.970202e+07
9.680409e+07
9.547095e+07
8.830802e+07
8.500342e+07
8.277617e+07
7.908186e+07
7.246010e+07
6.590939e+07
6.368087e+07
6.208515e+07
5.860350e+07
5.217080e+07
4.642876e+07
4.485378e+07
4.180084e+07
3.914722e+07
3.535688e+07
3.304195e+07
2.968944e+07
2.599074e+07
2.255976e+07
1.935880e+07
1.746860e+07
1.680637e+07
1.391557e+07
1.229702e+07
7.376265e+06
2.648549e+06
1.194772e+06
3.632835e+05
