5.678064e+12
4.761410e+12
3.405371e+12
3.157818e+12
3.038338e+12
2.991454e+12
2.300984e+12
2.186519e+12
2.068997e+12
1.843834e+12
1.686969e+12
1.671135e+12
1.630458e+12
1.553005e+12
1.508032e+12
1.441164e+12
1.418855e+12
1.355671e+12
1.297146e+12
1.239218e+12
1.191445e+12
1.138616e+12
1.062659e+12
1.017215e+12
1.001894e+12
9.693142e+11
9.475590e+11
9.319766e+11
8.718581e+11
8.530312e+11
8.430252e+11
8.248072e+11
7.846259e+11
7.637301e+11
7.582247e+11
7.388010e+11
7.080884e+11
7.042718e+11
6.828101e+11
6.716766e+11
6.534964e+11
6.324481e+11
6.200688e+11
6.042656e+11
6.002532e+11
5.672645e+11
5.638765e+11
5.467476e+11
5.394923e+11
5.261566e+11
5.159894e+11
5.056057e+11
4.911008e+11
4.785029e+11
4.700165e+11
4.559626e+11
4.486180e+11
4.414844e+11
4.323726e+11
4.213303e+11
4.097212e+11
4.040020e+11
3.956351e+11
3.889611e+11
3.871962e+11
3.714518e+11
3.624652e+11
3.571036e+11
3.549073e+11
3.440889e+11
3.412730e+11
3.336278e+11
3.242782e+11
3.226944e+11
3.151654e+11
3.136698e+11
3.116512e+11
3.066329e+11
3.027351e+11
2.949929e+11
2.898791e+11
2.846743e+11
2.810388e+11
2.751813e+11
2.695731e+11
2.673068e+11
2.627778e+11
2.565313e+11
2.509153e+11
2.473622e+11
2.444600e+11
2.426685e+11
2.352229e+11
2.307320e+11
2.280121e+11
2.242945e+11
2.187444e+11
2.159885e+11
2.139627e+11
2.109358e+11
2.056325e+11
2.011503e+11
1.991541e+11
1.954912e+11
1.914943e+11
1.873383e+11
1.861426e+11
1.829967e+11
1.801319e+11
1.780353e+11
1.753188e+11
1.697810e+11
1.667650e+11
1.636877e+11
1.610170e+11
1.604852e+11
1.544362e+11
1.500203e+11
1.472543e+11
1.452128e+11
1.396614e+11
1.350084e+11
1.318249e+11
1.257408e+11
1.188419e+11
1.037918e+11
5.536553e+10
2.138182e+10
