1.287613e+05
6.375250e+03
3.140666e+03
2.525082e+03
1.826660e+03
1.592122e+03
1.493225e+03
9.822648e+02
8.562267e+02
7.104164e+02
6.304866e+02
4.920019e+02
2.691221e+02
2.508507e+02
2.228660e+02
2.057691e+02
1.682422e+02
1.449619e+02
1.294336e+02
1.207762e+02
1.074214e+02
9.721121e+01
9.047839e+01
8.084767e+01
7.637936e+01
7.378574e+01
6.832120e+01
6.113540e+01
5.459645e+01
5.082465e+01
4.726214e+01
4.270930e+01
4.005653e+01
3.783834e+01
3.577574e+01
3.419217e+01
3.181310e+01
2.878841e+01
2.740322e+01
2.485112e+01
2.381074e+01
2.252582e+01
2.217075e+01
1.982761e+01
1.928785e+01
1.683128e+01
1.561864e+01
1.456674e+01
1.134015e+01
1.125708e+01
1.088492e+01
9.974441e+00
9.163943e+00
8.733051e+00
8.492739e+00
8.014760e+00
7.341178e+00
7.163520e+00
6.122520e+00
5.874346e+00
5.550660e+00
5.002282e+00
4.575949e+00
4.450324e+00
4.240185e+00
3.844894e+00
3.784631e+00
3.291379e+00
3.104637e+00
2.616139e+00
2.547174e+00
2.453944e+00
2.277074e+00
2.078714e+00
1.993122e+00
1.935476e+00
1.824079e+00
1.622743e+00
1.530512e+00
1.477948e+00
1.369712e+00
1.177786e+00
1.065937e+00
1.028517e+00
9.879346e-01
8.509991e-01
8.002927e-01
7.933540e-01
7.715834e-01
6.956766e-01
6.545534e-01
6.090443e-01
5.869960e-01
5.820605e-01
5.128692e-01
4.700413e-01
4.597631e-01
4.401183e-01
4.007418e-01
3.781297e-01
3.470069e-01
3.444448e-01
2.941759e-01
2.872179e-01
2.725034e-01
2.497445e-01
2.290892e-01
2.080150e-01
1.993767e-01
1.885920e-01
1.849604e-01
1.712896e-01
1.599506e-01
1.563148e-01
1.394917e-01
1.366373e-01
1.259176e-01
1.224612e-01
1.156749e-01
1.011921e-01
9.599943e-02
8.810353e-02
8.410013e-02
7.571076e-02
6.829304e-02
6.680625e-02
6.228281e-02
5.531645e-02
5.431523e-02
5.347379e-02
4.930487e-02
4.282027e-02
3.997627e-02
3.806457e-02
3.549364e-02
3.356930e-02
3.152922e-02
2.587250e-02
2.505901e-02
2.379642e-02
2.245496e-02
2.202243e-02
2.038635e-02
1.964851e-02
1.921133e-02
1.775249e-02
1.541398e-02
1.471630e-02
1.347176e-02
1.308424e-02
1.277182e-02
1.108720e-02
1.016925e-02
9.721612e-03
8.994108e-03
8.657815e-03
7.917862e-03
7.815060e-03
7.200351e-03
6.381591e-03
6.086704e-03
5.794199e-03
5.344626e-03
5.236833e-03
4.545798e-03
4.342492e-03
3.323803e-03
3.161743e-03
3.051822e-03
2.951729e-03
2.796753e-03
2.530603e-03
2.246267e-03
2.184597e-03
2.070887e-03
2.008631e-03
1.841215e-03
1.799240e-03
1.744620e-03
1.645889e-03
1.617841e-03
1.570315e-03
1.517347e-03
1.466902e-03
1.420963e-03
1.398790e-03
1.370535e-03
1.363686e-03
1.341950e-03
1.331192e-03
1.300213e-03
1.267441e-03
1.258079e-03
1.223191e-03
1.211581e-03
1.184825e-03
1.176024e-03
1.161497e-03
1.136244e-03
1.102948e-03
1.092329e-03
1.086357e-03
1.075387e-03
1.060196e-03
1.045679e-03
1.033162e-03
1.021667e-03
1.001649e-03
9.809778e-04
9.657158e-04
9.639304e-04
9.433693e-04
9.264449e-04
9.229437e-04
9.200579e-04
9.086782e-04
8.814278e-04
8.772985e-04
8.638016e-04
8.485565e-04
8.346078e-04
8.207508e-04
8.147611e-04
8.099374e-04
7.956597e-04
7.878115e-04
7.789229e-04
7.623467e-04
7.523250e-04
7.393918e-04
7.337200e-04
7.186440e-04
7.118731e-04
7.002096e-04
6.939319e-04
6.811278e-04
6.671116e-04
6.523468e-04
6.453849e-04
6.325822e-04
6.211834e-04
6.116751e-04
6.031223e-04
5.887619e-04
5.738396e-04
5.657230e-04
5.633182e-04
5.469180e-04
5.431419e-04
5.319599e-04
5.149676e-04
5.058678e-04
5.032751e-04
4.894335e-04
4.771777e-04
4.696009e-04
4.624808e-04
4.503802e-04
4.420171e-04
4.235188e-04
4.099789e-04
3.993771e-04
3.950838e-04
3.935681e-04
3.837493e-04
3.684537e-04
3.604846e-04
3.501409e-04
3.450345e-04
3.390181e-04
3.282001e-04
3.227484e-04
3.088074e-04
3.028565e-04
2.922728e-04
2.883875e-04
2.838892e-04
2.737857e-04
2.604669e-04
2.572177e-04
2.398934e-04
2.285717e-04
2.116127e-04
2.080051e-04
1.984533e-04
1.975078e-04
1.744391e-04
1.653063e-04
1.517245e-04
1.439914e-04
1.378490e-04
1.371764e-04
1.284465e-04
1.191048e-04
1.124444e-04
1.033462e-04
9.037530e-05
8.657252e-05
7.037696e-05
5.557233e-05
4.777488e-05
4.068653e-05
3.168343e-05
2.970337e-05
1.891324e-05
1.807727e-06
-2.078182e-06
-7.464176e-06
-1.990707e-05
-2.856676e-05
-3.371165e-05
-4.097182e-05
-4.964147e-05
-5.953206e-05
-6.884196e-05
-7.802181e-05
-8.014392e-05
-9.864373e-05
-1.045274e-04
-1.191819e-04
-1.303664e-04
-1.372659e-04
-1.540025e-04
-1.568914e-04
-1.606331e-04
-1.704740e-04
-1.810213e-04
-2.065114e-04
-2.111476e-04
-2.267489e-04
-2.330838e-04
-2.457736e-04
-2.563694e-04
-2.567925e-04
-2.667371e-04
-2.817260e-04
-2.929313e-04
-3.061311e-04
-3.143202e-04
-3.250113e-04
-3.295133e-04
-3.321341e-04
-3.523550e-04
-3.620718e-04
-3.715927e-04
-3.926356e-04
-4.001386e-04
-4.048177e-04
-4.214880e-04
-4.404351e-04
-4.528773e-04
-4.571532e-04
-4.685085e-04
-4.771316e-04
-4.859186e-04
-5.149614e-04
-5.252491e-04
-5.364799e-04
-5.395894e-04
-5.521050e-04
-5.592904e-04
-5.726282e-04
-5.756362e-04
-6.009082e-04
-6.166461e-04
-6.237992e-04
-6.336304e-04
-6.408521e-04
-6.611365e-04
-6.846089e-04
-6.902802e-04
-6.983822e-04
-7.111894e-04
-7.320264e-04
-7.499058e-04
-7.546764e-04
-7.778436e-04
-8.005925e-04
-8.249434e-04
-8.420077e-04
-8.731833e-04
-8.779607e-04
-8.900809e-04
-9.936654e-04
