1.253758e+05
6.193287e+03
3.238683e+03
2.198760e+03
1.939134e+03
1.595226e+03
1.231774e+03
8.659005e+02
7.956882e+02
6.277388e+02
5.168752e+02
4.483320e+02
3.364787e+02
3.190167e+02
3.038575e+02
2.667274e+02
2.143846e+02
1.685949e+02
1.565166e+02
1.439731e+02
1.274574e+02
1.252586e+02
1.062075e+02
9.543171e+01
9.118130e+01
8.351249e+01
8.089542e+01
7.244006e+01
6.691388e+01
6.140621e+01
5.601579e+01
5.191907e+01
4.886736e+01
4.507685e+01
4.395938e+01
3.915760e+01
3.811091e+01
3.559347e+01
3.365991e+01
3.005818e+01
2.717769e+01
2.565954e+01
2.358458e+01
2.290320e+01
2.196283e+01
1.936761e+01
1.837187e+01
1.754331e+01
1.507542e+01
1.417909e+01
1.293707e+01
1.177356e+01
1.139764e+01
1.103807e+01
1.050275e+01
8.558354e+00
8.031067e+00
7.702350e+00
7.373539e+00
7.075974e+00
6.631259e+00
6.132000e+00
5.437851e+00
4.988057e+00
4.567044e+00
4.330656e+00
4.053886e+00
3.851493e+00
3.485041e+00
3.348189e+00
3.070911e+00
2.912146e+00
2.723311e+00
2.601556e+00
2.411159e+00
2.154122e+00
2.147885e+00
1.756453e+00
1.727813e+00
1.604959e+00
1.531630e+00
1.383585e+00
1.235161e+00
1.137447e+00
1.024033e+00
9.671735e-01
9.411402e-01
8.497714e-01
7.947505e-01
6.802349e-01
6.538469e-01
6.151350e-01
5.498027e-01
5.265030e-01
4.799894e-01
4.590594e-01
4.390084e-01
4.257408e-01
3.986467e-01
3.891857e-01
3.688401e-01
3.482497e-01
3.284344e-01
3.099087e-01
2.850576e-01
2.445555e-01
2.317787e-01
2.061166e-01
1.864717e-01
1.647712e-01
1.499682e-01
1.428695e-01
1.376635e-01
1.341279e-01
1.252296e-01
1.132989e-01
1.116202e-01
9.813643e-02
8.899906e-02
8.351020e-02
7.465410e-02
7.262746e-02
7.018946e-02
6.530713e-02
6.170433e-02
5.964020e-02
5.420167e-02
4.982949e-02
4.602728e-02
4.196568e-02
3.872694e-02
3.793714e-02
3.291685e-02
2.878906e-02
2.626031e-02
2.399119e-02
2.224093e-02
2.026963e-02
1.916160e-02
1.872036e-02
1.766763e-02
1.674675e-02
1.569843e-02
1.345985e-02
1.310923e-02
1.213223e-02
1.116615e-02
1.079230e-02
9.673577e-03
9.140815e-03
8.534976e-03
7.800286e-03
7.124227e-03
6.861858e-03
6.172723e-03
5.506265e-03
4.938819e-03
4.626040e-03
4.304626e-03
4.112475e-03
3.854648e-03
3.444168e-03
3.264137e-03
2.747974e-03
2.487629e-03
2.283799e-03
2.222406e-03
2.105911e-03
1.948772e-03
1.911063e-03
1.775403e-03
1.723017e-03
1.684163e-03
1.613103e-03
1.578360e-03
1.504581e-03
1.460786e-03
1.438306e-03
1.418577e-03
1.401642e-03
1.375398e-03
1.361214e-03
1.333975e-03
1.329158e-03
1.300709e-03
1.283332e-03
1.248469e-03
1.235097e-03
1.222799e-03
1.209251e-03
1.203095e-03
1.171205e-03
1.164668e-03
1.160599e-03
1.147683e-03
1.141295e-03
1.097430e-03
1.092253e-03
1.081349e-03
1.073023e-03
1.056027e-03
1.047321e-03
1.042122e-03
1.027681e-03
1.017317e-03
1.003103e-03
9.890478e-04
9.767602e-04
9.672466e-04
9.360432e-04
9.153947e-04
9.090594e-04
8.917007e-04
8.906986e-04
8.799633e-04
8.610644e-04
8.580629e-04
8.521813e-04
8.466703e-04
8.329761e-04
8.221078e-04
7.972224e-04
7.949126e-04
7.785511e-04
7.751283e-04
7.608903e-04
7.504139e-04
7.415689e-04
7.300970e-04
7.246116e-04
7.079552e-04
6.998458e-04
6.987137e-04
6.933079e-04
6.792761e-04
6.679977e-04
6.589572e-04
6.555920e-04
6.348172e-04
6.285401e-04
6.242777e-04
6.141022e-04
6.056576e-04
5.908381e-04
5.783978e-04
5.766998e-04
5.701708e-04
5.616496e-04
5.525196e-04
5.442941e-04
5.365702e-04
5.178069e-04
5.152127e-04
5.112881e-04
4.973403e-04
4.886101e-04
4.759377e-04
4.667316e-04
4.654324e-04
4.435810e-04
4.372400e-04
4.299977e-04
4.187248e-04
4.102874e-04
4.001869e-04
3.844925e-04
3.806452e-04
3.733286e-04
3.566726e-04
3.481734e-04
3.453631e-04
3.344645e-04
3.226910e-04
3.146104e-04
3.046181e-04
3.023719e-04
2.993693e-04
2.906612e-04
2.743848e-04
2.695281e-04
2.539371e-04
2.469491e-04
2.394697e-04
2.358809e-04
2.203723e-04
2.162924e-04
1.979624e-04
1.895515e-04
1.812203e-04
1.738375e-04
1.682959e-04
1.647168e-04
1.469374e-04
1.391844e-04
1.280932e-04
1.235287e-04
1.126611e-04
9.860710e-05
9.514084e-05
8.406768e-05
8.160173e-05
7.605067e-05
6.635269e-05
5.807361e-05
4.826362e-05
3.475888e-05
2.890253e-05
1.072304e-05
5.934118e-06
2.815582e-06
-8.811358e-06
-1.764533e-05
-2.031049e-05
-3.780598e-05
-4.818054e-05
-6.323222e-05
-6.864089e-05
-7.708268e-05
-8.242320e-05
-8.316594e-05
-1.028994e-04
-1.189097e-04
-1.260516e-04
-1.358937e-04
-1.421554e-04
-1.498770e-04
-1.599251e-04
-1.761215e-04
-1.852107e-04
-1.887479e-04
-2.027429e-04
-2.104354e-04
-2.196022e-04
-2.368632e-04
-2.416489e-04
-2.486179e-04
-2.714785e-04
-2.770892e-04
-2.854578e-04
-2.945149e-04
-2.988174e-04
-3.065518e-04
-3.170113e-04
-3.321846e-04
-3.371523e-04
-3.525824e-04
-3.624254e-04
-3.708751e-04
-3.839984e-04
-3.939949e-04
-4.059235e-04
-4.214272e-04
-4.345341e-04
-4.404568e-04
-4.479707e-04
-4.506552e-04
-4.626317e-04
-4.697914e-04
-4.942474e-04
-5.045570e-04
-5.134254e-04
-5.244760e-04
-5.346155e-04
-5.495381e-04
-5.613650e-04
-5.779692e-04
-6.062938e-04
-6.106434e-04
-6.192254e-04
-6.367985e-04
-6.577822e-04
-6.615588e-04
-6.752527e-04
-7.063177e-04
-7.230986e-04
-7.369030e-04
-7.549779e-04
-7.731535e-04
-7.803451e-04
-8.009032e-04
-8.212008e-04
-8.569382e-04
-8.769786e-04
-9.312621e-04
