1.280759e+05
6.088543e+03
2.995521e+03
2.880927e+03
1.952990e+03
1.527783e+03
1.286241e+03
1.071685e+03
8.611115e+02
6.811651e+02
5.947386e+02
5.046019e+02
3.088571e+02
2.864870e+02
2.453593e+02
2.202657e+02
1.898323e+02
1.745802e+02
1.492842e+02
1.348233e+02
1.114953e+02
1.073032e+02
1.016081e+02
8.896841e+01
7.648776e+01
7.211647e+01
6.732315e+01
5.741405e+01
5.447676e+01
4.910265e+01
4.771573e+01
4.542093e+01
4.320627e+01
4.063766e+01
3.458481e+01
3.171142e+01
3.113572e+01
3.080301e+01
2.934056e+01
2.676887e+01
2.577336e+01
2.022328e+01
1.934496e+01
1.854996e+01
1.687199e+01
1.519239e+01
1.446388e+01
1.356939e+01
1.259568e+01
1.212199e+01
1.128354e+01
1.033260e+01
1.028679e+01
9.716411e+00
9.295250e+00
8.423547e+00
7.854413e+00
7.522093e+00
6.107366e+00
6.019039e+00
5.581990e+00
5.010207e+00
4.372127e+00
4.316697e+00
4.077953e+00
3.644190e+00
3.412454e+00
3.299649e+00
2.989735e+00
2.855030e+00
2.726410e+00
2.552644e+00
2.391353e+00
2.239528e+00
2.031986e+00
1.816233e+00
1.798285e+00
1.681497e+00
1.514075e+00
1.462487e+00
1.329346e+00
1.294658e+00
1.171563e+00
1.049816e+00
1.023449e+00
9.922306e-01
9.573681e-01
8.749439e-01
8.089227e-01
7.508203e-01
6.921113e-01
6.879409e-01
6.280310e-01
6.042253e-01
5.675570e-01
5.256772e-01
4.779627e-01
4.411972e-01
4.257799e-01
4.103003e-01
3.385509e-01
3.286296e-01
2.977334e-01
2.759026e-01
2.729208e-01
2.609453e-01
2.448075e-01
2.339575e-01
2.117271e-01
2.058762e-01
1.865816e-01
1.787328e-01
1.685004e-01
1.577782e-01
1.563493e-01
1.438926e-01
1.238095e-01
1.149151e-01
1.062156e-01
9.485994e-02
9.147462e-02
8.862498e-02
7.788492e-02
7.273391e-02
6.864500e-02
6.471016e-02
6.081196e-02
5.353751e-02
5.076662e-02
4.483188e-02
4.009895e-02
3.937722e-02
3.787221e-02
3.533266e-02
3.214116e-02
3.166576e-02
2.978048e-02
2.841443e-02
2.748606e-02
2.627616e-02
2.484750e-02
2.139614e-02
1.930951e-02
1.742350e-02
1.719652e-02
1.647755e-02
1.454298e-02
1.316561e-02
1.272612e-02
1.099385e-02
1.040155e-02
9.897029e-03
9.606510e-03
9.267374e-03
8.743060e-03
7.863057e-03
7.360880e-03
7.107986e-03
6.577583e-03
5.883539e-03
5.633397e-03
5.520119e-03
5.257444e-03
4.724301e-03
4.599296e-03
4.448655e-03
3.985045e-03
3.224583e-03
3.070652e-03
2.882374e-03
2.538401e-03
2.421586e-03
2.293335e-03
2.224564e-03
2.066825e-03
1.954561e-03
1.853444e-03
1.775888e-03
1.713418e-03
1.607250e-03
1.597497e-03
1.582706e-03
1.537089e-03
1.444045e-03
1.429945e-03
1.424641e-03
1.408315e-03
1.356608e-03
1.319036e-03
1.313918e-03
1.276854e-03
1.266478e-03
1.247855e-03
1.239247e-03
1.197749e-03
1.191844e-03
1.183514e-03
1.162567e-03
1.139041e-03
1.112823e-03
1.109678e-03
1.083280e-03
1.078177e-03
1.066930e-03
1.048952e-03
1.043050e-03
1.011394e-03
1.001165e-03
9.893705e-04
9.756456e-04
9.602594e-04
9.558729e-04
9.493919e-04
9.312202e-04
9.252615e-04
9.003414e-04
8.908436e-04
8.761221e-04
8.748162e-04
8.579713e-04
8.482630e-04
8.380215e-04
8.348514e-04
8.297743e-04
8.088680e-04
8.024548e-04
7.931088e-04
7.678670e-04
7.568470e-04
7.482229e-04
7.389439e-04
7.360885e-04
7.117031e-04
7.091217e-04
6.949738e-04
6.798993e-04
6.759239e-04
6.676809e-04
6.623253e-04
6.545000e-04
6.458808e-04
6.373497e-04
6.256248e-04
6.213480e-04
6.165723e-04
5.899284e-04
5.820020e-04
5.747442e-04
5.614250e-04
5.530594e-04
5.457112e-04
5.322308e-04
5.100988e-04
5.036089e-04
4.998747e-04
4.934021e-04
4.826449e-04
4.656278e-04
4.600458e-04
4.519489e-04
4.403779e-04
4.345172e-04
4.297924e-04
4.146481e-04
4.066071e-04
3.918844e-04
3.836994e-04
3.736365e-04
3.676138e-04
3.656295e-04
3.515095e-04
3.383323e-04
3.336292e-04
3.285183e-04
3.209725e-04
3.086382e-04
2.962744e-04
2.880621e-04
2.727141e-04
2.689167e-04
2.623753e-04
2.395824e-04
2.321424e-04
2.217881e-04
2.185395e-04
2.087023e-04
1.993776e-04
1.938164e-04
1.828787e-04
1.690724e-04
1.662756e-04
1.614892e-04
1.453422e-04
1.421502e-04
1.407953e-04
1.208996e-04
1.091216e-04
9.809635e-05
8.889018e-05
8.195922e-05
6.918416e-05
6.271381e-05
5.484131e-05
5.280364e-05
2.215799e-05
1.761189e-05
9.094865e-06
-1.110500e-06
-7.887759e-06
-2.149605e-05
-2.763484e-05
-3.428418e-05
-3.630513e-05
-5.245671e-05
-5.701324e-05
-6.966150e-05
-7.402397e-05
-8.424344e-05
-9.659628e-05
-1.020384e-04
-1.084725e-04
-1.248783e-04
-1.321258e-04
-1.516853e-04
-1.540588e-04
-1.629081e-04
-1.696246e-04
-1.887263e-04
-2.000592e-04
-2.134310e-04
-2.278134e-04
-2.349654e-04
-2.368160e-04
-2.522732e-04
-2.591296e-04
-2.676523e-04
-2.709087e-04
-2.865658e-04
-2.979468e-04
-3.100740e-04
-3.132415e-04
-3.415044e-04
-3.440217e-04
-3.572090e-04
-3.694184e-04
-3.745298e-04
-3.906434e-04
-3.936568e-04
-3.981460e-04
-4.081196e-04
-4.263559e-04
-4.366074e-04
-4.524753e-04
-4.646963e-04
-4.690600e-04
-4.839450e-04
-4.912140e-04
-5.061195e-04
-5.202187e-04
-5.288757e-04
-5.589391e-04
-5.601366e-04
-5.794629e-04
-5.842152e-04
-5.953168e-04
-6.008171e-04
-6.360828e-04
-6.420425e-04
-6.559823e-04
-6.695269e-04
-6.827536e-04
-6.897037e-04
-7.205191e-04
-7.344186e-04
-7.651204e-04
-7.840647e-04
-8.020810e-04
-8.147211e-04
-8.218318e-04
-8.606652e-04
-8.708676e-04
-9.054870e-04
-9.228371e-04
-9.322448e-04
