6.310906e+05
2.990066e+05
1.890635e+05
1.604808e+05
1.365362e+05
1.226790e+05
1.076736e+05
1.013972e+05
7.737647e+04
7.467384e+04
7.198970e+04
6.928586e+04
5.694449e+04
5.329935e+04
4.507989e+04
4.055762e+04
3.534212e+04
2.892119e+04
2.250126e+04
1.665388e+04
1.352238e+04
1.142733e+04
9.698236e+03
9.014435e+03
8.356524e+03
7.382531e+03
6.058437e+03
4.976466e+03
4.847981e+03
4.085461e+03
3.746606e+03
3.058201e+03
2.609894e+03
2.373129e+03
1.755282e+03
1.506450e+03
1.373936e+03
1.227647e+03
7.436814e+02
6.693844e+02
5.884466e+02
5.052918e+02
4.717522e+02
3.314043e+02
3.049783e+02
2.830470e+02
2.248779e+02
2.006243e+02
1.792041e+02
1.444045e+02
1.193614e+02
8.752734e+01
7.147443e+01
6.905752e+01
6.356844e+01
5.014372e+01
4.075444e+01
3.981589e+01
3.197043e+01
2.711341e+01
1.839136e+01
1.560899e+01
1.365003e+01
1.144872e+01
9.167070e+00
6.948441e+00
6.039759e+00
5.451998e+00
4.077242e+00
3.097607e+00
2.894328e+00
2.131347e+00
1.968378e+00
1.841831e+00
1.449716e+00
1.357784e+00
9.431291e-01
4.643906e-01
3.950350e-01
3.558966e-01
3.391520e-01
3.197113e-01
2.146845e-01
1.509105e-01
1.504232e-01
1.317710e-01
1.238639e-01
9.614836e-02
8.783457e-02
7.648729e-02
6.662355e-02
6.076393e-02
5.949992e-02
5.623407e-02
5.207327e-02
4.796452e-02
4.672359e-02
4.557661e-02
4.119546e-02
3.991858e-02
3.847328e-02
3.667744e-02
3.343546e-02
3.040808e-02
2.966570e-02
2.925616e-02
2.781890e-02
2.733400e-02
2.711183e-02
2.622547e-02
2.485004e-02
2.433101e-02
2.258136e-02
2.193079e-02
2.100293e-02
2.065199e-02
2.059112e-02
1.948821e-02
1.887796e-02
1.733337e-02
1.660232e-02
1.626517e-02
1.507069e-02
1.387779e-02
1.384138e-02
1.322859e-02
1.229187e-02
8.560389e-03
