1.068892e+10
6.934534e+08
2.318362e+08
1.088101e+08
9.301259e+07
7.252338e+07
4.617232e+07
4.358126e+07
3.269420e+07
3.125483e+07
2.223401e+07
2.146851e+07
1.989415e+07
1.468776e+07
1.285634e+07
1.246824e+07
1.161745e+07
1.023134e+07
7.798958e+06
7.355171e+06
6.839640e+06
6.118434e+06
4.775206e+06
4.702994e+06
4.153823e+06
3.642598e+06
3.259500e+06
3.195098e+06
2.907736e+06
2.488058e+06
2.451250e+06
2.326931e+06
1.800121e+06
1.671980e+06
1.501184e+06
1.426868e+06
1.292653e+06
1.196605e+06
1.124840e+06
9.616496e+05
9.077175e+05
8.267477e+05
7.278552e+05
6.782946e+05
6.154516e+05
6.019111e+05
5.488183e+05
4.798013e+05
4.505372e+05
3.992247e+05
3.823004e+05
3.674893e+05
3.336393e+05
2.866527e+05
2.420818e+05
2.049119e+05
2.006661e+05
1.672432e+05
1.561999e+05
1.248361e+05
9.915737e+04
9.309095e+04
8.223948e+04
6.450274e+04
6.002925e+04
5.401922e+04
4.518232e+04
3.701502e+04
3.090692e+04
2.075402e+04
1.906702e+04
1.772917e+04
1.450423e+04
1.180382e+04
8.473740e+03
6.487357e+03
6.230944e+03
3.905975e+03
3.073191e+03
2.312331e+03
2.219833e+03
1.519565e+03
1.187634e+03
9.399880e+02
5.805492e+02
4.796915e+02
3.622371e+02
3.246451e+02
1.751532e+02
1.343543e+02
7.052661e+01
6.345361e+01
2.940371e+01
2.580122e+01
2.129361e+01
1.799437e+01
1.004775e+01
8.374847e+00
5.772859e+00
4.807744e+00
3.388063e+00
2.427801e+00
1.467838e+00
1.076474e+00
8.914606e-01
6.981986e-01
5.315703e-01
4.991505e-01
4.378844e-01
3.721949e-01
3.647525e-01
2.921457e-01
2.630209e-01
2.407226e-01
2.185695e-01
1.758967e-01
1.541616e-01
1.213081e-01
1.039291e-01
7.251408e-02
5.144556e-02
2.440236e-02
-1.335873e-02
-2.614596e-02
-8.157392e-02
-1.002934e-01
-2.307031e-01
-4.060047e-01
