2.752098e+10
1.685211e+10
7.172534e+09
5.082594e+09
3.965656e+09
3.480749e+09
3.421374e+09
3.144567e+09
2.499373e+09
2.400062e+09
2.388658e+09
2.117687e+09
2.072267e+09
1.930695e+09
1.919917e+09
1.870625e+09
1.708569e+09
1.653827e+09
1.606383e+09
1.550173e+09
1.513026e+09
1.451785e+09
1.409749e+09
1.368523e+09
1.288623e+09
1.238384e+09
1.157313e+09
1.143927e+09
1.090651e+09
1.033566e+09
1.015913e+09
9.915452e+08
9.502580e+08
9.326195e+08
8.852054e+08
8.524057e+08
8.055894e+08
7.942434e+08
7.829462e+08
7.513322e+08
7.252422e+08
7.122586e+08
6.905022e+08
6.773226e+08
6.719362e+08
6.333590e+08
6.091190e+08
6.080935e+08
5.940622e+08
5.854166e+08
5.560301e+08
5.520945e+08
5.309465e+08
5.249414e+08
4.975507e+08
4.887089e+08
4.731434e+08
4.673055e+08
4.566660e+08
4.472781e+08
4.396027e+08
4.267254e+08
4.128386e+08
3.937916e+08
3.930898e+08
3.880334e+08
3.701258e+08
3.554320e+08
3.550996e+08
3.393259e+08
3.365515e+08
3.275875e+08
3.183289e+08
3.097712e+08
3.057844e+08
2.934233e+08
2.833844e+08
2.768751e+08
2.681433e+08
2.641087e+08
2.604795e+08
2.538461e+08
2.485013e+08
2.470359e+08
2.312534e+08
2.298292e+08
2.225555e+08
2.119351e+08
2.081311e+08
2.061381e+08
1.988456e+08
1.939109e+08
1.867205e+08
1.838311e+08
1.800045e+08
1.767015e+08
1.635553e+08
1.623303e+08
1.580139e+08
1.552216e+08
1.435754e+08
1.374569e+08
1.330404e+08
1.269163e+08
1.197818e+08
1.149178e+08
1.106441e+08
1.046686e+08
9.884147e+07
9.578054e+07
8.981366e+07
8.428697e+07
7.913412e+07
7.706773e+07
7.154635e+07
6.623064e+07
6.364208e+07
6.214705e+07
5.697000e+07
5.115256e+07
4.269721e+07
4.110775e+07
3.420612e+07
3.051254e+07
2.302544e+07
1.169797e+07
6.345728e+06
3.501560e+06
