3.128562e+10
1.643919e+10
6.520333e+09
4.951554e+09
4.399633e+09
3.818152e+09
3.478469e+09
3.168850e+09
3.009181e+09
2.649471e+09
2.486061e+09
2.317147e+09
2.179839e+09
2.103763e+09
1.947137e+09
1.823266e+09
1.664067e+09
1.559277e+09
1.531733e+09
1.428293e+09
1.382291e+09
1.362217e+09
1.268946e+09
1.228352e+09
1.211155e+09
1.158298e+09
1.115277e+09
1.071541e+09
1.045522e+09
1.006523e+09
9.860726e+08
9.414668e+08
9.196292e+08
8.922672e+08
8.744722e+08
8.456156e+08
8.259684e+08
8.192689e+08
7.928719e+08
7.583941e+08
7.225566e+08
7.151756e+08
7.060842e+08
6.965967e+08
6.667935e+08
6.624543e+08
6.511420e+08
6.403603e+08
6.196726e+08
5.914977e+08
5.767569e+08
5.590936e+08
5.478893e+08
5.327948e+08
5.217211e+08
4.906089e+08
4.841017e+08
4.655863e+08
4.586678e+08
4.546291e+08
4.416385e+08
4.273735e+08
4.255972e+08
4.047819e+08
3.811610e+08
3.730713e+08
3.652332e+08
3.534510e+08
3.521869e+08
3.392603e+08
3.272148e+08
3.212614e+08
3.139700e+08
3.075802e+08
3.027387e+08
2.980640e+08
2.962579e+08
2.784880e+08
2.782376e+08
2.664316e+08
2.600771e+08
2.526990e+08
2.421924e+08
2.399656e+08
2.329662e+08
2.194223e+08
2.114958e+08
2.076679e+08
2.069459e+08
2.019695e+08
1.995076e+08
1.953293e+08
1.900356e+08
1.794368e+08
1.667134e+08
1.642339e+08
1.569404e+08
1.546301e+08
1.516658e+08
1.433552e+08
1.399745e+08
1.288265e+08
1.252123e+08
1.234288e+08
1.211768e+08
1.125141e+08
1.091172e+08
1.047730e+08
1.027250e+08
1.012711e+08
9.575467e+07
8.923734e+07
8.392723e+07
7.140588e+07
6.772670e+07
6.432929e+07
5.235184e+07
4.085194e+07
3.149995e+07
2.830927e+07
2.716604e+07
2.477912e+07
1.854670e+07
1.299213e+07
1.038804e+07
6.849812e+06
4.789604e+06
2.520649e+06
