8.898399e+04
3.664692e+03
2.518750e+03
1.841159e+03
1.038943e+03
7.798536e+02
4.793416e+02
4.322676e+02
3.142408e+02
2.639344e+02
2.519518e+02
1.964419e+02
1.800454e+02
1.725935e+02
1.668035e+02
1.593764e+02
1.408791e+02
1.323728e+02
1.199163e+02
1.093589e+02
1.011330e+02
9.681681e+01
8.844321e+01
7.571257e+01
7.335620e+01
6.952587e+01
6.611214e+01
6.030363e+01
5.716379e+01
5.529940e+01
5.409487e+01
4.843801e+01
4.285405e+01
4.019703e+01
3.967564e+01
3.763964e+01
3.681979e+01
3.419060e+01
3.256412e+01
2.894992e+01
2.691453e+01
2.509212e+01
2.395109e+01
2.205157e+01
2.186528e+01
2.073394e+01
1.923783e+01
1.779449e+01
1.589312e+01
1.442641e+01
1.370373e+01
1.346408e+01
1.271643e+01
1.226745e+01
1.079444e+01
1.031435e+01
9.920110e+00
9.182545e+00
8.510819e+00
7.515157e+00
6.811446e+00
6.445044e+00
5.905982e+00
5.488752e+00
5.209601e+00
5.040854e+00
4.536014e+00
4.414488e+00
4.096176e+00
3.876596e+00
3.365019e+00
3.079706e+00
2.832891e+00
2.731894e+00
2.374027e+00
2.318175e+00
2.134484e+00
1.914438e+00
1.800238e+00
1.656320e+00
1.629605e+00
1.446337e+00
1.385469e+00
1.316510e+00
1.277862e+00
1.199254e+00
1.185809e+00
1.138496e+00
1.053155e+00
1.001087e+00
9.697247e-01
8.630160e-01
8.284255e-01
7.708206e-01
7.213662e-01
6.725920e-01
6.506793e-01
5.796171e-01
5.645664e-01
5.245470e-01
5.051042e-01
4.530250e-01
4.025569e-01
3.973979e-01
3.646060e-01
3.505316e-01
3.329124e-01
3.066292e-01
2.947687e-01
2.863382e-01
2.675869e-01
2.523891e-01
2.387217e-01
2.302994e-01
2.152810e-01
1.960207e-01
1.768348e-01
1.672893e-01
1.535656e-01
1.440448e-01
1.436309e-01
1.368922e-01
1.315274e-01
1.252552e-01
1.169684e-01
1.100754e-01
1.049657e-01
9.771112e-02
9.601076e-02
7.727598e-02
7.356028e-02
7.040294e-02
6.776299e-02
6.597251e-02
6.012773e-02
5.640181e-02
5.431172e-02
5.140230e-02
4.943265e-02
4.599785e-02
4.033151e-02
3.926892e-02
3.785810e-02
3.647054e-02
3.367145e-02
3.219534e-02
3.153367e-02
2.904278e-02
2.647778e-02
2.580337e-02
2.472095e-02
2.292351e-02
2.159537e-02
2.082424e-02
2.035097e-02
1.968683e-02
1.878178e-02
1.742774e-02
1.602191e-02
1.467247e-02
1.347490e-02
1.327929e-02
1.245618e-02
1.204615e-02
1.126710e-02
1.108679e-02
1.037640e-02
1.028061e-02
9.417209e-03
8.882348e-03
8.525277e-03
8.039214e-03
7.132282e-03
6.591669e-03
6.407493e-03
6.294468e-03
5.342938e-03
4.956317e-03
4.617888e-03
4.387437e-03
4.250637e-03
3.942178e-03
3.918603e-03
3.670262e-03
3.322592e-03
3.054560e-03
2.831126e-03
2.685791e-03
2.571848e-03
2.511228e-03
2.451740e-03
2.409454e-03
2.334960e-03
2.305354e-03
2.116008e-03
2.091128e-03
2.013850e-03
1.843821e-03
1.769747e-03
1.723640e-03
1.659445e-03
1.591114e-03
1.565375e-03
1.536522e-03
1.478811e-03
1.459454e-03
1.359368e-03
1.350402e-03
1.304843e-03
1.285904e-03
1.219450e-03
1.213051e-03
1.193236e-03
1.146699e-03
1.134360e-03
1.120920e-03
1.102957e-03
1.090769e-03
1.085611e-03
1.069259e-03
1.050500e-03
1.035904e-03
1.025174e-03
1.007673e-03
9.921507e-04
9.890572e-04
9.782477e-04
9.745940e-04
9.535823e-04
9.320469e-04
9.105512e-04
9.004467e-04
8.876240e-04
8.848368e-04
8.650922e-04
8.624096e-04
8.516463e-04
8.414560e-04
8.059458e-04
7.959189e-04
7.888828e-04
7.824764e-04
7.661405e-04
7.586828e-04
7.485173e-04
7.357950e-04
7.270804e-04
7.165786e-04
7.121604e-04
7.058902e-04
6.914460e-04
6.855205e-04
6.583761e-04
6.535816e-04
6.277390e-04
6.199685e-04
6.181422e-04
6.037800e-04
5.999359e-04
5.872011e-04
5.848886e-04
5.730811e-04
5.577832e-04
5.412524e-04
5.375209e-04
5.326871e-04
5.150824e-04
5.063628e-04
5.009078e-04
4.859486e-04
4.797257e-04
4.769489e-04
4.659258e-04
4.598365e-04
4.521663e-04
4.460078e-04
4.283105e-04
4.195776e-04
4.132961e-04
4.030577e-04
3.916026e-04
3.818188e-04
3.724814e-04
3.657697e-04
3.594768e-04
3.502132e-04
3.325676e-04
3.277392e-04
3.221272e-04
3.108396e-04
3.070142e-04
2.854670e-04
2.791051e-04
2.658166e-04
2.551314e-04
2.529888e-04
2.473246e-04
2.320312e-04
2.254495e-04
2.151045e-04
2.091030e-04
1.911098e-04
1.848293e-04
1.801516e-04
1.614852e-04
1.505377e-04
1.457749e-04
1.414142e-04
1.275036e-04
1.144905e-04
1.106092e-04
9.309594e-05
8.552204e-05
7.128769e-05
6.852121e-05
6.329693e-05
4.714889e-05
3.885006e-05
2.317441e-05
1.335434e-05
9.267839e-06
2.588025e-06
1.797926e-13
9.488120e-14
2.808004e-14
-3.722958e-15
-4.241335e-14
-7.263906e-14
-1.483526e-13
-1.751142e-13
-5.983644e-06
-1.179610e-05
-2.310436e-05
-3.027602e-05
-3.443044e-05
-5.006962e-05
-6.934750e-05
-7.264705e-05
-7.862668e-05
-8.951779e-05
-1.034565e-04
-1.080867e-04
-1.201320e-04
-1.314280e-04
-1.386546e-04
-1.424551e-04
-1.600776e-04
-1.634752e-04
-1.679572e-04
-1.787345e-04
-1.893598e-04
-2.155760e-04
-2.283180e-04
-2.349835e-04
-2.419568e-04
-2.543203e-04
-2.651285e-04
-2.733949e-04
-2.857095e-04
-2.868459e-04
-2.948164e-04
-3.002720e-04
-3.176089e-04
-3.242546e-04
-3.279291e-04
-3.556204e-04
-3.740973e-04
-3.845023e-04
-3.890298e-04
-4.086539e-04
-4.317755e-04
-4.423144e-04
-4.581783e-04
-4.777555e-04
-5.000009e-04
-5.043077e-04
-5.300445e-04
-5.445425e-04
-5.715474e-04
-5.780171e-04
-5.964784e-04
-6.110508e-04
-6.377170e-04
-6.647962e-04
