1.281621e+05
6.398049e+03
3.101091e+03
2.761927e+03
1.937775e+03
1.514748e+03
1.476043e+03
1.105725e+03
8.363814e+02
6.586891e+02
6.318405e+02
4.619974e+02
2.740594e+02
2.662408e+02
2.393520e+02
1.926373e+02
1.676631e+02
1.627108e+02
1.363765e+02
1.125981e+02
1.030182e+02
9.644696e+01
8.867169e+01
8.385036e+01
7.484837e+01
7.398770e+01
6.301166e+01
6.092378e+01
5.279723e+01
5.070118e+01
4.680638e+01
4.388692e+01
4.079253e+01
3.843426e+01
3.361499e+01
3.239154e+01
3.081479e+01
2.974885e+01
2.749101e+01
2.614162e+01
2.462137e+01
2.336812e+01
2.170952e+01
2.040305e+01
1.775349e+01
1.459677e+01
1.398071e+01
1.360701e+01
1.355539e+01
1.236097e+01
1.154442e+01
1.137966e+01
1.032466e+01
9.534402e+00
8.995206e+00
7.651723e+00
7.369267e+00
6.711830e+00
6.206926e+00
6.029483e+00
5.356249e+00
5.238337e+00
4.978907e+00
4.522099e+00
4.099467e+00
3.675586e+00
3.592872e+00
3.264822e+00
3.063433e+00
2.712964e+00
2.327214e+00
2.197821e+00
2.127819e+00
2.046219e+00
1.967378e+00
1.769844e+00
1.736585e+00
1.605019e+00
1.427004e+00
1.378563e+00
1.300988e+00
1.217041e+00
1.051466e+00
9.741008e-01
9.030911e-01
8.070414e-01
7.945054e-01
7.508122e-01
7.162021e-01
6.557302e-01
5.882735e-01
5.596054e-01
5.197631e-01
5.019273e-01
4.923197e-01
4.637675e-01
4.280183e-01
3.980414e-01
3.800693e-01
3.532032e-01
3.257742e-01
2.807947e-01
2.774757e-01
2.600546e-01
2.383780e-01
2.264711e-01
2.175942e-01
1.939698e-01
1.805866e-01
1.764384e-01
1.656187e-01
1.556544e-01
1.430831e-01
1.320785e-01
1.217247e-01
1.170373e-01
1.087145e-01
1.029200e-01
9.659549e-02
9.224922e-02
8.430985e-02
7.953314e-02
7.445926e-02
7.148433e-02
6.802645e-02
6.194806e-02
5.881594e-02
5.601781e-02
4.990391e-02
4.580371e-02
4.305248e-02
3.919955e-02
3.513116e-02
3.229168e-02
2.983257e-02
2.772366e-02
2.511789e-02
2.456215e-02
2.339686e-02
2.316262e-02
2.137536e-02
1.698987e-02
1.613107e-02
1.528138e-02
1.511866e-02
1.387632e-02
1.281265e-02
1.184508e-02
1.105806e-02
1.037173e-02
9.837791e-03
9.285216e-03
8.608809e-03
7.999979e-03
6.961688e-03
6.765898e-03
6.369940e-03
6.073014e-03
5.734073e-03
5.277458e-03
5.009837e-03
4.901148e-03
4.412333e-03
3.765040e-03
3.532287e-03
3.310357e-03
3.083967e-03
2.927122e-03
2.707142e-03
2.470465e-03
2.290537e-03
2.074203e-03
1.978651e-03
1.964286e-03
1.881095e-03
1.790115e-03
1.720889e-03
1.689072e-03
1.568092e-03
1.539557e-03
1.496782e-03
1.460692e-03
1.451346e-03
1.400072e-03
1.377248e-03
1.364784e-03
1.329601e-03
1.284877e-03
1.268473e-03
1.245047e-03
1.224338e-03
1.214841e-03
1.210365e-03
1.188019e-03
1.168632e-03
1.140321e-03
1.122735e-03
1.105595e-03
1.102953e-03
1.077131e-03
1.071578e-03
1.062611e-03
1.043646e-03
1.034899e-03
1.019108e-03
9.969161e-04
9.884477e-04
9.863587e-04
9.638164e-04
9.500190e-04
9.384130e-04
9.253841e-04
9.178956e-04
8.872327e-04
8.804820e-04
8.631225e-04
8.557745e-04
8.414724e-04
8.387761e-04
8.215674e-04
8.037714e-04
8.033694e-04
7.961789e-04
7.769124e-04
7.678256e-04
7.559354e-04
7.373889e-04
7.312019e-04
7.239713e-04
7.163011e-04
6.953276e-04
6.923210e-04
6.845825e-04
6.785620e-04
6.699844e-04
6.585844e-04
6.575690e-04
6.438357e-04
6.217309e-04
6.155109e-04
6.002330e-04
5.961132e-04
5.803223e-04
5.698661e-04
5.614141e-04
5.583473e-04
5.482693e-04
5.480444e-04
5.220420e-04
5.173616e-04
5.053229e-04
4.982528e-04
4.821874e-04
4.775544e-04
4.693174e-04
4.543819e-04
4.483367e-04
4.355985e-04
4.231007e-04
4.139862e-04
4.033635e-04
3.947493e-04
3.896398e-04
3.799586e-04
3.748413e-04
3.738821e-04
3.636300e-04
3.406796e-04
3.338866e-04
3.157147e-04
3.092539e-04
2.924408e-04
2.797100e-04
2.755600e-04
2.659760e-04
2.593737e-04
2.476770e-04
2.419915e-04
2.293216e-04
2.155902e-04
2.094419e-04
2.015455e-04
1.959673e-04
1.878653e-04
1.790317e-04
1.720614e-04
1.633524e-04
1.455022e-04
1.347239e-04
1.345516e-04
1.251490e-04
1.118104e-04
1.093237e-04
1.017605e-04
9.702901e-05
8.518124e-05
8.031071e-05
6.512884e-05
5.505225e-05
5.207702e-05
3.441880e-05
3.188015e-05
2.581182e-05
1.915207e-05
1.305285e-05
-4.414364e-06
-7.040815e-06
-2.223765e-05
-2.569173e-05
-3.733036e-05
-4.552631e-05
-5.553817e-05
-6.972613e-05
-7.271758e-05
-8.547690e-05
-9.510168e-05
-1.018771e-04
-1.137182e-04
-1.227992e-04
-1.316509e-04
-1.428363e-04
-1.536011e-04
-1.596850e-04
-1.718904e-04
-1.810973e-04
-1.942928e-04
-1.978157e-04
-2.059491e-04
-2.125179e-04
-2.274730e-04
-2.319324e-04
-2.465682e-04
-2.597952e-04
-2.655608e-04
-2.747908e-04
-2.808251e-04
-2.964941e-04
-3.059794e-04
-3.149862e-04
-3.195239e-04
-3.287969e-04
-3.520546e-04
-3.557793e-04
-3.606963e-04
-3.759913e-04
-3.873311e-04
-3.979521e-04
-4.034816e-04
-4.134755e-04
-4.252625e-04
-4.330459e-04
-4.500318e-04
-4.603503e-04
-4.723496e-04
-4.848565e-04
-4.882699e-04
-5.050625e-04
-5.170548e-04
-5.230557e-04
-5.346230e-04
-5.490609e-04
-5.530042e-04
-5.720890e-04
-5.914706e-04
-6.110723e-04
-6.132384e-04
-6.341417e-04
-6.493824e-04
-6.600912e-04
-6.866857e-04
-7.000805e-04
-7.067501e-04
-7.173815e-04
-7.362234e-04
-7.533664e-04
-7.612127e-04
-7.797656e-04
-8.062762e-04
-8.248342e-04
-8.453283e-04
-8.731387e-04
-8.839423e-04
-9.125204e-04
-9.364257e-04
