8.743219e+04
3.485811e+03
2.405946e+03
1.693042e+03
1.021829e+03
7.866105e+02
5.003136e+02
4.258166e+02
3.039441e+02
2.798695e+02
2.448444e+02
2.171629e+02
1.823444e+02
1.767347e+02
1.686356e+02
1.545371e+02
1.510391e+02
1.329473e+02
1.206010e+02
1.084013e+02
9.248425e+01
9.116932e+01
8.816524e+01
8.748703e+01
7.985940e+01
7.532136e+01
7.141487e+01
6.680724e+01
6.365462e+01
5.916314e+01
5.428091e+01
5.346819e+01
4.821197e+01
4.642182e+01
4.293018e+01
3.917329e+01
3.583588e+01
3.336137e+01
3.151138e+01
3.084194e+01
2.724296e+01
2.618945e+01
2.552094e+01
2.365356e+01
2.188287e+01
2.038804e+01
1.997438e+01
1.848749e+01
1.635213e+01
1.612849e+01
1.469021e+01
1.325373e+01
1.283103e+01
1.190501e+01
1.157267e+01
1.018913e+01
9.664783e+00
8.770717e+00
8.536538e+00
7.770454e+00
7.269888e+00
7.115488e+00
6.226473e+00
5.784193e+00
5.335212e+00
5.128629e+00
4.679424e+00
4.262775e+00
3.852842e+00
3.720300e+00
3.504759e+00
3.118777e+00
2.730195e+00
2.621896e+00
2.424850e+00
2.319377e+00
2.092224e+00
1.905898e+00
1.802585e+00
1.745552e+00
1.579664e+00
1.526224e+00
1.482978e+00
1.398865e+00
1.300879e+00
1.234559e+00
1.117591e+00
1.083024e+00
9.903545e-01
9.593009e-01
8.897365e-01
8.611422e-01
8.291099e-01
8.018779e-01
6.809629e-01
6.535082e-01
6.127378e-01
5.813061e-01
5.457519e-01
5.368537e-01
5.181944e-01
4.614155e-01
4.385131e-01
4.122840e-01
3.930834e-01
3.671872e-01
3.574208e-01
3.336712e-01
3.197041e-01
3.142163e-01
3.025827e-01
2.656107e-01
2.574533e-01
2.402602e-01
2.277381e-01
2.161203e-01
2.034224e-01
1.927569e-01
1.820512e-01
1.769768e-01
1.713844e-01
1.488715e-01
1.440698e-01
1.330367e-01
1.213494e-01
1.181237e-01
1.046434e-01
1.019095e-01
9.421524e-02
8.732786e-02
8.333387e-02
8.075117e-02
7.658208e-02
7.162021e-02
6.879788e-02
6.300293e-02
6.050034e-02
5.767493e-02
5.718308e-02
5.279421e-02
5.175229e-02
4.927339e-02
4.528327e-02
4.251311e-02
4.201618e-02
3.662480e-02
3.524881e-02
3.411527e-02
3.262397e-02
3.109656e-02
3.092499e-02
2.948776e-02
2.844496e-02
2.643377e-02
2.569668e-02
2.470106e-02
2.373619e-02
2.169168e-02
1.948084e-02
1.817004e-02
1.699120e-02
1.528131e-02
1.409649e-02
1.293229e-02
1.200236e-02
1.162710e-02
1.097244e-02
1.019430e-02
9.911664e-03
9.336356e-03
8.940550e-03
8.413127e-03
8.172304e-03
7.382304e-03
6.786845e-03
6.502317e-03
5.954637e-03
5.845573e-03
5.614835e-03
5.060087e-03
4.857136e-03
4.318499e-03
4.196401e-03
4.061540e-03
3.886418e-03
3.623016e-03
3.538017e-03
3.435339e-03
3.262107e-03
3.157313e-03
2.879111e-03
2.771446e-03
2.579917e-03
2.381741e-03
2.177338e-03
2.107022e-03
1.978253e-03
1.889271e-03
1.833928e-03
1.795352e-03
1.697380e-03
1.617528e-03
1.607447e-03
1.491518e-03
1.450399e-03
1.428088e-03
1.381799e-03
1.326328e-03
1.306256e-03
1.281801e-03
1.243160e-03
1.213967e-03
1.210587e-03
1.186974e-03
1.158146e-03
1.154084e-03
1.137644e-03
1.112303e-03
1.105157e-03
1.079368e-03
1.068399e-03
1.055544e-03
1.043786e-03
1.036391e-03
1.013360e-03
9.995019e-04
9.967430e-04
9.805918e-04
9.627939e-04
9.574989e-04
9.400083e-04
9.243888e-04
9.032508e-04
8.958629e-04
8.902298e-04
8.661596e-04
8.468780e-04
8.396274e-04
8.376734e-04
8.226007e-04
8.181352e-04
8.034515e-04
7.952621e-04
7.750444e-04
7.649682e-04
7.495895e-04
7.447484e-04
7.389247e-04
7.291629e-04
7.158653e-04
7.124289e-04
6.953339e-04
6.826531e-04
6.702889e-04
6.558821e-04
6.502828e-04
6.443125e-04
6.377196e-04
6.289726e-04
6.058251e-04
5.914881e-04
5.793048e-04
5.692484e-04
5.624801e-04
5.497552e-04
5.423009e-04
5.310404e-04
5.216669e-04
5.096010e-04
5.079300e-04
5.001723e-04
4.812381e-04
4.754434e-04
4.675175e-04
4.637869e-04
4.555179e-04
4.383186e-04
4.262956e-04
4.206248e-04
4.031269e-04
3.997091e-04
3.918735e-04
3.824813e-04
3.680552e-04
3.638043e-04
3.530403e-04
3.464436e-04
3.398844e-04
3.295113e-04
3.201481e-04
3.132889e-04
3.025381e-04
2.870310e-04
2.830112e-04
2.775195e-04
2.740694e-04
2.592336e-04
2.518700e-04
2.404225e-04
2.196542e-04
2.168107e-04
1.958977e-04
1.938083e-04
1.844122e-04
1.780172e-04
1.711036e-04
1.615848e-04
1.551625e-04
1.438233e-04
1.320460e-04
1.264723e-04
1.200564e-04
1.103128e-04
1.059662e-04
1.020852e-04
7.169684e-05
6.214752e-05
5.666116e-05
4.620793e-05
3.655981e-05
3.293359e-05
2.425005e-05
1.225133e-05
4.049405e-06
1.464326e-13
6.330557e-14
3.440293e-14
1.453009e-14
-4.613640e-14
-1.138489e-13
-2.130430e-13
-1.272951e-06
-6.077265e-06
-1.764574e-05
-2.352176e-05
-4.223978e-05
-4.935560e-05
-6.127691e-05
-6.723056e-05
-7.676664e-05
-8.894125e-05
-9.886019e-05
-1.018510e-04
-1.236795e-04
-1.350280e-04
-1.429716e-04
-1.469504e-04
-1.505369e-04
-1.555514e-04
-1.767492e-04
-1.862826e-04
-2.053708e-04
-2.089346e-04
-2.326569e-04
-2.396935e-04
-2.519381e-04
-2.544400e-04
-2.618653e-04
-2.726806e-04
-2.964003e-04
-3.031713e-04
-3.150989e-04
-3.301110e-04
-3.379873e-04
-3.447622e-04
-3.543784e-04
-3.722004e-04
-3.955148e-04
-4.106806e-04
-4.230618e-04
-4.305445e-04
-4.340318e-04
-4.472148e-04
-4.534634e-04
-4.673742e-04
-4.791208e-04
-5.109541e-04
-5.236462e-04
-5.558134e-04
-5.727886e-04
-5.776948e-04
-6.091118e-04
-6.342282e-04
-6.628559e-04
