8.439588e+04
3.387155e+03
2.183954e+03
1.964540e+03
1.197558e+03
8.090961e+02
6.166570e+02
4.382408e+02
3.837604e+02
3.462569e+02
3.048823e+02
2.828467e+02
2.453139e+02
2.221032e+02
2.133696e+02
2.037821e+02
1.892559e+02
1.816796e+02
1.637368e+02
1.543697e+02
1.478820e+02
1.382508e+02
1.307298e+02
1.182255e+02
1.089594e+02
1.064706e+02
9.745792e+01
9.317267e+01
9.045712e+01
8.909258e+01
8.428178e+01
7.655937e+01
7.202689e+01
7.049124e+01
6.701130e+01
6.407368e+01
5.930808e+01
5.590121e+01
5.307610e+01
5.112174e+01
4.807547e+01
4.598703e+01
4.511205e+01
4.124660e+01
4.002436e+01
3.646729e+01
3.514363e+01
3.286428e+01
3.100347e+01
2.979077e+01
2.904567e+01
2.612675e+01
2.399344e+01
2.302273e+01
2.150163e+01
2.035177e+01
1.905474e+01
1.811391e+01
1.747277e+01
1.566078e+01
1.499064e+01
1.448444e+01
1.294183e+01
1.141761e+01
1.132279e+01
1.090481e+01
1.020634e+01
9.234736e+00
8.154491e+00
7.814296e+00
7.284346e+00
6.697253e+00
6.229530e+00
5.581730e+00
5.105801e+00
4.919045e+00
4.691283e+00
4.282925e+00
4.156354e+00
3.879418e+00
3.760597e+00
3.687612e+00
3.534001e+00
3.300466e+00
3.103807e+00
2.851119e+00
2.748194e+00
2.514132e+00
2.469764e+00
2.294970e+00
2.233877e+00
2.089198e+00
1.995611e+00
1.903109e+00
1.844186e+00
1.809895e+00
1.638452e+00
1.604301e+00
1.454352e+00
1.401640e+00
1.359533e+00
1.286191e+00
1.213297e+00
1.163419e+00
1.142424e+00
1.015254e+00
9.750166e-01
8.872209e-01
8.462959e-01
7.977443e-01
7.885606e-01
7.429464e-01
7.078308e-01
6.407843e-01
6.355650e-01
6.274464e-01
5.946298e-01
5.433549e-01
5.318539e-01
5.117328e-01
4.818277e-01
4.629664e-01
4.218517e-01
3.942867e-01
3.636660e-01
3.448548e-01
3.432798e-01
3.080150e-01
3.049814e-01
2.796054e-01
2.598403e-01
2.544588e-01
2.501423e-01
2.233891e-01
2.222320e-01
2.120360e-01
1.879819e-01
1.710041e-01
1.607037e-01
1.585264e-01
1.535039e-01
1.442483e-01
1.408230e-01
1.383119e-01
1.296758e-01
1.237910e-01
1.185490e-01
1.015330e-01
9.923953e-02
9.464791e-02
9.035447e-02
8.784790e-02
8.527890e-02
7.848164e-02
7.692534e-02
7.452607e-02
6.764715e-02
6.474636e-02
6.017684e-02
5.962082e-02
5.716642e-02
5.217359e-02
4.965833e-02
4.948380e-02
4.706394e-02
4.445053e-02
4.144200e-02
3.905109e-02
3.820952e-02
3.687480e-02
3.191924e-02
3.152107e-02
2.854426e-02
2.710020e-02
2.514664e-02
2.440719e-02
2.221742e-02
2.084290e-02
1.974797e-02
1.916895e-02
1.902216e-02
1.864348e-02
1.751778e-02
1.641491e-02
1.593435e-02
1.528249e-02
1.468612e-02
1.438898e-02
1.257438e-02
1.153313e-02
1.079922e-02
1.021087e-02
9.283159e-03
8.631848e-03
8.196770e-03
7.336934e-03
6.987693e-03
6.417397e-03
6.307420e-03
5.747726e-03
5.613721e-03
5.395662e-03
5.143666e-03
4.748207e-03
4.597348e-03
4.457530e-03
4.209450e-03
4.102367e-03
4.030402e-03
3.774810e-03
3.694164e-03
3.324723e-03
3.182372e-03
2.849360e-03
2.751989e-03
2.710452e-03
2.350052e-03
2.199294e-03
2.115766e-03
2.067119e-03
1.929462e-03
1.887433e-03
1.854033e-03
1.775208e-03
1.760455e-03
1.629039e-03
1.573414e-03
1.558577e-03
1.449846e-03
1.393993e-03
1.383633e-03
1.355465e-03
1.310701e-03
1.277552e-03
1.219830e-03
1.197359e-03
1.169369e-03
1.162935e-03
1.139519e-03
1.119113e-03
1.102201e-03
1.090820e-03
1.062663e-03
1.051493e-03
1.031938e-03
1.020570e-03
1.007571e-03
9.945470e-04
9.726386e-04
9.570343e-04
9.475970e-04
9.269497e-04
9.096155e-04
9.063073e-04
8.891338e-04
8.848080e-04
8.560006e-04
8.446039e-04
8.298919e-04
8.267342e-04
8.126373e-04
8.097418e-04
8.036162e-04
7.916431e-04
7.712836e-04
7.644869e-04
7.544895e-04
7.393766e-04
7.298446e-04
7.190779e-04
7.006295e-04
6.925827e-04
6.778883e-04
6.665553e-04
6.615008e-04
6.429777e-04
6.406697e-04
6.321527e-04
6.045239e-04
5.997483e-04
5.911327e-04
5.796715e-04
5.713529e-04
5.684889e-04
5.562465e-04
5.506537e-04
5.441272e-04
5.271949e-04
5.167536e-04
5.045983e-04
5.037170e-04
4.966131e-04
4.851636e-04
4.631585e-04
4.576931e-04
4.568786e-04
4.416304e-04
4.301643e-04
4.151184e-04
4.078535e-04
4.033891e-04
3.931256e-04
3.870440e-04
3.761471e-04
3.729072e-04
3.665765e-04
3.557162e-04
3.445000e-04
3.329393e-04
3.201675e-04
3.169881e-04
3.011697e-04
2.940761e-04
2.863421e-04
2.787435e-04
2.634611e-04
2.507879e-04
2.459291e-04
2.237479e-04
2.169333e-04
2.128832e-04
2.079625e-04
2.039203e-04
1.871698e-04
1.773665e-04
1.722121e-04
1.631037e-04
1.593640e-04
1.365993e-04
1.322934e-04
1.271745e-04
1.228891e-04
1.031332e-04
8.978840e-05
8.260069e-05
7.403250e-05
6.546681e-05
4.934716e-05
3.717341e-05
3.248892e-05
2.142927e-05
9.916181e-06
6.948284e-14
-6.287170e-06
-1.180985e-05
-1.949678e-05
-2.786953e-05
-2.933526e-05
-4.317420e-05
-5.131248e-05
-6.448448e-05
-7.538037e-05
-8.072506e-05
-9.708240e-05
-1.105535e-04
-1.154537e-04
-1.236464e-04
-1.336139e-04
-1.463369e-04
-1.638620e-04
-1.787942e-04
-1.910293e-04
-2.024484e-04
-2.122026e-04
-2.203838e-04
-2.339648e-04
-2.586603e-04
-2.671149e-04
-2.758476e-04
-2.890077e-04
-2.998916e-04
-3.081842e-04
-3.106262e-04
-3.293559e-04
-3.461830e-04
-3.642778e-04
-3.907400e-04
-3.983300e-04
-4.075440e-04
-4.136202e-04
-4.494664e-04
-4.632892e-04
-4.925000e-04
-5.157205e-04
