1.792151e+05
2.338476e+04
4.847082e+03
1.844462e+03
2.095532e+02
2.277025e+01
1.041592e+01
6.194959e+00
1.612419e+00
1.706220e-01
4.932114e-02
3.800057e-02
3.247509e-02
2.842528e-02
2.745684e-02
2.568605e-02
2.495160e-02
2.113332e-02
1.864483e-02
1.830337e-02
1.630483e-02
1.501752e-02
1.423266e-02
1.377776e-02
1.264988e-02
1.227051e-02
1.173200e-02
1.106588e-02
1.075050e-02
1.037541e-02
9.812152e-03
9.526847e-03
9.413589e-03
8.814558e-03
8.467501e-03
7.860095e-03
7.529497e-03
7.489026e-03
7.186050e-03
7.096292e-03
6.846983e-03
6.609559e-03
6.074651e-03
6.051753e-03
5.789789e-03
5.684683e-03
5.441267e-03
5.166520e-03
4.919292e-03
4.722240e-03
4.541328e-03
4.404063e-03
4.338711e-03
4.194513e-03
3.902447e-03
3.740438e-03
3.444413e-03
3.350388e-03
3.194069e-03
3.154085e-03
2.677342e-03
2.564581e-03
2.383978e-03
2.312024e-03
2.153873e-03
2.091435e-03
1.849598e-03
1.730063e-03
1.562961e-03
1.496560e-03
1.413035e-03
1.336613e-03
1.233584e-03
1.164855e-03
1.025693e-03
9.237620e-04
8.638075e-04
7.910584e-04
7.337863e-04
6.687354e-04
5.599503e-04
4.995951e-04
4.281364e-04
3.782349e-04
3.396674e-04
2.600019e-04
1.032379e-04
6.495883e-05
-8.541247e-05
-2.707470e-04
-4.651538e-04
-6.624954e-04
-8.222741e-04
-9.345118e-04
-1.164333e-03
-1.512148e-03
-1.607288e-03
-1.775260e-03
-2.281075e-03
-2.362750e-03
-2.982781e-03
-3.282732e-03
-3.833358e-03
-4.120180e-03
-4.678410e-03
-4.743392e-03
-5.386493e-03
-5.943936e-03
-6.228506e-03
-6.812376e-03
-7.506599e-03
-9.119378e-03
-9.534312e-03
-1.158753e-02
-1.279105e-02
-1.444212e-02
-1.558757e-02
-1.754862e-02
-1.892340e-02
-2.422018e-02
-2.776110e-02
-2.928363e-02
-3.317885e-02
-3.516711e-02
-4.261682e-02
-4.855489e-02
-7.888929e-02
-8.284719e-02
