1.213889e+08
1.885017e+07
3.032954e+06
8.848126e+05
5.781291e+05
3.078973e+05
2.386902e+05
1.041986e+05
2.938012e+04
2.083076e+04
5.020646e+03
1.343067e+03
3.846302e+02
1.882457e+02
8.218999e+01
6.109744e+01
5.285411e+01
4.426979e+01
3.887027e+01
2.919349e+01
2.578002e+01
2.235450e+01
2.052225e+01
1.819192e+01
1.610194e+01
1.524573e+01
1.470060e+01
1.387873e+01
1.231175e+01
1.211787e+01
1.067509e+01
9.770123e+00
9.004057e+00
8.294909e+00
7.908765e+00
7.721205e+00
6.898997e+00
6.754225e+00
6.015899e+00
5.572775e+00
5.349636e+00
4.908717e+00
4.736475e+00
4.525715e+00
4.348980e+00
3.911165e+00
3.649860e+00
3.609380e+00
3.182161e+00
2.723404e+00
2.695330e+00
2.159602e+00
1.889801e+00
1.858565e+00
1.641317e+00
1.478726e+00
1.187718e+00
1.140926e+00
9.278011e-01
8.488765e-01
7.285438e-01
6.635123e-01
5.722231e-01
4.558967e-01
3.747575e-01
3.526515e-01
2.645801e-01
2.316656e-01
1.927552e-01
1.859186e-01
1.436465e-01
1.336075e-01
1.181420e-01
1.009229e-01
8.132131e-02
6.422010e-02
2.810997e-02
1.286636e-02
3.600382e-03
-1.500173e-08
-4.122582e-02
-6.951649e-02
-1.480648e-01
-1.993144e-01
-2.268849e-01
-2.554978e-01
-2.934198e-01
-4.471935e-01
-5.001850e-01
-5.689709e-01
-7.710205e-01
-1.005247e+00
-1.021624e+00
-1.137884e+00
-1.410889e+00
-1.634579e+00
-1.745672e+00
-1.914007e+00
-2.231529e+00
-2.347252e+00
-2.635228e+00
-2.959857e+00
-3.105099e+00
-3.318642e+00
-3.425893e+00
-3.708070e+00
-3.969387e+00
-4.556708e+00
-4.751584e+00
-5.025496e+00
-6.160011e+00
-6.735891e+00
-7.111970e+00
-8.794794e+00
-8.904812e+00
-9.863433e+00
-1.027129e+01
-1.121286e+01
-1.408775e+01
-1.420579e+01
-1.632239e+01
-1.987171e+01
-2.319029e+01
-2.915058e+01
-3.848640e+01
-4.544186e+01
-5.214004e+01
-7.491500e+01
