2.567449e+10
1.312415e+10
5.875079e+09
4.401435e+09
4.155521e+09
3.374727e+09
3.135354e+09
3.055959e+09
2.760054e+09
2.548622e+09
2.447011e+09
2.115541e+09
2.032919e+09
1.921860e+09
1.822473e+09
1.810077e+09
1.702771e+09
1.659439e+09
1.609252e+09
1.526153e+09
1.418082e+09
1.365508e+09
1.326845e+09
1.279374e+09
1.265686e+09
1.249701e+09
1.154713e+09
1.135998e+09
1.086083e+09
1.072794e+09
1.018264e+09
9.646307e+08
9.389433e+08
9.101909e+08
8.828149e+08
8.505318e+08
8.165441e+08
8.013364e+08
7.727852e+08
7.465676e+08
7.345041e+08
7.027733e+08
6.841574e+08
6.758047e+08
6.514748e+08
6.267188e+08
6.127549e+08
6.032963e+08
5.859624e+08
5.731976e+08
5.614582e+08
5.462574e+08
5.321447e+08
5.079237e+08
5.030645e+08
4.845622e+08
4.798435e+08
4.713586e+08
4.683679e+08
4.569708e+08
4.421612e+08
4.308894e+08
4.299456e+08
4.069502e+08
3.958179e+08
3.841107e+08
3.805757e+08
3.629770e+08
3.571592e+08
3.473244e+08
3.407523e+08
3.343477e+08
3.220446e+08
3.188578e+08
3.125264e+08
3.069007e+08
2.895674e+08
2.831900e+08
2.752091e+08
2.733125e+08
2.677677e+08
2.595021e+08
2.547560e+08
2.405451e+08
2.340119e+08
2.305337e+08
2.237064e+08
2.212560e+08
2.148354e+08
2.120152e+08
2.078258e+08
2.001334e+08
1.878844e+08
1.853387e+08
1.827994e+08
1.766908e+08
1.739296e+08
1.658571e+08
1.626865e+08
1.556975e+08
1.496376e+08
1.432466e+08
1.381288e+08
1.316927e+08
1.277843e+08
1.209574e+08
1.143655e+08
1.120380e+08
1.076607e+08
1.013977e+08
9.770892e+07
9.357770e+07
8.916038e+07
8.551546e+07
8.258601e+07
7.905649e+07
7.313552e+07
7.028367e+07
6.166298e+07
5.182452e+07
4.528871e+07
4.388517e+07
3.277358e+07
3.039668e+07
2.901896e+07
1.863726e+07
1.431483e+07
7.201948e+06
