8.791106e+04
3.521448e+03
2.490459e+03
1.660663e+03
1.010221e+03
7.728837e+02
5.173854e+02
4.080418e+02
2.833496e+02
2.567837e+02
2.506012e+02
2.044159e+02
1.839919e+02
1.667698e+02
1.576945e+02
1.522135e+02
1.334985e+02
1.234803e+02
1.193392e+02
1.134097e+02
1.065879e+02
9.269225e+01
8.736334e+01
7.824204e+01
7.499567e+01
7.375874e+01
7.028279e+01
6.558018e+01
6.492047e+01
6.353600e+01
5.586927e+01
5.337864e+01
4.778846e+01
4.537118e+01
4.103927e+01
3.985785e+01
3.807313e+01
3.668798e+01
3.449319e+01
3.168882e+01
2.852254e+01
2.666457e+01
2.435035e+01
2.335245e+01
2.148369e+01
1.994551e+01
1.922784e+01
1.849528e+01
1.669669e+01
1.515682e+01
1.436469e+01
1.415704e+01
1.355793e+01
1.269986e+01
1.120007e+01
1.102365e+01
9.531209e+00
9.172705e+00
8.566239e+00
7.658023e+00
6.908287e+00
6.494808e+00
6.220656e+00
5.924227e+00
5.633974e+00
4.938017e+00
4.860196e+00
4.379725e+00
3.995274e+00
3.905528e+00
3.630984e+00
2.996700e+00
2.702510e+00
2.575854e+00
2.545701e+00
2.381669e+00
2.347224e+00
1.944152e+00
1.842039e+00
1.701620e+00
1.555290e+00
1.453091e+00
1.353680e+00
1.317483e+00
1.286895e+00
1.140302e+00
1.097366e+00
1.058064e+00
1.036963e+00
9.992036e-01
9.650106e-01
9.452240e-01
8.634511e-01
8.299210e-01
7.139674e-01
6.919529e-01
6.644160e-01
6.245007e-01
5.797610e-01
5.345893e-01
5.256968e-01
5.081997e-01
4.742558e-01
4.499871e-01
4.286717e-01
4.185452e-01
3.727410e-01
3.689735e-01
3.636867e-01
3.507110e-01
3.367448e-01
3.016417e-01
2.632152e-01
2.459736e-01
2.386263e-01
2.205498e-01
1.971772e-01
1.880830e-01
1.715300e-01
1.604580e-01
1.585794e-01
1.520440e-01
1.432564e-01
1.342284e-01
1.305915e-01
1.231856e-01
1.183238e-01
1.133361e-01
1.015226e-01
9.259399e-02
8.808964e-02
8.414403e-02
7.886089e-02
7.283850e-02
7.098209e-02
6.637833e-02
6.471697e-02
6.123745e-02
5.819302e-02
5.433147e-02
5.020190e-02
4.835688e-02
4.472626e-02
4.268659e-02
3.976030e-02
3.872620e-02
3.758582e-02
3.512106e-02
3.452820e-02
3.259223e-02
3.186417e-02
2.916731e-02
2.841765e-02
2.764117e-02
2.582606e-02
2.487904e-02
2.177030e-02
2.048845e-02
1.889350e-02
1.739511e-02
1.702327e-02
1.549723e-02
1.508710e-02
1.430397e-02
1.298343e-02
1.251360e-02
1.217260e-02
1.189116e-02
1.119200e-02
1.027827e-02
1.006716e-02
8.815764e-03
8.713508e-03
8.296968e-03
7.787743e-03
7.315074e-03
6.144795e-03
5.686586e-03
5.080646e-03
4.440056e-03
4.258993e-03
4.198726e-03
3.861394e-03
3.740956e-03
3.583092e-03
3.426897e-03
3.350527e-03
3.187322e-03
3.080642e-03
2.866399e-03
2.615365e-03
2.443131e-03
2.308820e-03
2.163903e-03
2.085181e-03
1.998987e-03
1.893165e-03
1.829039e-03
1.781825e-03
1.719966e-03
1.654318e-03
1.627487e-03
1.588080e-03
1.538178e-03
1.483729e-03
1.425310e-03
1.406829e-03
1.347682e-03
1.328886e-03
1.292750e-03
1.268976e-03
1.231165e-03
1.223458e-03
1.185405e-03
1.178131e-03
1.149446e-03
1.146143e-03
1.112673e-03
1.097727e-03
1.091602e-03
1.080713e-03
1.061019e-03
1.050098e-03
1.036208e-03
1.023621e-03
1.007097e-03
9.965282e-04
9.797828e-04
9.460874e-04
9.425998e-04
9.318934e-04
9.228968e-04
9.197595e-04
8.999550e-04
8.947087e-04
8.848989e-04
8.599760e-04
8.533708e-04
8.402398e-04
8.261768e-04
8.180065e-04
8.089634e-04
8.036130e-04
7.923896e-04
7.829169e-04
7.688320e-04
7.337217e-04
7.285831e-04
7.128715e-04
7.077723e-04
7.030190e-04
6.998662e-04
6.865582e-04
6.829659e-04
6.703626e-04
6.488413e-04
6.355903e-04
6.312855e-04
6.244145e-04
6.075951e-04
5.961271e-04
5.845040e-04
5.804092e-04
5.749181e-04
5.574827e-04
5.499798e-04
5.456571e-04
5.338828e-04
5.296025e-04
5.219876e-04
5.127625e-04
4.986242e-04
4.887368e-04
4.822165e-04
4.737235e-04
4.577808e-04
4.461498e-04
4.352402e-04
4.313580e-04
4.279235e-04
4.191217e-04
4.056110e-04
3.837546e-04
3.799291e-04
3.725744e-04
3.567126e-04
3.536047e-04
3.454624e-04
3.310500e-04
3.256014e-04
3.157327e-04
3.041551e-04
2.938205e-04
2.892075e-04
2.778617e-04
2.670820e-04
2.576525e-04
2.522507e-04
2.462326e-04
2.425279e-04
2.294477e-04
2.124856e-04
2.106124e-04
2.000333e-04
1.949523e-04
1.852627e-04
1.728622e-04
1.617121e-04
1.540966e-04
1.408399e-04
1.316019e-04
1.278487e-04
1.241977e-04
1.162009e-04
9.588133e-05
9.079846e-05
7.435733e-05
6.627679e-05
5.789077e-05
5.168993e-05
4.711393e-05
3.246102e-05
2.832554e-05
7.229867e-06
3.877734e-06
1.786133e-13
1.133872e-13
4.003933e-14
3.829483e-15
-1.031386e-13
-1.465547e-13
-2.900134e-06
-1.308384e-05
-2.088678e-05
-2.846622e-05
-4.297088e-05
-4.592459e-05
-5.485870e-05
-6.617162e-05
-8.546020e-05
-1.079856e-04
-1.224038e-04
-1.229287e-04
-1.491892e-04
-1.534436e-04
-1.623673e-04
-1.711887e-04
-1.799431e-04
-1.921116e-04
-1.963762e-04
-2.077776e-04
-2.152135e-04
-2.292472e-04
-2.407946e-04
-2.548839e-04
-2.603583e-04
-2.666087e-04
-2.754554e-04
-2.952585e-04
-3.032674e-04
-3.174176e-04
-3.225122e-04
-3.313544e-04
-3.533544e-04
-3.617387e-04
-3.686319e-04
-3.769587e-04
-3.816404e-04
-3.938779e-04
-4.069256e-04
-4.161458e-04
-4.428516e-04
-4.499111e-04
-4.852107e-04
-4.886562e-04
-5.032292e-04
-5.131182e-04
-5.339104e-04
-5.496001e-04
-5.633743e-04
-6.001655e-04
-6.081111e-04
-6.747970e-04
-6.872305e-04
