3.392747e+10
1.597047e+10
6.935444e+09
4.582684e+09
4.384131e+09
3.883861e+09
3.188823e+09
2.842957e+09
2.707133e+09
2.455095e+09
2.327076e+09
2.204524e+09
2.094987e+09
1.992045e+09
1.808329e+09
1.787290e+09
1.680871e+09
1.658332e+09
1.605064e+09
1.479640e+09
1.435145e+09
1.405794e+09
1.291855e+09
1.291205e+09
1.256435e+09
1.206911e+09
1.159551e+09
1.136109e+09
1.060967e+09
1.029811e+09
9.896094e+08
9.521891e+08
9.155974e+08
8.852777e+08
8.797323e+08
8.718595e+08
7.978499e+08
7.734876e+08
7.509976e+08
7.293948e+08
7.150111e+08
6.934713e+08
6.700485e+08
6.402502e+08
6.342464e+08
6.097679e+08
6.011301e+08
5.831964e+08
5.733793e+08
5.392726e+08
5.347077e+08
5.243126e+08
5.080234e+08
4.876318e+08
4.679335e+08
4.573908e+08
4.376265e+08
4.317284e+08
4.308723e+08
4.168510e+08
3.978269e+08
3.880265e+08
3.838957e+08
3.670263e+08
3.566038e+08
3.488686e+08
3.369889e+08
3.256464e+08
3.182440e+08
3.114605e+08
3.066712e+08
2.894438e+08
2.831926e+08
2.721899e+08
2.674796e+08
2.585842e+08
2.498078e+08
2.461976e+08
2.440361e+08
2.326229e+08
2.230943e+08
2.165451e+08
2.129992e+08
2.099016e+08
2.047837e+08
1.954195e+08
1.846657e+08
1.832424e+08
1.807838e+08
1.720498e+08
1.653600e+08
1.642774e+08
1.579589e+08
1.565401e+08
1.460539e+08
1.428089e+08
1.391301e+08
1.329842e+08
1.291650e+08
1.221062e+08
1.133696e+08
1.069395e+08
9.968535e+07
9.271434e+07
8.955855e+07
8.701798e+07
7.804417e+07
7.635809e+07
6.982153e+07
6.709121e+07
6.553158e+07
6.384934e+07
5.910305e+07
5.465428e+07
4.994959e+07
3.844570e+07
3.589442e+07
3.331721e+07
2.746873e+07
2.661304e+07
2.076366e+07
1.391357e+07
6.809324e+06
5.421428e+06
4.748638e+06
3.339662e+06
1.008819e+06
7.950401e+05
