1.077774e+13
8.387426e+12
6.546964e+12
5.384515e+12
4.498322e+12
4.298921e+12
4.176615e+12
3.696377e+12
3.218548e+12
3.173696e+12
3.009054e+12
2.876912e+12
2.665331e+12
2.649114e+12
2.597805e+12
2.453598e+12
2.359531e+12
2.184144e+12
2.149143e+12
2.123300e+12
1.970927e+12
1.899926e+12
1.856276e+12
1.826518e+12
1.774142e+12
1.719861e+12
1.713650e+12
1.634167e+12
1.596332e+12
1.576278e+12
1.506388e+12
1.495831e+12
1.446729e+12
1.408342e+12
1.385807e+12
1.367158e+12
1.307726e+12
1.273767e+12
1.245991e+12
1.219951e+12
1.210429e+12
1.186445e+12
1.166824e+12
1.142282e+12
1.113933e+12
1.086163e+12
1.056851e+12
1.047710e+12
1.031489e+12
1.015705e+12
1.002687e+12
9.734290e+11
9.552127e+11
9.381509e+11
9.122929e+11
9.009902e+11
8.791671e+11
8.518691e+11
8.480936e+11
8.416854e+11
8.324476e+11
8.135971e+11
8.005446e+11
7.972234e+11
7.812996e+11
7.705482e+11
7.549588e+11
7.524803e+11
7.412135e+11
7.196632e+11
7.136861e+11
6.991288e+11
6.901165e+11
6.809049e+11
6.733947e+11
6.451307e+11
6.346485e+11
6.339326e+11
6.237428e+11
6.202579e+11
6.160761e+11
6.042607e+11
5.971583e+11
5.867497e+11
5.783066e+11
5.736942e+11
5.647674e+11
5.561175e+11
5.512571e+11
5.447174e+11
5.396632e+11
5.262726e+11
5.213636e+11
5.162917e+11
5.071786e+11
5.007400e+11
4.938764e+11
4.912216e+11
4.842354e+11
4.748453e+11
4.702330e+11
4.629017e+11
4.505043e+11
4.502549e+11
4.404582e+11
4.327956e+11
4.289071e+11
4.224682e+11
4.177096e+11
4.124536e+11
3.994046e+11
3.954079e+11
3.878742e+11
3.747584e+11
3.728365e+11
3.567703e+11
3.517152e+11
3.420625e+11
3.158273e+11
2.864488e+11
2.844985e+11
2.738400e+11
2.620328e+11
2.541077e+11
2.256640e+11
1.449559e+11
4.051266e+10
2.190448e+10
