1.294743e+10
9.863354e+08
2.462062e+08
1.243112e+08
1.020271e+08
7.165948e+07
6.008954e+07
4.382528e+07
3.711182e+07
3.199501e+07
2.944941e+07
2.675832e+07
2.479968e+07
2.337226e+07
1.910226e+07
1.615009e+07
1.197404e+07
1.057843e+07
9.685553e+06
7.677478e+06
7.512996e+06
6.407304e+06
6.123880e+06
5.427387e+06
4.257110e+06
4.008650e+06
3.569464e+06
3.057232e+06
2.659764e+06
2.337723e+06
1.909185e+06
1.820455e+06
1.556917e+06
1.412798e+06
1.268975e+06
1.188067e+06
1.100146e+06
9.285412e+05
8.642118e+05
8.155642e+05
7.428336e+05
6.519377e+05
6.376532e+05
5.891008e+05
5.416197e+05
4.832058e+05
4.405438e+05
4.057096e+05
3.521404e+05
3.367278e+05
3.013339e+05
2.852612e+05
2.490916e+05
2.318321e+05
2.015746e+05
1.629805e+05
1.600689e+05
1.321999e+05
1.193119e+05
1.015429e+05
8.994760e+04
8.204925e+04
6.609009e+04
5.846064e+04
5.389657e+04
4.404216e+04
3.785726e+04
2.987698e+04
1.784363e+04
1.715745e+04
1.451698e+04
1.025219e+04
8.446559e+03
7.257840e+03
5.512845e+03
5.441708e+03
4.141141e+03
3.392031e+03
2.365774e+03
1.920948e+03
1.649987e+03
1.475422e+03
1.236346e+03
1.038269e+03
9.605916e+02
7.714586e+02
5.700900e+02
4.983750e+02
4.405952e+02
2.753617e+02
1.992031e+02
1.403268e+02
9.473452e+01
7.292618e+01
5.023718e+01
4.070454e+01
2.486364e+01
1.604100e+01
1.303780e+01
9.877442e+00
6.219770e+00
5.320352e+00
4.237611e+00
2.966696e+00
2.252660e+00
1.084718e+00
7.616099e-01
6.488791e-01
5.247428e-01
4.796231e-01
3.541912e-01
3.003409e-01
2.741115e-01
2.181055e-01
1.979842e-01
1.875900e-01
1.562696e-01
1.249299e-01
1.231557e-01
7.021102e-02
4.593448e-02
3.024003e-02
2.091687e-02
-1.274996e-02
-1.527743e-02
-6.885488e-02
-1.104453e-01
-1.314005e-01
