3.051346e+10
1.524100e+10
8.211782e+09
4.483323e+09
4.182241e+09
3.937232e+09
3.536697e+09
3.094915e+09
2.774103e+09
2.553328e+09
2.432592e+09
2.245122e+09
2.111686e+09
2.090051e+09
2.035019e+09
1.941590e+09
1.759506e+09
1.718015e+09
1.655175e+09
1.536816e+09
1.505046e+09
1.375532e+09
1.313544e+09
1.300523e+09
1.202044e+09
1.172861e+09
1.140913e+09
1.094033e+09
1.052284e+09
1.003718e+09
9.988164e+08
9.558764e+08
9.335265e+08
9.069773e+08
8.696239e+08
8.416061e+08
8.269416e+08
8.153441e+08
7.642289e+08
7.495750e+08
7.121764e+08
7.049636e+08
6.852115e+08
6.677981e+08
6.525654e+08
6.276249e+08
5.968771e+08
5.930136e+08
5.863100e+08
5.696740e+08
5.526381e+08
5.449881e+08
5.303128e+08
5.252246e+08
5.194004e+08
5.084959e+08
5.005407e+08
4.831397e+08
4.556746e+08
4.451109e+08
4.411330e+08
4.272846e+08
4.206507e+08
4.116940e+08
4.046581e+08
3.909735e+08
3.783042e+08
3.685376e+08
3.519308e+08
3.506900e+08
3.372517e+08
3.273654e+08
3.166193e+08
3.075494e+08
3.000007e+08
2.882146e+08
2.877510e+08
2.847923e+08
2.737011e+08
2.689757e+08
2.583022e+08
2.494536e+08
2.444249e+08
2.372671e+08
2.315519e+08
2.207579e+08
2.145239e+08
2.062737e+08
1.968137e+08
1.911244e+08
1.898415e+08
1.800143e+08
1.760394e+08
1.708920e+08
1.639056e+08
1.566358e+08
1.544054e+08
1.502011e+08
1.409593e+08
1.398837e+08
1.340261e+08
1.318286e+08
1.271066e+08
1.201595e+08
1.154160e+08
1.116106e+08
1.052080e+08
1.004693e+08
9.731634e+07
8.869526e+07
8.482042e+07
7.961337e+07
7.713597e+07
7.450204e+07
7.130746e+07
6.085300e+07
5.484421e+07
5.402364e+07
4.889104e+07
4.667427e+07
3.631615e+07
2.497589e+07
1.859446e+07
1.771529e+07
1.154261e+07
4.915437e+06
3.526082e+06
1.958707e+06
