5.983561e+04
1.059039e+04
5.098849e+03
1.387628e+03
8.674777e+02
6.995806e+02
4.357513e+02
2.908918e+02
2.894678e+02
2.102247e+02
1.777684e+02
1.279201e+02
8.249718e+01
7.747438e+01
6.510770e+01
4.845439e+01
3.491269e+01
3.387149e+01
2.444324e+01
2.128464e+01
2.079062e+01
2.019422e+01
1.322731e+01
1.291483e+01
9.819490e+00
8.419273e+00
7.855694e+00
6.581875e+00
5.123363e+00
4.228415e+00
3.731580e+00
3.031206e+00
2.270013e+00
1.951185e+00
1.429961e+00
1.082136e+00
9.941179e-01
8.212266e-01
5.966671e-01
5.323368e-01
4.138778e-01
3.048224e-01
2.912915e-01
1.622972e-01
1.519157e-01
1.235568e-01
9.879887e-02
8.269938e-02
5.922279e-02
5.148222e-02
4.360703e-02
3.193694e-02
2.732005e-02
1.770058e-02
1.520002e-02
1.407866e-02
1.118661e-02
9.344235e-03
8.068626e-03
6.499997e-03
5.170341e-03
4.010040e-03
3.325268e-03
3.200799e-03
2.817100e-03
1.929570e-03
1.359871e-03
1.166845e-03
1.057351e-03
1.006885e-03
8.828603e-04
7.933390e-04
7.852764e-04
7.188882e-04
6.989861e-04
6.759893e-04
6.537923e-04
6.456461e-04
6.392385e-04
6.103802e-04
5.915866e-04
5.794829e-04
5.652065e-04
5.508660e-04
5.380050e-04
5.277197e-04
5.247754e-04
5.105492e-04
5.041951e-04
5.027116e-04
4.892707e-04
4.848820e-04
4.721870e-04
4.602746e-04
4.545100e-04
4.490201e-04
4.426461e-04
4.289706e-04
4.203523e-04
4.187718e-04
4.105390e-04
4.060450e-04
3.994470e-04
3.870926e-04
3.846888e-04
3.828732e-04
3.817670e-04
3.758076e-04
3.634609e-04
3.631986e-04
3.579177e-04
3.529376e-04
3.507452e-04
3.472372e-04
3.425973e-04
3.372968e-04
3.332657e-04
3.297791e-04
3.248318e-04
3.212085e-04
3.190640e-04
3.152553e-04
3.126144e-04
3.054465e-04
3.050792e-04
3.016617e-04
2.954364e-04
2.916618e-04
2.898051e-04
2.886331e-04
2.842393e-04
2.803459e-04
2.789454e-04
2.768748e-04
2.706951e-04
2.686091e-04
2.668750e-04
2.631627e-04
2.558255e-04
2.553329e-04
2.509469e-04
2.478569e-04
2.427937e-04
2.404025e-04
2.372764e-04
2.356841e-04
2.318823e-04
2.300462e-04
2.272068e-04
2.236732e-04
2.211077e-04
2.171667e-04
2.153491e-04
2.142180e-04
2.121822e-04
2.077067e-04
2.063509e-04
2.036490e-04
1.988030e-04
1.962769e-04
1.947157e-04
1.908711e-04
1.866660e-04
1.831810e-04
1.791642e-04
1.768131e-04
1.745863e-04
1.734291e-04
1.714703e-04
1.691885e-04
1.666701e-04
1.630485e-04
1.616452e-04
1.606817e-04
1.576655e-04
1.550512e-04
1.505460e-04
1.493124e-04
1.468999e-04
1.453060e-04
1.441209e-04
1.417292e-04
1.364533e-04
1.362806e-04
1.318242e-04
1.296789e-04
1.267286e-04
1.256678e-04
1.238018e-04
1.220849e-04
1.175163e-04
1.151076e-04
1.130390e-04
1.111127e-04
1.098489e-04
1.089287e-04
1.052990e-04
1.032007e-04
1.015763e-04
9.708507e-05
9.531845e-05
9.366220e-05
9.182683e-05
8.975579e-05
8.758321e-05
8.552013e-05
8.199275e-05
7.826347e-05
7.789051e-05
7.742386e-05
7.625167e-05
7.263068e-05
7.162763e-05
6.899296e-05
6.811557e-05
6.473036e-05
6.261420e-05
6.166974e-05
6.000946e-05
5.712348e-05
5.467314e-05
5.231054e-05
4.988062e-05
4.729280e-05
4.592074e-05
4.172753e-05
3.996687e-05
3.906853e-05
3.816049e-05
3.562863e-05
3.443014e-05
3.245915e-05
3.198121e-05
2.854914e-05
2.449110e-05
2.305080e-05
2.042548e-05
1.936995e-05
1.855479e-05
1.698802e-05
1.479100e-05
1.382904e-05
1.177106e-05
7.997730e-06
5.169614e-06
2.614917e-06
1.167007e-06
8.576684e-14
-5.188166e-14
-1.657321e-13
-2.231195e-13
-4.782913e-07
-2.955560e-06
-7.268060e-06
-9.454227e-06
-1.034890e-05
-1.304837e-05
-1.392146e-05
-1.648394e-05
-1.847487e-05
-2.258031e-05
-2.311714e-05
-2.552308e-05
-2.631318e-05
-3.116258e-05
-3.234884e-05
-3.500613e-05
-3.686406e-05
-3.993000e-05
-4.139416e-05
-4.386338e-05
-4.583802e-05
-4.923591e-05
-5.097295e-05
-5.483557e-05
-5.641391e-05
-5.747832e-05
-6.034529e-05
-6.346728e-05
-6.374263e-05
-6.535375e-05
-6.887917e-05
-7.003554e-05
-7.301525e-05
-7.469517e-05
-7.735536e-05
-7.845514e-05
-7.936716e-05
-8.347303e-05
-8.576721e-05
-8.888197e-05
-9.145220e-05
-9.425957e-05
-9.571492e-05
-9.787342e-05
-1.017798e-04
-1.031686e-04
-1.047411e-04
-1.077995e-04
-1.123838e-04
-1.133105e-04
-1.168122e-04
-1.185887e-04
-1.219416e-04
-1.229241e-04
-1.242811e-04
-1.284096e-04
-1.307073e-04
-1.335109e-04
-1.346234e-04
-1.370158e-04
-1.386965e-04
-1.432153e-04
-1.446284e-04
-1.470363e-04
-1.475343e-04
-1.511688e-04
-1.544457e-04
-1.594693e-04
-1.620741e-04
-1.640677e-04
-1.658797e-04
-1.694507e-04
-1.717509e-04
-1.763348e-04
-1.787090e-04
-1.795540e-04
-1.819759e-04
-1.852743e-04
-1.878845e-04
-1.905467e-04
-1.927134e-04
-1.978139e-04
-1.990625e-04
-2.003316e-04
-2.044571e-04
-2.083898e-04
-2.145366e-04
-2.153093e-04
-2.188721e-04
-2.204357e-04
-2.273177e-04
-2.317158e-04
-2.320944e-04
-2.362074e-04
-2.377885e-04
-2.415281e-04
-2.433484e-04
-2.487004e-04
-2.509921e-04
-2.548280e-04
-2.558012e-04
-2.591842e-04
-2.654209e-04
-2.699069e-04
-2.760843e-04
-2.792756e-04
-2.854556e-04
-2.886189e-04
-2.907748e-04
-2.964815e-04
-3.022473e-04
-3.026974e-04
-3.109856e-04
-3.182812e-04
-3.215258e-04
-3.261231e-04
-3.383933e-04
-3.422441e-04
-3.481845e-04
-3.520271e-04
-3.661970e-04
-3.708990e-04
-3.839821e-04
-3.936963e-04
-4.032357e-04
-4.056066e-04
-4.213729e-04
-4.415739e-04
-4.806996e-04
-5.341620e-04
-6.188838e-04
-8.735647e-04
-1.192762e-03
