2.191081e+05
1.797914e+04
5.961797e+03
2.175705e+03
2.168795e+02
2.236467e+01
1.041120e+01
6.911958e+00
1.739735e+00
2.555989e-01
6.587248e-02
4.712654e-02
4.508378e-02
3.067983e-02
2.939166e-02
2.642981e-02
2.494615e-02
2.336298e-02
2.295945e-02
2.037854e-02
1.883148e-02
1.694879e-02
1.567727e-02
1.540683e-02
1.444345e-02
1.390241e-02
1.238616e-02
1.215802e-02
1.180474e-02
1.136663e-02
1.110515e-02
1.077113e-02
1.025420e-02
9.630014e-03
9.153893e-03
8.885213e-03
8.733004e-03
8.243577e-03
8.065139e-03
7.796725e-03
7.469801e-03
7.106896e-03
6.810722e-03
6.648456e-03
6.353595e-03
6.185751e-03
6.079715e-03
5.570865e-03
5.298459e-03
5.173267e-03
4.849132e-03
4.632370e-03
4.610411e-03
4.374991e-03
4.019697e-03
3.973903e-03
3.628245e-03
3.445489e-03
3.386423e-03
3.213412e-03
2.972665e-03
2.751625e-03
2.655882e-03
2.405245e-03
2.350530e-03
2.085793e-03
1.938269e-03
1.797690e-03
1.633086e-03
1.419752e-03
1.302859e-03
1.261480e-03
1.202090e-03
1.091867e-03
1.011649e-03
9.852614e-04
9.346928e-04
7.689903e-04
6.907496e-04
6.846812e-04
6.746531e-04
5.000863e-04
3.225681e-04
3.186364e-04
2.685962e-04
1.610149e-04
1.215584e-04
-2.433309e-04
-3.712873e-04
-4.795228e-04
-6.623662e-04
-8.213095e-04
-8.894070e-04
-9.704109e-04
-1.272466e-03
-1.576851e-03
-1.698524e-03
-1.826060e-03
-2.553799e-03
-2.847689e-03
-2.984239e-03
-3.335564e-03
-3.765059e-03
-4.289230e-03
-4.493120e-03
-5.379117e-03
-5.917194e-03
-6.465283e-03
-6.701823e-03
-7.668829e-03
-9.342113e-03
-1.069629e-02
-1.105636e-02
-1.139508e-02
-1.211863e-02
-1.397406e-02
-1.653094e-02
-1.962326e-02
-2.248126e-02
-2.383474e-02
-2.550007e-02
-3.066974e-02
-3.597138e-02
-3.891587e-02
-4.563128e-02
-4.809835e-02
-5.408253e-02
-1.065430e-01
