5.860340e+04
1.166209e+04
4.608664e+03
1.734213e+03
1.247613e+03
7.386465e+02
5.663892e+02
3.484953e+02
3.042147e+02
2.639074e+02
2.444766e+02
1.742652e+02
1.535200e+02
1.291372e+02
1.116678e+02
1.056310e+02
7.364884e+01
6.331475e+01
6.003966e+01
4.704729e+01
4.094464e+01
3.437653e+01
2.803782e+01
2.388715e+01
1.982818e+01
1.794020e+01
1.501064e+01
1.375487e+01
1.237261e+01
9.525764e+00
9.007367e+00
8.945235e+00
7.419396e+00
5.353127e+00
3.650383e+00
3.524122e+00
3.067393e+00
2.891639e+00
2.670515e+00
2.483157e+00
2.267196e+00
1.917237e+00
1.508198e+00
1.072870e+00
1.048428e+00
8.014932e-01
6.378814e-01
5.841661e-01
5.507801e-01
3.389740e-01
3.022468e-01
2.445518e-01
2.105652e-01
2.098613e-01
1.645972e-01
1.521197e-01
1.206302e-01
7.751911e-02
6.266282e-02
5.333590e-02
4.069958e-02
3.699631e-02
3.583789e-02
2.898767e-02
2.425000e-02
1.786323e-02
1.732095e-02
1.489479e-02
8.904974e-03
8.626590e-03
8.195275e-03
5.582502e-03
5.056178e-03
4.141496e-03
3.848170e-03
2.492524e-03
2.184865e-03
2.132245e-03
1.446206e-03
1.323203e-03
1.196079e-03
1.028704e-03
9.973516e-04
9.659381e-04
9.098896e-04
7.963164e-04
7.429863e-04
7.418425e-04
6.966713e-04
6.783867e-04
6.350434e-04
6.139342e-04
5.983590e-04
5.926435e-04
5.671873e-04
5.505345e-04
5.468681e-04
5.418092e-04
5.242799e-04
5.147550e-04
5.006733e-04
4.930305e-04
4.782847e-04
4.753935e-04
4.610838e-04
4.578601e-04
4.521635e-04
4.467197e-04
4.442935e-04
4.359303e-04
4.292578e-04
4.223206e-04
4.206681e-04
4.156584e-04
4.049274e-04
4.002095e-04
3.971155e-04
3.914759e-04
3.842993e-04
3.804917e-04
3.786304e-04
3.733129e-04
3.708007e-04
3.640034e-04
3.588015e-04
3.562221e-04
3.475838e-04
3.461721e-04
3.444364e-04
3.420678e-04
3.408641e-04
3.323717e-04
3.269653e-04
3.182875e-04
3.177767e-04
3.161902e-04
3.107394e-04
3.067477e-04
3.044927e-04
3.030208e-04
2.959390e-04
2.928751e-04
2.879323e-04
2.851599e-04
2.842892e-04
2.774367e-04
2.771231e-04
2.750638e-04
2.710771e-04
2.671878e-04
2.658019e-04
2.598095e-04
2.580071e-04
2.549538e-04
2.515865e-04
2.503992e-04
2.454857e-04
2.433041e-04
2.404525e-04
2.372096e-04
2.353094e-04
2.311340e-04
2.266083e-04
2.246991e-04
2.237558e-04
2.209584e-04
2.191291e-04
2.121333e-04
2.116033e-04
2.087832e-04
2.057604e-04
2.016776e-04
1.997740e-04
1.953643e-04
1.932706e-04
1.917093e-04
1.884840e-04
1.865120e-04
1.815995e-04
1.809400e-04
1.785158e-04
1.777973e-04
1.747994e-04
1.729122e-04
1.660902e-04
1.652135e-04
1.639894e-04
1.605777e-04
1.578611e-04
1.544833e-04
1.531934e-04
1.501736e-04
1.484900e-04
1.454987e-04
1.439400e-04
1.414800e-04
1.396257e-04
1.376200e-04
1.353897e-04
1.301222e-04
1.287185e-04
1.278096e-04
1.234349e-04
1.231676e-04
1.186734e-04
1.176308e-04
1.128927e-04
1.102575e-04
1.097922e-04
1.065027e-04
1.051056e-04
1.029284e-04
9.866852e-05
9.647469e-05
9.395199e-05
9.232101e-05
9.048457e-05
8.649359e-05
8.434254e-05
8.393631e-05
8.231709e-05
7.801063e-05
7.499100e-05
7.301351e-05
7.045250e-05
7.006408e-05
6.781261e-05
6.417812e-05
6.209149e-05
6.105011e-05
5.919982e-05
5.567715e-05
5.515292e-05
5.253853e-05
5.182257e-05
5.002585e-05
4.764474e-05
4.526053e-05
4.080477e-05
3.947623e-05
3.815327e-05
3.578528e-05
3.453726e-05
2.881689e-05
2.756405e-05
2.569492e-05
2.445098e-05
2.182997e-05
2.113082e-05
1.800716e-05
1.639174e-05
1.283094e-05
1.228483e-05
1.077870e-05
6.218901e-06
5.502936e-06
4.279204e-06
2.298106e-06
-1.535744e-19
-3.499233e-07
-1.154110e-06
-5.249593e-06
-7.916781e-06
-8.930291e-06
-1.109092e-05
-1.592249e-05
-1.783825e-05
-1.970487e-05
-2.272370e-05
-2.524393e-05
-2.697974e-05
-2.938701e-05
-3.104088e-05
-3.411311e-05
-3.625518e-05
-4.166406e-05
-4.335728e-05
-4.430128e-05
-4.753932e-05
-5.120859e-05
-5.227644e-05
-5.503524e-05
-5.642859e-05
-5.736904e-05
-5.812999e-05
-6.260398e-05
-6.507210e-05
-6.802972e-05
-6.890613e-05
-7.242006e-05
-7.453276e-05
-7.745990e-05
-7.897320e-05
-8.041982e-05
-8.513387e-05
-8.674395e-05
-9.136464e-05
-9.260728e-05
-9.582820e-05
-9.733215e-05
-9.910164e-05
-1.014500e-04
-1.046505e-04
-1.060035e-04
-1.098314e-04
-1.125253e-04
-1.168938e-04
-1.208328e-04
-1.224266e-04
-1.229284e-04
-1.267337e-04
-1.290541e-04
-1.322804e-04
-1.348159e-04
-1.367998e-04
-1.391894e-04
-1.437181e-04
-1.446853e-04
-1.458605e-04
-1.471398e-04
-1.476061e-04
-1.486787e-04
-1.509262e-04
-1.553260e-04
-1.577773e-04
-1.631283e-04
-1.663679e-04
-1.698524e-04
-1.740502e-04
-1.760113e-04
-1.803704e-04
-1.810987e-04
-1.841722e-04
-1.875556e-04
-1.934962e-04
-1.940914e-04
-1.996507e-04
-2.035459e-04
-2.078880e-04
-2.090882e-04
-2.111306e-04
-2.139506e-04
-2.177373e-04
-2.221727e-04
-2.261211e-04
-2.279170e-04
-2.332401e-04
-2.339444e-04
-2.379763e-04
-2.399548e-04
-2.435461e-04
-2.494262e-04
-2.506356e-04
-2.532575e-04
-2.603593e-04
-2.634043e-04
-2.680820e-04
-2.764664e-04
-2.774954e-04
-2.805024e-04
-2.831469e-04
-2.870718e-04
-2.929454e-04
-3.003413e-04
-3.077323e-04
-3.109894e-04
-3.172006e-04
-3.235158e-04
-3.261998e-04
-3.371877e-04
-3.409743e-04
-3.505561e-04
-3.538224e-04
-3.602933e-04
-3.706345e-04
-3.875090e-04
-3.920653e-04
-4.098820e-04
-4.214038e-04
-5.111980e-04
-5.350066e-04
-6.703545e-04
-7.059680e-04
-9.416111e-04
