3.073604e+12
2.345029e+12
2.145070e+12
1.864410e+12
1.789989e+12
1.562290e+12
1.505276e+12
1.399479e+12
1.208604e+12
1.143936e+12
1.129755e+12
1.081989e+12
1.040306e+12
9.833689e+11
9.570961e+11
9.398779e+11
8.732665e+11
8.508888e+11
8.167313e+11
7.670980e+11
7.483283e+11
7.323140e+11
6.808211e+11
6.726671e+11
6.455436e+11
5.976268e+11
5.812527e+11
5.608075e+11
5.483276e+11
5.270055e+11
4.916752e+11
4.839088e+11
4.697758e+11
4.594601e+11
4.472514e+11
4.196908e+11
4.108697e+11
4.061652e+11
3.916588e+11
3.883793e+11
3.744916e+11
3.696299e+11
3.564032e+11
3.452419e+11
3.300390e+11
3.193295e+11
3.133880e+11
3.115545e+11
3.026934e+11
2.902719e+11
2.862219e+11
2.732630e+11
2.652655e+11
2.626851e+11
2.492205e+11
2.462650e+11
2.381627e+11
2.349486e+11
2.308382e+11
2.286150e+11
2.193353e+11
2.160705e+11
2.156970e+11
2.077763e+11
2.016731e+11
1.938237e+11
1.892082e+11
1.865779e+11
1.820677e+11
1.722143e+11
1.713772e+11
1.662383e+11
1.592366e+11
1.585930e+11
1.571035e+11
1.531500e+11
1.517923e+11
1.499127e+11
1.453493e+11
1.423923e+11
1.405282e+11
1.376919e+11
1.366810e+11
1.346456e+11
1.299887e+11
1.293682e+11
1.286533e+11
1.245934e+11
1.218861e+11
1.200719e+11
1.177637e+11
1.145301e+11
1.124565e+11
1.114449e+11
1.104222e+11
1.068760e+11
1.042557e+11
1.029297e+11
1.020035e+11
1.016550e+11
9.779257e+10
9.715876e+10
9.668035e+10
9.492854e+10
9.221323e+10
9.132937e+10
8.865017e+10
8.705998e+10
8.589642e+10
8.377279e+10
8.183384e+10
8.112534e+10
7.941152e+10
7.667368e+10
7.464849e+10
7.325690e+10
7.157889e+10
6.976469e+10
6.852779e+10
6.528808e+10
6.424153e+10
6.032097e+10
5.798942e+10
5.652716e+10
4.765187e+10
3.761941e+10
3.049011e+10
2.127743e+10
