5.909194e+04
1.306593e+04
6.057513e+03
1.690761e+03
1.432203e+03
7.821956e+02
6.396890e+02
3.770659e+02
3.107343e+02
2.981707e+02
2.507289e+02
2.188682e+02
2.034480e+02
1.676810e+02
1.368452e+02
1.295536e+02
1.086029e+02
9.531445e+01
6.603161e+01
5.872084e+01
5.372553e+01
4.621030e+01
4.358170e+01
3.490242e+01
3.230111e+01
2.494032e+01
1.896659e+01
1.767183e+01
1.600854e+01
1.320634e+01
1.286734e+01
1.107733e+01
9.854070e+00
9.387924e+00
8.071689e+00
7.632861e+00
7.140965e+00
5.235412e+00
4.518118e+00
4.003315e+00
3.479232e+00
2.983688e+00
2.893213e+00
2.312652e+00
1.879941e+00
1.473765e+00
1.136835e+00
9.129569e-01
8.545715e-01
7.861812e-01
7.029970e-01
5.496308e-01
4.949437e-01
4.670975e-01
3.488988e-01
3.191600e-01
2.434775e-01
1.431259e-01
1.245670e-01
9.701142e-02
8.119226e-02
6.131051e-02
5.808357e-02
5.134869e-02
3.639296e-02
3.460269e-02
2.533419e-02
2.462775e-02
2.165977e-02
1.744553e-02
1.581690e-02
1.321283e-02
1.121556e-02
8.493217e-03
7.562782e-03
7.154643e-03
5.615945e-03
4.316058e-03
2.819989e-03
2.743887e-03
2.529506e-03
2.407914e-03
1.681793e-03
1.467427e-03
1.225335e-03
1.117951e-03
1.042469e-03
9.896645e-04
9.427758e-04
8.879629e-04
7.961456e-04
7.371221e-04
7.064301e-04
6.833762e-04
6.684064e-04
6.545415e-04
6.421579e-04
6.215757e-04
6.148058e-04
6.048085e-04
5.933578e-04
5.866941e-04
5.705807e-04
5.382859e-04
5.232368e-04
5.155981e-04
5.099031e-04
5.033005e-04
4.973775e-04
4.916285e-04
4.827343e-04
4.762638e-04
4.705411e-04
4.617777e-04
4.584260e-04
4.468751e-04
4.380352e-04
4.334993e-04
4.284887e-04
4.239348e-04
4.147489e-04
4.089753e-04
4.053401e-04
4.044806e-04
4.011781e-04
3.951722e-04
3.849537e-04
3.816378e-04
3.806584e-04
3.736552e-04
3.701267e-04
3.612172e-04
3.607631e-04
3.551522e-04
3.519972e-04
3.483633e-04
3.467800e-04
3.398424e-04
3.355277e-04
3.299141e-04
3.220029e-04
3.202439e-04
3.147590e-04
3.108157e-04
3.084683e-04
3.072079e-04
3.040751e-04
2.962633e-04
2.948077e-04
2.918142e-04
2.883236e-04
2.858703e-04
2.850507e-04
2.823052e-04
2.786312e-04
2.722356e-04
2.687514e-04
2.640245e-04
2.622396e-04
2.618043e-04
2.556967e-04
2.509195e-04
2.482173e-04
2.463195e-04
2.427560e-04
2.418001e-04
2.378568e-04
2.326879e-04
2.310213e-04
2.276794e-04
2.233758e-04
2.202961e-04
2.195925e-04
2.183460e-04
2.163998e-04
2.122773e-04
2.064183e-04
2.048286e-04
2.020530e-04
1.986461e-04
1.953168e-04
1.928301e-04
1.924821e-04
1.884486e-04
1.837216e-04
1.816641e-04
1.776382e-04
1.752101e-04
1.723780e-04
1.719361e-04
1.696470e-04
1.682986e-04
1.635997e-04
1.620591e-04
1.583514e-04
1.579474e-04
1.552076e-04
1.526962e-04
1.509210e-04
1.455670e-04
1.449785e-04
1.399877e-04
1.385649e-04
1.370004e-04
1.330864e-04
1.323829e-04
1.288586e-04
1.277844e-04
1.250687e-04
1.238832e-04
1.211883e-04
1.160591e-04
1.134696e-04
1.101382e-04
1.071678e-04
1.052544e-04
1.038707e-04
1.020960e-04
1.004504e-04
9.660338e-05
9.454494e-05
9.380554e-05
9.212377e-05
8.852102e-05
8.772948e-05
8.505835e-05
8.373985e-05
8.005979e-05
7.707234e-05
7.525481e-05
7.255375e-05
7.189825e-05
6.700918e-05
6.554123e-05
6.494029e-05
6.181526e-05
5.775777e-05
5.576306e-05
5.048831e-05
5.004990e-05
4.806855e-05
4.552344e-05
4.365853e-05
4.122020e-05
3.809876e-05
3.614815e-05
3.222031e-05
3.144492e-05
3.072689e-05
2.709381e-05
2.573000e-05
2.391192e-05
2.272308e-05
2.042097e-05
1.674288e-05
1.615198e-05
1.176272e-05
7.687875e-06
6.710240e-06
3.280746e-06
1.741806e-06
2.221007e-16
-6.365674e-07
-3.885254e-06
-4.802707e-06
-6.969688e-06
-1.200549e-05
-1.551229e-05
-1.649473e-05
-1.944307e-05
-2.069284e-05
-2.254777e-05
-2.679750e-05
-2.840895e-05
-2.897380e-05
-3.231994e-05
-3.403698e-05
-3.616758e-05
-4.115031e-05
-4.379215e-05
-4.573867e-05
-4.827503e-05
-5.139372e-05
-5.362774e-05
-5.622045e-05
-5.754715e-05
-6.195031e-05
-6.334313e-05
-6.471393e-05
-6.710907e-05
-7.073268e-05
-7.414142e-05
-7.529617e-05
-7.596769e-05
-7.919662e-05
-8.285531e-05
-8.512761e-05
-8.715771e-05
-8.884606e-05
-9.257697e-05
-9.342658e-05
-9.563536e-05
-9.992192e-05
-1.029347e-04
-1.058184e-04
-1.097096e-04
-1.111502e-04
-1.128951e-04
-1.136056e-04
-1.170992e-04
-1.175016e-04
-1.199035e-04
-1.255060e-04
-1.265412e-04
-1.301761e-04
-1.348669e-04
-1.353301e-04
-1.384031e-04
-1.432273e-04
-1.447932e-04
-1.469798e-04
-1.532142e-04
-1.584096e-04
-1.588537e-04
-1.647559e-04
-1.684975e-04
-1.700852e-04
-1.726261e-04
-1.756432e-04
-1.767511e-04
-1.822182e-04
-1.843273e-04
-1.847567e-04
-1.895679e-04
-1.925323e-04
-1.945260e-04
-1.977407e-04
-2.006902e-04
-2.049276e-04
-2.068712e-04
-2.135642e-04
-2.144941e-04
-2.171200e-04
-2.259848e-04
-2.267383e-04
-2.291016e-04
-2.346250e-04
-2.367914e-04
-2.373383e-04
-2.421914e-04
-2.490903e-04
-2.543564e-04
-2.559666e-04
-2.581413e-04
-2.649609e-04
-2.659627e-04
-2.714795e-04
-2.768141e-04
-2.821641e-04
-2.866855e-04
-2.885999e-04
-2.914332e-04
-2.951449e-04
-2.976669e-04
-3.072034e-04
-3.150351e-04
-3.226947e-04
-3.253575e-04
-3.289891e-04
-3.383206e-04
-3.425976e-04
-3.472693e-04
-3.551605e-04
-3.571124e-04
-3.682879e-04
-3.840706e-04
-3.947938e-04
-4.119037e-04
-4.646029e-04
-4.865184e-04
-5.471834e-04
-6.859338e-04
-8.058715e-04
-1.052902e-03
