1.318156e+08
1.947739e+07
2.046380e+06
1.086509e+06
7.661842e+05
3.629893e+05
1.782251e+05
1.207551e+05
3.155802e+04
2.322732e+04
5.531705e+03
1.686009e+03
4.601360e+02
2.536441e+02
1.006186e+02
5.702907e+01
5.436571e+01
3.383117e+01
2.912572e+01
2.668389e+01
2.539216e+01
2.135482e+01
1.921152e+01
1.901954e+01
1.587450e+01
1.477563e+01
1.358894e+01
1.259893e+01
1.233784e+01
1.096987e+01
1.049483e+01
1.021461e+01
9.943255e+00
8.931215e+00
8.794929e+00
7.703322e+00
7.318526e+00
6.852297e+00
6.619957e+00
6.144865e+00
5.826690e+00
5.498967e+00
5.194395e+00
5.137146e+00
4.625232e+00
4.205990e+00
4.054645e+00
3.883775e+00
3.762686e+00
3.405719e+00
3.356525e+00
3.086105e+00
3.054415e+00
2.675652e+00
2.539349e+00
2.263256e+00
2.200020e+00
1.862616e+00
1.690213e+00
1.614476e+00
1.472996e+00
1.340767e+00
1.338431e+00
1.146442e+00
9.667910e-01
8.720301e-01
6.937152e-01
5.737732e-01
4.454985e-01
3.236488e-01
2.673348e-01
1.700843e-01
1.413505e-01
1.169992e-01
1.015897e-01
7.395368e-02
4.684261e-02
1.195235e-11
-5.941719e-11
-4.115182e-10
-3.116598e-02
-5.511672e-02
-1.287409e-01
-1.526648e-01
-2.095166e-01
-2.955035e-01
-4.102720e-01
-4.556716e-01
-5.463182e-01
-7.519743e-01
-9.369296e-01
-9.740695e-01
-1.142620e+00
-1.236992e+00
-1.263071e+00
-1.490819e+00
-1.569538e+00
-1.777009e+00
-1.917963e+00
-2.041732e+00
-2.402367e+00
-2.540711e+00
-3.017099e+00
-3.100374e+00
-3.530244e+00
-3.705664e+00
-4.357601e+00
-4.532402e+00
-5.254915e+00
-5.561463e+00
-6.400031e+00
-6.511290e+00
-7.647482e+00
-8.267177e+00
-9.278081e+00
-9.603912e+00
-1.078883e+01
-1.119960e+01
-1.431626e+01
-1.841019e+01
-2.061103e+01
-2.196514e+01
-2.958357e+01
-3.188918e+01
-4.135350e+01
-4.964513e+01
-5.909191e+01
-6.956603e+01
