2.250242e+05
1.973858e+04
4.915635e+03
1.822879e+03
2.156933e+02
2.284122e+01
9.472713e+00
6.189661e+00
1.133163e+00
1.887348e-01
7.286517e-02
4.241489e-02
3.738387e-02
3.346078e-02
2.597053e-02
2.427815e-02
2.173742e-02
2.046699e-02
1.938697e-02
1.902821e-02
1.787487e-02
1.722507e-02
1.529681e-02
1.483935e-02
1.469221e-02
1.376145e-02
1.343033e-02
1.275405e-02
1.219239e-02
1.171237e-02
1.142657e-02
1.102131e-02
1.051700e-02
1.000235e-02
9.651685e-03
9.385824e-03
8.948405e-03
8.863544e-03
8.584898e-03
8.128733e-03
7.639487e-03
7.267055e-03
7.059855e-03
6.528286e-03
6.449736e-03
6.210673e-03
5.937507e-03
5.848113e-03
5.628970e-03
5.367372e-03
5.154089e-03
4.989265e-03
4.641170e-03
4.521605e-03
4.263897e-03
4.126705e-03
3.871704e-03
3.679707e-03
3.485315e-03
3.250163e-03
3.039267e-03
2.913129e-03
2.839618e-03
2.602942e-03
2.528953e-03
2.399292e-03
2.231770e-03
2.036143e-03
1.859051e-03
1.803513e-03
1.709181e-03
1.504481e-03
1.417670e-03
1.371290e-03
1.210815e-03
1.177906e-03
1.044205e-03
9.447173e-04
8.197549e-04
7.480329e-04
6.614207e-04
5.557180e-04
4.687260e-04
3.434443e-04
2.442562e-04
1.505763e-04
1.304730e-04
1.308685e-05
-5.615020e-05
-4.409898e-04
-5.309166e-04
-7.305182e-04
-9.310529e-04
-1.440973e-03
-1.487423e-03
-1.778763e-03
-2.037804e-03
-2.361806e-03
-2.902602e-03
-3.339730e-03
-3.356962e-03
-3.933680e-03
-4.166695e-03
-4.577114e-03
-4.901321e-03
-5.618828e-03
-6.803760e-03
-7.476439e-03
-7.857365e-03
-7.948007e-03
-8.486056e-03
-9.434357e-03
-9.675757e-03
-1.123832e-02
-1.216124e-02
-1.325970e-02
-1.509000e-02
-1.753580e-02
-1.814788e-02
-2.159071e-02
-2.381716e-02
-2.831186e-02
-3.387149e-02
-3.678721e-02
-4.244527e-02
-5.592658e-02
-5.801497e-02
-1.016839e-01
