1.059132e+09
8.793075e+08
6.207722e+08
5.406791e+08
4.747105e+08
4.499757e+08
4.268385e+08
3.629888e+08
3.508993e+08
3.285024e+08
3.124931e+08
2.826195e+08
2.546030e+08
2.468689e+08
2.248559e+08
1.959674e+08
1.918156e+08
1.811813e+08
1.697120e+08
1.630019e+08
1.534092e+08
1.360671e+08
1.279099e+08
1.254322e+08
1.202148e+08
1.125965e+08
1.041642e+08
9.869615e+07
9.666647e+07
9.217452e+07
8.656596e+07
7.853933e+07
7.801456e+07
7.042126e+07
6.597249e+07
6.218425e+07
6.131874e+07
5.801893e+07
5.653450e+07
5.090690e+07
4.717263e+07
4.637742e+07
4.332393e+07
3.781242e+07
3.626382e+07
3.392176e+07
3.076860e+07
2.839969e+07
2.563604e+07
2.417213e+07
2.346821e+07
2.192350e+07
2.088097e+07
1.993919e+07
1.897551e+07
1.700660e+07
1.511238e+07
1.381033e+07
1.281028e+07
1.099865e+07
1.062002e+07
8.961395e+06
1.898693e+06
1.500290e+06
