2.965750e+10
1.599053e+10
6.590628e+09
4.922697e+09
3.974188e+09
3.482640e+09
3.422897e+09
3.202422e+09
2.996956e+09
2.826648e+09
2.597472e+09
2.291929e+09
2.243146e+09
2.016167e+09
1.971235e+09
1.913770e+09
1.790016e+09
1.621238e+09
1.545577e+09
1.538687e+09
1.435065e+09
1.377505e+09
1.303505e+09
1.261140e+09
1.221392e+09
1.165272e+09
1.103377e+09
1.086735e+09
1.064828e+09
9.960125e+08
9.665051e+08
9.390801e+08
9.066136e+08
8.719715e+08
8.516972e+08
8.122144e+08
7.957393e+08
7.858258e+08
7.769414e+08
7.358867e+08
6.916670e+08
6.769452e+08
6.602180e+08
6.329215e+08
6.259086e+08
6.127559e+08
5.909211e+08
5.862266e+08
5.673889e+08
5.414134e+08
5.353613e+08
5.265074e+08
5.065675e+08
4.922521e+08
4.896743e+08
4.831964e+08
4.607864e+08
4.469788e+08
4.346793e+08
4.272306e+08
4.167599e+08
3.836788e+08
3.813967e+08
3.755392e+08
3.633139e+08
3.530489e+08
3.465307e+08
3.443464e+08
3.254053e+08
3.228948e+08
3.120513e+08
2.972762e+08
2.923747e+08
2.791231e+08
2.765476e+08
2.673290e+08
2.615112e+08
2.577226e+08
2.465526e+08
2.443584e+08
2.351618e+08
2.301788e+08
2.279183e+08
2.180003e+08
2.163452e+08
2.074629e+08
1.976455e+08
1.943915e+08
1.858151e+08
1.853669e+08
1.822716e+08
1.746084e+08
1.660083e+08
1.649854e+08
1.611520e+08
1.568122e+08
1.506317e+08
1.492744e+08
1.465641e+08
1.420394e+08
1.378680e+08
1.362692e+08
1.318583e+08
1.282125e+08
1.179632e+08
1.161143e+08
1.105874e+08
1.082819e+08
1.056251e+08
1.002105e+08
9.742958e+07
9.127006e+07
8.772990e+07
8.357450e+07
8.070102e+07
7.871666e+07
7.398968e+07
6.474325e+07
5.605840e+07
5.006310e+07
4.576768e+07
4.104282e+07
3.434888e+07
3.160374e+07
2.931886e+07
1.597775e+07
6.956051e+06
4.424492e+06
