1.042137e+10
5.782246e+08
1.309924e+08
1.005087e+08
5.543446e+07
4.858369e+07
4.237326e+07
3.390579e+07
2.864768e+07
2.474406e+07
2.081702e+07
1.772991e+07
1.479115e+07
9.946428e+06
8.032618e+06
6.947792e+06
6.038304e+06
5.915682e+06
4.916050e+06
4.177350e+06
3.550040e+06
3.369018e+06
2.449306e+06
2.331698e+06
1.996876e+06
1.800165e+06
1.682511e+06
1.589912e+06
1.197775e+06
1.017083e+06
9.059615e+05
8.541708e+05
7.324022e+05
6.692559e+05
5.969822e+05
4.601410e+05
4.362008e+05
4.067774e+05
3.519368e+05
3.335693e+05
2.741225e+05
1.957746e+05
1.627977e+05
1.457076e+05
1.179230e+05
1.008569e+05
7.715212e+04
5.861369e+04
5.237663e+04
4.211418e+04
3.690550e+04
2.985838e+04
1.494416e+04
7.434980e+03
6.306650e+03
5.082851e+03
4.666905e+03
4.021475e+03
3.348169e+03
2.997595e+03
9.990689e+02
9.657941e+02
7.944640e+02
5.074799e+02
4.095446e+02
3.815489e+02
2.300534e+02
1.546173e+02
1.409865e+02
6.293696e+01
4.957738e+01
2.792598e+01
2.313792e+01
1.844364e+01
1.199747e+01
4.459886e+00
3.302795e+00
2.563951e+00
1.857507e+00
1.293897e+00
7.658510e-01
5.881606e-01
4.364791e-01
2.798655e-01
2.221202e-01
1.360488e-01
7.470527e-02
5.016873e-02
4.330731e-02
2.686205e-02
2.307350e-02
1.671373e-02
1.494133e-02
1.353198e-02
1.216825e-02
1.116176e-02
1.031983e-02
8.662921e-03
8.322570e-03
7.617720e-03
6.198069e-03
5.236520e-03
4.621933e-03
4.449568e-03
4.166567e-03
3.693071e-03
2.852313e-03
2.281261e-03
1.626093e-03
1.473924e-03
1.096526e-03
8.454184e-04
5.796812e-04
-1.635294e-04
-5.807895e-04
-9.751995e-04
-1.444520e-03
-1.981995e-03
-2.479439e-03
-3.062128e-03
-3.480873e-03
-4.450161e-03
-5.425602e-03
-5.980413e-03
-7.650315e-03
-8.172695e-03
-9.625731e-03
-1.343004e-02
