3.002571e+10
1.366306e+10
6.795010e+09
4.753991e+09
4.079161e+09
3.595111e+09
3.192175e+09
2.998955e+09
2.870651e+09
2.572665e+09
2.467393e+09
2.335942e+09
2.180653e+09
2.057636e+09
1.939059e+09
1.854258e+09
1.728319e+09
1.657580e+09
1.624857e+09
1.520430e+09
1.462865e+09
1.377713e+09
1.329716e+09
1.297474e+09
1.253303e+09
1.208873e+09
1.163464e+09
1.133178e+09
1.107211e+09
1.077407e+09
1.007418e+09
9.698812e+08
9.289034e+08
9.044012e+08
8.561921e+08
8.376821e+08
7.916612e+08
7.853569e+08
7.582680e+08
7.375206e+08
7.160288e+08
7.051825e+08
6.792792e+08
6.722972e+08
6.559892e+08
6.489153e+08
6.299144e+08
6.192093e+08
5.866532e+08
5.821121e+08
5.683955e+08
5.508285e+08
5.329849e+08
5.177168e+08
5.030724e+08
4.964558e+08
4.904204e+08
4.724788e+08
4.546520e+08
4.534434e+08
4.449630e+08
4.364365e+08
4.202506e+08
4.157668e+08
4.076630e+08
4.039554e+08
3.831140e+08
3.741156e+08
3.686144e+08
3.490923e+08
3.414609e+08
3.337577e+08
3.266447e+08
3.218374e+08
3.174357e+08
3.042538e+08
3.021050e+08
2.873711e+08
2.779998e+08
2.749458e+08
2.642272e+08
2.602244e+08
2.482828e+08
2.437401e+08
2.401251e+08
2.324283e+08
2.296296e+08
2.225579e+08
2.212566e+08
2.076120e+08
2.001389e+08
1.955051e+08
1.911941e+08
1.881870e+08
1.816883e+08
1.720702e+08
1.666162e+08
1.635710e+08
1.544730e+08
1.482052e+08
1.428052e+08
1.403141e+08
1.342724e+08
1.311297e+08
1.278982e+08
1.237918e+08
1.174311e+08
1.158959e+08
1.056784e+08
1.036715e+08
9.629658e+07
9.379667e+07
8.337253e+07
8.042097e+07
7.487821e+07
7.021254e+07
6.090601e+07
5.882353e+07
5.299806e+07
4.566828e+07
4.119383e+07
3.232849e+07
2.507073e+07
2.379576e+07
2.266842e+07
1.666087e+07
9.567493e+06
1.548222e+06
