1.197066e+08
1.718989e+07
2.763488e+06
9.330419e+05
5.663991e+05
2.893885e+05
2.519044e+05
1.363351e+05
2.365083e+04
1.269547e+04
8.187832e+03
8.399310e+02
5.204128e+02
2.256363e+02
1.007734e+02
6.934824e+01
6.338964e+01
3.798875e+01
3.626255e+01
2.746421e+01
2.603919e+01
2.404451e+01
2.189177e+01
1.832759e+01
1.747619e+01
1.578260e+01
1.417014e+01
1.363525e+01
1.275967e+01
1.121524e+01
1.062604e+01
1.052954e+01
9.705072e+00
8.677313e+00
8.321815e+00
7.904590e+00
7.277936e+00
7.187517e+00
6.972239e+00
6.356985e+00
6.133941e+00
5.868931e+00
5.532216e+00
5.113783e+00
4.679088e+00
4.481481e+00
4.090303e+00
3.896986e+00
3.550961e+00
3.250601e+00
3.185351e+00
2.864727e+00
2.488965e+00
2.403172e+00
2.267838e+00
1.900365e+00
1.720994e+00
1.640223e+00
1.546669e+00
1.379791e+00
1.054593e+00
9.639469e-01
8.525193e-01
7.789847e-01
7.182872e-01
6.048303e-01
4.930595e-01
4.785883e-01
3.911779e-01
3.509268e-01
2.357742e-01
1.768543e-01
1.585267e-01
1.338831e-01
1.086717e-01
8.844970e-02
3.577553e-02
1.905744e-02
-2.878373e-03
-5.695312e-02
-1.108750e-01
-1.147611e-01
-1.600708e-01
-1.932835e-01
-2.592731e-01
-3.557915e-01
-4.440484e-01
-5.995626e-01
-6.494489e-01
-7.940645e-01
-9.248644e-01
-1.075129e+00
-1.349029e+00
-1.406224e+00
-1.596663e+00
-1.764357e+00
-1.924859e+00
-2.118023e+00
-2.284932e+00
-2.584116e+00
-2.598624e+00
-3.100121e+00
-3.359411e+00
-3.425124e+00
-3.594975e+00
-3.976364e+00
-4.745954e+00
-4.983575e+00
-6.000837e+00
-6.320543e+00
-6.767869e+00
-7.309506e+00
-7.848586e+00
-8.117596e+00
-1.044664e+01
-1.119527e+01
-1.166915e+01
-1.261183e+01
-1.473078e+01
-1.653015e+01
-2.055485e+01
-2.390711e+01
-2.549698e+01
-3.225256e+01
-3.928245e+01
-4.405739e+01
-6.320499e+01
-7.124419e+01
