1.236422e+05
6.065587e+03
3.984232e+03
2.364832e+03
1.728695e+03
1.256641e+03
9.116426e+02
7.822153e+02
6.604562e+02
5.767065e+02
4.325272e+02
3.684748e+02
3.347383e+02
3.197987e+02
3.035161e+02
2.596580e+02
2.525154e+02
1.892158e+02
1.822705e+02
1.660518e+02
1.469050e+02
1.295820e+02
1.207078e+02
1.129705e+02
1.049675e+02
9.895587e+01
9.402518e+01
8.701488e+01
7.786252e+01
7.361730e+01
7.071310e+01
6.071188e+01
5.619624e+01
5.326772e+01
5.233659e+01
4.901166e+01
4.836165e+01
4.521734e+01
4.164874e+01
4.047455e+01
3.525898e+01
3.301842e+01
3.015327e+01
2.859138e+01
2.575203e+01
2.469462e+01
2.353396e+01
2.139927e+01
1.953846e+01
1.853136e+01
1.664605e+01
1.599228e+01
1.490292e+01
1.369811e+01
1.212235e+01
1.116614e+01
1.047955e+01
9.903678e+00
9.382796e+00
8.669547e+00
8.407424e+00
7.733573e+00
7.099103e+00
6.605152e+00
5.608238e+00
5.257368e+00
5.000089e+00
4.391984e+00
4.325288e+00
4.122735e+00
3.786687e+00
3.383753e+00
3.053609e+00
2.674937e+00
2.660062e+00
2.529734e+00
2.474286e+00
2.191382e+00
2.003743e+00
1.749923e+00
1.643145e+00
1.388252e+00
1.327807e+00
1.109346e+00
1.100387e+00
1.060906e+00
1.002133e+00
9.250051e-01
9.142324e-01
8.593940e-01
8.106286e-01
7.232295e-01
6.714942e-01
6.465670e-01
6.025814e-01
5.708397e-01
5.514435e-01
5.213731e-01
4.923056e-01
4.313682e-01
4.186446e-01
3.734457e-01
3.653165e-01
3.221604e-01
3.113207e-01
2.922163e-01
2.643935e-01
2.624516e-01
2.485098e-01
2.362608e-01
2.113350e-01
2.087053e-01
1.872853e-01
1.798612e-01
1.633612e-01
1.378507e-01
1.349554e-01
1.272113e-01
1.192787e-01
1.146336e-01
1.045218e-01
1.011431e-01
9.625752e-02
8.128405e-02
7.777835e-02
7.685321e-02
7.507757e-02
7.267640e-02
6.660821e-02
6.088357e-02
5.422711e-02
4.705793e-02
4.215793e-02
3.624754e-02
3.480464e-02
3.016673e-02
2.939289e-02
2.741889e-02
2.532729e-02
2.348807e-02
2.255758e-02
2.092907e-02
1.933596e-02
1.851925e-02
1.736394e-02
1.644600e-02
1.542104e-02
1.476192e-02
1.420376e-02
1.288990e-02
1.199769e-02
1.117657e-02
1.018625e-02
8.094231e-03
7.990804e-03
7.747043e-03
7.344244e-03
6.964873e-03
6.571092e-03
6.440409e-03
5.884737e-03
5.679112e-03
5.215531e-03
5.142598e-03
4.627759e-03
4.073526e-03
3.738220e-03
3.662555e-03
3.227639e-03
2.934056e-03
2.701239e-03
2.576078e-03
2.117060e-03
2.036379e-03
1.937458e-03
1.636364e-03
1.564594e-03
1.543811e-03
1.483596e-03
1.437399e-03
1.421685e-03
1.418598e-03
1.364246e-03
1.351524e-03
1.328271e-03
1.317746e-03
1.299349e-03
1.261727e-03
1.259588e-03
1.238288e-03
1.219267e-03
1.188113e-03
1.182288e-03
1.175419e-03
1.157941e-03
1.135346e-03
1.119814e-03
1.114103e-03
1.087083e-03
1.075955e-03
1.069413e-03
1.059172e-03
1.040953e-03
1.036726e-03
1.020097e-03
1.015393e-03
1.006965e-03
9.875360e-04
9.848286e-04
9.737531e-04
9.600505e-04
9.541615e-04
9.449396e-04
9.303843e-04
9.115121e-04
8.997511e-04
8.899519e-04
8.768032e-04
8.689952e-04
8.627768e-04
8.535938e-04
8.385656e-04
8.312556e-04
8.205511e-04
8.062809e-04
7.956928e-04
7.945393e-04
7.716063e-04
7.680586e-04
7.569185e-04
7.541965e-04
7.476314e-04
7.364040e-04
7.233853e-04
7.209259e-04
7.036566e-04
6.964777e-04
6.948020e-04
6.759015e-04
6.685967e-04
6.596064e-04
6.546251e-04
6.444225e-04
6.332507e-04
6.201701e-04
6.181346e-04
6.060875e-04
6.038541e-04
5.972015e-04
5.831496e-04
5.775297e-04
5.690721e-04
5.528636e-04
5.504380e-04
5.425854e-04
5.347449e-04
5.247316e-04
5.187048e-04
5.137247e-04
5.062111e-04
4.900563e-04
4.863749e-04
4.809434e-04
4.730055e-04
4.563959e-04
4.458307e-04
4.422260e-04
4.296992e-04
4.235209e-04
4.136607e-04
4.045025e-04
4.000742e-04
3.906657e-04
3.835887e-04
3.763102e-04
3.674450e-04
3.512382e-04
3.467958e-04
3.421301e-04
3.334621e-04
3.307355e-04
3.217495e-04
3.055617e-04
3.002825e-04
2.927667e-04
2.916579e-04
2.880489e-04
2.722664e-04
2.536472e-04
2.468659e-04
2.426117e-04
2.293226e-04
2.149351e-04
2.102910e-04
1.991661e-04
1.951062e-04
1.831106e-04
1.746923e-04
1.729447e-04
1.649534e-04
1.610388e-04
1.518089e-04
1.478563e-04
1.401282e-04
1.321202e-04
1.207321e-04
1.124584e-04
1.067986e-04
1.012130e-04
8.434310e-05
6.592432e-05
5.983184e-05
5.706669e-05
5.211645e-05
4.409536e-05
3.254995e-05
2.434077e-05
7.027668e-06
1.457581e-06
-5.589337e-08
-5.067297e-06
-1.864997e-05
-3.987097e-05
-4.176500e-05
-4.661384e-05
-5.143229e-05
-5.859389e-05
-5.888880e-05
-7.377964e-05
-8.045291e-05
-9.022118e-05
-1.006482e-04
-1.111314e-04
-1.197646e-04
-1.315004e-04
-1.378972e-04
-1.461677e-04
-1.521688e-04
-1.599428e-04
-1.717013e-04
-1.821671e-04
-1.848605e-04
-1.909721e-04
-2.024845e-04
-2.152621e-04
-2.337377e-04
-2.378531e-04
-2.426718e-04
-2.551702e-04
-2.760486e-04
-2.861033e-04
-2.925131e-04
-3.036009e-04
-3.113703e-04
-3.202740e-04
-3.326490e-04
-3.450399e-04
-3.473899e-04
-3.631987e-04
-3.726999e-04
-3.918792e-04
-3.986058e-04
-4.013915e-04
-4.095003e-04
-4.155690e-04
-4.358449e-04
-4.494812e-04
-4.644195e-04
-4.715790e-04
-4.821516e-04
-4.936419e-04
-4.962595e-04
-5.290732e-04
-5.434218e-04
-5.487264e-04
-5.611238e-04
-5.864403e-04
-6.019946e-04
-6.122834e-04
-6.388638e-04
-6.423902e-04
-7.018761e-04
-7.337225e-04
-7.436553e-04
