1.217740e+06
7.302916e+05
1.331813e+05
5.638426e+04
6.166958e+03
1.906855e+03
5.106583e+02
1.811314e+02
7.399663e+01
1.749624e+01
5.102726e+00
1.989062e+00
5.970079e-01
1.686730e-01
1.154698e-01
1.105220e-01
1.048942e-01
9.650442e-02
9.393961e-02
9.131216e-02
9.009840e-02
8.999889e-02
8.693284e-02
8.389441e-02
8.167254e-02
8.147039e-02
8.048875e-02
7.942840e-02
7.831252e-02
7.656568e-02
7.581478e-02
7.502644e-02
7.382733e-02
7.343683e-02
7.183380e-02
7.141583e-02
7.086793e-02
7.024880e-02
6.915180e-02
6.834742e-02
6.780986e-02
6.706267e-02
6.559090e-02
6.476408e-02
6.294169e-02
6.280642e-02
6.242960e-02
6.159751e-02
5.962009e-02
5.884005e-02
5.857801e-02
5.682112e-02
5.619188e-02
5.612937e-02
5.520060e-02
5.494633e-02
5.305245e-02
5.296017e-02
5.205305e-02
5.155145e-02
5.058151e-02
5.015124e-02
5.002402e-02
4.839805e-02
4.795750e-02
4.728524e-02
4.681084e-02
4.600474e-02
4.579024e-02
4.524878e-02
4.406923e-02
4.365566e-02
4.334553e-02
4.269221e-02
4.193617e-02
4.167835e-02
4.079940e-02
4.042685e-02
3.977129e-02
3.898688e-02
3.864278e-02
3.787995e-02
3.733074e-02
3.679402e-02
3.609772e-02
3.569781e-02
3.536208e-02
3.520586e-02
3.400739e-02
3.331824e-02
3.235984e-02
3.154095e-02
3.097322e-02
3.077290e-02
3.030636e-02
2.971407e-02
2.918984e-02
2.906312e-02
2.846928e-02
2.718668e-02
2.671583e-02
2.614158e-02
2.548616e-02
2.496444e-02
2.349627e-02
2.225040e-02
2.155402e-02
2.015788e-02
1.960024e-02
1.777247e-02
1.674621e-02
1.538362e-02
1.445960e-02
1.393609e-02
1.261325e-02
1.120245e-02
7.774555e-03
5.111173e-03
5.347891e-04
2.097908e-12
-3.867589e-03
-7.530506e-03
-1.718445e-02
-2.195224e-02
-4.206997e-02
-5.251910e-02
-6.830125e-02
-9.783711e-02
