6.360067e+05
2.666337e+05
2.134727e+05
1.568427e+05
1.257713e+05
1.053339e+05
1.015363e+05
9.038185e+04
7.744634e+04
7.410688e+04
6.894715e+04
6.286520e+04
5.352625e+04
5.143557e+04
4.331225e+04
3.523819e+04
2.812851e+04
2.509759e+04
2.276423e+04
1.421546e+04
1.088369e+04
9.681306e+03
8.895218e+03
7.992519e+03
6.858678e+03
5.980258e+03
5.465022e+03
4.926006e+03
3.669668e+03
3.420406e+03
3.044357e+03
2.664062e+03
2.205872e+03
1.932164e+03
1.741770e+03
1.467122e+03
1.209954e+03
9.251090e+02
8.334160e+02
6.038263e+02
5.689640e+02
4.859925e+02
3.991581e+02
3.265948e+02
2.588942e+02
2.462172e+02
2.115143e+02
1.547172e+02
1.469952e+02
1.251864e+02
1.029947e+02
8.759534e+01
7.959019e+01
7.157259e+01
5.247313e+01
4.588754e+01
3.658065e+01
3.028297e+01
2.573621e+01
1.994885e+01
1.843935e+01
1.510859e+01
1.379401e+01
1.283911e+01
1.123946e+01
6.919047e+00
4.709782e+00
3.872230e+00
3.508715e+00
3.433983e+00
3.105927e+00
2.768923e+00
2.458583e+00
2.031852e+00
1.898494e+00
1.331690e+00
1.092956e+00
8.354514e-01
6.066020e-01
4.363754e-01
3.633731e-01
3.323340e-01
3.213308e-01
2.155254e-01
1.715408e-01
1.613973e-01
1.472786e-01
9.970637e-02
9.128107e-02
8.521758e-02
6.434979e-02
4.935571e-02
4.643410e-02
4.263420e-02
4.108487e-02
3.556899e-02
3.372551e-02
3.082118e-02
3.001104e-02
2.893648e-02
2.805262e-02
2.731458e-02
2.697318e-02
2.604591e-02
2.573163e-02
2.443586e-02
2.377279e-02
2.333034e-02
2.310069e-02
2.190553e-02
2.167194e-02
2.143565e-02
2.019811e-02
2.001203e-02
1.826510e-02
1.733617e-02
1.641155e-02
1.584876e-02
1.562044e-02
1.522907e-02
1.484024e-02
1.423118e-02
1.345350e-02
1.320882e-02
1.185757e-02
1.115447e-02
1.037271e-02
7.017916e-03
