8.899246e+04
3.941581e+03
2.476028e+03
1.778242e+03
1.060620e+03
7.704731e+02
5.211586e+02
4.069631e+02
3.209048e+02
2.793388e+02
2.373069e+02
1.974434e+02
1.871934e+02
1.808533e+02
1.556416e+02
1.478884e+02
1.340079e+02
1.222389e+02
1.199680e+02
1.184046e+02
1.042159e+02
9.453894e+01
8.456490e+01
8.138969e+01
7.707819e+01
7.213145e+01
6.533304e+01
6.445090e+01
5.861190e+01
5.538902e+01
4.905363e+01
4.725563e+01
4.542047e+01
4.327584e+01
3.990430e+01
3.896292e+01
3.629055e+01
3.310570e+01
3.208125e+01
2.827389e+01
2.697467e+01
2.538183e+01
2.281557e+01
2.204154e+01
2.176060e+01
1.932344e+01
1.819763e+01
1.592440e+01
1.493983e+01
1.386587e+01
1.325772e+01
1.285544e+01
1.244961e+01
1.147046e+01
1.096889e+01
1.015290e+01
9.422972e+00
8.636403e+00
7.792572e+00
7.616547e+00
7.306149e+00
6.711428e+00
6.200556e+00
5.723824e+00
5.360072e+00
5.109556e+00
4.616256e+00
4.410223e+00
4.255421e+00
3.555288e+00
3.217540e+00
3.037709e+00
2.994723e+00
2.680180e+00
2.393867e+00
2.368299e+00
2.155202e+00
1.939672e+00
1.850166e+00
1.765755e+00
1.656009e+00
1.616814e+00
1.556066e+00
1.381479e+00
1.354642e+00
1.289098e+00
1.232580e+00
1.130866e+00
1.097826e+00
1.035641e+00
9.165478e-01
8.843968e-01
8.551106e-01
7.842704e-01
7.421601e-01
7.096184e-01
6.717285e-01
6.067100e-01
5.598715e-01
5.365769e-01
5.034786e-01
4.836959e-01
4.753362e-01
4.642166e-01
4.125230e-01
3.858593e-01
3.724053e-01
3.397781e-01
3.178795e-01
2.986204e-01
2.902839e-01
2.826569e-01
2.525850e-01
2.355415e-01
2.087893e-01
1.901508e-01
1.804317e-01
1.691013e-01
1.633662e-01
1.588565e-01
1.558000e-01
1.482055e-01
1.397692e-01
1.371201e-01
1.321540e-01
1.236321e-01
1.198637e-01
1.131323e-01
9.299543e-02
8.759280e-02
8.383448e-02
8.213116e-02
7.325713e-02
7.086296e-02
6.751117e-02
6.286871e-02
5.955179e-02
5.474381e-02
4.963417e-02
4.806585e-02
4.601327e-02
4.384546e-02
4.156744e-02
3.936163e-02
3.749647e-02
3.520563e-02
3.392274e-02
3.101477e-02
2.979285e-02
2.818003e-02
2.724737e-02
2.638780e-02
2.537333e-02
2.294362e-02
2.238012e-02
2.071650e-02
1.879281e-02
1.668595e-02
1.615584e-02
1.586845e-02
1.382940e-02
1.246986e-02
1.205990e-02
1.099065e-02
1.078296e-02
1.051712e-02
1.023931e-02
9.720362e-03
8.559274e-03
7.658449e-03
7.227733e-03
6.578919e-03
6.279606e-03
5.823456e-03
5.607570e-03
5.402875e-03
5.218402e-03
4.818054e-03
4.733799e-03
4.140887e-03
4.081687e-03
3.504063e-03
3.329060e-03
3.267925e-03
3.032926e-03
2.928616e-03
2.748918e-03
2.720755e-03
2.591561e-03
2.432080e-03
2.341388e-03
2.114990e-03
2.022724e-03
1.955688e-03
1.885609e-03
1.881224e-03
1.736423e-03
1.688571e-03
1.629194e-03
1.611787e-03
1.584182e-03
1.543429e-03
1.479993e-03
1.457964e-03
1.401336e-03
1.383425e-03
1.378785e-03
1.345714e-03
1.316997e-03
1.299908e-03
1.234329e-03
1.230337e-03
1.215670e-03
1.181388e-03
1.147817e-03
1.124493e-03
1.112254e-03
1.082101e-03
1.071411e-03
1.051590e-03
1.042999e-03
1.031913e-03
1.015451e-03
1.000320e-03
9.873261e-04
9.647228e-04
9.588206e-04
9.431638e-04
9.301235e-04
9.163717e-04
9.084739e-04
9.014904e-04
8.849396e-04
8.661927e-04
8.651747e-04
8.560796e-04
8.439098e-04
8.241959e-04
8.156155e-04
8.089305e-04
8.008569e-04
7.813101e-04
7.797671e-04
7.638685e-04
7.612441e-04
7.558995e-04
7.433616e-04
7.316584e-04
7.185123e-04
7.067618e-04
6.953256e-04
6.883183e-04
6.830934e-04
6.611497e-04
6.582463e-04
6.431100e-04
6.381578e-04
6.324637e-04
6.260705e-04
6.108663e-04
6.103365e-04
5.941048e-04
5.861761e-04
5.702944e-04
5.559916e-04
5.469486e-04
5.352432e-04
5.277660e-04
5.179585e-04
5.140734e-04
5.084809e-04
5.049389e-04
4.942759e-04
4.834493e-04
4.703659e-04
4.685792e-04
4.622054e-04
4.489174e-04
4.360724e-04
4.271197e-04
4.233230e-04
4.121814e-04
4.059666e-04
3.908004e-04
3.767231e-04
3.722972e-04
3.657347e-04
3.522275e-04
3.401801e-04
3.272048e-04
3.255586e-04
3.152085e-04
3.101350e-04
3.042863e-04
2.892690e-04
2.769483e-04
2.728406e-04
2.517791e-04
2.456173e-04
2.355524e-04
2.290483e-04
2.227982e-04
2.179209e-04
2.102848e-04
1.834688e-04
1.806964e-04
1.769489e-04
1.638569e-04
1.527843e-04
1.485815e-04
1.354861e-04
1.314965e-04
1.230982e-04
1.110973e-04
1.028849e-04
9.025833e-05
7.343356e-05
7.234998e-05
7.080265e-05
6.204913e-05
5.518570e-05
4.453237e-05
2.813483e-05
2.071004e-05
2.289005e-06
2.058939e-07
3.159439e-13
-1.079586e-13
-1.352254e-05
-1.673648e-05
-2.197873e-05
-3.418307e-05
-4.126148e-05
-4.615906e-05
-6.793431e-05
-7.265905e-05
-8.662912e-05
-8.875619e-05
-9.712099e-05
-1.055486e-04
-1.184982e-04
-1.231311e-04
-1.295933e-04
-1.460371e-04
-1.534136e-04
-1.585444e-04
-1.702864e-04
-1.933395e-04
-2.024284e-04
-2.101399e-04
-2.192554e-04
-2.287591e-04
-2.420564e-04
-2.587421e-04
-2.620872e-04
-2.747918e-04
-2.927212e-04
-2.990435e-04
-3.131773e-04
-3.236788e-04
-3.346890e-04
-3.548593e-04
-3.629476e-04
-3.699745e-04
-3.746106e-04
-3.946889e-04
-4.019224e-04
-4.162469e-04
-4.168485e-04
-4.300913e-04
-4.507791e-04
-4.596311e-04
-4.930238e-04
-5.060056e-04
-5.126297e-04
-5.218193e-04
-5.414521e-04
-5.686154e-04
-5.792253e-04
-5.886368e-04
-6.049257e-04
-6.450626e-04
-6.513214e-04
-6.597646e-04
