1.887501e+12
1.547591e+12
1.431324e+12
1.405974e+12
1.367674e+12
1.168343e+12
1.081263e+12
1.055418e+12
1.013283e+12
9.290666e+11
9.010454e+11
8.526937e+11
7.891268e+11
7.332497e+11
7.232263e+11
7.001896e+11
6.793164e+11
6.319100e+11
6.238527e+11
6.068092e+11
5.483111e+11
5.358091e+11
5.131157e+11
4.905661e+11
4.896585e+11
4.629281e+11
4.496531e+11
4.303920e+11
4.101795e+11
3.902965e+11
3.860656e+11
3.742649e+11
3.687596e+11
3.473928e+11
3.264950e+11
3.241312e+11
3.159811e+11
2.954678e+11
2.924289e+11
2.863966e+11
2.783496e+11
2.739149e+11
2.610669e+11
2.517059e+11
2.483258e+11
2.449138e+11
2.357546e+11
2.279237e+11
2.159572e+11
2.141414e+11
2.022997e+11
1.951749e+11
1.915476e+11
1.890196e+11
1.859897e+11
1.776111e+11
1.724136e+11
1.655536e+11
1.635425e+11
1.611244e+11
1.525936e+11
1.488190e+11
1.457784e+11
1.417445e+11
1.411648e+11
1.349832e+11
1.307931e+11
1.265166e+11
1.260559e+11
1.218551e+11
1.200220e+11
1.170679e+11
1.134244e+11
1.128574e+11
1.120977e+11
1.081859e+11
1.074187e+11
1.022995e+11
9.967009e+10
9.886098e+10
9.817427e+10
9.494861e+10
9.197019e+10
9.144405e+10
9.062780e+10
8.658472e+10
8.494913e+10
8.355643e+10
8.268461e+10
8.226494e+10
8.039507e+10
7.955205e+10
7.650209e+10
7.504305e+10
7.465234e+10
7.265350e+10
7.205361e+10
7.107568e+10
7.057404e+10
6.910081e+10
6.804853e+10
6.572156e+10
6.523621e+10
6.350742e+10
6.245492e+10
6.179127e+10
6.123737e+10
5.980571e+10
5.969348e+10
5.909575e+10
5.550678e+10
5.363575e+10
5.306945e+10
5.172640e+10
5.127072e+10
4.937595e+10
4.814616e+10
4.657965e+10
4.462713e+10
3.881834e+10
3.486059e+10
3.180150e+10
2.246793e+10
1.789893e+10
1.572842e+10
1.315545e+10
1.221536e+10
7.226118e+09
