8.909130e+04
3.700562e+03
2.380356e+03
1.955544e+03
1.013233e+03
8.046910e+02
5.215630e+02
4.382981e+02
3.080017e+02
2.663576e+02
2.504438e+02
2.076773e+02
1.887529e+02
1.785149e+02
1.633326e+02
1.419161e+02
1.347806e+02
1.209651e+02
1.196421e+02
1.086918e+02
9.528852e+01
9.431324e+01
8.209634e+01
8.069174e+01
7.720222e+01
7.398466e+01
6.543996e+01
6.071527e+01
5.849550e+01
5.666742e+01
5.103291e+01
4.733583e+01
4.259939e+01
4.073506e+01
4.036637e+01
3.751590e+01
3.446189e+01
3.266425e+01
3.033127e+01
2.946764e+01
2.722733e+01
2.557778e+01
2.264871e+01
2.214709e+01
1.922250e+01
1.822035e+01
1.691624e+01
1.644769e+01
1.541608e+01
1.457351e+01
1.299490e+01
1.234258e+01
1.167718e+01
1.150433e+01
1.053814e+01
1.009256e+01
8.954613e+00
8.426795e+00
8.100765e+00
7.371814e+00
6.932593e+00
6.501701e+00
6.037913e+00
5.635927e+00
5.547876e+00
5.085124e+00
4.503132e+00
4.013415e+00
3.892608e+00
3.429144e+00
3.175208e+00
3.083982e+00
2.650504e+00
2.582909e+00
2.367936e+00
2.223375e+00
2.088241e+00
1.905214e+00
1.748195e+00
1.580476e+00
1.522573e+00
1.392912e+00
1.334851e+00
1.229154e+00
1.190067e+00
1.128152e+00
1.111568e+00
1.085275e+00
1.069781e+00
9.786719e-01
9.445290e-01
9.233462e-01
8.428244e-01
8.003786e-01
7.018023e-01
6.626123e-01
6.101139e-01
5.836373e-01
5.441818e-01
5.205558e-01
4.950051e-01
4.633738e-01
4.456732e-01
4.185553e-01
4.006557e-01
3.749889e-01
3.430844e-01
3.306583e-01
3.016283e-01
2.862215e-01
2.822238e-01
2.476586e-01
2.430870e-01
2.281943e-01
2.161339e-01
2.042032e-01
1.893739e-01
1.802988e-01
1.699644e-01
1.556847e-01
1.471474e-01
1.439914e-01
1.267075e-01
1.178979e-01
1.045358e-01
9.929001e-02
9.320012e-02
8.639440e-02
8.011059e-02
7.525540e-02
6.933073e-02
6.799756e-02
6.460361e-02
6.088135e-02
5.717558e-02
5.691142e-02
5.412275e-02
4.966925e-02
4.728216e-02
4.298029e-02
4.238245e-02
4.034468e-02
3.734591e-02
3.627306e-02
3.566514e-02
3.201105e-02
2.914285e-02
2.894335e-02
2.700496e-02
2.585774e-02
2.352231e-02
2.215155e-02
2.140152e-02
2.107686e-02
1.950197e-02
1.733251e-02
1.659962e-02
1.557437e-02
1.409687e-02
1.295243e-02
1.146905e-02
9.993214e-03
9.425161e-03
8.549460e-03
7.674989e-03
7.143070e-03
6.885608e-03
6.635503e-03
6.572128e-03
6.200022e-03
5.661119e-03
5.568639e-03
5.380858e-03
4.641825e-03
4.366537e-03
4.101675e-03
3.942627e-03
3.616969e-03
3.448915e-03
3.396115e-03
3.256064e-03
3.057341e-03
3.004961e-03
2.889825e-03
2.722651e-03
2.512255e-03
2.457186e-03
2.323149e-03
2.186596e-03
2.159876e-03
2.104702e-03
1.944538e-03
1.840966e-03
1.765747e-03
1.734734e-03
1.673457e-03
1.635285e-03
1.576334e-03
1.546887e-03
1.517320e-03
1.475513e-03
1.393012e-03
1.374047e-03
1.366833e-03
1.335974e-03
1.326650e-03
1.293238e-03
1.261336e-03
1.248368e-03
1.227582e-03
1.205086e-03
1.178102e-03
1.142514e-03
1.132484e-03
1.127055e-03
1.097082e-03
1.074906e-03
1.069616e-03
1.063599e-03
1.045617e-03
1.036187e-03
1.019894e-03
1.003460e-03
9.948325e-04
9.717474e-04
9.613915e-04
9.503530e-04
9.420690e-04
9.304473e-04
9.146223e-04
8.992252e-04
8.918912e-04
8.824380e-04
8.728092e-04
8.518134e-04
8.469078e-04
8.361742e-04
8.199297e-04
8.141312e-04
8.090523e-04
7.969563e-04
7.734310e-04
7.665897e-04
7.577400e-04
7.476274e-04
7.292388e-04
7.273243e-04
7.107790e-04
7.023514e-04
6.968718e-04
6.899256e-04
6.789652e-04
6.595058e-04
6.473420e-04
6.417612e-04
6.392596e-04
6.197490e-04
6.065397e-04
5.975400e-04
5.915124e-04
5.818714e-04
5.760716e-04
5.635680e-04
5.596267e-04
5.522764e-04
5.486308e-04
5.256949e-04
5.220634e-04
5.114397e-04
4.950454e-04
4.926711e-04
4.838409e-04
4.752023e-04
4.500255e-04
4.458505e-04
4.414961e-04
4.344430e-04
4.194285e-04
4.127428e-04
4.063668e-04
3.960951e-04
3.870504e-04
3.837664e-04
3.666519e-04
3.655616e-04
3.465168e-04
3.274142e-04
3.254761e-04
3.217870e-04
3.026382e-04
2.978580e-04
2.937414e-04
2.859895e-04
2.772091e-04
2.731260e-04
2.547877e-04
2.539679e-04
2.355978e-04
2.238515e-04
2.188148e-04
2.085684e-04
2.041751e-04
1.873439e-04
1.812452e-04
1.727042e-04
1.599747e-04
1.559509e-04
1.455546e-04
1.385646e-04
1.306266e-04
1.272896e-04
1.188447e-04
1.114182e-04
9.644929e-05
8.789846e-05
7.959185e-05
7.218568e-05
6.497572e-05
4.992724e-05
4.269906e-05
3.581547e-05
1.912792e-05
1.546621e-05
6.876136e-06
3.494909e-06
1.455425e-14
-1.472785e-14
-1.145200e-13
-8.092264e-06
-1.341412e-05
-3.309189e-05
-5.920318e-05
-5.947052e-05
-6.521228e-05
-7.020099e-05
-7.713856e-05
-9.482735e-05
-1.102173e-04
-1.175754e-04
-1.218431e-04
-1.397007e-04
-1.539103e-04
-1.605737e-04
-1.706859e-04
-1.804818e-04
-1.896481e-04
-1.948713e-04
-2.078077e-04
-2.138187e-04
-2.169956e-04
-2.350342e-04
-2.491166e-04
-2.630084e-04
-2.725724e-04
-2.793601e-04
-2.921463e-04
-3.056659e-04
-3.159663e-04
-3.232583e-04
-3.469475e-04
-3.558424e-04
-3.671292e-04
-3.756966e-04
-3.852128e-04
-3.907998e-04
-4.171228e-04
-4.225428e-04
-4.314799e-04
-4.390802e-04
-4.470088e-04
-4.629542e-04
-4.822771e-04
-4.855983e-04
-5.008578e-04
-5.305855e-04
-5.552621e-04
-5.628857e-04
-5.901663e-04
-5.954598e-04
-6.115343e-04
-6.303625e-04
-6.620948e-04
-6.910407e-04
-7.274838e-04
