5.858434e+04
1.262597e+04
6.699384e+03
1.920484e+03
1.339667e+03
8.599901e+02
4.855823e+02
3.707194e+02
3.398110e+02
2.555304e+02
2.285930e+02
2.142085e+02
1.780251e+02
1.317711e+02
1.107809e+02
1.002258e+02
9.168127e+01
7.976221e+01
6.234452e+01
5.675338e+01
5.155627e+01
4.704168e+01
4.255105e+01
3.814242e+01
2.929958e+01
2.696495e+01
2.311365e+01
2.167555e+01
1.631425e+01
1.418042e+01
1.215756e+01
1.087905e+01
8.978277e+00
8.161505e+00
7.643151e+00
7.015867e+00
5.582158e+00
4.828641e+00
4.042107e+00
3.505115e+00
3.388641e+00
2.951905e+00
2.698568e+00
2.213916e+00
1.902291e+00
1.435186e+00
1.194782e+00
1.060752e+00
8.368064e-01
7.703531e-01
6.260043e-01
5.321546e-01
4.344037e-01
4.145350e-01
3.406554e-01
3.031982e-01
2.683411e-01
2.208598e-01
1.575526e-01
1.271000e-01
1.016307e-01
7.454541e-02
6.028726e-02
5.582498e-02
4.925875e-02
3.370377e-02
2.071978e-02
1.794811e-02
1.663782e-02
1.588969e-02
1.307335e-02
1.206458e-02
1.045403e-02
9.451073e-03
6.886616e-03
5.804081e-03
4.881086e-03
3.662021e-03
2.885141e-03
2.802790e-03
2.175749e-03
2.035342e-03
1.903581e-03
1.474865e-03
1.425233e-03
1.170264e-03
1.121284e-03
1.109376e-03
8.843751e-04
8.250611e-04
7.877916e-04
7.595873e-04
7.433941e-04
7.098334e-04
6.714715e-04
6.576932e-04
6.430958e-04
6.135203e-04
5.987555e-04
5.737935e-04
5.666348e-04
5.594234e-04
5.430609e-04
5.350794e-04
5.210854e-04
5.202350e-04
5.084309e-04
4.928847e-04
4.898615e-04
4.796890e-04
4.711139e-04
4.663186e-04
4.628155e-04
4.538307e-04
4.489476e-04
4.368123e-04
4.355513e-04
4.301797e-04
4.237039e-04
4.119277e-04
4.117246e-04
4.058458e-04
3.999223e-04
3.936754e-04
3.903035e-04
3.884771e-04
3.801123e-04
3.788264e-04
3.760193e-04
3.710798e-04
3.618643e-04
3.591494e-04
3.524332e-04
3.478939e-04
3.451417e-04
3.408446e-04
3.393851e-04
3.347947e-04
3.304911e-04
3.238723e-04
3.206955e-04
3.150541e-04
3.119553e-04
3.105137e-04
3.075569e-04
3.012054e-04
2.986204e-04
2.974205e-04
2.918303e-04
2.867345e-04
2.813803e-04
2.791562e-04
2.751534e-04
2.722564e-04
2.708267e-04
2.688794e-04
2.663241e-04
2.608163e-04
2.585272e-04
2.536087e-04
2.502704e-04
2.500002e-04
2.481226e-04
2.442285e-04
2.392300e-04
2.362319e-04
2.341730e-04
2.306861e-04
2.291625e-04
2.256423e-04
2.225316e-04
2.177895e-04
2.147294e-04
2.124458e-04
2.107860e-04
2.101377e-04
2.053241e-04
1.991570e-04
1.968580e-04
1.953121e-04
1.927886e-04
1.923881e-04
1.883214e-04
1.818267e-04
1.807977e-04
1.794787e-04
1.757618e-04
1.736123e-04
1.710443e-04
1.696275e-04
1.641355e-04
1.637144e-04
1.616608e-04
1.591500e-04
1.536357e-04
1.520746e-04
1.513859e-04
1.493919e-04
1.483719e-04
1.430149e-04
1.404082e-04
1.360972e-04
1.355669e-04
1.345256e-04
1.307433e-04
1.284068e-04
1.254842e-04
1.248025e-04
1.202965e-04
1.186632e-04
1.177545e-04
1.165069e-04
1.128665e-04
1.051268e-04
1.029601e-04
1.020471e-04
1.009903e-04
9.845200e-05
9.689436e-05
9.525825e-05
9.384530e-05
9.159444e-05
8.782213e-05
8.433752e-05
8.265954e-05
8.161963e-05
7.720454e-05
7.564692e-05
7.396874e-05
6.874889e-05
6.619849e-05
6.538356e-05
6.265036e-05
6.140147e-05
5.972031e-05
5.620114e-05
5.236848e-05
4.890901e-05
4.785094e-05
4.592791e-05
4.299831e-05
4.050831e-05
3.675865e-05
3.553681e-05
3.271143e-05
3.082303e-05
2.936674e-05
2.550497e-05
2.311604e-05
2.164239e-05
2.005545e-05
1.728348e-05
1.506894e-05
1.128069e-05
9.937887e-06
8.622756e-06
4.709892e-06
2.000289e-07
6.229991e-14
1.258243e-14
-3.716763e-15
-1.549011e-06
-4.311620e-06
-6.508761e-06
-9.562690e-06
-1.131084e-05
-1.223914e-05
-1.512880e-05
-1.627904e-05
-1.757722e-05
-1.964314e-05
-2.013814e-05
-2.188789e-05
-2.482658e-05
-2.816049e-05
-2.901528e-05
-3.260612e-05
-3.551941e-05
-3.730537e-05
-4.014840e-05
-4.090029e-05
-4.419998e-05
-4.520784e-05
-5.248882e-05
-5.405206e-05
-5.586824e-05
-5.766344e-05
-6.029826e-05
-6.304470e-05
-6.475399e-05
-6.709810e-05
-6.855163e-05
-7.086179e-05
-7.282062e-05
-7.850956e-05
-8.072237e-05
-8.225244e-05
-8.557646e-05
-8.669709e-05
-8.935509e-05
-9.156526e-05
-9.520567e-05
-9.802385e-05
-1.016538e-04
-1.032679e-04
-1.071711e-04
-1.102125e-04
-1.135688e-04
-1.153764e-04
-1.180896e-04
-1.201085e-04
-1.235399e-04
-1.265369e-04
-1.278279e-04
-1.312538e-04
-1.323165e-04
-1.369202e-04
-1.378604e-04
-1.435430e-04
-1.440989e-04
-1.488806e-04
-1.498925e-04
-1.546874e-04
-1.558026e-04
-1.585318e-04
-1.596518e-04
-1.619858e-04
-1.705191e-04
-1.716933e-04
-1.755263e-04
-1.774742e-04
-1.788351e-04
-1.820472e-04
-1.836000e-04
-1.868225e-04
-1.902777e-04
-1.924535e-04
-1.981852e-04
-2.001715e-04
-2.017112e-04
-2.050469e-04
-2.098229e-04
-2.139269e-04
-2.170204e-04
-2.227200e-04
-2.278117e-04
-2.322443e-04
-2.355484e-04
-2.394608e-04
-2.414516e-04
-2.424254e-04
-2.471478e-04
-2.546148e-04
-2.587727e-04
-2.592943e-04
-2.629819e-04
-2.708998e-04
-2.747831e-04
-2.776326e-04
-2.813802e-04
-2.849984e-04
-2.912967e-04
-2.954987e-04
-2.997341e-04
-3.029687e-04
-3.116309e-04
-3.133203e-04
-3.199083e-04
-3.238359e-04
-3.331183e-04
-3.391163e-04
-3.437579e-04
-3.473949e-04
-3.655297e-04
-3.671428e-04
-3.787423e-04
-3.971397e-04
-4.211846e-04
-4.586532e-04
-5.028382e-04
-5.729634e-04
-5.971896e-04
-1.081377e-03
-1.349103e-03
