1.249367e+05
6.230321e+03
3.191407e+03
2.289655e+03
1.940187e+03
1.536246e+03
1.295544e+03
7.937272e+02
7.496154e+02
7.172687e+02
5.759512e+02
4.316450e+02
3.373762e+02
3.235284e+02
3.048669e+02
2.439774e+02
2.135053e+02
1.875578e+02
1.781425e+02
1.459938e+02
1.324652e+02
1.110094e+02
1.055452e+02
9.625101e+01
9.065409e+01
8.102208e+01
7.850286e+01
7.704964e+01
6.626266e+01
6.238946e+01
5.648813e+01
5.458044e+01
4.750433e+01
4.499080e+01
4.220734e+01
4.072877e+01
3.960915e+01
3.683861e+01
3.294109e+01
3.260590e+01
3.093043e+01
2.800229e+01
2.601158e+01
2.335806e+01
2.022848e+01
1.806546e+01
1.662429e+01
1.602139e+01
1.511111e+01
1.429465e+01
1.402846e+01
1.217769e+01
1.078397e+01
1.030332e+01
9.769692e+00
8.929127e+00
8.337734e+00
7.695724e+00
7.449205e+00
6.678857e+00
6.546609e+00
6.114111e+00
5.712817e+00
5.599495e+00
4.867966e+00
4.484702e+00
4.059134e+00
3.621931e+00
3.370937e+00
3.138229e+00
2.801845e+00
2.577539e+00
2.461933e+00
2.373719e+00
2.281090e+00
2.121030e+00
2.053844e+00
1.866772e+00
1.642029e+00
1.494158e+00
1.420945e+00
1.338409e+00
1.270345e+00
1.200731e+00
1.057600e+00
1.007824e+00
9.559848e-01
8.362486e-01
7.194394e-01
7.112100e-01
6.610444e-01
6.329468e-01
6.084061e-01
5.890820e-01
5.604195e-01
5.341135e-01
5.134895e-01
4.358869e-01
4.157597e-01
4.040627e-01
3.995486e-01
3.350208e-01
3.069456e-01
3.009324e-01
2.878964e-01
2.769364e-01
2.538781e-01
2.349656e-01
2.146665e-01
1.962730e-01
1.730314e-01
1.666239e-01
1.521598e-01
1.341138e-01
1.272655e-01
1.154283e-01
1.133176e-01
1.075470e-01
9.851213e-02
9.498459e-02
9.029151e-02
8.705771e-02
8.228549e-02
7.626393e-02
7.243412e-02
7.041945e-02
6.292903e-02
5.716508e-02
5.120735e-02
5.012440e-02
4.539036e-02
4.245269e-02
3.905091e-02
3.513848e-02
3.231230e-02
2.846166e-02
2.808509e-02
2.470716e-02
2.387357e-02
2.251781e-02
2.079098e-02
2.034613e-02
1.963630e-02
1.868583e-02
1.710905e-02
1.517860e-02
1.358568e-02
1.190093e-02
1.131054e-02
1.056601e-02
8.867637e-03
8.136643e-03
7.481829e-03
6.964034e-03
6.491236e-03
6.129413e-03
5.834237e-03
5.167865e-03
4.894455e-03
4.421082e-03
4.135148e-03
3.865714e-03
3.667871e-03
3.464328e-03
3.353413e-03
3.123555e-03
2.779814e-03
2.656579e-03
2.602641e-03
2.576214e-03
2.475773e-03
2.215978e-03
2.044101e-03
1.900093e-03
1.732572e-03
1.627746e-03
1.620066e-03
1.545931e-03
1.533299e-03
1.528758e-03
1.444612e-03
1.425327e-03
1.409741e-03
1.385826e-03
1.375945e-03
1.319904e-03
1.298965e-03
1.277059e-03
1.255292e-03
1.247970e-03
1.201612e-03
1.201133e-03
1.190283e-03
1.170767e-03
1.162566e-03
1.157509e-03
1.145238e-03
1.131711e-03
1.111110e-03
1.100566e-03
1.067532e-03
1.062269e-03
1.049773e-03
1.040160e-03
1.027392e-03
1.020832e-03
1.010471e-03
9.926304e-04
9.805885e-04
9.706758e-04
9.633490e-04
9.559837e-04
9.386402e-04
9.347858e-04
9.147050e-04
9.015271e-04
8.861438e-04
8.718744e-04
8.612439e-04
8.475147e-04
8.334375e-04
8.222602e-04
8.098513e-04
8.060901e-04
7.945782e-04
7.877304e-04
7.657293e-04
7.527329e-04
7.511164e-04
7.457596e-04
7.326696e-04
7.258345e-04
7.046830e-04
6.982767e-04
6.893175e-04
6.834328e-04
6.796513e-04
6.634074e-04
6.479681e-04
6.343235e-04
6.263367e-04
6.244698e-04
6.134821e-04
6.047248e-04
5.973529e-04
5.887964e-04
5.760708e-04
5.739887e-04
5.667757e-04
5.444060e-04
5.343066e-04
5.210770e-04
5.145763e-04
5.007909e-04
4.944359e-04
4.890640e-04
4.849407e-04
4.745145e-04
4.657781e-04
4.571131e-04
4.493261e-04
4.419699e-04
4.329746e-04
4.210788e-04
4.127682e-04
3.990422e-04
3.865999e-04
3.836280e-04
3.687630e-04
3.593837e-04
3.520333e-04
3.461519e-04
3.340368e-04
3.324999e-04
3.291113e-04
3.168319e-04
3.145073e-04
2.994341e-04
2.891960e-04
2.850395e-04
2.763517e-04
2.684124e-04
2.549110e-04
2.415404e-04
2.232501e-04
2.192546e-04
2.149502e-04
2.101964e-04
2.055442e-04
1.909210e-04
1.872981e-04
1.799515e-04
1.736206e-04
1.608613e-04
1.494817e-04
1.450131e-04
1.397317e-04
1.218593e-04
1.191005e-04
1.083277e-04
1.030768e-04
9.914159e-05
8.981448e-05
7.294932e-05
6.893105e-05
5.495257e-05
4.292465e-05
3.958360e-05
2.394498e-05
1.078038e-05
3.004144e-06
-3.889169e-06
-1.797222e-05
-2.032976e-05
-3.430616e-05
-3.707018e-05
-4.915534e-05
-5.429361e-05
-6.854923e-05
-7.406331e-05
-9.668674e-05
-1.095234e-04
-1.113239e-04
-1.223497e-04
-1.315231e-04
-1.392276e-04
-1.546145e-04
-1.575139e-04
-1.639388e-04
-1.752425e-04
-1.803978e-04
-1.905212e-04
-1.910388e-04
-2.001098e-04
-2.102710e-04
-2.314536e-04
-2.429727e-04
-2.459250e-04
-2.504592e-04
-2.633823e-04
-2.675291e-04
-2.740767e-04
-2.803347e-04
-3.094910e-04
-3.156955e-04
-3.257726e-04
-3.384582e-04
-3.441683e-04
-3.462865e-04
-3.550746e-04
-3.633372e-04
-3.781637e-04
-3.829754e-04
-3.922192e-04
-4.049920e-04
-4.168016e-04
-4.318109e-04
-4.435328e-04
-4.598015e-04
-4.661791e-04
-4.766402e-04
-4.850286e-04
-5.018717e-04
-5.248340e-04
-5.376633e-04
-5.470719e-04
-5.565056e-04
-5.605599e-04
-5.844081e-04
-5.941234e-04
-5.995002e-04
-6.230921e-04
-6.403616e-04
-6.494831e-04
-6.658076e-04
-6.860633e-04
-7.125493e-04
-7.413374e-04
-7.678511e-04
-7.731665e-04
-7.791444e-04
-8.031415e-04
-8.601620e-04
-8.775356e-04
