5.952070e+04
9.131426e+03
4.488669e+03
2.092213e+03
1.266498e+03
3.232645e+02
2.027654e+02
1.838466e+02
1.003311e+02
5.285889e+01
2.507574e+01
1.967589e+01
1.376407e+01
6.557726e+00
4.546566e+00
3.359616e+00
2.839648e+00
1.796304e+00
1.680503e+00
1.026464e+00
6.323894e-01
5.135984e-01
3.850023e-01
3.552545e-01
1.333366e-01
9.230922e-02
5.713573e-02
4.142801e-02
2.764308e-02
1.667463e-02
1.189606e-02
5.923291e-03
4.407013e-03
4.097598e-03
2.170293e-03
1.856649e-03
1.664945e-03
1.232903e-03
1.198318e-03
1.131086e-03
1.064353e-03
9.807084e-04
9.366597e-04
8.923474e-04
8.766837e-04
8.226098e-04
8.090809e-04
7.875212e-04
7.706612e-04
7.375028e-04
6.912574e-04
6.901796e-04
6.825610e-04
6.631090e-04
6.557900e-04
6.442099e-04
6.276582e-04
6.137177e-04
6.058702e-04
5.965037e-04
5.924380e-04
5.853937e-04
5.749063e-04
5.684534e-04
5.614911e-04
5.487030e-04
5.476876e-04
5.430860e-04
5.407818e-04
5.279199e-04
5.208058e-04
5.178661e-04
5.104633e-04
4.989979e-04
4.916789e-04
4.864920e-04
4.800501e-04
4.713101e-04
4.687706e-04
4.581240e-04
4.560245e-04
4.475296e-04
4.444488e-04
4.354286e-04
4.288053e-04
4.247859e-04
4.186027e-04
4.149248e-04
4.085494e-04
4.000982e-04
3.982754e-04
3.933774e-04
3.896084e-04
3.836833e-04
3.807193e-04
3.768603e-04
3.746449e-04
3.724197e-04
3.667448e-04
3.607811e-04
3.605190e-04
3.539824e-04
3.518119e-04
3.464093e-04
3.446512e-04
3.398763e-04
3.337669e-04
3.306222e-04
3.281561e-04
3.240037e-04
3.216312e-04
3.137620e-04
3.092484e-04
3.061135e-04
3.059741e-04
3.031139e-04
2.990319e-04
2.949194e-04
2.918537e-04
2.908118e-04
2.853490e-04
2.833561e-04
2.774703e-04
2.762697e-04
2.745158e-04
2.714332e-04
2.689062e-04
2.658751e-04
2.647842e-04
2.632052e-04
2.589330e-04
2.548622e-04
2.531999e-04
2.519108e-04
2.490355e-04
2.426726e-04
2.410504e-04
2.396605e-04
2.364273e-04
2.359248e-04
2.342123e-04
2.291664e-04
2.240483e-04
2.223910e-04
2.192374e-04
2.161572e-04
2.134782e-04
2.124338e-04
2.094416e-04
2.067223e-04
2.023243e-04
2.005955e-04
1.974607e-04
1.945242e-04
1.933186e-04
1.899115e-04
1.877496e-04
1.840562e-04
1.800068e-04
1.758509e-04
1.748457e-04
1.731891e-04
1.720319e-04
1.690772e-04
1.667321e-04
1.655270e-04
1.598195e-04
1.579573e-04
1.568519e-04
1.493952e-04
1.477337e-04
1.467608e-04
1.430679e-04
1.406477e-04
1.381973e-04
1.368326e-04
1.342362e-04
1.326398e-04
1.292606e-04
1.264378e-04
1.227192e-04
1.187035e-04
1.155078e-04
1.147545e-04
1.126363e-04
1.114318e-04
1.089390e-04
1.077392e-04
1.041831e-04
1.005053e-04
1.000456e-04
9.639811e-05
9.457709e-05
9.222217e-05
8.960835e-05
8.721284e-05
8.399448e-05
8.196573e-05
8.143549e-05
7.763810e-05
7.534362e-05
7.175092e-05
7.052915e-05
6.889401e-05
6.725651e-05
6.490887e-05
6.254563e-05
5.949297e-05
5.863506e-05
5.546987e-05
5.084351e-05
4.840318e-05
4.672549e-05
4.615774e-05
4.559995e-05
4.198569e-05
3.926319e-05
3.702722e-05
3.308448e-05
3.061422e-05
2.970175e-05
2.792902e-05
2.684061e-05
2.318328e-05
1.870854e-05
1.789290e-05
1.693483e-05
1.607450e-05
1.102878e-05
6.770442e-06
4.462652e-06
3.586774e-06
1.647050e-06
1.727279e-07
2.186913e-13
1.618497e-13
4.812527e-15
-8.451839e-15
-4.072805e-14
-1.163125e-13
-1.315068e-06
-5.503618e-06
-6.314385e-06
-9.506128e-06
-1.166343e-05
-1.299322e-05
-1.519582e-05
-1.666709e-05
-1.783650e-05
-1.959312e-05
-2.177314e-05
-2.364588e-05
-2.825673e-05
-3.046394e-05
-3.399489e-05
-3.579242e-05
-3.603234e-05
-4.291411e-05
-4.533721e-05
-4.708563e-05
-4.767320e-05
-5.159972e-05
-5.229988e-05
-5.455035e-05
-5.807478e-05
-5.962632e-05
-6.086114e-05
-6.303656e-05
-6.770300e-05
-7.128866e-05
-7.243193e-05
-7.612853e-05
-7.718457e-05
-7.753673e-05
-7.925359e-05
-8.372062e-05
-8.546598e-05
-8.986133e-05
-9.121204e-05
-9.466802e-05
-9.700032e-05
-9.791758e-05
-9.938781e-05
-1.017280e-04
-1.043391e-04
-1.073907e-04
-1.095228e-04
-1.114078e-04
-1.164025e-04
-1.182505e-04
-1.186661e-04
-1.215840e-04
-1.276460e-04
-1.284180e-04
-1.298496e-04
-1.321565e-04
-1.335207e-04
-1.384178e-04
-1.397620e-04
-1.440133e-04
-1.459440e-04
-1.476610e-04
-1.487732e-04
-1.554852e-04
-1.577456e-04
-1.616123e-04
-1.647428e-04
-1.671657e-04
-1.689389e-04
-1.720130e-04
-1.728468e-04
-1.761135e-04
-1.809015e-04
-1.825845e-04
-1.869009e-04
-1.914807e-04
-1.923770e-04
-1.965688e-04
-1.982637e-04
-2.018926e-04
-2.031551e-04
-2.045768e-04
-2.071549e-04
-2.091113e-04
-2.116342e-04
-2.195550e-04
-2.199929e-04
-2.214468e-04
-2.270097e-04
-2.333971e-04
-2.354769e-04
-2.401280e-04
-2.426294e-04
-2.449148e-04
-2.484726e-04
-2.521763e-04
-2.542802e-04
-2.580567e-04
-2.604648e-04
-2.624361e-04
-2.638641e-04
-2.702170e-04
-2.759845e-04
-2.807419e-04
-2.865820e-04
-2.877762e-04
-2.921155e-04
-2.981388e-04
-3.046774e-04
-3.062281e-04
-3.134961e-04
-3.171334e-04
-3.224831e-04
-3.270511e-04
-3.316774e-04
-3.383750e-04
-3.419974e-04
-3.453650e-04
-3.553822e-04
-3.595433e-04
-3.634191e-04
-3.718000e-04
-3.839578e-04
-3.886517e-04
-3.954495e-04
-4.067156e-04
-4.120820e-04
-4.151865e-04
-4.209067e-04
-4.336155e-04
-4.383198e-04
-4.631316e-04
-4.678342e-04
-4.773463e-04
-4.990998e-04
-5.120409e-04
-5.468671e-04
-5.871400e-04
-6.257112e-04
-7.078057e-04
-7.871549e-04
-8.840114e-04
-1.245274e-03
-1.582664e-03
