8.126136e+09
4.524063e+08
8.279195e+07
6.286982e+07
4.492212e+07
3.101103e+07
2.198974e+07
1.946717e+07
1.679371e+07
1.504879e+07
1.264199e+07
9.254782e+06
7.006090e+06
5.167448e+06
4.083153e+06
3.202953e+06
2.866338e+06
1.872655e+06
1.559205e+06
1.292840e+06
1.153396e+06
8.987614e+05
8.796336e+05
7.143211e+05
6.171987e+05
5.190326e+05
4.932178e+05
4.161079e+05
2.161461e+05
1.960852e+05
1.717800e+05
1.548539e+05
1.194698e+05
1.140565e+05
8.768749e+04
7.565623e+04
5.227893e+04
4.487804e+04
4.158888e+04
2.719969e+04
2.639323e+04
2.181043e+04
1.630701e+04
1.035587e+04
9.400111e+03
4.715250e+03
3.834492e+03
2.105485e+03
1.788795e+03
1.086120e+03
6.152498e+02
5.288650e+02
3.693392e+02
2.205225e+02
1.682556e+02
1.083005e+02
8.526880e+01
4.650947e+01
3.392560e+01
1.652073e+01
1.007995e+01
9.100825e+00
6.469748e+00
5.120040e+00
3.810814e+00
1.826470e+00
1.541693e+00
1.285948e+00
6.571491e-01
3.370498e-01
2.750389e-01
1.949540e-01
1.843540e-01
1.406939e-01
7.935055e-02
6.815071e-02
5.033782e-02
3.898874e-02
3.030264e-02
2.423253e-02
2.135757e-02
1.999524e-02
1.874418e-02
1.736793e-02
1.527160e-02
1.381634e-02
1.289661e-02
1.106774e-02
1.092955e-02
1.038378e-02
8.492241e-03
8.032428e-03
6.987782e-03
5.975837e-03
5.156930e-03
4.329200e-03
3.753554e-03
3.420742e-03
3.152275e-03
2.561390e-03
2.184930e-03
1.265067e-03
1.117023e-03
6.034168e-04
4.338709e-04
2.094410e-04
-1.784601e-04
-9.537695e-04
-1.441524e-03
-1.669404e-03
-1.854365e-03
-2.482191e-03
-3.135095e-03
-4.051312e-03
-4.653289e-03
-5.993479e-03
-6.868950e-03
-8.822539e-03
-1.031151e-02
-1.051992e-02
-1.194735e-02
-1.222582e-02
-1.548609e-02
-1.700162e-02
-1.750487e-02
-1.972383e-02
-2.674109e-02
-3.111748e-02
