1.515295e+10
7.000548e+08
1.359926e+08
1.126246e+08
9.907070e+07
6.515910e+07
4.616678e+07
4.105613e+07
3.746431e+07
2.897405e+07
2.594452e+07
2.180285e+07
1.906389e+07
1.739165e+07
1.258495e+07
1.032999e+07
8.992516e+06
6.932192e+06
6.494890e+06
5.618258e+06
4.359138e+06
3.905136e+06
3.846764e+06
3.525197e+06
3.083044e+06
2.541140e+06
2.311878e+06
2.028948e+06
1.887281e+06
1.637917e+06
1.236022e+06
1.012139e+06
9.703951e+05
8.390996e+05
7.373804e+05
7.017776e+05
6.169451e+05
5.710853e+05
4.404724e+05
3.965853e+05
2.797250e+05
2.771388e+05
2.519915e+05
2.142553e+05
2.054212e+05
1.450810e+05
1.263777e+05
7.985475e+04
6.772295e+04
6.282796e+04
4.123983e+04
2.641058e+04
2.044807e+04
1.751182e+04
1.534848e+04
1.013847e+04
7.056119e+03
4.531494e+03
4.510790e+03
3.152813e+03
2.398508e+03
1.531222e+03
1.248632e+03
1.095289e+03
4.388877e+02
3.395945e+02
2.920271e+02
2.375111e+02
1.990893e+02
1.335566e+02
1.115193e+02
7.285400e+01
4.439253e+01
3.094521e+01
1.943509e+01
1.501514e+01
1.029837e+01
6.727889e+00
5.662674e+00
3.500806e+00
3.201996e+00
1.829960e+00
1.240021e+00
9.210064e-01
6.042510e-01
4.427949e-01
3.212672e-01
2.982453e-01
2.011502e-01
1.759629e-01
8.163283e-02
6.730835e-02
5.334911e-02
3.469513e-02
2.821260e-02
2.171131e-02
1.833947e-02
1.610987e-02
1.510684e-02
1.386261e-02
1.116091e-02
1.105958e-02
1.014580e-02
9.900857e-03
7.933607e-03
6.914505e-03
5.678799e-03
4.541106e-03
3.937976e-03
3.553039e-03
3.030500e-03
1.800320e-03
1.014052e-03
3.083063e-04
-5.177800e-04
-1.624458e-03
-1.888892e-03
-3.093724e-03
-3.565433e-03
-3.844020e-03
-4.924789e-03
-6.504532e-03
-8.199226e-03
-1.126874e-02
-1.288541e-02
-1.379998e-02
-2.031959e-02
-7.128872e-01
