8.892037e+04
3.722206e+03
2.292129e+03
1.895212e+03
1.024317e+03
7.612977e+02
5.019783e+02
4.247543e+02
3.075459e+02
2.713037e+02
2.583920e+02
1.995161e+02
1.901606e+02
1.767299e+02
1.708027e+02
1.421511e+02
1.334142e+02
1.265797e+02
1.117947e+02
1.086698e+02
1.030279e+02
9.664218e+01
8.825391e+01
7.633553e+01
7.491821e+01
6.938593e+01
6.488385e+01
6.181369e+01
5.751379e+01
5.583327e+01
4.929974e+01
4.628335e+01
4.436325e+01
4.190349e+01
3.803623e+01
3.697018e+01
3.381198e+01
3.205454e+01
2.967781e+01
2.816904e+01
2.641248e+01
2.576753e+01
2.384270e+01
2.224955e+01
2.124977e+01
1.898044e+01
1.798453e+01
1.600753e+01
1.560401e+01
1.499015e+01
1.401409e+01
1.279944e+01
1.187593e+01
1.116505e+01
1.012618e+01
9.785446e+00
9.364716e+00
8.529527e+00
7.452530e+00
6.849174e+00
6.498314e+00
6.109955e+00
5.756201e+00
5.665335e+00
5.028716e+00
4.645379e+00
4.476110e+00
4.165988e+00
3.822536e+00
3.395470e+00
3.125156e+00
2.886066e+00
2.567296e+00
2.446464e+00
2.245373e+00
2.173321e+00
1.995258e+00
1.858574e+00
1.841362e+00
1.729856e+00
1.638524e+00
1.481082e+00
1.342894e+00
1.300175e+00
1.214077e+00
1.150925e+00
1.111293e+00
1.064216e+00
1.020590e+00
9.449475e-01
9.048324e-01
8.596732e-01
7.607505e-01
7.170724e-01
6.836530e-01
6.315196e-01
5.901673e-01
5.789349e-01
5.458064e-01
5.318403e-01
5.002359e-01
4.643336e-01
4.378157e-01
4.265018e-01
4.073723e-01
3.662366e-01
3.290861e-01
3.265008e-01
3.054110e-01
2.775843e-01
2.512468e-01
2.442701e-01
2.310088e-01
2.289828e-01
2.103692e-01
1.972544e-01
1.905578e-01
1.820068e-01
1.612053e-01
1.465029e-01
1.375741e-01
1.297062e-01
1.191951e-01
1.140466e-01
1.070761e-01
1.021624e-01
1.008286e-01
9.632817e-02
8.274636e-02
8.107308e-02
7.633580e-02
7.357790e-02
7.007788e-02
6.787762e-02
6.237444e-02
5.983159e-02
5.806330e-02
5.377715e-02
4.985384e-02
4.726127e-02
4.487368e-02
4.264332e-02
4.066840e-02
3.625961e-02
3.436985e-02
3.239331e-02
3.232279e-02
2.932404e-02
2.654808e-02
2.649912e-02
2.474701e-02
2.268841e-02
2.189427e-02
2.088231e-02
2.034383e-02
1.867115e-02
1.707898e-02
1.634226e-02
1.488527e-02
1.412236e-02
1.377882e-02
1.234469e-02
1.163802e-02
1.102210e-02
1.042200e-02
9.458251e-03
9.197759e-03
8.515049e-03
8.401072e-03
7.403227e-03
6.283934e-03
5.903730e-03
5.523003e-03
5.324381e-03
4.874874e-03
4.620390e-03
4.068632e-03
3.905932e-03
3.725968e-03
3.557519e-03
3.438833e-03
3.357805e-03
3.318016e-03
3.218967e-03
3.041188e-03
2.895195e-03
2.674345e-03
2.627824e-03
2.528453e-03
2.367382e-03
2.266095e-03
2.166006e-03
2.060601e-03
1.950155e-03
1.913829e-03
1.811811e-03
1.754931e-03
1.608474e-03
1.555371e-03
1.501391e-03
1.445981e-03
1.408276e-03
1.388409e-03
1.336799e-03
1.314543e-03
1.279052e-03
1.263362e-03
1.248053e-03
1.236887e-03
1.226054e-03
1.190962e-03
1.173879e-03
1.157679e-03
1.146257e-03
1.121075e-03
1.102450e-03
1.094517e-03
1.058157e-03
1.054615e-03
1.049854e-03
1.027888e-03
1.015296e-03
9.993719e-04
9.866918e-04
9.752755e-04
9.629034e-04
9.524059e-04
9.425430e-04
9.399977e-04
9.297193e-04
9.053406e-04
8.935048e-04
8.921958e-04
8.791292e-04
8.710506e-04
8.609705e-04
8.475722e-04
8.338268e-04
8.158923e-04
8.112848e-04
8.069578e-04
7.798859e-04
7.591983e-04
7.496755e-04
7.417537e-04
7.217252e-04
7.106499e-04
7.074243e-04
6.963819e-04
6.877459e-04
6.748058e-04
6.597294e-04
6.520019e-04
6.341691e-04
6.292642e-04
6.233891e-04
6.191739e-04
6.107144e-04
6.061703e-04
5.875409e-04
5.831969e-04
5.651278e-04
5.626464e-04
5.460997e-04
5.361289e-04
5.309979e-04
5.213430e-04
5.135435e-04
5.052183e-04
4.936605e-04
4.866159e-04
4.795474e-04
4.718378e-04
4.643707e-04
4.593910e-04
4.489014e-04
4.392272e-04
4.224926e-04
4.144858e-04
4.067792e-04
4.034481e-04
3.884632e-04
3.843491e-04
3.672200e-04
3.630101e-04
3.402906e-04
3.371061e-04
3.282012e-04
3.203277e-04
3.168473e-04
3.024651e-04
2.906831e-04
2.862867e-04
2.728608e-04
2.686717e-04
2.589564e-04
2.497911e-04
2.262704e-04
2.173052e-04
2.143794e-04
2.100525e-04
1.994257e-04
1.964302e-04
1.806013e-04
1.733606e-04
1.688130e-04
1.588872e-04
1.521869e-04
1.466996e-04
1.280173e-04
1.262813e-04
1.220641e-04
1.052624e-04
8.599381e-05
7.697197e-05
6.821058e-05
5.795057e-05
4.700325e-05
3.733536e-05
3.441562e-05
1.982612e-05
1.131733e-05
8.574397e-06
4.544969e-06
8.846533e-14
3.433180e-14
-3.146756e-14
-2.109204e-13
-2.229165e-13
-1.306382e-05
-2.162168e-05
-2.990285e-05
-4.146576e-05
-4.635742e-05
-5.467031e-05
-7.024276e-05
-8.004414e-05
-9.421552e-05
-1.030376e-04
-1.067792e-04
-1.217176e-04
-1.301371e-04
-1.364133e-04
-1.577494e-04
-1.621794e-04
-1.700584e-04
-1.721884e-04
-1.893587e-04
-2.021615e-04
-2.072635e-04
-2.315480e-04
-2.382748e-04
-2.550565e-04
-2.595143e-04
-2.751202e-04
-2.781980e-04
-2.881108e-04
-3.059183e-04
-3.173497e-04
-3.301066e-04
-3.376193e-04
-3.422574e-04
-3.546810e-04
-3.647572e-04
-3.813951e-04
-3.971285e-04
-4.054596e-04
-4.189784e-04
-4.284999e-04
-4.478737e-04
-4.619097e-04
-4.858068e-04
-5.024548e-04
-5.175308e-04
-5.334597e-04
-5.426393e-04
-5.548882e-04
-5.663762e-04
-5.826550e-04
-5.952215e-04
-6.259324e-04
-6.411560e-04
-6.800095e-04
-6.986242e-04
