8.735136e+04
3.352219e+03
2.374919e+03
1.750712e+03
1.065611e+03
7.303463e+02
5.284518e+02
4.290809e+02
2.912971e+02
2.729911e+02
2.450476e+02
2.105384e+02
2.007414e+02
1.776533e+02
1.519602e+02
1.458723e+02
1.399298e+02
1.285452e+02
1.217720e+02
1.149456e+02
1.081662e+02
9.327646e+01
8.943127e+01
8.406952e+01
8.254336e+01
7.537593e+01
6.866069e+01
6.687134e+01
6.239869e+01
5.823693e+01
5.550561e+01
5.485712e+01
4.628617e+01
4.489605e+01
4.393788e+01
4.014939e+01
3.815924e+01
3.603886e+01
3.405330e+01
3.359169e+01
3.131717e+01
3.039548e+01
2.665498e+01
2.423062e+01
2.252287e+01
2.158098e+01
2.072450e+01
1.879446e+01
1.804455e+01
1.703962e+01
1.627312e+01
1.591676e+01
1.431485e+01
1.375948e+01
1.313752e+01
1.183198e+01
1.090759e+01
1.003566e+01
8.567234e+00
8.488040e+00
7.688292e+00
7.283283e+00
7.072918e+00
6.813571e+00
6.080070e+00
5.486166e+00
4.917382e+00
4.670937e+00
4.521339e+00
4.215484e+00
3.799729e+00
3.257925e+00
2.976213e+00
2.856087e+00
2.599207e+00
2.305913e+00
2.151002e+00
2.043303e+00
2.002829e+00
1.948581e+00
1.780374e+00
1.666848e+00
1.553711e+00
1.516029e+00
1.418241e+00
1.329866e+00
1.303765e+00
1.192755e+00
1.173916e+00
1.115629e+00
1.046270e+00
9.671226e-01
8.838108e-01
8.382404e-01
8.086919e-01
7.499275e-01
7.098686e-01
6.592708e-01
6.516867e-01
5.864132e-01
5.507611e-01
5.211334e-01
5.041313e-01
4.836909e-01
4.462719e-01
4.376514e-01
4.061171e-01
3.714149e-01
3.511185e-01
3.450681e-01
3.174288e-01
3.036992e-01
2.920040e-01
2.838012e-01
2.679270e-01
2.469727e-01
2.247555e-01
2.088315e-01
1.933936e-01
1.752513e-01
1.742007e-01
1.695618e-01
1.564850e-01
1.459436e-01
1.403682e-01
1.376957e-01
1.244727e-01
1.200590e-01
1.184848e-01
1.086219e-01
1.033237e-01
9.532071e-02
9.113478e-02
7.997483e-02
7.516196e-02
7.073867e-02
6.774085e-02
6.510272e-02
5.842897e-02
5.595390e-02
5.390945e-02
5.158344e-02
5.056924e-02
4.805244e-02
4.477031e-02
4.345855e-02
3.854150e-02
3.696797e-02
3.571258e-02
3.227051e-02
3.042816e-02
2.865354e-02
2.828977e-02
2.662900e-02
2.431024e-02
2.355847e-02
2.220948e-02
2.130328e-02
2.010669e-02
1.763691e-02
1.706301e-02
1.650796e-02
1.534201e-02
1.491829e-02
1.465015e-02
1.376592e-02
1.294943e-02
1.270801e-02
1.175996e-02
1.150853e-02
1.055059e-02
9.537300e-03
9.285115e-03
8.534458e-03
8.257110e-03
7.802926e-03
7.446798e-03
7.218166e-03
6.500250e-03
6.435524e-03
6.015563e-03
5.007314e-03
4.850899e-03
4.586154e-03
4.309074e-03
4.263858e-03
3.970484e-03
3.811022e-03
3.699961e-03
3.340653e-03
3.183195e-03
3.039482e-03
2.885494e-03
2.649568e-03
2.539726e-03
2.501076e-03
2.445080e-03
2.371166e-03
2.245028e-03
2.042022e-03
1.902796e-03
1.800909e-03
1.730377e-03
1.696285e-03
1.634019e-03
1.560306e-03
1.543078e-03
1.479045e-03
1.415152e-03
1.381751e-03
1.364172e-03
1.329208e-03
1.295787e-03
1.281122e-03
1.246489e-03
1.230744e-03
1.215205e-03
1.198394e-03
1.179003e-03
1.171058e-03
1.146911e-03
1.119500e-03
1.092977e-03
1.087892e-03
1.083680e-03
1.056472e-03
1.041773e-03
1.014225e-03
1.001349e-03
9.976651e-04
9.755610e-04
9.569685e-04
9.484541e-04
9.378661e-04
9.180504e-04
9.097794e-04
9.002626e-04
8.874990e-04
8.735572e-04
8.514542e-04
8.423148e-04
8.290175e-04
8.205406e-04
8.158833e-04
8.070925e-04
8.008174e-04
7.951463e-04
7.685242e-04
7.641955e-04
7.502172e-04
7.395216e-04
7.361609e-04
7.258914e-04
7.206780e-04
7.000255e-04
6.927098e-04
6.835882e-04
6.667453e-04
6.648264e-04
6.532719e-04
6.332111e-04
6.293131e-04
6.191669e-04
6.150545e-04
6.048721e-04
5.905342e-04
5.799104e-04
5.746901e-04
5.650634e-04
5.540299e-04
5.506980e-04
5.440795e-04
5.211027e-04
5.125601e-04
5.083712e-04
5.011600e-04
4.863501e-04
4.746680e-04
4.706934e-04
4.580640e-04
4.447428e-04
4.421277e-04
4.336300e-04
4.270367e-04
4.078214e-04
4.029786e-04
3.943736e-04
3.879615e-04
3.732012e-04
3.569039e-04
3.552147e-04
3.508736e-04
3.368263e-04
3.279306e-04
3.219621e-04
3.048099e-04
3.001672e-04
2.911681e-04
2.850631e-04
2.790415e-04
2.678213e-04
2.567721e-04
2.515249e-04
2.421738e-04
2.362355e-04
2.323248e-04
2.179298e-04
2.081403e-04
1.937217e-04
1.917500e-04
1.659524e-04
1.589686e-04
1.570269e-04
1.440839e-04
1.393148e-04
1.314662e-04
1.284486e-04
1.209608e-04
1.013136e-04
9.612981e-05
8.627126e-05
7.980147e-05
7.067090e-05
5.580420e-05
4.967979e-05
4.614448e-05
3.098729e-05
2.084177e-05
1.874480e-05
4.910741e-06
-1.069259e-13
-1.621075e-06
-8.428865e-06
-2.364616e-05
-3.085709e-05
-3.447445e-05
-4.891470e-05
-5.538375e-05
-6.439883e-05
-7.582323e-05
-8.918565e-05
-1.003141e-04
-1.060708e-04
-1.178564e-04
-1.248443e-04
-1.456711e-04
-1.529114e-04
-1.579340e-04
-1.795114e-04
-1.899471e-04
-2.055428e-04
-2.145252e-04
-2.177746e-04
-2.267182e-04
-2.306146e-04
-2.459156e-04
-2.544104e-04
-2.675954e-04
-2.801564e-04
-2.912545e-04
-3.107276e-04
-3.213810e-04
-3.263938e-04
-3.448392e-04
-3.577729e-04
-3.620002e-04
-3.868669e-04
-3.943997e-04
-4.108452e-04
-4.188672e-04
-4.296177e-04
-4.355858e-04
-4.453457e-04
-4.475928e-04
-4.882820e-04
-5.019655e-04
-5.128196e-04
-5.254679e-04
-5.581463e-04
-5.723019e-04
-5.781869e-04
-5.998756e-04
-6.442997e-04
-6.688708e-04
