8.689230e+04
3.395844e+03
2.192856e+03
1.819521e+03
1.076506e+03
7.126849e+02
5.474843e+02
4.462140e+02
3.222961e+02
2.905786e+02
2.615407e+02
2.116951e+02
1.905764e+02
1.831726e+02
1.685147e+02
1.532608e+02
1.410809e+02
1.270149e+02
1.237607e+02
1.229400e+02
1.134719e+02
1.033020e+02
9.644881e+01
8.816769e+01
7.955345e+01
7.559367e+01
7.501038e+01
6.958551e+01
6.289817e+01
5.947913e+01
5.554621e+01
5.487054e+01
4.999770e+01
4.890300e+01
4.281163e+01
4.084206e+01
3.948175e+01
3.833252e+01
3.507270e+01
3.064041e+01
2.886025e+01
2.708098e+01
2.557789e+01
2.338221e+01
2.308721e+01
2.183888e+01
2.064149e+01
1.913047e+01
1.704827e+01
1.636718e+01
1.582590e+01
1.552630e+01
1.407459e+01
1.321216e+01
1.235685e+01
1.183137e+01
1.066822e+01
9.874477e+00
9.019573e+00
8.480289e+00
7.803155e+00
7.572695e+00
6.985703e+00
6.493985e+00
6.403374e+00
5.733923e+00
5.632963e+00
4.725731e+00
4.266941e+00
3.907366e+00
3.721293e+00
3.413764e+00
3.253741e+00
2.830947e+00
2.608988e+00
2.555152e+00
2.366644e+00
2.258373e+00
2.191593e+00
2.008065e+00
1.784646e+00
1.614837e+00
1.598062e+00
1.473548e+00
1.359560e+00
1.348906e+00
1.245257e+00
1.171846e+00
1.079883e+00
1.044866e+00
9.728237e-01
9.394910e-01
9.286378e-01
8.651463e-01
8.285617e-01
7.644127e-01
7.175830e-01
6.710566e-01
6.541056e-01
6.300460e-01
5.724320e-01
5.312694e-01
5.144493e-01
4.643776e-01
4.486538e-01
4.373862e-01
4.121192e-01
4.060963e-01
3.830510e-01
3.778089e-01
3.334495e-01
3.106706e-01
2.976544e-01
2.785170e-01
2.677416e-01
2.581627e-01
2.475338e-01
2.293993e-01
2.139417e-01
1.950155e-01
1.827736e-01
1.712273e-01
1.572065e-01
1.494069e-01
1.372748e-01
1.371970e-01
1.250067e-01
1.167858e-01
1.135113e-01
1.074277e-01
9.820054e-02
9.531648e-02
8.924731e-02
8.077930e-02
7.616639e-02
7.231114e-02
6.719980e-02
6.471723e-02
6.254999e-02
5.623280e-02
5.429119e-02
5.154063e-02
4.944534e-02
4.766985e-02
4.371559e-02
4.102647e-02
4.027774e-02
3.868096e-02
3.715511e-02
3.393120e-02
3.253500e-02
3.123708e-02
2.799013e-02
2.668718e-02
2.616831e-02
2.320960e-02
2.279004e-02
1.983423e-02
1.868102e-02
1.676160e-02
1.594579e-02
1.552098e-02
1.477253e-02
1.404842e-02
1.256038e-02
1.233985e-02
1.181578e-02
1.107955e-02
1.086036e-02
1.042775e-02
9.905791e-03
9.570814e-03
9.312855e-03
8.715144e-03
8.228351e-03
7.879312e-03
7.085341e-03
6.429849e-03
6.072910e-03
5.630130e-03
5.199389e-03
4.871849e-03
4.634777e-03
4.362014e-03
4.166605e-03
3.991446e-03
3.959157e-03
3.665228e-03
3.311591e-03
3.007265e-03
2.660193e-03
2.586259e-03
2.488028e-03
2.337534e-03
2.264144e-03
2.176961e-03
2.124971e-03
2.035761e-03
1.994223e-03
1.858919e-03
1.736211e-03
1.689508e-03
1.638024e-03
1.581264e-03
1.500613e-03
1.495872e-03
1.425975e-03
1.414340e-03
1.376050e-03
1.353897e-03
1.323585e-03
1.288938e-03
1.253707e-03
1.241823e-03
1.217066e-03
1.189861e-03
1.179509e-03
1.164642e-03
1.134641e-03
1.127003e-03
1.105362e-03
1.084523e-03
1.062812e-03
1.055867e-03
1.042017e-03
1.023361e-03
1.012892e-03
9.942437e-04
9.735430e-04
9.589986e-04
9.484016e-04
9.459992e-04
9.225774e-04
9.153141e-04
9.049477e-04
8.968693e-04
8.942310e-04
8.891926e-04
8.544666e-04
8.448241e-04
8.431135e-04
8.259675e-04
8.146990e-04
8.057893e-04
7.899071e-04
7.768504e-04
7.676139e-04
7.538587e-04
7.423741e-04
7.367988e-04
7.098987e-04
6.992487e-04
6.859686e-04
6.744768e-04
6.655320e-04
6.537981e-04
6.518640e-04
6.401733e-04
6.256010e-04
6.235131e-04
6.045745e-04
5.974177e-04
5.881456e-04
5.783804e-04
5.755136e-04
5.661268e-04
5.591658e-04
5.428978e-04
5.329960e-04
5.223704e-04
5.096885e-04
4.952172e-04
4.907470e-04
4.828344e-04
4.802487e-04
4.635414e-04
4.574459e-04
4.527795e-04
4.510536e-04
4.286060e-04
4.277621e-04
4.155523e-04
4.029580e-04
3.997872e-04
3.959249e-04
3.827208e-04
3.680494e-04
3.533290e-04
3.373707e-04
3.295796e-04
3.204220e-04
3.170153e-04
3.131565e-04
3.064415e-04
2.896650e-04
2.868367e-04
2.800661e-04
2.660539e-04
2.545993e-04
2.483320e-04
2.335108e-04
2.241106e-04
2.179263e-04
2.126884e-04
2.068373e-04
1.974101e-04
1.868550e-04
1.726516e-04
1.657829e-04
1.621596e-04
1.590621e-04
1.461815e-04
1.356794e-04
1.295291e-04
1.227116e-04
1.110918e-04
9.857783e-05
9.272397e-05
7.604039e-05
7.045902e-05
6.291824e-05
5.157402e-05
4.466689e-05
3.589762e-05
3.468107e-05
1.812410e-05
9.415882e-06
2.389587e-13
8.668518e-14
7.846908e-16
-7.882591e-14
-1.240515e-13
-2.867826e-06
-1.176662e-05
-2.107913e-05
-2.793508e-05
-3.527589e-05
-4.662998e-05
-5.908903e-05
-7.326757e-05
-7.636426e-05
-8.407125e-05
-1.004469e-04
-1.089888e-04
-1.208538e-04
-1.413096e-04
-1.453866e-04
-1.496570e-04
-1.627157e-04
-1.708116e-04
-1.727396e-04
-1.882270e-04
-2.057904e-04
-2.070737e-04
-2.161073e-04
-2.295661e-04
-2.367824e-04
-2.517480e-04
-2.628226e-04
-2.695973e-04
-2.872837e-04
-2.918816e-04
-3.108381e-04
-3.153481e-04
-3.233447e-04
-3.362500e-04
-3.511908e-04
-3.666235e-04
-3.686975e-04
-4.011391e-04
-4.238926e-04
-4.345269e-04
-4.479685e-04
-4.629813e-04
-4.801245e-04
-5.035132e-04
-5.204825e-04
-5.222533e-04
-5.435403e-04
-5.578534e-04
-5.865513e-04
-5.933000e-04
-6.133828e-04
-6.234756e-04
