8.421327e+04
3.437455e+03
2.224320e+03
1.998009e+03
1.072800e+03
8.336485e+02
6.761202e+02
4.445872e+02
3.531174e+02
3.423386e+02
3.015235e+02
2.579796e+02
2.535510e+02
2.355948e+02
2.196922e+02
2.026880e+02
1.937897e+02
1.746154e+02
1.726703e+02
1.566890e+02
1.491937e+02
1.483951e+02
1.364084e+02
1.255108e+02
1.223054e+02
1.127853e+02
1.021274e+02
9.958039e+01
9.396934e+01
8.743984e+01
8.476388e+01
8.157497e+01
7.207821e+01
6.956400e+01
6.711923e+01
6.454611e+01
6.091344e+01
5.733183e+01
5.549730e+01
5.223046e+01
4.920311e+01
4.466552e+01
4.324341e+01
4.085696e+01
3.852497e+01
3.598818e+01
3.458454e+01
3.166822e+01
3.014998e+01
2.894487e+01
2.542619e+01
2.407596e+01
2.309709e+01
2.189112e+01
2.137644e+01
2.072471e+01
1.942999e+01
1.759412e+01
1.679083e+01
1.600225e+01
1.395000e+01
1.301849e+01
1.231835e+01
1.191733e+01
1.102527e+01
1.075926e+01
9.677953e+00
8.945177e+00
8.586087e+00
8.100813e+00
6.861643e+00
6.629742e+00
6.371856e+00
5.867933e+00
5.634895e+00
5.282830e+00
5.019357e+00
4.479442e+00
4.099593e+00
3.899482e+00
3.650541e+00
3.530427e+00
3.461792e+00
3.186423e+00
3.038864e+00
3.019974e+00
2.722356e+00
2.483814e+00
2.391982e+00
2.317426e+00
2.212280e+00
2.151670e+00
2.037527e+00
1.909320e+00
1.806503e+00
1.726942e+00
1.599231e+00
1.568397e+00
1.497270e+00
1.356893e+00
1.305637e+00
1.196648e+00
1.161616e+00
1.150265e+00
1.065385e+00
1.026162e+00
9.976225e-01
9.583544e-01
9.184238e-01
8.381977e-01
7.834786e-01
7.776113e-01
6.990966e-01
6.750466e-01
6.161172e-01
5.869918e-01
5.532181e-01
5.302579e-01
5.079333e-01
4.597124e-01
4.425139e-01
4.231118e-01
3.978299e-01
3.510489e-01
3.341054e-01
3.319857e-01
3.235245e-01
3.026807e-01
2.920285e-01
2.818522e-01
2.639712e-01
2.407208e-01
2.358648e-01
2.327566e-01
2.134169e-01
2.094118e-01
1.969672e-01
1.867480e-01
1.745099e-01
1.665131e-01
1.615232e-01
1.432806e-01
1.317776e-01
1.232090e-01
1.145779e-01
1.095491e-01
1.037706e-01
9.657481e-02
9.195264e-02
8.692648e-02
8.451296e-02
7.478315e-02
7.271963e-02
6.964338e-02
6.433763e-02
6.214831e-02
6.146419e-02
5.844881e-02
5.660512e-02
4.781146e-02
4.461120e-02
4.364411e-02
4.202786e-02
3.867646e-02
3.810869e-02
3.549609e-02
3.352313e-02
3.142184e-02
3.043055e-02
2.603936e-02
2.531132e-02
2.321727e-02
2.109955e-02
1.959284e-02
1.867018e-02
1.776521e-02
1.768141e-02
1.695079e-02
1.641428e-02
1.550816e-02
1.525621e-02
1.463464e-02
1.404707e-02
1.361131e-02
1.320672e-02
1.285667e-02
1.108287e-02
9.962766e-03
9.656752e-03
9.411069e-03
8.625727e-03
8.482865e-03
7.586704e-03
7.354575e-03
6.787162e-03
6.444353e-03
5.628672e-03
5.423230e-03
5.046639e-03
4.899084e-03
4.623415e-03
4.393915e-03
4.265489e-03
4.159698e-03
4.077259e-03
3.706973e-03
3.437598e-03
3.235250e-03
2.926890e-03
2.751026e-03
2.413790e-03
2.273542e-03
2.261019e-03
2.207636e-03
2.119072e-03
2.006272e-03
1.982995e-03
1.958218e-03
1.900982e-03
1.774219e-03
1.735282e-03
1.656271e-03
1.581403e-03
1.482862e-03
1.450488e-03
1.419985e-03
1.344115e-03
1.334666e-03
1.289539e-03
1.252096e-03
1.222543e-03
1.191247e-03
1.173087e-03
1.156857e-03
1.138112e-03
1.124961e-03
1.117177e-03
1.091768e-03
1.088408e-03
1.046373e-03
1.034004e-03
1.025916e-03
9.850850e-04
9.754279e-04
9.704314e-04
9.453034e-04
9.377964e-04
9.160342e-04
9.104633e-04
8.956693e-04
8.942327e-04
8.748239e-04
8.588924e-04
8.397673e-04
8.364373e-04
8.230003e-04
8.065538e-04
7.947971e-04
7.900517e-04
7.816386e-04
7.672494e-04
7.592986e-04
7.558490e-04
7.350523e-04
7.193021e-04
7.106476e-04
7.014346e-04
6.852982e-04
6.793925e-04
6.684752e-04
6.615580e-04
6.543767e-04
6.398835e-04
6.236404e-04
6.088071e-04
6.047988e-04
5.970323e-04
5.946974e-04
5.809919e-04
5.692799e-04
5.599562e-04
5.541151e-04
5.383029e-04
5.213403e-04
5.123527e-04
5.004970e-04
4.845728e-04
4.768722e-04
4.737741e-04
4.555689e-04
4.425299e-04
4.384783e-04
4.251230e-04
4.211123e-04
4.126127e-04
4.000113e-04
3.972436e-04
3.911859e-04
3.865102e-04
3.691473e-04
3.586248e-04
3.483824e-04
3.378432e-04
3.277711e-04
3.156983e-04
3.130662e-04
3.079939e-04
2.931897e-04
2.882407e-04
2.774557e-04
2.671717e-04
2.586612e-04
2.538084e-04
2.373079e-04
2.237301e-04
2.219198e-04
2.107514e-04
2.066636e-04
1.959840e-04
1.890980e-04
1.828335e-04
1.706020e-04
1.497060e-04
1.364388e-04
1.294982e-04
1.273579e-04
1.157186e-04
1.010612e-04
9.656214e-05
8.681591e-05
7.550264e-05
6.378902e-05
5.374007e-05
4.984808e-05
4.415862e-05
3.660716e-05
2.488031e-05
5.757513e-06
1.919863e-06
1.682778e-13
1.064788e-13
8.796691e-14
6.729693e-14
-5.484724e-14
-6.007044e-14
-1.109654e-13
-1.534892e-05
-1.706017e-05
-2.925129e-05
-3.506682e-05
-6.076398e-05
-6.698065e-05
-8.021652e-05
-9.015835e-05
-9.125192e-05
-1.012294e-04
-1.038111e-04
-1.240664e-04
-1.424884e-04
-1.509515e-04
-1.579358e-04
-1.706204e-04
-1.850214e-04
-2.032066e-04
-2.203779e-04
-2.263422e-04
-2.412943e-04
-2.438274e-04
-2.630977e-04
-2.760919e-04
-2.947403e-04
-3.150904e-04
-3.282135e-04
-3.421815e-04
-3.513546e-04
-3.777397e-04
-4.033988e-04
-4.095833e-04
-4.155841e-04
-4.607899e-04
-4.667008e-04
-4.797978e-04
-5.087057e-04
-5.420110e-04
