4.216571e+05
2.983452e+05
2.723155e+05
2.216019e+05
1.868953e+05
1.771441e+05
1.423770e+05
1.398727e+05
1.167391e+05
1.116432e+05
9.985570e+04
9.303002e+04
8.739030e+04
7.289966e+04
6.135947e+04
5.908308e+04
5.463177e+04
4.635424e+04
3.814332e+04
2.903321e+04
2.593671e+04
2.311130e+04
2.148611e+04
1.969685e+04
1.616222e+04
1.473644e+04
1.238299e+04
1.156603e+04
9.975943e+03
9.782633e+03
8.728350e+03
6.482053e+03
6.323766e+03
5.341746e+03
4.575476e+03
3.633298e+03
3.547771e+03
2.942602e+03
2.642977e+03
2.063544e+03
1.933086e+03
1.855893e+03
1.442803e+03
1.349732e+03
1.287574e+03
1.212398e+03
1.058596e+03
9.014914e+02
7.864866e+02
6.427929e+02
5.957742e+02
5.068472e+02
4.469803e+02
3.958041e+02
3.655583e+02
2.890547e+02
2.389841e+02
2.149440e+02
2.079696e+02
1.501634e+02
1.461236e+02
1.408130e+02
9.457945e+01
8.905576e+01
7.426326e+01
6.679405e+01
5.904084e+01
4.475087e+01
3.948872e+01
3.639655e+01
3.355338e+01
2.800490e+01
2.264460e+01
1.950132e+01
1.583768e+01
1.452763e+01
1.304696e+01
1.092352e+01
9.478775e+00
8.685660e+00
6.591895e+00
5.806647e+00
5.336004e+00
4.694668e+00
3.941569e+00
3.319706e+00
2.085523e+00
1.343537e+00
1.194314e+00
1.091775e+00
9.707290e-01
8.222901e-01
7.929862e-01
6.078245e-01
4.471844e-01
3.592407e-01
2.825862e-01
2.393920e-01
1.981242e-01
1.889035e-01
1.103433e-01
1.058538e-01
9.568827e-02
5.660027e-02
5.545930e-02
5.392578e-02
4.633353e-02
4.359439e-02
4.173099e-02
4.054708e-02
3.878935e-02
3.843409e-02
3.753768e-02
3.589755e-02
3.509142e-02
3.352774e-02
3.205722e-02
3.116630e-02
2.887618e-02
2.818657e-02
2.751398e-02
2.593422e-02
2.557165e-02
2.539089e-02
2.456008e-02
1.967449e-02
1.610597e-02
1.449348e-02
