6.620709e+05
2.820627e+05
1.921530e+05
1.740153e+05
1.409857e+05
1.338301e+05
1.029932e+05
8.806988e+04
8.571216e+04
7.857699e+04
7.478809e+04
6.130666e+04
5.918175e+04
5.483543e+04
3.899624e+04
3.478088e+04
3.130459e+04
2.410224e+04
2.156923e+04
1.503025e+04
1.354449e+04
1.166220e+04
8.815220e+03
8.602179e+03
8.271145e+03
7.149485e+03
6.293539e+03
5.314695e+03
4.874452e+03
3.756307e+03
3.306687e+03
2.527881e+03
2.443653e+03
2.008375e+03
1.736961e+03
1.427290e+03
1.302333e+03
1.015841e+03
9.707631e+02
7.342482e+02
6.443878e+02
5.677421e+02
4.449863e+02
4.189990e+02
3.195745e+02
2.941933e+02
2.536322e+02
2.261172e+02
1.823614e+02
1.660218e+02
1.111799e+02
9.485227e+01
8.204869e+01
7.860351e+01
6.106461e+01
5.236478e+01
4.401665e+01
3.997850e+01
3.529815e+01
2.847857e+01
2.062019e+01
1.731981e+01
1.481217e+01
1.219747e+01
1.125427e+01
9.877462e+00
7.286260e+00
5.348522e+00
4.602696e+00
3.750228e+00
2.732628e+00
2.550287e+00
1.932112e+00
1.536329e+00
1.284814e+00
1.151842e+00
1.073445e+00
9.417005e-01
7.199589e-01
6.575343e-01
5.208787e-01
4.939573e-01
4.580084e-01
4.192434e-01
3.693451e-01
2.308782e-01
1.549994e-01
1.279603e-01
1.167581e-01
9.149121e-02
7.356478e-02
6.609956e-02
6.190751e-02
5.893004e-02
5.599636e-02
4.890120e-02
4.682448e-02
4.553208e-02
4.022456e-02
3.934255e-02
3.743617e-02
3.518697e-02
3.405779e-02
3.308352e-02
3.283320e-02
3.160268e-02
3.022582e-02
2.973645e-02
2.789524e-02
2.710267e-02
2.671503e-02
2.496455e-02
2.351749e-02
2.303841e-02
2.240730e-02
2.089794e-02
1.926050e-02
1.728781e-02
1.646929e-02
1.583531e-02
1.528612e-02
1.502787e-02
1.471347e-02
1.413120e-02
1.350969e-02
1.136352e-02
1.096859e-02
1.021176e-02
