2.178787e+12
2.020834e+12
1.736586e+12
1.466723e+12
1.371374e+12
1.211652e+12
1.101172e+12
1.073836e+12
1.047380e+12
9.449656e+11
9.344040e+11
8.804788e+11
8.298238e+11
7.853033e+11
7.392423e+11
7.097773e+11
6.710004e+11
6.666975e+11
6.481268e+11
5.925333e+11
5.652093e+11
5.472710e+11
5.367122e+11
4.945078e+11
4.766009e+11
4.572327e+11
4.501783e+11
4.364819e+11
4.218948e+11
4.083640e+11
3.955099e+11
3.806179e+11
3.761211e+11
3.675618e+11
3.515169e+11
3.370541e+11
3.231809e+11
3.105422e+11
3.073426e+11
2.910073e+11
2.852311e+11
2.732742e+11
2.661564e+11
2.579347e+11
2.540708e+11
2.425815e+11
2.392835e+11
2.325685e+11
2.235747e+11
2.141408e+11
2.101504e+11
1.994363e+11
1.965909e+11
1.936048e+11
1.885058e+11
1.849691e+11
1.790436e+11
1.737682e+11
1.675716e+11
1.630636e+11
1.598866e+11
1.570765e+11
1.513183e+11
1.429430e+11
1.416206e+11
1.381171e+11
1.350558e+11
1.321520e+11
1.291619e+11
1.257363e+11
1.234773e+11
1.213843e+11
1.194699e+11
1.146884e+11
1.138414e+11
1.127507e+11
1.071063e+11
1.065032e+11
1.054038e+11
1.034762e+11
1.008824e+11
9.869738e+10
9.737657e+10
9.418127e+10
9.115782e+10
8.916865e+10
8.571000e+10
8.489702e+10
8.361816e+10
8.235444e+10
8.102342e+10
8.024210e+10
7.842918e+10
7.734628e+10
7.565853e+10
7.395001e+10
7.302772e+10
7.189522e+10
7.014255e+10
6.911887e+10
6.836679e+10
6.625315e+10
6.580114e+10
6.482595e+10
6.364290e+10
6.257474e+10
6.063442e+10
5.913031e+10
5.866329e+10
5.819995e+10
5.748470e+10
5.555320e+10
5.444683e+10
5.327656e+10
5.291215e+10
5.220029e+10
5.047312e+10
4.846065e+10
4.696242e+10
4.518148e+10
4.347321e+10
4.160172e+10
4.005704e+10
3.795938e+10
3.702688e+10
2.851073e+10
2.385540e+10
7.263364e+09
