3.130040e+10
1.341252e+10
6.624839e+09
4.745019e+09
4.605458e+09
3.923768e+09
3.662239e+09
2.954194e+09
2.813016e+09
2.617273e+09
2.287218e+09
2.193424e+09
2.091088e+09
1.987653e+09
1.926150e+09
1.861039e+09
1.831016e+09
1.713207e+09
1.621900e+09
1.587749e+09
1.461425e+09
1.393323e+09
1.366769e+09
1.335413e+09
1.194946e+09
1.184176e+09
1.153097e+09
1.118647e+09
1.001795e+09
9.915731e+08
9.589260e+08
9.311033e+08
9.104570e+08
8.691038e+08
8.290701e+08
8.227238e+08
7.997084e+08
7.846119e+08
7.576395e+08
7.478094e+08
7.219578e+08
7.093452e+08
6.789993e+08
6.580580e+08
6.446001e+08
6.334130e+08
6.300915e+08
6.126349e+08
5.956148e+08
5.873273e+08
5.661391e+08
5.414067e+08
5.244388e+08
5.186735e+08
5.044371e+08
4.816969e+08
4.726595e+08
4.636906e+08
4.506739e+08
4.379334e+08
4.288248e+08
4.223775e+08
4.121776e+08
4.066940e+08
4.007266e+08
3.829898e+08
3.732206e+08
3.662132e+08
3.483755e+08
3.470327e+08
3.284839e+08
3.191630e+08
3.171024e+08
3.070241e+08
2.988129e+08
2.839139e+08
2.785465e+08
2.713206e+08
2.650416e+08
2.591904e+08
2.514752e+08
2.500616e+08
2.419588e+08
2.386357e+08
2.270673e+08
2.221866e+08
2.168927e+08
2.109717e+08
2.052509e+08
1.982284e+08
1.909014e+08
1.823281e+08
1.770252e+08
1.723650e+08
1.659208e+08
1.613707e+08
1.584955e+08
1.527122e+08
1.427849e+08
1.417265e+08
1.333840e+08
1.288646e+08
1.198739e+08
1.164938e+08
1.114602e+08
1.049389e+08
9.787634e+07
9.025775e+07
8.529860e+07
7.731541e+07
7.204899e+07
6.977485e+07
6.073095e+07
5.846862e+07
5.573508e+07
5.290273e+07
4.806660e+07
4.335659e+07
3.921630e+07
3.296123e+07
3.134604e+07
2.591591e+07
2.061081e+07
1.800953e+07
1.227710e+07
7.497866e+06
6.022000e+06
4.432748e+06
