1.347547e+08
2.239151e+07
1.708719e+06
1.446707e+06
7.965454e+05
2.982539e+05
2.441796e+05
1.022527e+05
1.821973e+04
9.546559e+03
2.954693e+03
9.296727e+02
6.042780e+02
3.449919e+02
1.943228e+02
5.448252e+01
5.280661e+01
4.376643e+01
3.109336e+01
2.908491e+01
2.620466e+01
2.203322e+01
1.938905e+01
1.807228e+01
1.616577e+01
1.551060e+01
1.459898e+01
1.426166e+01
1.234185e+01
1.158843e+01
1.103889e+01
9.987423e+00
9.748309e+00
8.786160e+00
8.634594e+00
7.994830e+00
7.627495e+00
6.935774e+00
6.483700e+00
5.930507e+00
5.460832e+00
5.298223e+00
5.211798e+00
5.007052e+00
4.755280e+00
4.372586e+00
4.236148e+00
3.878559e+00
3.758566e+00
3.600457e+00
3.178181e+00
2.959551e+00
2.545771e+00
2.276995e+00
2.221405e+00
2.141372e+00
2.072449e+00
1.542605e+00
1.482103e+00
1.378314e+00
1.168382e+00
9.093301e-01
8.821980e-01
7.373074e-01
6.004754e-01
4.406955e-01
4.279703e-01
3.475322e-01
3.017090e-01
2.681765e-01
2.171279e-01
1.673240e-01
1.216259e-01
9.509000e-02
7.365201e-02
4.630719e-02
2.465394e-02
-2.550289e-10
-1.419777e-02
-3.507489e-02
-8.399038e-02
-1.132732e-01
-1.438704e-01
-2.718661e-01
-3.429132e-01
-4.035279e-01
-5.604845e-01
-5.918742e-01
-6.358443e-01
-8.000154e-01
-8.689373e-01
-9.028450e-01
-1.038290e+00
-1.190110e+00
-1.308136e+00
-1.573374e+00
-1.733677e+00
-1.781723e+00
-2.004503e+00
-2.353033e+00
-2.504036e+00
-2.571989e+00
-3.013650e+00
-3.530321e+00
-3.975754e+00
-4.103205e+00
-4.410404e+00
-4.600446e+00
-5.070263e+00
-6.235920e+00
-6.370763e+00
-7.155799e+00
-8.232545e+00
-8.519185e+00
-8.974040e+00
-9.568249e+00
-9.849472e+00
-1.060888e+01
-1.231477e+01
-1.620604e+01
-1.823064e+01
-1.981654e+01
-2.215082e+01
-3.146980e+01
-3.677388e+01
-3.914371e+01
-4.787547e+01
-7.298127e+01
