1.979345e+12
1.762169e+12
1.473060e+12
1.367236e+12
1.329913e+12
1.168468e+12
1.085066e+12
1.039560e+12
1.021926e+12
9.524211e+11
8.703440e+11
8.120368e+11
7.899089e+11
7.534443e+11
7.140803e+11
7.053641e+11
6.769014e+11
6.183814e+11
6.057574e+11
5.763477e+11
5.574406e+11
5.449180e+11
5.365101e+11
5.117493e+11
4.757431e+11
4.608006e+11
4.248154e+11
4.188435e+11
4.079517e+11
3.952681e+11
3.893513e+11
3.665363e+11
3.588369e+11
3.472245e+11
3.415859e+11
3.271778e+11
3.171500e+11
3.068915e+11
2.974233e+11
2.881130e+11
2.812902e+11
2.663678e+11
2.617443e+11
2.590710e+11
2.491333e+11
2.418906e+11
2.383484e+11
2.208297e+11
2.193881e+11
2.100620e+11
2.047221e+11
1.974927e+11
1.928868e+11
1.921681e+11
1.835473e+11
1.783000e+11
1.766283e+11
1.746619e+11
1.711759e+11
1.664291e+11
1.590032e+11
1.567412e+11
1.477519e+11
1.421489e+11
1.407444e+11
1.392533e+11
1.316148e+11
1.307432e+11
1.286784e+11
1.246306e+11
1.202373e+11
1.172293e+11
1.161696e+11
1.134263e+11
1.119547e+11
1.080538e+11
1.058999e+11
1.045293e+11
1.007722e+11
9.993642e+10
9.839847e+10
9.614189e+10
9.495562e+10
9.338459e+10
9.070556e+10
8.951958e+10
8.750984e+10
8.696780e+10
8.333974e+10
8.169463e+10
7.947621e+10
7.784634e+10
7.628866e+10
7.512089e+10
7.448999e+10
7.229115e+10
7.070768e+10
7.024345e+10
6.910781e+10
6.726059e+10
6.611609e+10
6.492763e+10
6.456517e+10
6.198209e+10
6.140947e+10
5.834436e+10
5.807397e+10
5.761530e+10
5.715607e+10
5.649922e+10
5.531582e+10
5.400379e+10
5.228293e+10
5.177801e+10
5.054324e+10
4.963538e+10
4.929668e+10
4.630527e+10
4.557594e+10
4.517682e+10
4.425061e+10
4.236349e+10
4.072810e+10
3.817588e+10
3.600479e+10
2.888846e+10
1.698354e+10
7.257684e+09
