2.543318e+10
1.426145e+10
6.505530e+09
4.352993e+09
3.792591e+09
3.724689e+09
3.309629e+09
3.027826e+09
2.826389e+09
2.615023e+09
2.377161e+09
2.275072e+09
2.060080e+09
1.998193e+09
1.946674e+09
1.889553e+09
1.783908e+09
1.587395e+09
1.545453e+09
1.479513e+09
1.452096e+09
1.332829e+09
1.253810e+09
1.212263e+09
1.183377e+09
1.156485e+09
1.133910e+09
1.114146e+09
1.095060e+09
1.039386e+09
9.851155e+08
9.291494e+08
8.947198e+08
8.642107e+08
8.410977e+08
8.245942e+08
8.167958e+08
7.821270e+08
7.697760e+08
7.348947e+08
6.932696e+08
6.824215e+08
6.716487e+08
6.530488e+08
6.457553e+08
6.301113e+08
5.870752e+08
5.857859e+08
5.621891e+08
5.493094e+08
5.257036e+08
5.191189e+08
5.118873e+08
4.961028e+08
4.897739e+08
4.633934e+08
4.595479e+08
4.500931e+08
4.388199e+08
4.292650e+08
4.223539e+08
4.076362e+08
3.954321e+08
3.934020e+08
3.735596e+08
3.708709e+08
3.631753e+08
3.554567e+08
3.416517e+08
3.397255e+08
3.290684e+08
3.202528e+08
3.116051e+08
3.039566e+08
2.915031e+08
2.892143e+08
2.745353e+08
2.703825e+08
2.636526e+08
2.521042e+08
2.516677e+08
2.419101e+08
2.375939e+08
2.337268e+08
2.276408e+08
2.243371e+08
2.180484e+08
2.152561e+08
2.140913e+08
2.046002e+08
1.995489e+08
1.901911e+08
1.882654e+08
1.805416e+08
1.747570e+08
1.706708e+08
1.661744e+08
1.591549e+08
1.580932e+08
1.534025e+08
1.455111e+08
1.390624e+08
1.323235e+08
1.299164e+08
1.241549e+08
1.203956e+08
1.140552e+08
1.070644e+08
1.023804e+08
9.856871e+07
9.672147e+07
8.953094e+07
8.603542e+07
8.290005e+07
8.099754e+07
5.907736e+07
5.344908e+07
5.186943e+07
4.834563e+07
4.097804e+07
3.774177e+07
3.390176e+07
3.066572e+07
2.669907e+07
2.331688e+07
1.934627e+07
1.548152e+07
1.450961e+07
