5.877129e+04
1.230637e+04
6.375684e+03
1.618833e+03
1.382979e+03
1.084342e+03
6.635469e+02
3.999761e+02
3.617520e+02
2.833167e+02
2.707795e+02
2.149603e+02
1.893262e+02
1.604157e+02
1.229717e+02
1.041502e+02
8.904800e+01
7.494611e+01
6.931500e+01
4.668137e+01
4.225205e+01
4.023513e+01
3.444959e+01
3.308685e+01
2.793369e+01
2.295746e+01
2.111959e+01
1.406744e+01
1.249956e+01
1.221460e+01
1.063774e+01
9.586097e+00
7.749514e+00
7.280868e+00
6.452309e+00
5.397093e+00
4.621211e+00
3.984612e+00
3.707609e+00
3.165209e+00
2.869045e+00
2.679148e+00
2.464215e+00
2.112442e+00
1.689709e+00
1.437587e+00
1.186918e+00
9.181142e-01
7.942887e-01
7.136761e-01
5.394582e-01
4.903495e-01
4.214242e-01
3.669532e-01
3.120161e-01
2.918803e-01
1.960898e-01
1.478589e-01
1.310806e-01
1.139952e-01
1.052772e-01
7.109527e-02
5.702353e-02
5.209606e-02
3.668971e-02
3.456720e-02
3.166175e-02
2.719615e-02
1.741965e-02
1.512601e-02
1.270590e-02
1.108585e-02
9.666611e-03
7.975733e-03
5.163279e-03
3.139495e-03
3.039484e-03
2.812543e-03
2.317217e-03
2.098264e-03
1.725184e-03
1.570876e-03
1.339631e-03
1.262568e-03
1.109801e-03
1.068649e-03
9.375266e-04
8.986353e-04
8.730531e-04
8.102776e-04
7.487505e-04
7.111446e-04
6.866669e-04
6.646350e-04
6.425899e-04
6.185608e-04
6.037224e-04
5.955898e-04
5.628375e-04
5.496104e-04
5.370745e-04
5.332818e-04
5.318607e-04
5.224987e-04
5.144479e-04
4.986227e-04
4.916808e-04
4.816451e-04
4.737429e-04
4.628455e-04
4.618460e-04
4.552906e-04
4.532447e-04
4.362529e-04
4.342225e-04
4.253582e-04
4.226632e-04
4.116244e-04
4.036002e-04
3.941603e-04
3.930711e-04
3.901151e-04
3.857864e-04
3.814501e-04
3.784757e-04
3.771789e-04
3.694407e-04
3.686300e-04
3.667587e-04
3.631371e-04
3.562247e-04
3.528262e-04
3.493798e-04
3.414597e-04
3.389458e-04
3.345869e-04
3.334387e-04
3.258472e-04
3.199816e-04
3.150251e-04
3.133304e-04
3.093003e-04
3.030909e-04
3.006564e-04
2.964289e-04
2.951145e-04
2.882784e-04
2.852236e-04
2.802505e-04
2.782514e-04
2.750107e-04
2.688059e-04
2.658500e-04
2.653262e-04
2.630254e-04
2.613539e-04
2.578302e-04
2.563552e-04
2.545225e-04
2.518729e-04
2.437706e-04
2.402402e-04
2.389634e-04
2.352766e-04
2.320611e-04
2.286830e-04
2.259786e-04
2.240108e-04
2.190190e-04
2.166238e-04
2.152280e-04
2.117337e-04
2.095524e-04
2.065872e-04
2.060463e-04
2.022363e-04
2.008790e-04
1.937681e-04
1.896956e-04
1.876157e-04
1.860100e-04
1.845453e-04
1.802953e-04
1.779630e-04
1.748544e-04
1.735665e-04
1.712437e-04
1.680621e-04
1.661288e-04
1.618875e-04
1.590327e-04
1.577405e-04
1.539197e-04
1.513718e-04
1.475580e-04
1.464653e-04
1.448560e-04
1.411143e-04
1.368988e-04
1.354945e-04
1.319147e-04
1.314705e-04
1.255648e-04
1.239628e-04
1.224546e-04
1.197481e-04
1.180006e-04
1.150803e-04
1.141292e-04
1.097394e-04
1.054961e-04
1.016375e-04
1.012672e-04
9.860342e-05
9.636181e-05
9.536646e-05
9.273987e-05
8.947560e-05
8.872909e-05
8.214898e-05
8.062142e-05
7.805446e-05
7.656727e-05
7.451847e-05
7.271783e-05
6.924827e-05
6.825814e-05
6.617254e-05
6.466659e-05
6.220362e-05
6.018564e-05
5.723051e-05
5.519126e-05
5.076015e-05
5.035973e-05
4.833956e-05
4.546254e-05
4.322738e-05
3.935510e-05
3.658811e-05
3.483288e-05
3.149308e-05
3.043910e-05
2.936077e-05
2.716648e-05
2.517061e-05
2.123642e-05
2.045263e-05
1.716538e-05
1.402133e-05
9.957158e-06
8.237504e-06
5.183891e-06
4.030484e-06
1.927236e-06
1.310789e-06
7.107618e-14
4.214447e-14
1.074896e-14
-1.842383e-14
-3.067885e-14
-4.827277e-14
-1.071486e-13
-1.474654e-13
-2.839929e-06
-6.313902e-06
-7.237707e-06
-9.430267e-06
-1.172251e-05
-1.636426e-05
-1.821233e-05
-1.905933e-05
-2.215376e-05
-2.402471e-05
-2.582184e-05
-3.030518e-05
-3.199710e-05
-3.338886e-05
-3.647123e-05
-3.965669e-05
-4.144720e-05
-4.328436e-05
-4.952337e-05
-5.027008e-05
-5.338654e-05
-5.828586e-05
-5.844892e-05
-6.073252e-05
-6.568918e-05
-6.589593e-05
-6.888471e-05
-7.017714e-05
-7.204996e-05
-7.419351e-05
-7.571098e-05
-7.777516e-05
-8.021399e-05
-8.041348e-05
-8.475487e-05
-8.743226e-05
-8.989841e-05
-9.236752e-05
-9.656401e-05
-9.823622e-05
-1.009580e-04
-1.055922e-04
-1.088835e-04
-1.095045e-04
-1.123319e-04
-1.136558e-04
-1.143584e-04
-1.189696e-04
-1.226087e-04
-1.255678e-04
-1.285006e-04
-1.293686e-04
-1.333475e-04
-1.406357e-04
-1.423269e-04
-1.464081e-04
-1.490292e-04
-1.528100e-04
-1.555623e-04
-1.585581e-04
-1.607817e-04
-1.649853e-04
-1.668949e-04
-1.706275e-04
-1.723191e-04
-1.749870e-04
-1.779117e-04
-1.824502e-04
-1.865873e-04
-1.911118e-04
-1.933265e-04
-1.947151e-04
-1.992281e-04
-2.006015e-04
-2.028990e-04
-2.098549e-04
-2.133968e-04
-2.146040e-04
-2.217619e-04
-2.232837e-04
-2.258650e-04
-2.307283e-04
-2.367989e-04
-2.424366e-04
-2.448093e-04
-2.466418e-04
-2.507196e-04
-2.541158e-04
-2.596136e-04
-2.630361e-04
-2.662281e-04
-2.682138e-04
-2.703209e-04
-2.728265e-04
-2.765972e-04
-2.821912e-04
-2.898508e-04
-2.908612e-04
-2.986181e-04
-3.018366e-04
-3.124372e-04
-3.190860e-04
-3.274307e-04
-3.295222e-04
-3.370184e-04
-3.396461e-04
-3.515074e-04
-3.573845e-04
-3.682086e-04
-3.806378e-04
-3.915278e-04
-4.182678e-04
-4.339531e-04
-4.495895e-04
-5.329816e-04
-5.896708e-04
-6.123323e-04
-6.818825e-04
-9.512173e-04
-1.193312e-03
