7.577101e+09
6.625171e+08
1.513764e+08
8.740317e+07
7.159860e+07
5.533970e+07
3.141724e+07
2.689870e+07
2.361385e+07
1.993311e+07
1.606302e+07
1.482205e+07
1.201814e+07
8.865145e+06
7.484282e+06
5.764996e+06
5.164629e+06
4.569584e+06
3.367932e+06
2.727695e+06
2.694893e+06
2.562825e+06
2.315810e+06
2.096198e+06
1.793503e+06
1.508272e+06
1.231048e+06
1.193929e+06
1.000686e+06
8.354896e+05
8.081151e+05
7.025203e+05
5.961302e+05
5.550343e+05
4.719103e+05
4.031273e+05
3.840582e+05
2.930534e+05
2.631648e+05
2.413130e+05
2.200695e+05
1.897391e+05
1.493972e+05
1.178070e+05
1.065351e+05
7.414647e+04
6.761899e+04
6.066924e+04
5.603732e+04
4.064167e+04
3.505886e+04
2.526936e+04
1.913900e+04
1.556070e+04
1.406630e+04
1.032629e+04
1.012855e+04
7.921203e+03
5.678984e+03
4.753332e+03
3.630826e+03
2.694252e+03
2.151315e+03
1.499602e+03
1.128390e+03
9.725014e+02
6.875294e+02
4.614053e+02
3.669373e+02
2.328432e+02
1.423592e+02
8.162572e+01
6.332052e+01
5.574124e+01
3.588572e+01
3.293059e+01
2.017508e+01
1.612437e+01
1.020931e+01
6.570118e+00
4.294378e+00
3.092267e+00
2.204317e+00
1.815768e+00
1.803792e+00
8.253671e-01
6.954849e-01
5.096205e-01
2.427345e-01
1.876939e-01
1.693878e-01
1.070517e-01
6.996262e-02
6.082341e-02
5.111371e-02
3.802995e-02
3.296831e-02
3.080130e-02
2.573176e-02
2.516097e-02
2.310340e-02
2.029277e-02
1.935714e-02
1.672290e-02
1.501351e-02
1.171092e-02
9.962537e-03
8.062698e-03
6.305503e-03
5.343282e-03
4.702632e-03
2.878377e-03
2.241377e-03
7.888954e-04
-5.263008e-05
-7.485583e-04
-1.717984e-03
-4.170421e-03
-5.690569e-03
-7.791466e-03
-8.493951e-03
-1.122221e-02
-1.214040e-02
-1.787025e-02
-2.117285e-02
-3.091890e-02
-3.452434e-02
-2.463387e-01
