8.871480e+04
3.550755e+03
2.245627e+03
1.818660e+03
1.087334e+03
7.931528e+02
5.233132e+02
4.340249e+02
2.842572e+02
2.701191e+02
2.590199e+02
1.981926e+02
1.843327e+02
1.594466e+02
1.529008e+02
1.372093e+02
1.354100e+02
1.246031e+02
1.110235e+02
1.008474e+02
9.636864e+01
8.651702e+01
8.182446e+01
7.810137e+01
7.269032e+01
7.046010e+01
6.806348e+01
6.161589e+01
6.034387e+01
5.570279e+01
5.341384e+01
5.063783e+01
4.581355e+01
4.396826e+01
4.127174e+01
3.790977e+01
3.561554e+01
3.152208e+01
3.026753e+01
2.858872e+01
2.781911e+01
2.723073e+01
2.531538e+01
2.313734e+01
1.984749e+01
1.847560e+01
1.784261e+01
1.690544e+01
1.563642e+01
1.524561e+01
1.423797e+01
1.343261e+01
1.225483e+01
1.175037e+01
1.100054e+01
1.002667e+01
8.844969e+00
8.653789e+00
8.376392e+00
7.688587e+00
7.621679e+00
6.812459e+00
6.490970e+00
5.660279e+00
5.641893e+00
4.930673e+00
4.615161e+00
4.458571e+00
4.153438e+00
3.347061e+00
3.251883e+00
3.073163e+00
2.655765e+00
2.467423e+00
2.330544e+00
2.209793e+00
2.166176e+00
2.021524e+00
1.792736e+00
1.599800e+00
1.543566e+00
1.447018e+00
1.414402e+00
1.385429e+00
1.361310e+00
1.244280e+00
1.186739e+00
1.144478e+00
1.029658e+00
9.599932e-01
9.115663e-01
8.408210e-01
7.983050e-01
7.533552e-01
7.286817e-01
6.769912e-01
6.717702e-01
5.882338e-01
5.339909e-01
5.092310e-01
4.608971e-01
4.529998e-01
4.138818e-01
4.010561e-01
3.936391e-01
3.734680e-01
3.617598e-01
3.306046e-01
3.249525e-01
3.000111e-01
2.924913e-01
2.568084e-01
2.487344e-01
2.280906e-01
2.152026e-01
2.023088e-01
1.956962e-01
1.834504e-01
1.648809e-01
1.520992e-01
1.411827e-01
1.337620e-01
1.196454e-01
1.179000e-01
1.074124e-01
9.647270e-02
8.946900e-02
8.851765e-02
8.497546e-02
8.014809e-02
7.858701e-02
7.069153e-02
6.939804e-02
6.670234e-02
6.468115e-02
6.161875e-02
6.032672e-02
5.142672e-02
4.602917e-02
4.284180e-02
4.187496e-02
3.845876e-02
3.611143e-02
3.260372e-02
3.186145e-02
3.104537e-02
2.802842e-02
2.777681e-02
2.635573e-02
2.366642e-02
2.333943e-02
2.178299e-02
2.138628e-02
1.923846e-02
1.721179e-02
1.693636e-02
1.592468e-02
1.498578e-02
1.415453e-02
1.366861e-02
1.263881e-02
1.174887e-02
1.084455e-02
1.057132e-02
1.003299e-02
9.822351e-03
9.169456e-03
8.708270e-03
8.469498e-03
7.735444e-03
7.309585e-03
7.134645e-03
6.835508e-03
6.412538e-03
6.312665e-03
5.917220e-03
5.829276e-03
5.494558e-03
5.134723e-03
4.951646e-03
4.620536e-03
4.261424e-03
4.154463e-03
3.864650e-03
3.513021e-03
3.413982e-03
2.997515e-03
2.742705e-03
2.586703e-03
2.567691e-03
2.422992e-03
2.338419e-03
2.183034e-03
2.061709e-03
1.979767e-03
1.932438e-03
1.778616e-03
1.732523e-03
1.705585e-03
1.624516e-03
1.581095e-03
1.530755e-03
1.478038e-03
1.453643e-03
1.384693e-03
1.367678e-03
1.346277e-03
1.300068e-03
1.297376e-03
1.264937e-03
1.241378e-03
1.197802e-03
1.184982e-03
1.171858e-03
1.165000e-03
1.148358e-03
1.131707e-03
1.110898e-03
1.088213e-03
1.082690e-03
1.057783e-03
1.040813e-03
1.030528e-03
1.023497e-03
1.018894e-03
1.003384e-03
9.896448e-04
9.799434e-04
9.627886e-04
9.524914e-04
9.411852e-04
9.269429e-04
9.239096e-04
8.977752e-04
8.915106e-04
8.783405e-04
8.681506e-04
8.528439e-04
8.455958e-04
8.352691e-04
8.192370e-04
8.099401e-04
7.925935e-04
7.788909e-04
7.688164e-04
7.591998e-04
7.452577e-04
7.309639e-04
7.245031e-04
7.128597e-04
7.083865e-04
6.924435e-04
6.775440e-04
6.701935e-04
6.627186e-04
6.574984e-04
6.371866e-04
6.323741e-04
6.271608e-04
6.164228e-04
5.884698e-04
5.852394e-04
5.783378e-04
5.732331e-04
5.602381e-04
5.519841e-04
5.363600e-04
5.299496e-04
5.271608e-04
5.148969e-04
5.016383e-04
4.896167e-04
4.831413e-04
4.725704e-04
4.616310e-04
4.524599e-04
4.397943e-04
4.304918e-04
4.193127e-04
4.095164e-04
4.047132e-04
3.991146e-04
3.887698e-04
3.682849e-04
3.614323e-04
3.527323e-04
3.491228e-04
3.461863e-04
3.369195e-04
3.254064e-04
3.237447e-04
3.227745e-04
3.115788e-04
2.899237e-04
2.825652e-04
2.669548e-04
2.577913e-04
2.482112e-04
2.355140e-04
2.328140e-04
2.303670e-04
2.136221e-04
2.119739e-04
1.981159e-04
1.903940e-04
1.780983e-04
1.768124e-04
1.691886e-04
1.567092e-04
1.492471e-04
1.415625e-04
1.387784e-04
1.154958e-04
1.087069e-04
1.045716e-04
9.840677e-05
9.470718e-05
7.821788e-05
6.540187e-05
5.682445e-05
5.420378e-05
3.813365e-05
2.810334e-05
1.741311e-05
6.572126e-06
-3.937302e-14
-1.021792e-13
-6.116087e-06
-2.190117e-05
-2.558215e-05
-3.525308e-05
-3.888828e-05
-4.779508e-05
-5.987499e-05
-6.748865e-05
-8.103306e-05
-8.727449e-05
-9.754096e-05
-1.031212e-04
-1.197317e-04
-1.346835e-04
-1.386388e-04
-1.489357e-04
-1.541018e-04
-1.685118e-04
-1.785286e-04
-1.906095e-04
-1.943666e-04
-2.102030e-04
-2.120992e-04
-2.302448e-04
-2.374778e-04
-2.452006e-04
-2.481411e-04
-2.688645e-04
-2.752359e-04
-2.912884e-04
-3.022523e-04
-3.062055e-04
-3.229353e-04
-3.312505e-04
-3.475012e-04
-3.521432e-04
-3.668236e-04
-3.881258e-04
-3.922916e-04
-4.091729e-04
-4.322231e-04
-4.367929e-04
-4.492856e-04
-4.522394e-04
-4.632303e-04
-4.903179e-04
-5.093436e-04
-5.149518e-04
-5.227730e-04
-5.258562e-04
-5.624474e-04
-5.818253e-04
-5.853778e-04
-6.113793e-04
-6.427533e-04
-6.650181e-04
-7.083037e-04
