5.948996e+04
1.017408e+04
6.047129e+03
1.721238e+03
9.325821e+02
6.868691e+02
5.036615e+02
3.328620e+02
3.056400e+02
2.101785e+02
1.622542e+02
9.151913e+01
7.764806e+01
6.797991e+01
5.831623e+01
5.100320e+01
3.541036e+01
3.353541e+01
2.482180e+01
2.280143e+01
2.122952e+01
1.686944e+01
1.539868e+01
1.325011e+01
1.028659e+01
7.235312e+00
6.503521e+00
5.308883e+00
4.932428e+00
4.803449e+00
3.791066e+00
2.616470e+00
2.183888e+00
2.068027e+00
1.167510e+00
9.916664e-01
8.094769e-01
6.927338e-01
5.135230e-01
4.321716e-01
3.913763e-01
3.599179e-01
2.558494e-01
1.649387e-01
1.054766e-01
7.396902e-02
6.279101e-02
4.728577e-02
3.880013e-02
3.171296e-02
3.126279e-02
2.394323e-02
1.801186e-02
1.194975e-02
1.085103e-02
1.031936e-02
9.233858e-03
7.962532e-03
5.933044e-03
4.115200e-03
3.119718e-03
2.839590e-03
2.113720e-03
1.948144e-03
1.668312e-03
1.452217e-03
1.236135e-03
1.095627e-03
1.007449e-03
9.880287e-04
9.640958e-04
8.443354e-04
7.952495e-04
7.610457e-04
7.337333e-04
7.028431e-04
6.819605e-04
6.704755e-04
6.237110e-04
6.194284e-04
6.021257e-04
5.892424e-04
5.872713e-04
5.726776e-04
5.651118e-04
5.428588e-04
5.305066e-04
5.147708e-04
5.100144e-04
5.010435e-04
4.952037e-04
4.840670e-04
4.756215e-04
4.697233e-04
4.572576e-04
4.530243e-04
4.507806e-04
4.455686e-04
4.343984e-04
4.278964e-04
4.184869e-04
4.141343e-04
4.089678e-04
4.019198e-04
3.993308e-04
3.939110e-04
3.864194e-04
3.776725e-04
3.724806e-04
3.679790e-04
3.649692e-04
3.584348e-04
3.558260e-04
3.507658e-04
3.465214e-04
3.445988e-04
3.402526e-04
3.357354e-04
3.307702e-04
3.218422e-04
3.198994e-04
3.164093e-04
3.087234e-04
3.076994e-04
3.037222e-04
3.004232e-04
2.940313e-04
2.929953e-04
2.905375e-04
2.859458e-04
2.836311e-04
2.813897e-04
2.764864e-04
2.757149e-04
2.735135e-04
2.708947e-04
2.677447e-04
2.655343e-04
2.610445e-04
2.598775e-04
2.535903e-04
2.506262e-04
2.491170e-04
2.467859e-04
2.426062e-04
2.391268e-04
2.360540e-04
2.332953e-04
2.329331e-04
2.269433e-04
2.254524e-04
2.241636e-04
2.226653e-04
2.196375e-04
2.168389e-04
2.126832e-04
2.083289e-04
2.065333e-04
2.016058e-04
2.001198e-04
1.990409e-04
1.968471e-04
1.957826e-04
1.921046e-04
1.863171e-04
1.840558e-04
1.810544e-04
1.801862e-04
1.761434e-04
1.731329e-04
1.703901e-04
1.688475e-04
1.646957e-04
1.627754e-04
1.622653e-04
1.591255e-04
1.559404e-04
1.556074e-04
1.541799e-04
1.529311e-04
1.478853e-04
1.448395e-04
1.441247e-04
1.400337e-04
1.362799e-04
1.350984e-04
1.312639e-04
1.293273e-04
1.266431e-04
1.235653e-04
1.212609e-04
1.191880e-04
1.156591e-04
1.133721e-04
1.111013e-04
1.075286e-04
1.065094e-04
1.055308e-04
1.040046e-04
9.796403e-05
9.593029e-05
9.336799e-05
9.298191e-05
9.062863e-05
8.693041e-05
8.411985e-05
8.214014e-05
8.021597e-05
7.755926e-05
7.434811e-05
7.290351e-05
6.995806e-05
6.989265e-05
6.570456e-05
6.488765e-05
6.308938e-05
6.096300e-05
5.876866e-05
5.686485e-05
5.593941e-05
5.432896e-05
5.087845e-05
4.697442e-05
4.613454e-05
4.391011e-05
4.278157e-05
4.072821e-05
3.633174e-05
3.483168e-05
3.233742e-05
2.975088e-05
2.785626e-05
2.398816e-05
2.341326e-05
2.215826e-05
1.906018e-05
1.674294e-05
1.543876e-05
1.291498e-05
8.920834e-06
7.957715e-06
5.033188e-06
2.565512e-06
2.020116e-07
7.626487e-14
1.711441e-14
-2.170797e-14
-3.174975e-14
-9.680052e-14
-1.189590e-06
-3.937329e-06
-6.402819e-06
-8.302505e-06
-9.599094e-06
-1.130148e-05
-1.644514e-05
-1.730612e-05
-2.051287e-05
-2.226413e-05
-2.337304e-05
-2.519393e-05
-2.738043e-05
-3.010300e-05
-3.269483e-05
-3.377516e-05
-3.870353e-05
-4.067620e-05
-4.325428e-05
-4.581183e-05
-4.873237e-05
-5.057075e-05
-5.147805e-05
-5.176351e-05
-5.438157e-05
-5.535121e-05
-5.902044e-05
-6.195630e-05
-6.614967e-05
-6.684719e-05
-6.946297e-05
-7.202681e-05
-7.682096e-05
-7.805922e-05
-8.125761e-05
-8.231484e-05
-8.500697e-05
-8.823458e-05
-9.226873e-05
-9.353817e-05
-9.451203e-05
-9.764005e-05
-1.006076e-04
-1.040115e-04
-1.043284e-04
-1.070590e-04
-1.094473e-04
-1.106085e-04
-1.136422e-04
-1.159177e-04
-1.192667e-04
-1.201479e-04
-1.218015e-04
-1.253193e-04
-1.261096e-04
-1.340145e-04
-1.346879e-04
-1.378678e-04
-1.397507e-04
-1.407845e-04
-1.415110e-04
-1.463893e-04
-1.481598e-04
-1.495812e-04
-1.514975e-04
-1.575933e-04
-1.614450e-04
-1.629935e-04
-1.672683e-04
-1.703759e-04
-1.728774e-04
-1.747562e-04
-1.772419e-04
-1.803008e-04
-1.809064e-04
-1.818895e-04
-1.867348e-04
-1.927830e-04
-1.963791e-04
-1.971875e-04
-2.016869e-04
-2.035778e-04
-2.077376e-04
-2.094900e-04
-2.143756e-04
-2.152925e-04
-2.170609e-04
-2.206019e-04
-2.232815e-04
-2.264848e-04
-2.295179e-04
-2.326322e-04
-2.376450e-04
-2.400817e-04
-2.416284e-04
-2.459890e-04
-2.483236e-04
-2.535628e-04
-2.561604e-04
-2.581896e-04
-2.604415e-04
-2.666175e-04
-2.716253e-04
-2.776411e-04
-2.789763e-04
-2.820869e-04
-2.865677e-04
-2.899143e-04
-2.924978e-04
-2.977761e-04
-3.031268e-04
-3.049657e-04
-3.118725e-04
-3.192048e-04
-3.311528e-04
-3.342787e-04
-3.398508e-04
-3.438983e-04
-3.483258e-04
-3.507803e-04
-3.676154e-04
-3.726102e-04
-3.806806e-04
-3.860882e-04
-3.941639e-04
-4.109881e-04
-4.217176e-04
-4.343577e-04
-4.433372e-04
-4.584078e-04
-4.875307e-04
-6.066737e-04
-6.178833e-04
-7.731695e-04
-9.330187e-04
