1.394545e+08
2.167924e+07
1.918044e+06
1.135992e+06
7.864669e+05
2.983999e+05
1.480625e+05
1.143291e+05
1.590546e+04
1.110642e+04
5.138391e+03
1.059855e+03
3.476740e+02
1.876277e+02
7.002393e+01
6.311134e+01
4.492173e+01
4.189377e+01
3.384284e+01
3.084126e+01
2.855258e+01
2.306576e+01
2.094518e+01
1.880769e+01
1.782262e+01
1.602774e+01
1.536782e+01
1.506979e+01
1.360665e+01
1.313285e+01
1.242903e+01
1.204990e+01
1.150686e+01
1.061117e+01
9.777632e+00
9.064826e+00
8.937697e+00
8.667313e+00
8.320149e+00
7.815881e+00
7.337361e+00
6.586990e+00
6.487628e+00
6.195625e+00
5.691719e+00
5.487046e+00
4.943029e+00
4.730357e+00
4.411847e+00
4.214701e+00
3.914914e+00
3.896097e+00
3.453898e+00
3.426582e+00
3.238351e+00
2.982308e+00
2.703411e+00
2.223311e+00
2.189151e+00
2.016027e+00
1.951863e+00
1.731077e+00
1.281539e+00
1.172166e+00
9.946615e-01
8.404109e-01
8.179333e-01
6.664889e-01
6.351112e-01
4.503237e-01
3.712898e-01
3.631788e-01
2.151369e-01
1.457732e-01
5.398447e-02
1.671369e-02
6.041935e-11
-7.497056e-11
-2.771413e-02
-4.960505e-02
-9.337872e-02
-1.015720e-01
-1.380656e-01
-2.450705e-01
-3.107535e-01
-3.707025e-01
-4.400526e-01
-5.372115e-01
-6.623603e-01
-7.397268e-01
-8.435485e-01
-1.011810e+00
-1.303717e+00
-1.414243e+00
-1.664324e+00
-1.936152e+00
-2.034058e+00
-2.237880e+00
-2.495292e+00
-2.722808e+00
-2.824445e+00
-3.150210e+00
-3.324453e+00
-3.787191e+00
-4.012033e+00
-4.660637e+00
-5.067442e+00
-5.177143e+00
-5.333639e+00
-6.140273e+00
-6.654453e+00
-7.104174e+00
-7.899282e+00
-8.367124e+00
-9.080917e+00
-1.024194e+01
-1.116221e+01
-1.198967e+01
-1.300930e+01
-1.556157e+01
-1.918173e+01
-2.043309e+01
-2.236455e+01
-2.774726e+01
-3.331726e+01
-4.021622e+01
-5.404081e+01
-8.022263e+01
