2.935372e+12
2.158063e+12
1.801215e+12
1.662840e+12
1.589990e+12
1.551934e+12
1.428570e+12
1.227662e+12
1.204477e+12
1.120618e+12
1.099726e+12
1.050470e+12
9.821256e+11
9.552455e+11
8.493723e+11
8.302756e+11
7.967739e+11
7.820405e+11
7.462598e+11
7.085936e+11
6.648945e+11
6.477191e+11
6.326668e+11
6.046111e+11
5.852764e+11
5.542770e+11
5.348659e+11
5.306626e+11
5.012838e+11
4.839129e+11
4.638979e+11
4.537590e+11
4.409808e+11
4.210485e+11
4.083480e+11
3.930747e+11
3.792817e+11
3.622610e+11
3.604146e+11
3.436698e+11
3.359439e+11
3.288710e+11
3.136432e+11
3.050007e+11
3.011406e+11
2.912748e+11
2.809397e+11
2.767974e+11
2.636342e+11
2.573526e+11
2.569772e+11
2.435443e+11
2.409342e+11
2.303228e+11
2.259813e+11
2.166274e+11
2.146460e+11
2.082101e+11
2.040370e+11
1.972509e+11
1.922328e+11
1.887528e+11
1.860029e+11
1.751091e+11
1.750092e+11
1.735542e+11
1.688363e+11
1.670150e+11
1.599810e+11
1.586739e+11
1.507158e+11
1.493053e+11
1.425874e+11
1.415498e+11
1.376665e+11
1.365227e+11
1.335247e+11
1.332982e+11
1.293614e+11
1.261942e+11
1.245906e+11
1.199831e+11
1.197858e+11
1.175581e+11
1.138968e+11
1.123891e+11
1.104982e+11
1.084654e+11
1.068152e+11
1.053879e+11
1.042062e+11
1.016986e+11
9.858252e+10
9.620731e+10
9.363698e+10
9.314704e+10
9.173453e+10
8.935904e+10
8.807546e+10
8.616926e+10
8.536114e+10
8.368048e+10
8.331788e+10
8.094343e+10
7.918498e+10
7.675441e+10
7.543738e+10
7.484504e+10
7.470268e+10
7.151662e+10
6.976532e+10
6.908259e+10
6.650060e+10
6.503227e+10
6.390567e+10
6.223711e+10
6.095926e+10
5.872876e+10
5.707090e+10
5.515420e+10
5.310267e+10
5.275763e+10
5.204680e+10
4.731689e+10
4.568186e+10
2.262552e+10
1.572733e+10
1.245082e+10
