2.105784e+12
2.049307e+12
1.621929e+12
1.533171e+12
1.497360e+12
1.319575e+12
1.156642e+12
1.093598e+12
1.070031e+12
1.031545e+12
9.523805e+11
8.991773e+11
8.593442e+11
7.712013e+11
7.644318e+11
7.055884e+11
6.848505e+11
6.753148e+11
6.551324e+11
6.038955e+11
5.891271e+11
5.552367e+11
5.350274e+11
5.299281e+11
4.920360e+11
4.768324e+11
4.658575e+11
4.462951e+11
4.324942e+11
4.121492e+11
3.949817e+11
3.874141e+11
3.739061e+11
3.688465e+11
3.548840e+11
3.417742e+11
3.244097e+11
3.177285e+11
3.066787e+11
2.926217e+11
2.896632e+11
2.853353e+11
2.707704e+11
2.619956e+11
2.492717e+11
2.448643e+11
2.433317e+11
2.330612e+11
2.273997e+11
2.153706e+11
2.084007e+11
2.044946e+11
1.996694e+11
1.971883e+11
1.933497e+11
1.899099e+11
1.817582e+11
1.802724e+11
1.752812e+11
1.702044e+11
1.673299e+11
1.655587e+11
1.591388e+11
1.548823e+11
1.535604e+11
1.483040e+11
1.448228e+11
1.403142e+11
1.350481e+11
1.341199e+11
1.283865e+11
1.238930e+11
1.229578e+11
1.183925e+11
1.168271e+11
1.148916e+11
1.136683e+11
1.086710e+11
1.072229e+11
1.048111e+11
1.023916e+11
1.016218e+11
1.001758e+11
9.653202e+10
9.484027e+10
9.235697e+10
9.101550e+10
9.077756e+10
8.977009e+10
8.632988e+10
8.361211e+10
8.317808e+10
8.128185e+10
7.922617e+10
7.757610e+10
7.719281e+10
7.500389e+10
7.317146e+10
7.265646e+10
7.178297e+10
6.944213e+10
6.887234e+10
6.719730e+10
6.621187e+10
6.585418e+10
6.401812e+10
6.352641e+10
6.214387e+10
6.091768e+10
5.958482e+10
5.801017e+10
5.735576e+10
5.658395e+10
5.594002e+10
5.385783e+10
5.325697e+10
5.082411e+10
4.972725e+10
4.778931e+10
4.653326e+10
4.518281e+10
4.433610e+10
4.302711e+10
4.219709e+10
3.554382e+10
3.296777e+10
3.017131e+10
2.213167e+10
