1.489446e+08
2.077109e+07
1.765016e+06
1.337554e+06
8.500014e+05
3.626165e+05
1.272793e+05
9.635187e+04
1.817062e+04
1.434315e+04
7.681871e+03
1.125553e+03
4.461541e+02
2.168157e+02
8.386693e+01
6.554395e+01
5.050146e+01
4.060812e+01
3.820246e+01
3.009935e+01
2.729671e+01
2.499765e+01
2.328944e+01
1.980532e+01
1.831934e+01
1.579094e+01
1.484721e+01
1.482997e+01
1.405279e+01
1.353066e+01
1.288953e+01
1.205236e+01
1.128022e+01
1.035103e+01
9.582400e+00
9.495641e+00
9.201517e+00
9.011442e+00
8.202362e+00
7.948028e+00
7.373380e+00
7.094573e+00
6.707475e+00
6.352419e+00
6.134018e+00
5.751287e+00
5.702744e+00
5.232241e+00
4.988353e+00
4.493196e+00
4.224510e+00
3.861862e+00
3.636927e+00
3.454857e+00
3.257018e+00
2.888219e+00
2.677658e+00
2.466262e+00
2.036922e+00
1.991990e+00
1.701517e+00
1.598981e+00
1.355380e+00
1.195347e+00
1.097874e+00
9.854903e-01
8.219573e-01
8.001421e-01
4.142514e-01
3.998452e-01
3.293087e-01
3.125177e-01
2.625228e-01
2.080892e-01
1.620942e-01
1.276698e-01
6.715877e-02
2.509396e-02
5.248240e-03
9.313225e-10
-3.175924e-02
-4.755380e-02
-1.465860e-01
-2.006851e-01
-2.949455e-01
-4.871321e-01
-6.141768e-01
-7.106120e-01
-8.069941e-01
-8.804173e-01
-9.224668e-01
-1.192634e+00
-1.337393e+00
-1.492318e+00
-1.656698e+00
-2.259478e+00
-2.435022e+00
-2.730677e+00
-2.790884e+00
-3.124825e+00
-3.284961e+00
-3.779498e+00
-4.021220e+00
-4.374043e+00
-4.899323e+00
-5.154520e+00
-5.306476e+00
-5.874751e+00
-6.020214e+00
-7.070052e+00
-7.327569e+00
-8.096893e+00
-8.907601e+00
-9.282253e+00
-9.934114e+00
-1.139844e+01
-1.293654e+01
-1.440334e+01
-1.528614e+01
-1.875226e+01
-2.216155e+01
-2.258190e+01
-2.792664e+01
-3.427096e+01
-3.689909e+01
-5.447324e+01
-7.136765e+01
-8.334355e+01
