3.943782e+05
2.419075e+05
1.801146e+05
1.483313e+05
1.364517e+05
1.140264e+05
1.019787e+05
9.128816e+04
8.987071e+04
7.931174e+04
6.750741e+04
6.051952e+04
5.527281e+04
4.577837e+04
4.554961e+04
3.874534e+04
3.656618e+04
2.842516e+04
2.205334e+04
1.674122e+04
1.387672e+04
1.172380e+04
1.050729e+04
9.399276e+03
8.130148e+03
7.429443e+03
6.383819e+03
5.867971e+03
4.645478e+03
4.113884e+03
3.960683e+03
3.457566e+03
2.846121e+03
2.526032e+03
2.053026e+03
1.642523e+03
1.384033e+03
1.247456e+03
1.000908e+03
8.128203e+02
7.973895e+02
7.325791e+02
5.986380e+02
5.258044e+02
4.444221e+02
3.859946e+02
3.441570e+02
3.215752e+02
2.720990e+02
2.145092e+02
1.903780e+02
1.807236e+02
1.566175e+02
1.108672e+02
1.003774e+02
7.793697e+01
6.743213e+01
5.772756e+01
5.731474e+01
4.957035e+01
4.025692e+01
3.293398e+01
2.481469e+01
2.325109e+01
1.912527e+01
1.729211e+01
1.415888e+01
9.706676e+00
8.522369e+00
5.293913e+00
5.183832e+00
4.220191e+00
4.080538e+00
3.818290e+00
3.658580e+00
2.520242e+00
2.042526e+00
1.853634e+00
1.316471e+00
9.457210e-01
8.570119e-01
6.743510e-01
5.772374e-01
5.191450e-01
4.296870e-01
3.938155e-01
2.467905e-01
2.244215e-01
2.105124e-01
1.704808e-01
1.375404e-01
1.027763e-01
8.660752e-02
8.108690e-02
5.933627e-02
4.797662e-02
4.181131e-02
3.875853e-02
3.677860e-02
3.152621e-02
2.956497e-02
2.825296e-02
2.796359e-02
2.655857e-02
2.643050e-02
2.542690e-02
2.413902e-02
2.348718e-02
2.248676e-02
2.189128e-02
2.169119e-02
2.137160e-02
2.074622e-02
2.066626e-02
2.050556e-02
2.024220e-02
2.000772e-02
1.886977e-02
1.875480e-02
1.776305e-02
1.754376e-02
1.695317e-02
1.546729e-02
1.496076e-02
1.433039e-02
1.374729e-02
1.240096e-02
1.178622e-02
