2.125913e+05
2.218193e+04
4.594338e+03
1.652668e+03
2.162130e+02
2.623302e+01
1.103064e+01
6.160246e+00
1.536309e+00
2.111303e-01
9.077036e-02
4.173523e-02
3.920687e-02
3.635677e-02
3.519002e-02
2.880937e-02
2.670290e-02
2.383981e-02
2.302202e-02
2.140463e-02
1.838855e-02
1.787272e-02
1.703466e-02
1.616599e-02
1.526394e-02
1.480953e-02
1.435067e-02
1.326790e-02
1.284234e-02
1.235018e-02
1.194816e-02
1.167395e-02
1.113084e-02
9.787526e-03
9.692062e-03
9.464164e-03
9.097733e-03
8.759099e-03
8.416775e-03
7.994053e-03
7.781740e-03
7.540432e-03
7.371893e-03
7.177272e-03
6.904116e-03
6.608520e-03
6.112620e-03
5.877432e-03
5.567007e-03
5.394221e-03
5.099374e-03
5.029953e-03
4.843414e-03
4.664689e-03
4.378832e-03
4.087897e-03
3.954079e-03
3.798713e-03
3.668364e-03
3.539766e-03
3.150763e-03
3.006301e-03
2.853281e-03
2.563359e-03
2.439898e-03
2.285629e-03
2.184211e-03
2.110194e-03
1.879593e-03
1.649850e-03
1.582167e-03
1.483425e-03
1.440157e-03
1.283482e-03
9.860933e-04
8.910822e-04
8.206993e-04
7.296629e-04
7.143837e-04
5.733469e-04
5.244035e-04
4.953999e-04
4.097967e-04
3.756667e-04
2.644031e-04
-5.558605e-06
-1.138792e-04
-3.021061e-04
-4.154155e-04
-6.020774e-04
-7.217249e-04
-9.209796e-04
-1.109557e-03
-1.616890e-03
-1.829457e-03
-1.995929e-03
-2.161401e-03
-2.317845e-03
-3.128837e-03
-3.249747e-03
-3.701889e-03
-4.009636e-03
-4.323713e-03
-5.011482e-03
-5.949042e-03
-6.121179e-03
-6.401112e-03
-6.997847e-03
-7.819250e-03
-9.101158e-03
-9.920856e-03
-1.047765e-02
-1.130572e-02
-1.270051e-02
-1.355293e-02
-1.438706e-02
-1.529265e-02
-1.822915e-02
-2.230636e-02
-2.302067e-02
-2.944713e-02
-3.324037e-02
-3.483530e-02
-4.278646e-02
-5.179089e-02
-5.856213e-02
-6.554987e-02
-1.218767e-01
