5.877087e+04
1.300591e+04
5.726578e+03
1.765724e+03
1.113002e+03
6.689343e+02
5.931790e+02
3.187725e+02
2.444654e+02
2.300175e+02
1.888624e+02
1.770675e+02
1.257698e+02
1.017352e+02
9.087701e+01
7.121880e+01
7.029127e+01
6.736233e+01
5.435795e+01
4.832538e+01
4.025031e+01
3.524565e+01
2.897615e+01
2.404465e+01
2.304215e+01
1.756350e+01
1.467432e+01
1.425314e+01
1.303360e+01
1.233188e+01
1.132450e+01
9.227005e+00
8.305767e+00
5.856785e+00
5.450668e+00
4.969830e+00
4.026953e+00
3.576351e+00
3.250191e+00
3.023326e+00
2.686891e+00
2.580118e+00
1.860994e+00
1.707754e+00
1.321021e+00
1.128982e+00
1.013125e+00
9.104073e-01
8.380220e-01
5.531834e-01
4.688229e-01
4.216573e-01
3.338790e-01
2.622873e-01
2.370234e-01
2.048553e-01
1.820212e-01
1.412428e-01
1.278321e-01
1.239822e-01
9.149962e-02
8.189449e-02
5.063174e-02
4.311715e-02
3.388548e-02
2.889580e-02
1.608602e-02
1.453870e-02
1.407788e-02
9.320827e-03
7.149972e-03
5.807481e-03
4.824088e-03
3.687887e-03
2.828584e-03
2.371573e-03
2.087251e-03
1.848418e-03
1.514595e-03
1.458506e-03
1.293261e-03
1.202167e-03
1.187483e-03
1.030188e-03
9.803633e-04
9.242440e-04
8.793086e-04
7.888304e-04
7.363855e-04
7.002574e-04
6.765262e-04
6.513686e-04
6.226923e-04
6.085255e-04
5.790063e-04
5.698307e-04
5.566355e-04
5.473589e-04
5.412684e-04
5.366985e-04
5.277357e-04
5.189748e-04
5.122077e-04
5.078262e-04
4.924337e-04
4.888807e-04
4.775877e-04
4.670964e-04
4.596240e-04
4.562975e-04
4.542248e-04
4.430443e-04
4.411304e-04
4.299726e-04
4.242283e-04
4.193370e-04
4.109528e-04
4.001032e-04
3.948570e-04
3.926874e-04
3.864727e-04
3.835386e-04
3.779285e-04
3.737682e-04
3.704174e-04
3.622046e-04
3.605260e-04
3.565545e-04
3.536807e-04
3.463714e-04
3.431758e-04
3.419266e-04
3.355472e-04
3.312105e-04
3.273399e-04
3.269376e-04
3.218855e-04
3.212220e-04
3.167458e-04
3.107078e-04
3.095479e-04
3.041675e-04
3.017869e-04
3.012738e-04
2.916574e-04
2.912327e-04
2.861998e-04
2.842253e-04
2.830624e-04
2.742134e-04
2.710450e-04
2.701743e-04
2.658037e-04
2.612169e-04
2.606598e-04
2.550051e-04
2.530217e-04
2.502950e-04
2.493096e-04
2.455608e-04
2.433145e-04
2.368418e-04
2.357999e-04
2.322586e-04
2.303165e-04
2.256324e-04
2.226996e-04
2.200384e-04
2.190713e-04
2.158625e-04
2.137628e-04
2.104757e-04
2.014819e-04
2.001465e-04
1.971781e-04
1.956167e-04
1.934399e-04
1.914836e-04
1.881747e-04
1.864548e-04
1.829637e-04
1.798353e-04
1.771362e-04
1.746942e-04
1.729517e-04
1.705787e-04
1.690240e-04
1.657559e-04
1.617466e-04
1.607749e-04
1.570261e-04
1.529061e-04
1.512936e-04
1.502179e-04
1.477021e-04
1.460335e-04
1.431807e-04
1.400351e-04
1.380114e-04
1.344679e-04
1.319725e-04
1.294344e-04
1.285807e-04
1.240753e-04
1.218690e-04
1.182950e-04
1.174842e-04
1.165536e-04
1.110048e-04
1.107490e-04
1.082414e-04
1.043363e-04
1.031776e-04
1.007449e-04
9.834225e-05
9.396707e-05
9.190246e-05
8.929084e-05
8.808762e-05
8.605600e-05
8.451429e-05
8.160045e-05
7.904604e-05
7.486932e-05
7.189874e-05
7.142413e-05
6.880391e-05
6.633478e-05
6.418834e-05
6.339318e-05
6.066275e-05
5.793100e-05
5.518078e-05
5.051952e-05
4.981216e-05
4.657564e-05
4.580929e-05
4.482201e-05
4.317520e-05
4.029667e-05
3.549085e-05
3.122989e-05
3.021328e-05
2.851763e-05
2.561606e-05
2.531246e-05
2.285708e-05
2.177310e-05
1.596970e-05
1.515204e-05
1.305180e-05
1.055691e-05
8.166574e-06
5.218679e-06
3.707424e-06
2.526923e-06
3.694953e-14
-1.086137e-14
-2.453780e-14
-7.421871e-14
-9.780620e-14
-1.890003e-06
-5.161731e-06
-7.706149e-06
-1.035401e-05
-1.268731e-05
-1.421503e-05
-1.530762e-05
-1.809525e-05
-2.129626e-05
-2.253450e-05
-2.552688e-05
-2.659792e-05
-3.020039e-05
-3.277367e-05
-3.468104e-05
-3.876129e-05
-3.997990e-05
-4.226808e-05
-4.331053e-05
-4.934312e-05
-5.155192e-05
-5.342896e-05
-5.442908e-05
-5.641906e-05
-5.782158e-05
-6.118550e-05
-6.625065e-05
-6.857882e-05
-7.007531e-05
-7.290786e-05
-7.411368e-05
-7.538916e-05
-7.649664e-05
-8.319404e-05
-8.586963e-05
-8.931490e-05
-9.258467e-05
-9.299098e-05
-9.552752e-05
-9.637605e-05
-9.825226e-05
-1.020369e-04
-1.060195e-04
-1.081747e-04
-1.097881e-04
-1.115946e-04
-1.138682e-04
-1.156854e-04
-1.187981e-04
-1.200819e-04
-1.250221e-04
-1.297235e-04
-1.314057e-04
-1.330201e-04
-1.349975e-04
-1.362752e-04
-1.404996e-04
-1.434900e-04
-1.468556e-04
-1.497699e-04
-1.547992e-04
-1.564740e-04
-1.592828e-04
-1.619101e-04
-1.641857e-04
-1.663088e-04
-1.680221e-04
-1.705662e-04
-1.743363e-04
-1.765675e-04
-1.840188e-04
-1.863169e-04
-1.904896e-04
-1.919211e-04
-1.935461e-04
-1.953464e-04
-1.991929e-04
-2.020495e-04
-2.049181e-04
-2.058239e-04
-2.101420e-04
-2.151201e-04
-2.190181e-04
-2.239289e-04
-2.261795e-04
-2.283726e-04
-2.331845e-04
-2.335166e-04
-2.377241e-04
-2.436654e-04
-2.479358e-04
-2.538980e-04
-2.571779e-04
-2.608540e-04
-2.660570e-04
-2.662446e-04
-2.723608e-04
-2.779537e-04
-2.832813e-04
-2.848089e-04
-2.917930e-04
-2.923205e-04
-2.951273e-04
-3.043633e-04
-3.138548e-04
-3.176183e-04
-3.212221e-04
-3.263629e-04
-3.330232e-04
-3.404999e-04
-3.461545e-04
-3.505611e-04
-3.579777e-04
-3.720871e-04
-3.776003e-04
-3.799096e-04
-3.924955e-04
-4.050568e-04
-4.269734e-04
-4.327781e-04
-4.955034e-04
-6.051254e-04
-8.462854e-04
