4.912981e+12
3.574144e+12
3.348028e+12
2.729369e+12
2.501507e+12
2.367144e+12
2.020296e+12
1.872689e+12
1.846419e+12
1.747942e+12
1.681972e+12
1.614066e+12
1.416202e+12
1.366757e+12
1.325491e+12
1.276782e+12
1.220053e+12
1.126962e+12
1.111573e+12
1.084296e+12
1.040159e+12
1.022308e+12
9.306472e+11
8.964303e+11
8.608050e+11
8.398450e+11
7.995764e+11
7.774555e+11
7.758842e+11
7.494262e+11
7.303222e+11
6.991170e+11
6.797070e+11
6.605491e+11
6.402703e+11
6.137030e+11
5.897328e+11
5.807116e+11
5.755465e+11
5.632168e+11
5.413692e+11
5.204043e+11
5.089604e+11
4.954519e+11
4.820161e+11
4.722594e+11
4.586241e+11
4.460083e+11
4.429083e+11
4.278806e+11
4.193058e+11
4.164248e+11
4.083819e+11
3.831818e+11
3.764343e+11
3.736528e+11
3.616745e+11
3.603754e+11
3.470134e+11
3.440904e+11
3.374648e+11
3.209004e+11
3.150821e+11
3.128251e+11
3.075967e+11
2.985026e+11
2.975088e+11
2.923596e+11
2.843978e+11
2.785325e+11
2.733555e+11
2.713219e+11
2.630789e+11
2.556511e+11
2.526548e+11
2.492348e+11
2.468861e+11
2.381377e+11
2.349811e+11
2.319055e+11
2.296052e+11
2.241498e+11
2.195275e+11
2.151234e+11
2.112212e+11
2.069388e+11
2.015940e+11
2.001485e+11
1.999651e+11
1.926841e+11
1.897289e+11
1.869274e+11
1.826370e+11
1.800634e+11
1.785199e+11
1.773225e+11
1.715089e+11
1.698207e+11
1.651249e+11
1.640729e+11
1.584687e+11
1.550697e+11
1.539830e+11
1.511703e+11
1.484927e+11
1.453956e+11
1.440206e+11
1.395238e+11
1.384116e+11
1.357507e+11
1.337908e+11
1.323897e+11
1.301605e+11
1.243071e+11
1.217864e+11
1.196072e+11
1.180050e+11
1.132632e+11
1.095540e+11
1.034753e+11
9.988166e+10
9.112562e+10
8.614073e+10
6.967625e+10
5.734987e+10
5.709269e+10
4.386984e+10
6.700661e+09
