1.221742e+08
2.027277e+07
1.918884e+06
1.633482e+06
9.248472e+05
3.149915e+05
2.504249e+05
1.088766e+05
1.852426e+04
1.057575e+04
3.092465e+03
9.822947e+02
5.316245e+02
3.786650e+02
1.698590e+02
5.118897e+01
4.845327e+01
4.267142e+01
3.437675e+01
3.334467e+01
2.441900e+01
1.947556e+01
1.811578e+01
1.606371e+01
1.524363e+01
1.409416e+01
1.307383e+01
1.281729e+01
1.180589e+01
1.132572e+01
1.058837e+01
9.823529e+00
9.564591e+00
8.769926e+00
8.403687e+00
8.049052e+00
7.484617e+00
7.220342e+00
6.981645e+00
6.120838e+00
6.091936e+00
5.277453e+00
5.223060e+00
4.760740e+00
4.496146e+00
4.359838e+00
3.968782e+00
3.872502e+00
3.617126e+00
3.415854e+00
3.281353e+00
2.919168e+00
2.620014e+00
2.526506e+00
2.377770e+00
2.091762e+00
1.965262e+00
1.782491e+00
1.601869e+00
1.364681e+00
1.315430e+00
1.241542e+00
1.162823e+00
1.040272e+00
7.348948e-01
5.982174e-01
5.654551e-01
4.428360e-01
4.241779e-01
2.560612e-01
1.857345e-01
1.666987e-01
1.522869e-01
1.350674e-01
8.909611e-02
7.440206e-02
5.861253e-02
5.230742e-02
4.076009e-02
1.911708e-03
5.820704e-11
-1.290569e-01
-1.383415e-01
-1.917413e-01
-2.457787e-01
-3.237375e-01
-3.595410e-01
-5.136794e-01
-5.609367e-01
-6.346526e-01
-6.975557e-01
-9.247822e-01
-1.004519e+00
-1.073144e+00
-1.219439e+00
-1.354355e+00
-1.540294e+00
-1.702931e+00
-1.877386e+00
-2.114298e+00
-2.495885e+00
-2.647807e+00
-3.066918e+00
-3.154248e+00
-3.221558e+00
-3.472804e+00
-3.983059e+00
-4.193079e+00
-4.627921e+00
-5.196233e+00
-5.382858e+00
-5.936307e+00
-7.305346e+00
-7.783338e+00
-7.988887e+00
-8.829215e+00
-9.479679e+00
-9.909129e+00
-1.352461e+01
-1.528181e+01
-1.722438e+01
-1.928630e+01
-2.155668e+01
-2.602792e+01
-3.750097e+01
-4.673228e+01
-5.168481e+01
-6.816962e+01
