2.161919e+05
2.275608e+04
5.312568e+03
1.979359e+03
2.492907e+02
2.804749e+01
1.184114e+01
6.911090e+00
1.838736e+00
2.602413e-01
6.242174e-02
3.790026e-02
3.665716e-02
3.262813e-02
2.935936e-02
2.751385e-02
2.572299e-02
2.421283e-02
2.155717e-02
2.049754e-02
2.017968e-02
1.672717e-02
1.574675e-02
1.534583e-02
1.441921e-02
1.314594e-02
1.306875e-02
1.211077e-02
1.187780e-02
1.155273e-02
1.112605e-02
1.061313e-02
1.008271e-02
9.356079e-03
9.277452e-03
8.846673e-03
8.456688e-03
7.970500e-03
7.934950e-03
7.587108e-03
7.305929e-03
7.060821e-03
6.692060e-03
6.641926e-03
6.382367e-03
6.250655e-03
5.844907e-03
5.530588e-03
5.359133e-03
5.026656e-03
4.980932e-03
4.850712e-03
4.574518e-03
4.175039e-03
3.987781e-03
3.875128e-03
3.613727e-03
3.508010e-03
3.372207e-03
3.118025e-03
2.924964e-03
2.793252e-03
2.719701e-03
2.604641e-03
2.495795e-03
2.291949e-03
2.203425e-03
2.071564e-03
2.030334e-03
1.816245e-03
1.659550e-03
1.595500e-03
1.359393e-03
1.311455e-03
1.259232e-03
1.118840e-03
1.015753e-03
9.382820e-04
8.050772e-04
7.462937e-04
6.633133e-04
5.541514e-04
4.473456e-04
4.379787e-04
2.371551e-04
1.620599e-04
5.460527e-05
-1.126205e-04
-1.899281e-04
-3.005601e-04
-4.285805e-04
-6.379129e-04
-7.440004e-04
-9.512044e-04
-1.103810e-03
-1.352901e-03
-1.441969e-03
-1.679103e-03
-1.957763e-03
-2.092627e-03
-2.357817e-03
-2.833953e-03
-3.153979e-03
-3.551090e-03
-4.192436e-03
-4.232292e-03
-4.483860e-03
-5.692928e-03
-6.579333e-03
-7.547939e-03
-8.916697e-03
-9.400166e-03
-9.794130e-03
-1.079494e-02
-1.246145e-02
-1.384908e-02
-1.597464e-02
-1.652892e-02
-2.021892e-02
-2.459345e-02
-2.645353e-02
-3.019220e-02
-3.313583e-02
-3.917659e-02
-4.852564e-02
-5.081428e-02
-7.034176e-02
-1.001589e-01
