5.850279e+04
1.202014e+04
5.539981e+03
1.949628e+03
1.384161e+03
9.680291e+02
8.252558e+02
4.444602e+02
3.800125e+02
2.585948e+02
1.968445e+02
1.821609e+02
1.592428e+02
1.176219e+02
1.067619e+02
8.933116e+01
7.334387e+01
7.153563e+01
6.449235e+01
4.668480e+01
3.975154e+01
3.308524e+01
2.865514e+01
2.396732e+01
2.170763e+01
2.075028e+01
1.845485e+01
1.726058e+01
1.565129e+01
1.350029e+01
1.205405e+01
1.012672e+01
8.343318e+00
7.195989e+00
5.082431e+00
4.938691e+00
4.208131e+00
4.161528e+00
3.680582e+00
3.173015e+00
2.780089e+00
2.452034e+00
2.125022e+00
1.814670e+00
1.392017e+00
1.084758e+00
9.501010e-01
8.994427e-01
8.009786e-01
6.847608e-01
5.467843e-01
4.353735e-01
3.631501e-01
2.441444e-01
2.012433e-01
1.594585e-01
1.449358e-01
1.188997e-01
1.099027e-01
8.052081e-02
7.233514e-02
5.196985e-02
4.829112e-02
4.353955e-02
3.680519e-02
2.723341e-02
1.995292e-02
1.831374e-02
1.522842e-02
1.322367e-02
1.200493e-02
1.058183e-02
8.469750e-03
8.074238e-03
5.817073e-03
5.378282e-03
4.435511e-03
3.271549e-03
2.903596e-03
2.464381e-03
2.088757e-03
1.480070e-03
1.320958e-03
1.289621e-03
1.108020e-03
1.037992e-03
9.804659e-04
9.553818e-04
8.904906e-04
7.718861e-04
7.259477e-04
6.682057e-04
6.450332e-04
6.318080e-04
6.105765e-04
5.995569e-04
5.928016e-04
5.707863e-04
5.589640e-04
5.421653e-04
5.240060e-04
5.218079e-04
5.102205e-04
4.897934e-04
4.844425e-04
4.738757e-04
4.647597e-04
4.548447e-04
4.513400e-04
4.472153e-04
4.423460e-04
4.308144e-04
4.235963e-04
4.196155e-04
4.153327e-04
4.105986e-04
4.024117e-04
3.983193e-04
3.928824e-04
3.901474e-04
3.864056e-04
3.798221e-04
3.741532e-04
3.727387e-04
3.685995e-04
3.593539e-04
3.568235e-04
3.540050e-04
3.506979e-04
3.463830e-04
3.449768e-04
3.383804e-04
3.354589e-04
3.324117e-04
3.238967e-04
3.222733e-04
3.212170e-04
3.164864e-04
3.153379e-04
3.080414e-04
3.033588e-04
3.013970e-04
2.978561e-04
2.919952e-04
2.901754e-04
2.866087e-04
2.842622e-04
2.784173e-04
2.758437e-04
2.723238e-04
2.687591e-04
2.660974e-04
2.640118e-04
2.617320e-04
2.557468e-04
2.528419e-04
2.514597e-04
2.466177e-04
2.452056e-04
2.400099e-04
2.350953e-04
2.313269e-04
2.296910e-04
2.261134e-04
2.240302e-04
2.230257e-04
2.220898e-04
2.183076e-04
2.169518e-04
2.140966e-04
2.102345e-04
2.098447e-04
2.040917e-04
2.019843e-04
1.974735e-04
1.964018e-04
1.933014e-04
1.921360e-04
1.861695e-04
1.821402e-04
1.818000e-04
1.784853e-04
1.760328e-04
1.737953e-04
1.707448e-04
1.701588e-04
1.656528e-04
1.627883e-04
1.605361e-04
1.598523e-04
1.571581e-04
1.543841e-04
1.522777e-04
1.493733e-04
1.457331e-04
1.450463e-04
1.436446e-04
1.394860e-04
1.371117e-04
1.338858e-04
1.325499e-04
1.283430e-04
1.267186e-04
1.226891e-04
1.216191e-04
1.196101e-04
1.180112e-04
1.142168e-04
1.125219e-04
1.104439e-04
1.079558e-04
1.062166e-04
1.019915e-04
9.926055e-05
9.720195e-05
9.093852e-05
9.021001e-05
8.802088e-05
8.531970e-05
8.258215e-05
8.119026e-05
7.855474e-05
7.750109e-05
7.668893e-05
7.460771e-05
7.202465e-05
6.938550e-05
6.611138e-05
6.547935e-05
6.116081e-05
5.891106e-05
5.717178e-05
5.540460e-05
5.248418e-05
5.071115e-05
4.826019e-05
4.541941e-05
4.380370e-05
4.288226e-05
4.236723e-05
4.065751e-05
3.639646e-05
3.301945e-05
3.098904e-05
2.638474e-05
2.554096e-05
2.362774e-05
2.211855e-05
2.167890e-05
1.714128e-05
1.598394e-05
1.499803e-05
1.187184e-05
7.964054e-06
5.796873e-06
3.654163e-06
1.592347e-07
5.192162e-14
-5.986524e-15
-3.164445e-14
-1.817623e-06
-3.384237e-06
-6.359514e-06
-8.563716e-06
-8.942196e-06
-1.197992e-05
-1.399765e-05
-1.487007e-05
-1.968176e-05
-2.225560e-05
-2.395630e-05
-2.423428e-05
-2.614281e-05
-2.800639e-05
-3.254780e-05
-3.469759e-05
-3.622203e-05
-3.861085e-05
-4.090218e-05
-4.230400e-05
-4.574127e-05
-4.578263e-05
-4.823647e-05
-5.204340e-05
-5.662733e-05
-5.852332e-05
-5.956282e-05
-6.149679e-05
-6.527876e-05
-6.740906e-05
-6.999508e-05
-7.109516e-05
-7.567004e-05
-7.793517e-05
-8.231778e-05
-8.606818e-05
-8.713807e-05
-9.040653e-05
-9.138569e-05
-9.356877e-05
-9.630595e-05
-9.981128e-05
-1.018304e-04
-1.039420e-04
-1.056579e-04
-1.070915e-04
-1.101895e-04
-1.127402e-04
-1.166161e-04
-1.178999e-04
-1.222647e-04
-1.239779e-04
-1.273477e-04
-1.290283e-04
-1.317735e-04
-1.347691e-04
-1.367638e-04
-1.389996e-04
-1.433223e-04
-1.455089e-04
-1.472350e-04
-1.493675e-04
-1.531283e-04
-1.593388e-04
-1.604494e-04
-1.618259e-04
-1.652969e-04
-1.668114e-04
-1.694335e-04
-1.706364e-04
-1.737211e-04
-1.748481e-04
-1.783839e-04
-1.843239e-04
-1.885703e-04
-1.892429e-04
-1.936604e-04
-1.978815e-04
-2.011101e-04
-2.029044e-04
-2.051825e-04
-2.105548e-04
-2.173635e-04
-2.195836e-04
-2.215322e-04
-2.257101e-04
-2.282170e-04
-2.295049e-04
-2.355275e-04
-2.381760e-04
-2.430054e-04
-2.466121e-04
-2.480635e-04
-2.512882e-04
-2.558295e-04
-2.593781e-04
-2.634305e-04
-2.664581e-04
-2.678598e-04
-2.709319e-04
-2.773697e-04
-2.802199e-04
-2.885096e-04
-2.924435e-04
-2.944559e-04
-3.022076e-04
-3.065125e-04
-3.096919e-04
-3.167177e-04
-3.314908e-04
-3.346652e-04
-3.395255e-04
-3.508269e-04
-3.656667e-04
-3.726496e-04
-3.782853e-04
-3.871535e-04
-4.131634e-04
-4.465882e-04
-4.779219e-04
-5.295599e-04
-5.907469e-04
-6.948199e-04
-7.875081e-04
