5.872124e+04
1.280869e+04
5.887316e+03
1.775925e+03
1.440928e+03
7.005307e+02
6.496454e+02
3.844426e+02
2.966986e+02
2.616639e+02
2.216783e+02
2.091247e+02
1.781614e+02
1.621219e+02
1.349289e+02
1.246819e+02
1.142630e+02
8.604911e+01
7.483407e+01
6.713002e+01
6.509261e+01
5.945171e+01
5.132769e+01
4.253139e+01
2.760917e+01
2.398794e+01
2.028213e+01
1.817522e+01
1.638195e+01
1.438243e+01
1.341393e+01
1.234222e+01
1.128997e+01
1.007846e+01
8.687032e+00
7.340704e+00
6.388792e+00
5.385184e+00
5.155390e+00
4.780158e+00
4.176857e+00
3.992997e+00
3.449393e+00
2.770788e+00
2.640313e+00
1.547119e+00
1.337977e+00
1.290013e+00
1.075242e+00
8.721511e-01
8.426856e-01
6.923974e-01
5.572295e-01
4.707320e-01
4.183908e-01
3.089550e-01
2.702244e-01
2.330557e-01
2.142567e-01
1.568124e-01
9.596789e-02
8.920807e-02
7.281558e-02
7.020425e-02
5.895695e-02
4.264075e-02
3.352825e-02
3.064400e-02
2.919241e-02
2.861147e-02
2.374575e-02
1.634535e-02
1.427431e-02
1.263666e-02
1.209285e-02
9.940877e-03
6.919699e-03
6.773546e-03
3.953755e-03
3.655174e-03
3.207382e-03
2.793766e-03
2.070023e-03
1.909480e-03
1.748825e-03
1.559178e-03
1.342846e-03
1.276838e-03
1.217874e-03
1.021148e-03
8.751788e-04
8.501181e-04
7.982482e-04
7.457171e-04
7.129036e-04
6.562604e-04
6.237074e-04
6.218292e-04
5.982872e-04
5.895951e-04
5.698046e-04
5.629754e-04
5.409474e-04
5.333169e-04
5.242106e-04
5.101864e-04
5.022050e-04
4.986209e-04
4.894520e-04
4.777074e-04
4.653728e-04
4.538128e-04
4.490416e-04
4.451656e-04
4.397701e-04
4.315404e-04
4.273229e-04
4.223392e-04
4.173759e-04
4.108272e-04
4.040280e-04
4.026754e-04
3.977315e-04
3.927097e-04
3.859896e-04
3.812202e-04
3.782608e-04
3.709352e-04
3.687080e-04
3.629589e-04
3.611233e-04
3.570718e-04
3.535226e-04
3.454555e-04
3.406158e-04
3.386408e-04
3.330543e-04
3.279472e-04
3.265940e-04
3.246370e-04
3.190488e-04
3.151650e-04
3.107615e-04
3.056110e-04
3.048329e-04
3.035758e-04
2.962674e-04
2.920200e-04
2.898916e-04
2.885554e-04
2.845929e-04
2.818368e-04
2.795082e-04
2.754244e-04
2.734829e-04
2.718455e-04
2.629563e-04
2.594017e-04
2.574106e-04
2.550197e-04
2.547173e-04
2.497345e-04
2.449732e-04
2.401169e-04
2.384515e-04
2.370225e-04
2.316495e-04
2.304295e-04
2.281989e-04
2.255280e-04
2.211753e-04
2.198965e-04
2.178557e-04
2.142491e-04
2.119017e-04
2.082356e-04
2.071237e-04
2.033223e-04
1.996205e-04
1.988572e-04
1.953076e-04
1.929812e-04
1.902089e-04
1.869432e-04
1.849430e-04
1.827781e-04
1.792171e-04
1.766016e-04
1.720599e-04
1.697337e-04
1.662202e-04
1.648733e-04
1.618782e-04
1.598730e-04
1.583121e-04
1.554470e-04
1.520904e-04
1.502826e-04
1.487562e-04
1.441519e-04
1.424263e-04
1.413232e-04
1.371098e-04
1.342811e-04
1.312231e-04
1.306362e-04
1.268196e-04
1.255953e-04
1.229319e-04
1.209743e-04
1.196005e-04
1.157466e-04
1.116398e-04
1.100634e-04
1.076313e-04
1.045242e-04
1.030264e-04
9.978622e-05
9.875543e-05
9.496406e-05
9.342904e-05
8.946906e-05
8.764535e-05
8.503791e-05
8.241117e-05
7.815730e-05
7.682072e-05
7.448261e-05
7.061594e-05
7.019420e-05
6.677641e-05
6.449308e-05
6.171630e-05
5.973956e-05
5.495558e-05
5.370776e-05
5.039882e-05
4.878253e-05
4.690156e-05
4.573710e-05
4.200571e-05
4.108401e-05
3.807054e-05
3.547244e-05
3.469776e-05
3.142628e-05
3.102294e-05
2.800922e-05
2.476177e-05
2.292066e-05
2.070201e-05
1.952428e-05
1.712003e-05
1.397416e-05
1.296523e-05
1.013075e-05
8.459358e-06
6.343862e-06
3.819312e-06
1.152463e-06
3.189950e-14
-1.273343e-14
-4.747702e-14
-1.426234e-06
-6.133816e-06
-7.729677e-06
-1.097241e-05
-1.322969e-05
-1.471990e-05
-1.728193e-05
-1.859018e-05
-2.214119e-05
-2.346873e-05
-2.550254e-05
-2.675983e-05
-2.899823e-05
-3.189300e-05
-3.453319e-05
-3.655624e-05
-4.083016e-05
-4.382903e-05
-4.425020e-05
-4.762157e-05
-5.026337e-05
-5.256763e-05
-5.379031e-05
-5.575806e-05
-5.643430e-05
-6.167278e-05
-6.323516e-05
-6.701189e-05
-6.829989e-05
-7.237941e-05
-7.509815e-05
-7.919693e-05
-8.137215e-05
-8.348779e-05
-8.522678e-05
-8.748438e-05
-8.874917e-05
-9.352819e-05
-9.700609e-05
-9.815091e-05
-9.960578e-05
-1.015865e-04
-1.036012e-04
-1.094431e-04
-1.127934e-04
-1.143240e-04
-1.147466e-04
-1.205222e-04
-1.221368e-04
-1.262048e-04
-1.280432e-04
-1.342404e-04
-1.349992e-04
-1.354231e-04
-1.403007e-04
-1.415132e-04
-1.432061e-04
-1.459238e-04
-1.470317e-04
-1.505614e-04
-1.526196e-04
-1.560507e-04
-1.644533e-04
-1.669018e-04
-1.704914e-04
-1.717089e-04
-1.748204e-04
-1.790843e-04
-1.805226e-04
-1.856103e-04
-1.871999e-04
-1.895248e-04
-1.902443e-04
-1.963347e-04
-2.000488e-04
-2.019000e-04
-2.061272e-04
-2.102600e-04
-2.118533e-04
-2.163094e-04
-2.189274e-04
-2.240021e-04
-2.284066e-04
-2.305189e-04
-2.356542e-04
-2.372587e-04
-2.436303e-04
-2.492389e-04
-2.500828e-04
-2.542751e-04
-2.592152e-04
-2.637912e-04
-2.668570e-04
-2.724167e-04
-2.777879e-04
-2.853636e-04
-2.893951e-04
-2.900468e-04
-2.940947e-04
-2.972603e-04
-2.989605e-04
-3.039749e-04
-3.069180e-04
-3.113092e-04
-3.185272e-04
-3.227442e-04
-3.383029e-04
-3.406182e-04
-3.456865e-04
-3.558869e-04
-3.674938e-04
-3.765476e-04
-3.925141e-04
-4.075205e-04
-4.209723e-04
-4.404546e-04
-4.734756e-04
-5.155085e-04
-5.626910e-04
-8.121440e-04
-9.395637e-04
