1.979486e+05
2.444128e+04
6.347000e+03
1.635368e+03
2.189566e+02
3.693255e+01
1.389303e+01
6.783134e+00
1.502907e+00
2.811856e-01
7.721747e-02
5.934702e-02
4.281817e-02
3.873675e-02
3.633853e-02
2.890065e-02
2.709546e-02
2.368300e-02
2.132468e-02
2.043703e-02
2.005080e-02
1.938890e-02
1.787928e-02
1.685800e-02
1.485287e-02
1.443221e-02
1.422922e-02
1.292898e-02
1.227183e-02
1.172097e-02
1.101081e-02
1.065154e-02
1.030119e-02
9.478783e-03
9.186667e-03
8.971799e-03
8.799542e-03
8.488167e-03
8.366958e-03
7.943951e-03
7.846542e-03
7.467560e-03
7.064035e-03
6.842466e-03
6.354529e-03
6.242948e-03
6.031570e-03
5.870541e-03
5.411983e-03
5.328295e-03
5.160677e-03
5.092275e-03
4.801595e-03
4.595825e-03
4.474174e-03
4.414389e-03
3.907663e-03
3.819475e-03
3.478249e-03
3.384760e-03
3.250885e-03
3.029190e-03
2.864885e-03
2.748810e-03
2.592564e-03
2.364008e-03
2.287038e-03
2.177209e-03
2.022089e-03
2.005375e-03
1.829467e-03
1.743338e-03
1.587675e-03
1.453281e-03
1.397923e-03
1.241488e-03
1.142547e-03
1.060906e-03
9.669461e-04
9.489755e-04
8.357785e-04
6.895147e-04
6.550829e-04
5.895845e-04
4.948726e-04
2.858573e-04
1.744073e-04
7.144993e-06
-5.733015e-05
-3.632742e-04
-4.174840e-04
-6.562860e-04
-8.134507e-04
-8.998286e-04
-1.168976e-03
-1.368859e-03
-1.589460e-03
-1.970032e-03
-2.388461e-03
-2.694903e-03
-3.163985e-03
-3.493325e-03
-3.823621e-03
-4.712297e-03
-4.962422e-03
-5.165691e-03
-5.956176e-03
-6.508424e-03
-7.062034e-03
-7.296246e-03
-8.374024e-03
-9.596285e-03
-1.043603e-02
-1.177415e-02
-1.343222e-02
-1.536828e-02
-1.712942e-02
-1.914579e-02
-2.220879e-02
-2.281228e-02
-2.564247e-02
-2.737921e-02
-3.472858e-02
-3.763233e-02
-4.533081e-02
-5.706814e-02
-6.817349e-02
-9.131873e-02
