1.841688e+05
5.709048e+04
1.553243e+04
3.255258e+03
5.397530e+02
7.509322e+01
3.197092e+01
1.196201e+01
2.893924e+00
6.356576e-01
1.001136e-01
6.142912e-02
4.329094e-02
4.160274e-02
3.630711e-02
3.137035e-02
2.528345e-02
2.348243e-02
2.162062e-02
2.054733e-02
1.975136e-02
1.784335e-02
1.718624e-02
1.669610e-02
1.580625e-02
1.473274e-02
1.392640e-02
1.317559e-02
1.278499e-02
1.238432e-02
1.175523e-02
1.151364e-02
1.103762e-02
1.084564e-02
1.027841e-02
1.003031e-02
9.884494e-03
9.681205e-03
9.304383e-03
8.724355e-03
8.636557e-03
8.268472e-03
8.204275e-03
7.939458e-03
7.796963e-03
7.231048e-03
7.207047e-03
7.122462e-03
7.024029e-03
6.478725e-03
6.345920e-03
6.257267e-03
5.843161e-03
5.752836e-03
5.528735e-03
5.308501e-03
5.144176e-03
5.023687e-03
4.804894e-03
4.672349e-03
4.575136e-03
4.336630e-03
4.130400e-03
4.014685e-03
3.876193e-03
3.773070e-03
3.542323e-03
3.531822e-03
3.308812e-03
3.218562e-03
3.123500e-03
3.038482e-03
2.944859e-03
2.857367e-03
2.655616e-03
2.582045e-03
2.542237e-03
2.446953e-03
2.374001e-03
2.322444e-03
2.205543e-03
2.104889e-03
2.039680e-03
1.923545e-03
1.874237e-03
1.819695e-03
1.651646e-03
1.523080e-03
1.441883e-03
1.370804e-03
1.274214e-03
1.228310e-03
1.074332e-03
9.140492e-04
8.145901e-04
7.367726e-04
4.926317e-04
2.893692e-04
5.284341e-05
-6.075970e-05
-3.228627e-04
-6.783406e-04
-1.085102e-03
-1.202199e-03
-1.799814e-03
-2.321943e-03
-2.952950e-03
-3.255053e-03
-3.402364e-03
-3.922175e-03
-4.814614e-03
-5.312741e-03
-7.687692e-03
-8.854740e-03
-1.077832e-02
-1.149295e-02
-1.332023e-02
-1.403476e-02
-1.584680e-02
-1.832195e-02
-2.045736e-02
-2.594396e-02
-2.905161e-02
-3.279582e-02
-3.438883e-02
-4.520310e-02
-5.214972e-02
-7.620490e-02
