7.731071e+09
2.836265e+08
6.369923e+07
5.451375e+07
4.107245e+07
3.246396e+07
2.445711e+07
1.444827e+07
1.085384e+07
9.423983e+06
7.736662e+06
6.020922e+06
4.896904e+06
3.667584e+06
2.951820e+06
2.487636e+06
1.876012e+06
1.376360e+06
1.263831e+06
9.485688e+05
8.171403e+05
5.606336e+05
4.643079e+05
4.234054e+05
2.926120e+05
2.520194e+05
1.639355e+05
1.313790e+05
1.047460e+05
8.855570e+04
7.957899e+04
6.225580e+04
5.276272e+04
3.453265e+04
2.466891e+04
1.696149e+04
1.581438e+04
1.337457e+04
7.830959e+03
4.649053e+03
3.258715e+03
1.917161e+03
1.160905e+03
8.785693e+02
5.191746e+02
3.469259e+02
2.136002e+02
1.823877e+02
1.121196e+02
8.003522e+01
6.875062e+01
3.885012e+01
2.807077e+01
2.017733e+01
1.330303e+01
9.095194e+00
6.839075e+00
5.078011e+00
3.675110e+00
3.383331e+00
1.285718e+00
7.939560e-01
7.296256e-01
5.766276e-01
4.333553e-01
2.784947e-01
2.215753e-01
1.270650e-01
1.051739e-01
7.781616e-02
3.703485e-02
3.053890e-02
2.418701e-02
1.829316e-02
1.584283e-02
1.518402e-02
1.384879e-02
1.195969e-02
1.130817e-02
9.977585e-03
9.596312e-03
7.681007e-03
6.821889e-03
6.396312e-03
5.840693e-03
5.723342e-03
5.123745e-03
4.247228e-03
3.961136e-03
3.301931e-03
2.859966e-03
2.675501e-03
2.248012e-03
1.797181e-03
1.571055e-03
1.469126e-03
1.388550e-03
1.183306e-03
1.019255e-03
7.715416e-04
4.674595e-04
3.513528e-04
2.932340e-05
-1.208971e-05
-1.691759e-04
-3.004144e-04
-4.922990e-04
-7.716363e-04
-9.349399e-04
-1.126376e-03
-1.307529e-03
-1.646104e-03
-1.813891e-03
-2.089545e-03
-2.303324e-03
-2.481295e-03
-3.839827e-03
-4.116387e-03
-4.674527e-03
-5.620003e-03
-6.233070e-03
-7.243710e-03
-8.802382e-03
-9.701938e-03
-1.197220e-02
-1.498596e-02
-1.822842e-02
-1.819155e+02
