1.256938e+05
3.893005e+03
1.435900e+03
2.094838e+02
8.144211e+01
9.103425e+00
3.800507e+00
8.366549e-01
2.000331e-01
5.165368e-02
8.267446e-03
4.846011e-03
4.150866e-03
3.701827e-03
3.461765e-03
3.400072e-03
3.200529e-03
3.090592e-03
2.990760e-03
2.679140e-03
2.663013e-03
2.483671e-03
2.346154e-03
2.260217e-03
2.163230e-03
2.000275e-03
1.927131e-03
1.793946e-03
1.787322e-03
1.624843e-03
1.549118e-03
1.473636e-03
1.408472e-03
1.317720e-03
1.252521e-03
1.144420e-03
1.072772e-03
1.040239e-03
9.230660e-04
8.103475e-04
6.982491e-04
5.541336e-04
4.679902e-04
3.869922e-04
3.097334e-04
1.680238e-04
1.295062e-04
9.388634e-05
-1.727204e-05
-1.296613e-04
-2.284095e-04
-2.788237e-04
-4.443800e-04
-4.960642e-04
-5.854962e-04
-6.174056e-04
-6.446901e-04
-8.400741e-04
-9.888022e-04
-1.193540e-03
-1.275805e-03
-1.287485e-03
-1.442376e-03
-1.801169e-03
