6.266984e+05
3.201519e+05
1.841859e+05
1.679007e+05
1.318815e+05
1.193883e+05
1.010610e+05
9.660766e+04
8.843383e+04
8.134979e+04
7.265544e+04
6.140025e+04
5.982550e+04
5.831363e+04
4.552418e+04
3.914849e+04
3.267594e+04
2.712772e+04
2.103865e+04
1.489034e+04
1.344783e+04
1.148304e+04
1.079487e+04
7.999730e+03
7.506363e+03
6.866958e+03
5.322479e+03
4.946085e+03
4.613028e+03
3.847425e+03
3.458754e+03
3.373729e+03
2.437936e+03
2.018841e+03
1.908966e+03
1.527403e+03
1.107092e+03
1.055721e+03
9.620130e+02
7.254200e+02
7.038152e+02
5.086533e+02
4.896174e+02
4.013650e+02
3.533378e+02
3.255254e+02
2.895999e+02
2.369342e+02
1.647728e+02
1.487591e+02
1.251893e+02
1.126698e+02
9.965643e+01
8.917572e+01
5.409276e+01
4.702956e+01
3.151333e+01
2.890861e+01
2.799402e+01
2.582696e+01
2.178824e+01
1.624477e+01
1.476288e+01
1.135953e+01
1.020579e+01
9.520700e+00
7.954842e+00
7.181680e+00
5.255725e+00
4.909926e+00
3.550888e+00
3.322451e+00
2.207934e+00
1.774837e+00
1.314278e+00
1.193474e+00
1.074744e+00
1.045035e+00
8.453492e-01
7.248735e-01
4.291835e-01
3.712900e-01
2.638501e-01
2.335684e-01
2.041493e-01
2.003902e-01
1.425982e-01
1.169779e-01
6.762660e-02
6.091376e-02
5.419585e-02
4.823256e-02
4.637259e-02
4.311733e-02
4.197764e-02
4.115975e-02
4.019759e-02
3.873303e-02
3.830892e-02
3.700894e-02
3.280468e-02
3.196862e-02
3.102519e-02
2.828803e-02
2.705325e-02
2.630747e-02
2.560110e-02
2.463367e-02
2.421669e-02
2.288296e-02
2.193234e-02
2.170401e-02
2.135910e-02
2.118618e-02
1.948583e-02
1.865726e-02
1.801009e-02
1.664779e-02
1.624848e-02
1.616389e-02
1.555283e-02
1.408799e-02
1.354018e-02
1.230424e-02
1.172739e-02
1.153345e-02
1.120594e-02
8.089971e-03
