1.011471e+10
8.510704e+08
1.547897e+08
9.675857e+07
8.685294e+07
8.524159e+07
5.709136e+07
4.980318e+07
4.583721e+07
4.109436e+07
3.024486e+07
2.717769e+07
2.162549e+07
2.068734e+07
1.910449e+07
1.705259e+07
1.258361e+07
1.093544e+07
8.106256e+06
7.029161e+06
6.607456e+06
5.228478e+06
4.490670e+06
4.118234e+06
3.462722e+06
3.082094e+06
2.695266e+06
2.155659e+06
1.709112e+06
1.390567e+06
1.361001e+06
1.039751e+06
9.682517e+05
8.014698e+05
7.983395e+05
6.721641e+05
5.576721e+05
4.778451e+05
4.608952e+05
4.333726e+05
3.626294e+05
3.461885e+05
3.023779e+05
2.568356e+05
2.282387e+05
1.841073e+05
1.297750e+05
8.350590e+04
7.613684e+04
6.320131e+04
4.843914e+04
3.998473e+04
2.490861e+04
2.027370e+04
1.869939e+04
1.710694e+04
1.489324e+04
1.257659e+04
8.955549e+03
5.372643e+03
3.847639e+03
2.993047e+03
2.796521e+03
2.388488e+03
1.920507e+03
1.156897e+03
9.685261e+02
7.045313e+02
4.073072e+02
3.064637e+02
2.176944e+02
1.359164e+02
1.201340e+02
8.290406e+01
6.851319e+01
4.712181e+01
3.633056e+01
2.482870e+01
1.911828e+01
1.268961e+01
7.622797e+00
6.853104e+00
3.807471e+00
3.010732e+00
2.023589e+00
1.550036e+00
1.190267e+00
7.440986e-01
5.045530e-01
4.478044e-01
2.612503e-01
2.011324e-01
1.617865e-01
1.240622e-01
7.677310e-02
4.993920e-02
3.834509e-02
3.273873e-02
2.677164e-02
2.480518e-02
2.237765e-02
1.784697e-02
1.639480e-02
1.605579e-02
1.370958e-02
9.673111e-03
8.590209e-03
8.346233e-03
7.862537e-03
5.646358e-03
4.909580e-03
4.214279e-03
2.993816e-03
1.848775e-03
1.402042e-03
7.474923e-04
1.103637e-04
-1.841409e-03
-2.481204e-03
-3.311489e-03
-4.321857e-03
-6.546824e-03
-7.261243e-03
-1.104272e-02
-1.163610e-02
-1.517189e-02
-2.530332e-02
-1.021465e+00
