6.902157e+05
3.264821e+05
1.995763e+05
1.727622e+05
1.491000e+05
1.245884e+05
1.120274e+05
1.017312e+05
8.941600e+04
8.138250e+04
7.200953e+04
6.851741e+04
6.101682e+04
4.824657e+04
4.204239e+04
4.135721e+04
3.850590e+04
2.905406e+04
1.947067e+04
1.737227e+04
1.188526e+04
1.141120e+04
1.004635e+04
8.887621e+03
7.719357e+03
7.075116e+03
6.306875e+03
5.932571e+03
4.885472e+03
4.214007e+03
3.190024e+03
3.091473e+03
2.204171e+03
2.102667e+03
1.398363e+03
1.298995e+03
1.203718e+03
1.008773e+03
7.820436e+02
6.931608e+02
5.877158e+02
5.640784e+02
4.283030e+02
3.646544e+02
3.113759e+02
2.642690e+02
2.286669e+02
1.664009e+02
1.488396e+02
1.241258e+02
1.095293e+02
9.395416e+01
8.300680e+01
5.037704e+01
4.453633e+01
4.081448e+01
3.799189e+01
3.410996e+01
3.108649e+01
2.324893e+01
1.449512e+01
1.392131e+01
1.265048e+01
9.771446e+00
8.754878e+00
7.828179e+00
6.397049e+00
4.977544e+00
3.995690e+00
3.379433e+00
2.696552e+00
1.984187e+00
1.863100e+00
1.693604e+00
1.111595e+00
9.051844e-01
5.167842e-01
4.673994e-01
4.021161e-01
3.672425e-01
2.872865e-01
1.738150e-01
1.482399e-01
1.344082e-01
1.088605e-01
9.827717e-02
6.973043e-02
5.959211e-02
5.808712e-02
5.548113e-02
5.253943e-02
4.999343e-02
4.692668e-02
4.525757e-02
4.367339e-02
4.314795e-02
4.216969e-02
3.798614e-02
3.606040e-02
3.456847e-02
3.263753e-02
3.195626e-02
3.021283e-02
2.968796e-02
2.921773e-02
2.727979e-02
2.595311e-02
2.553837e-02
2.461622e-02
2.372221e-02
2.268799e-02
2.175790e-02
2.114800e-02
2.063289e-02
1.990375e-02
1.820421e-02
1.755634e-02
1.724300e-02
1.478665e-02
1.477052e-02
1.424914e-02
1.347358e-02
1.264286e-02
1.223416e-02
1.192524e-02
2.103521e-12
5.817520e-13
-5.205591e-12
