5.857553e+04
1.180910e+04
6.493184e+03
1.771285e+03
1.302603e+03
8.405321e+02
5.962892e+02
3.542442e+02
3.376860e+02
2.965340e+02
2.230406e+02
2.099335e+02
1.753954e+02
1.530783e+02
1.162794e+02
1.104963e+02
8.912331e+01
7.476472e+01
7.368035e+01
5.328421e+01
4.403623e+01
4.066626e+01
3.559896e+01
2.988775e+01
2.610705e+01
2.415383e+01
2.022098e+01
1.784057e+01
1.429142e+01
1.395832e+01
1.192170e+01
1.129185e+01
8.741425e+00
8.014503e+00
6.003816e+00
5.753200e+00
4.967166e+00
4.633749e+00
3.901918e+00
3.783417e+00
3.236494e+00
3.082863e+00
2.110530e+00
1.875839e+00
1.548682e+00
1.394634e+00
9.936659e-01
9.837220e-01
8.019722e-01
7.201953e-01
6.002514e-01
5.664572e-01
4.521654e-01
3.631770e-01
3.187412e-01
2.062799e-01
1.876078e-01
1.713299e-01
1.262998e-01
1.178175e-01
9.468725e-02
7.755435e-02
7.244600e-02
3.992272e-02
3.533012e-02
3.203540e-02
3.041656e-02
2.150199e-02
1.448058e-02
1.348707e-02
1.194741e-02
1.090532e-02
9.110964e-03
7.801825e-03
5.782394e-03
5.261443e-03
4.265770e-03
3.868164e-03
3.048151e-03
2.403894e-03
2.215416e-03
1.877040e-03
1.621017e-03
1.481583e-03
1.353866e-03
1.294618e-03
1.119884e-03
1.067777e-03
9.615663e-04
8.639471e-04
8.235105e-04
7.971970e-04
7.682150e-04
7.280927e-04
6.955293e-04
6.476716e-04
6.319565e-04
6.156539e-04
5.819006e-04
5.609965e-04
5.471638e-04
5.359081e-04
5.292566e-04
5.142221e-04
5.040827e-04
4.970324e-04
4.931756e-04
4.872467e-04
4.711661e-04
4.660037e-04
4.623364e-04
4.539705e-04
4.512094e-04
4.452847e-04
4.396890e-04
4.352640e-04
4.300255e-04
4.205900e-04
4.135968e-04
4.061731e-04
4.043920e-04
4.010965e-04
3.948857e-04
3.891934e-04
3.863100e-04
3.848835e-04
3.737027e-04
3.708094e-04
3.648259e-04
3.613899e-04
3.588537e-04
3.570106e-04
3.489756e-04
3.479244e-04
3.471046e-04
3.381900e-04
3.357894e-04
3.275650e-04
3.242458e-04
3.218674e-04
3.176529e-04
3.112755e-04
3.091564e-04
3.068294e-04
3.049014e-04
2.993463e-04
2.947770e-04
2.919156e-04
2.894970e-04
2.879804e-04
2.863126e-04
2.799377e-04
2.789728e-04
2.731189e-04
2.705797e-04
2.670536e-04
2.619100e-04
2.578584e-04
2.553462e-04
2.549452e-04
2.523952e-04
2.507000e-04
2.472922e-04
2.454031e-04
2.436194e-04
2.403230e-04
2.355595e-04
2.326704e-04
2.290133e-04
2.279437e-04
2.227385e-04
2.200716e-04
2.164201e-04
2.139776e-04
2.121034e-04
2.094659e-04
2.072831e-04
2.046906e-04
2.017869e-04
2.002904e-04
1.971455e-04
1.934341e-04
1.908222e-04
1.890296e-04
1.862869e-04
1.813597e-04
1.804783e-04
1.762963e-04
1.729014e-04
1.678783e-04
1.661253e-04
1.628900e-04
1.605721e-04
1.589890e-04
1.543117e-04
1.523521e-04
1.510543e-04
1.469569e-04
1.460497e-04
1.450416e-04
1.417882e-04
1.395239e-04
1.359270e-04
1.336499e-04
1.313944e-04
1.285304e-04
1.246109e-04
1.238532e-04
1.200137e-04
1.161337e-04
1.150145e-04
1.129433e-04
1.126017e-04
1.120165e-04
1.062808e-04
1.038101e-04
1.019422e-04
9.989253e-05
9.782704e-05
9.512706e-05
9.227713e-05
9.143620e-05
8.622547e-05
8.373543e-05
8.241630e-05
8.047621e-05
7.516750e-05
7.483914e-05
7.298915e-05
6.869397e-05
6.577928e-05
6.463692e-05
6.279173e-05
6.071382e-05
5.885024e-05
5.174237e-05
5.046016e-05
4.932649e-05
4.812223e-05
4.471008e-05
4.369815e-05
3.985195e-05
3.864847e-05
3.781712e-05
3.595830e-05
3.299517e-05
2.838893e-05
2.670306e-05
2.485986e-05
2.264031e-05
2.200242e-05
1.695412e-05
1.466169e-05
1.270165e-05
9.752779e-06
4.874672e-06
4.321665e-06
1.700632e-06
6.324527e-07
4.245142e-14
-1.881134e-15
-3.207285e-14
-5.118563e-14
-3.067162e-06
-7.565528e-06
-9.823557e-06
-1.380876e-05
-1.730227e-05
-1.858780e-05
-2.128217e-05
-2.271905e-05
-2.369282e-05
-2.417649e-05
-2.924142e-05
-3.012626e-05
-3.369205e-05
-3.527226e-05
-3.643618e-05
-3.913675e-05
-3.969423e-05
-4.192616e-05
-4.636238e-05
-4.749220e-05
-4.898832e-05
-5.461050e-05
-5.786296e-05
-5.923057e-05
-6.188417e-05
-6.360505e-05
-6.635453e-05
-6.877870e-05
-7.170270e-05
-7.377812e-05
-7.735113e-05
-8.031903e-05
-8.146621e-05
-8.219179e-05
-8.803826e-05
-8.862468e-05
-9.320986e-05
-9.497892e-05
-9.574025e-05
-9.987181e-05
-1.023884e-04
-1.065481e-04
-1.077530e-04
-1.079601e-04
-1.140680e-04
-1.179729e-04
-1.186399e-04
-1.213392e-04
-1.237090e-04
-1.258815e-04
-1.283695e-04
-1.362775e-04
-1.387436e-04
-1.399094e-04
-1.416345e-04
-1.436320e-04
-1.448706e-04
-1.486596e-04
-1.502548e-04
-1.528820e-04
-1.571185e-04
-1.607486e-04
-1.619879e-04
-1.665238e-04
-1.699746e-04
-1.728584e-04
-1.782110e-04
-1.812841e-04
-1.853143e-04
-1.860598e-04
-1.873238e-04
-1.903919e-04
-1.945459e-04
-1.989627e-04
-2.046842e-04
-2.065043e-04
-2.078966e-04
-2.119595e-04
-2.164726e-04
-2.186668e-04
-2.225188e-04
-2.233116e-04
-2.280195e-04
-2.305497e-04
-2.349672e-04
-2.410905e-04
-2.462415e-04
-2.486541e-04
-2.538953e-04
-2.565850e-04
-2.623903e-04
-2.669771e-04
-2.731399e-04
-2.746014e-04
-2.783733e-04
-2.808346e-04
-2.925799e-04
-2.935429e-04
-3.011387e-04
-3.065258e-04
-3.107744e-04
-3.133229e-04
-3.164963e-04
-3.216375e-04
-3.283998e-04
-3.387829e-04
-3.423728e-04
-3.463904e-04
-3.519811e-04
-3.610557e-04
-3.732970e-04
-3.824363e-04
-3.995551e-04
-4.116432e-04
-4.267038e-04
-4.713449e-04
-5.891988e-04
-6.898075e-04
-7.185795e-04
-7.445411e-04
-9.962274e-04
