1.279198e+05
6.007305e+03
2.973800e+03
2.553278e+03
1.889282e+03
1.687351e+03
1.455324e+03
9.849471e+02
9.073506e+02
7.100748e+02
6.340203e+02
4.604138e+02
3.151446e+02
2.651225e+02
2.445581e+02
2.073544e+02
1.780664e+02
1.719962e+02
1.447269e+02
1.292149e+02
1.203996e+02
1.097648e+02
9.611646e+01
8.688451e+01
7.453971e+01
7.314422e+01
6.995784e+01
6.384721e+01
5.753465e+01
5.406910e+01
5.045806e+01
4.413651e+01
4.187308e+01
3.998674e+01
3.848502e+01
3.453120e+01
3.229600e+01
2.919315e+01
2.783249e+01
2.723018e+01
2.428662e+01
2.336852e+01
2.206435e+01
1.932154e+01
1.888573e+01
1.621842e+01
1.542063e+01
1.454940e+01
1.372685e+01
1.258061e+01
1.187277e+01
1.023179e+01
1.007344e+01
9.692559e+00
8.836531e+00
7.987100e+00
7.768034e+00
7.076683e+00
6.299329e+00
5.991538e+00
5.611085e+00
5.006653e+00
4.442201e+00
4.210320e+00
3.978306e+00
3.663707e+00
3.507552e+00
3.279691e+00
3.203974e+00
2.997718e+00
2.740306e+00
2.476438e+00
2.388674e+00
2.258085e+00
2.131557e+00
1.897535e+00
1.748542e+00
1.657418e+00
1.500820e+00
1.367775e+00
1.344484e+00
1.294482e+00
1.148999e+00
1.104193e+00
1.027923e+00
9.628233e-01
8.911514e-01
8.311105e-01
8.117378e-01
7.801682e-01
7.200336e-01
6.721594e-01
6.585155e-01
6.040937e-01
5.775478e-01
5.686421e-01
5.409678e-01
4.526391e-01
4.266264e-01
4.235276e-01
4.124978e-01
3.525383e-01
3.386923e-01
3.066974e-01
2.958989e-01
2.578931e-01
2.530156e-01
2.467729e-01
2.410760e-01
2.259534e-01
2.136973e-01
1.933706e-01
1.795646e-01
1.724172e-01
1.675707e-01
1.498427e-01
1.375405e-01
1.240253e-01
1.113861e-01
1.094188e-01
9.520379e-02
9.252616e-02
8.634979e-02
8.403087e-02
7.826369e-02
7.195245e-02
6.644559e-02
5.776909e-02
5.674383e-02
5.351386e-02
5.181139e-02
4.715911e-02
4.572380e-02
3.910619e-02
3.667243e-02
3.389302e-02
3.093920e-02
2.935825e-02
2.771118e-02
2.584042e-02
2.390065e-02
2.158437e-02
1.813887e-02
1.676471e-02
1.635499e-02
1.474719e-02
1.408910e-02
1.349019e-02
1.200888e-02
1.164633e-02
1.112799e-02
1.026849e-02
9.401579e-03
8.563146e-03
8.246101e-03
7.545556e-03
7.186116e-03
6.263392e-03
5.762967e-03
5.350423e-03
5.142701e-03
4.917283e-03
4.770479e-03
4.233032e-03
3.985139e-03
3.976773e-03
3.644869e-03
3.417531e-03
3.000821e-03
2.903830e-03
2.627780e-03
2.609538e-03
2.573959e-03
2.379437e-03
2.315747e-03
2.245799e-03
2.202351e-03
1.988939e-03
1.853635e-03
1.771814e-03
1.698993e-03
1.632115e-03
1.546702e-03
1.540253e-03
1.510341e-03
1.470887e-03
1.407077e-03
1.380526e-03
1.339919e-03
1.334760e-03
1.317626e-03
1.295228e-03
1.273765e-03
1.234538e-03
1.212408e-03
1.204745e-03
1.191024e-03
1.184210e-03
1.151972e-03
1.130805e-03
1.117629e-03
1.110273e-03
1.101542e-03
1.091257e-03
1.060830e-03
1.057970e-03
1.045602e-03
1.029752e-03
1.019990e-03
9.946044e-04
9.754110e-04
9.729208e-04
9.650432e-04
9.481311e-04
9.300695e-04
9.254201e-04
9.091994e-04
8.988924e-04
8.879291e-04
8.732953e-04
8.608745e-04
8.474221e-04
8.438118e-04
8.232611e-04
8.162042e-04
8.044954e-04
7.969535e-04
7.877241e-04
7.653309e-04
7.496702e-04
7.392948e-04
7.350183e-04
7.279769e-04
7.198174e-04
7.077872e-04
6.988515e-04
6.780017e-04
6.724704e-04
6.623865e-04
6.448121e-04
6.334390e-04
6.314659e-04
6.194513e-04
6.136120e-04
6.047522e-04
5.948993e-04
5.833876e-04
5.795340e-04
5.690093e-04
5.587530e-04
5.499333e-04
5.368469e-04
5.221103e-04
5.147207e-04
5.008875e-04
4.856362e-04
4.743429e-04
4.657534e-04
4.607431e-04
4.526902e-04
4.347842e-04
4.338783e-04
4.283199e-04
4.122152e-04
4.020642e-04
3.945992e-04
3.840202e-04
3.776113e-04
3.688724e-04
3.573709e-04
3.494996e-04
3.392299e-04
3.256888e-04
3.189873e-04
3.144309e-04
3.004532e-04
2.919202e-04
2.824857e-04
2.795155e-04
2.675395e-04
2.581329e-04
2.467358e-04
2.335516e-04
2.282983e-04
2.116402e-04
1.993159e-04
1.973004e-04
1.871372e-04
1.772158e-04
1.714548e-04
1.494827e-04
1.437782e-04
1.403000e-04
1.326953e-04
1.199101e-04
1.096244e-04
9.543054e-05
8.770097e-05
6.955133e-05
5.998372e-05
5.660003e-05
4.705385e-05
4.504947e-05
2.444510e-05
2.222835e-05
1.352131e-05
5.853371e-06
-3.011740e-06
-1.023962e-05
-3.091471e-05
-3.634286e-05
-3.735631e-05
-4.844634e-05
-5.793308e-05
-6.329948e-05
-7.107748e-05
-8.325575e-05
-9.440037e-05
-1.061015e-04
-1.158720e-04
-1.252693e-04
-1.288872e-04
-1.389786e-04
-1.510594e-04
-1.621994e-04
-1.666562e-04
-1.754689e-04
-1.979288e-04
-2.026062e-04
-2.089888e-04
-2.243393e-04
-2.313961e-04
-2.394683e-04
-2.551512e-04
-2.672761e-04
-2.749046e-04
-2.873939e-04
-2.940565e-04
-3.007176e-04
-3.080845e-04
-3.132231e-04
-3.168613e-04
-3.284186e-04
-3.406565e-04
-3.490282e-04
-3.584213e-04
-3.739927e-04
-3.797280e-04
-3.863625e-04
-4.153736e-04
-4.244420e-04
-4.336988e-04
-4.392608e-04
-4.442945e-04
-4.822435e-04
-4.892852e-04
-5.028155e-04
-5.085603e-04
-5.176581e-04
-5.268749e-04
-5.348637e-04
-5.409903e-04
-5.646371e-04
-5.829469e-04
-6.057030e-04
-6.149198e-04
-6.206778e-04
-6.243197e-04
-6.459975e-04
-6.702797e-04
-6.750943e-04
-6.852898e-04
-7.099105e-04
-7.265783e-04
-7.450062e-04
-7.506845e-04
-7.676053e-04
-7.745076e-04
-8.210803e-04
-8.272849e-04
-8.489865e-04
-8.571923e-04
-8.971471e-04
-9.270720e-04
