4.824443e+12
4.336280e+12
3.034078e+12
2.692899e+12
2.530618e+12
2.405584e+12
2.175421e+12
2.094647e+12
1.838041e+12
1.765214e+12
1.562108e+12
1.512972e+12
1.431256e+12
1.426046e+12
1.323155e+12
1.287905e+12
1.204915e+12
1.175479e+12
1.147461e+12
1.084807e+12
1.064203e+12
1.013183e+12
9.705142e+11
9.429863e+11
9.170504e+11
9.133689e+11
8.513717e+11
8.283433e+11
8.149785e+11
7.906625e+11
7.575219e+11
7.181199e+11
6.921850e+11
6.663092e+11
6.576918e+11
6.390771e+11
6.117073e+11
5.927099e+11
5.790636e+11
5.754709e+11
5.517798e+11
5.449581e+11
5.231958e+11
5.107541e+11
5.070394e+11
4.893124e+11
4.773006e+11
4.687505e+11
4.550698e+11
4.505880e+11
4.432709e+11
4.205616e+11
4.185514e+11
4.122617e+11
4.032712e+11
3.965488e+11
3.851667e+11
3.656836e+11
3.650321e+11
3.559749e+11
3.425304e+11
3.408830e+11
3.333558e+11
3.295403e+11
3.184485e+11
3.092304e+11
3.077567e+11
2.999121e+11
2.977876e+11
2.917950e+11
2.862875e+11
2.842333e+11
2.812785e+11
2.716672e+11
2.668107e+11
2.640786e+11
2.619345e+11
2.613157e+11
2.544975e+11
2.476295e+11
2.439893e+11
2.394890e+11
2.347839e+11
2.296284e+11
2.288048e+11
2.265879e+11
2.189463e+11
2.152858e+11
2.148285e+11
2.090600e+11
2.038738e+11
2.011568e+11
1.977733e+11
1.959202e+11
1.917432e+11
1.897482e+11
1.866657e+11
1.819730e+11
1.800975e+11
1.785273e+11
1.752295e+11
1.734346e+11
1.708296e+11
1.672166e+11
1.648017e+11
1.626464e+11
1.590246e+11
1.570951e+11
1.543687e+11
1.517734e+11
1.477101e+11
1.443795e+11
1.426248e+11
1.403923e+11
1.398513e+11
1.357628e+11
1.349198e+11
1.305271e+11
1.296743e+11
1.281217e+11
1.234057e+11
1.228697e+11
1.211863e+11
1.158610e+11
1.105385e+11
6.401937e+10
5.289719e+10
4.460992e+10
