1.240816e+08
2.085271e+07
1.610327e+06
1.386902e+06
7.494252e+05
3.519821e+05
2.804347e+05
1.007846e+05
2.317094e+04
1.585111e+04
8.154587e+03
1.229302e+03
4.426602e+02
2.774798e+02
8.622569e+01
5.448070e+01
5.302608e+01
4.369210e+01
3.822050e+01
3.000353e+01
2.860856e+01
2.285712e+01
2.208441e+01
1.684385e+01
1.443510e+01
1.370025e+01
1.272260e+01
1.200337e+01
1.117116e+01
1.052082e+01
1.021600e+01
9.742702e+00
8.600470e+00
8.518108e+00
8.012041e+00
7.464809e+00
7.376745e+00
6.841304e+00
6.586983e+00
6.455909e+00
6.027278e+00
5.373423e+00
5.229167e+00
5.000510e+00
4.804727e+00
4.773527e+00
4.327108e+00
4.312340e+00
3.711192e+00
3.455920e+00
3.259073e+00
2.981246e+00
2.656489e+00
2.484925e+00
2.468124e+00
2.280621e+00
1.989593e+00
1.870952e+00
1.640829e+00
1.373120e+00
1.258177e+00
1.159076e+00
1.082399e+00
8.845068e-01
7.471092e-01
7.241731e-01
4.863573e-01
4.330240e-01
3.516768e-01
2.774772e-01
2.199765e-01
1.756496e-01
1.459382e-01
1.165388e-01
8.740217e-02
7.004225e-02
5.009057e-02
3.976752e-02
5.641352e-11
-5.983167e-11
-2.446759e-10
-5.332843e-10
-4.248202e-02
-9.111135e-02
-1.151854e-01
-2.050716e-01
-2.458187e-01
-3.709696e-01
-4.122571e-01
-4.725991e-01
-6.921291e-01
-8.742307e-01
-9.825213e-01
-1.159093e+00
-1.203433e+00
-1.457280e+00
-1.657852e+00
-1.825756e+00
-2.012893e+00
-2.185107e+00
-2.369454e+00
-2.641935e+00
-2.947148e+00
-3.191766e+00
-3.427940e+00
-3.747549e+00
-4.402715e+00
-4.743000e+00
-5.212335e+00
-5.605848e+00
-5.993468e+00
-6.254539e+00
-6.641556e+00
-7.439089e+00
-8.239415e+00
-9.932716e+00
-1.059679e+01
-1.079578e+01
-1.326882e+01
-1.590166e+01
-1.763127e+01
-2.036112e+01
-2.211226e+01
-2.800631e+01
-3.697707e+01
-4.193154e+01
-4.821663e+01
-7.711460e+01
