5.190339e+05
2.389567e+05
1.654788e+05
1.546709e+05
1.339931e+05
1.078950e+05
9.536862e+04
9.069659e+04
7.854336e+04
7.044348e+04
5.923923e+04
5.400408e+04
5.027031e+04
4.793380e+04
3.834857e+04
2.859887e+04
2.739888e+04
2.356346e+04
1.931026e+04
1.566058e+04
1.130039e+04
1.098069e+04
9.163073e+03
7.569099e+03
7.367614e+03
6.293421e+03
5.475441e+03
4.903817e+03
3.631592e+03
3.466354e+03
3.170263e+03
3.002025e+03
2.427187e+03
2.287125e+03
1.994797e+03
1.368172e+03
1.237832e+03
9.375317e+02
8.616786e+02
7.357293e+02
5.877381e+02
5.522748e+02
4.705442e+02
3.894314e+02
3.713250e+02
3.295239e+02
2.925135e+02
1.968288e+02
1.903568e+02
1.558677e+02
1.161035e+02
1.041122e+02
9.671675e+01
6.802462e+01
5.950245e+01
4.945346e+01
3.955130e+01
3.487720e+01
3.057304e+01
2.768493e+01
2.531106e+01
2.326315e+01
2.068621e+01
1.724146e+01
1.115530e+01
1.024440e+01
8.984379e+00
7.363040e+00
7.231672e+00
4.847229e+00
3.574833e+00
3.278055e+00
2.796633e+00
2.288652e+00
2.117435e+00
1.524767e+00
1.344870e+00
1.136566e+00
8.170707e-01
7.197043e-01
6.649825e-01
5.294704e-01
3.925480e-01
2.982925e-01
2.526370e-01
2.256626e-01
2.027140e-01
1.006062e-01
8.160912e-02
5.074627e-02
4.932595e-02
4.420584e-02
4.302585e-02
4.126081e-02
4.016476e-02
3.714149e-02
3.618236e-02
3.480586e-02
3.253968e-02
3.111448e-02
3.055066e-02
2.792749e-02
2.602174e-02
2.554618e-02
2.468795e-02
2.429428e-02
2.271186e-02
2.199933e-02
2.099673e-02
2.080599e-02
2.038972e-02
1.965284e-02
1.868534e-02
1.837347e-02
1.811718e-02
1.751336e-02
1.688129e-02
1.590022e-02
1.515904e-02
1.471260e-02
1.287128e-02
1.266445e-02
1.219978e-02
1.181108e-02
1.104658e-02
1.093037e-02
1.012935e-02
7.408687e-03
