1.019528e+10
1.012253e+09
1.850331e+08
1.189297e+08
1.081930e+08
7.879602e+07
6.440267e+07
5.577935e+07
4.997378e+07
4.323248e+07
3.911954e+07
3.206155e+07
2.605361e+07
2.341874e+07
2.142246e+07
1.469639e+07
1.189954e+07
9.737510e+06
7.346880e+06
6.937920e+06
6.541411e+06
6.219955e+06
5.525434e+06
4.511502e+06
3.967214e+06
3.594707e+06
3.081020e+06
2.905062e+06
2.485392e+06
2.440928e+06
2.141374e+06
1.913136e+06
1.802632e+06
1.741291e+06
1.588188e+06
1.518802e+06
1.248982e+06
9.639412e+05
9.303090e+05
8.320476e+05
7.325499e+05
6.875897e+05
6.508410e+05
5.606946e+05
4.956792e+05
4.676753e+05
4.587441e+05
4.009666e+05
3.753338e+05
3.523412e+05
3.021612e+05
2.918255e+05
2.880081e+05
2.121505e+05
1.629305e+05
1.563233e+05
1.344806e+05
1.260717e+05
1.072020e+05
1.055674e+05
9.944583e+04
8.455243e+04
7.884149e+04
6.999866e+04
5.801848e+04
5.603806e+04
5.012207e+04
4.590635e+04
3.884902e+04
3.583002e+04
2.850432e+04
2.476389e+04
2.401141e+04
2.050021e+04
1.931956e+04
1.423045e+04
1.098928e+04
1.013671e+04
8.425255e+03
6.216833e+03
5.462644e+03
4.462481e+03
3.457204e+03
3.006045e+03
1.935560e+03
1.494134e+03
8.255792e+02
6.177661e+02
4.553793e+02
4.022289e+02
3.805904e+02
2.381994e+02
2.290974e+02
1.854101e+02
1.163780e+02
9.287022e+01
5.880482e+01
4.145662e+01
2.895399e+01
2.111289e+01
1.565199e+01
1.183071e+01
7.647479e+00
7.003170e+00
4.560955e+00
2.866705e+00
1.879952e+00
1.506114e+00
1.228253e+00
1.005639e+00
4.347483e-01
2.822655e-01
1.629883e-01
1.319913e-01
1.029736e-01
8.944958e-02
7.854532e-02
4.611258e-02
4.012955e-02
2.343146e-02
1.724997e-02
1.114599e-02
3.214999e-03
-1.162332e-02
-2.921017e-02
-4.209986e-02
-6.872502e-02
-9.045712e-02
