3.317362e+05
2.093124e+04
1.712533e+03
1.498855e+01
2.666371e-01
1.083419e-01
5.339944e-02
4.203835e-02
2.605285e-02
2.200285e-02
2.086727e-02
2.039598e-02
1.910639e-02
1.870141e-02
1.768546e-02
1.696871e-02
1.652031e-02
1.618098e-02
1.553901e-02
1.527162e-02
1.506118e-02
1.462590e-02
1.439860e-02
1.337604e-02
1.318360e-02
1.284282e-02
1.246974e-02
1.222120e-02
1.197561e-02
1.192823e-02
1.146358e-02
1.119638e-02
1.101621e-02
1.059512e-02
1.048261e-02
1.010735e-02
9.982415e-03
9.340330e-03
9.102589e-03
8.911541e-03
8.670309e-03
8.580039e-03
8.192905e-03
7.997705e-03
7.673481e-03
7.561385e-03
7.134018e-03
6.989827e-03
6.789856e-03
6.713062e-03
6.528368e-03
6.388551e-03
6.156144e-03
5.760109e-03
5.632393e-03
5.570600e-03
5.433740e-03
5.312354e-03
4.964577e-03
4.876545e-03
4.708266e-03
4.557831e-03
4.284993e-03
4.266012e-03
4.103532e-03
4.018232e-03
3.852871e-03
3.689807e-03
3.565105e-03
3.256173e-03
3.226460e-03
3.150019e-03
3.055454e-03
2.806695e-03
2.572009e-03
2.545333e-03
2.364174e-03
2.191172e-03
2.069714e-03
1.854180e-03
1.806795e-03
1.683269e-03
1.651729e-03
1.612027e-03
1.396121e-03
1.163146e-03
1.061641e-03
9.500023e-04
7.712055e-04
7.561896e-04
6.432323e-04
4.382189e-04
1.644732e-04
6.434775e-05
4.653660e-06
1.694332e-13
-3.003756e-12
-2.105535e-04
-3.292882e-04
-5.663843e-04
-7.958738e-04
-9.316657e-04
-1.168272e-03
-1.426803e-03
-1.601494e-03
-1.739582e-03
-1.850656e-03
-2.019595e-03
-2.424450e-03
-2.630737e-03
-3.092584e-03
-3.389139e-03
-3.611836e-03
-3.960279e-03
-4.598868e-03
-5.053979e-03
-5.199913e-03
-5.882656e-03
-6.361983e-03
-7.134836e-03
-7.428991e-03
-8.293868e-03
-1.058397e-02
-1.751958e-02
-2.486345e-02
-4.239725e-02
-6.357729e-02
-2.037446e-01
