5.871034e+04
1.237429e+04
6.168185e+03
1.623278e+03
1.516501e+03
9.355375e+02
7.263934e+02
3.933010e+02
3.607610e+02
3.145567e+02
2.709971e+02
2.481172e+02
2.117593e+02
1.749184e+02
1.481503e+02
1.349249e+02
1.236038e+02
9.581032e+01
7.568944e+01
6.654825e+01
5.792598e+01
5.017338e+01
4.833758e+01
4.359381e+01
3.913956e+01
2.845675e+01
2.406906e+01
1.862760e+01
1.626978e+01
1.464410e+01
1.396548e+01
1.212763e+01
1.036754e+01
9.034961e+00
8.727697e+00
7.112372e+00
6.338658e+00
5.871627e+00
5.221233e+00
4.453391e+00
4.024739e+00
3.666153e+00
3.305899e+00
2.741856e+00
2.476890e+00
1.968289e+00
1.460674e+00
1.404836e+00
1.178030e+00
8.999015e-01
8.050582e-01
7.652500e-01
5.888610e-01
5.197286e-01
3.854455e-01
3.823787e-01
3.248584e-01
2.358510e-01
1.753696e-01
1.267985e-01
1.010340e-01
7.803920e-02
6.073266e-02
5.618573e-02
4.645028e-02
3.473829e-02
3.093177e-02
3.043315e-02
2.540552e-02
2.197589e-02
1.967110e-02
1.438391e-02
1.414951e-02
1.097632e-02
1.015205e-02
8.831009e-03
7.726555e-03
5.711618e-03
5.370599e-03
3.899538e-03
3.810646e-03
2.990778e-03
2.225631e-03
1.557576e-03
1.542896e-03
1.449277e-03
1.437949e-03
1.333915e-03
1.175029e-03
1.118760e-03
1.032873e-03
9.701605e-04
9.553265e-04
8.666617e-04
8.249744e-04
8.010882e-04
7.213222e-04
7.035434e-04
6.778846e-04
6.566084e-04
6.511732e-04
6.299600e-04
6.133221e-04
6.020814e-04
5.682036e-04
5.596678e-04
5.417019e-04
5.386649e-04
5.170521e-04
5.090432e-04
5.047579e-04
4.852982e-04
4.773699e-04
4.748946e-04
4.697131e-04
4.522290e-04
4.477828e-04
4.422856e-04
4.319265e-04
4.269927e-04
4.241602e-04
4.113676e-04
4.088154e-04
4.038796e-04
4.006442e-04
3.898268e-04
3.857423e-04
3.819548e-04
3.768433e-04
3.724117e-04
3.711540e-04
3.667420e-04
3.580075e-04
3.517380e-04
3.455215e-04
3.429742e-04
3.365873e-04
3.341836e-04
3.310793e-04
3.283111e-04
3.236358e-04
3.195483e-04
3.142942e-04
3.094466e-04
3.081305e-04
3.047457e-04
2.989895e-04
2.968201e-04
2.959357e-04
2.917565e-04
2.899201e-04
2.861025e-04
2.825949e-04
2.786106e-04
2.747412e-04
2.728505e-04
2.706142e-04
2.659990e-04
2.610088e-04
2.600391e-04
2.579508e-04
2.519991e-04
2.509159e-04
2.458197e-04
2.439147e-04
2.421403e-04
2.377192e-04
2.359401e-04
2.330913e-04
2.282640e-04
2.267704e-04
2.229952e-04
2.206429e-04
2.183669e-04
2.170864e-04
2.120129e-04
2.082189e-04
2.026680e-04
2.014735e-04
2.000083e-04
1.969288e-04
1.940560e-04
1.898074e-04
1.887508e-04
1.873831e-04
1.840586e-04
1.793000e-04
1.769621e-04
1.752060e-04
1.720632e-04
1.704369e-04
1.686938e-04
1.637146e-04
1.604313e-04
1.589633e-04
1.575160e-04
1.553684e-04
1.525689e-04
1.491137e-04
1.465676e-04
1.452398e-04
1.441294e-04
1.410738e-04
1.377282e-04
1.335899e-04
1.316376e-04
1.289166e-04
1.265320e-04
1.232077e-04
1.222132e-04
1.206597e-04
1.174363e-04
1.148152e-04
1.122124e-04
1.103552e-04
1.059724e-04
1.052034e-04
1.039540e-04
1.006782e-04
9.791041e-05
9.562178e-05
9.482676e-05
9.053593e-05
8.905330e-05
8.704796e-05
8.358889e-05
8.233757e-05
7.841217e-05
7.576182e-05
7.135426e-05
7.000405e-05
6.897775e-05
6.607299e-05
6.322480e-05
5.917388e-05
5.795177e-05
5.582171e-05
5.449968e-05
5.146764e-05
4.860940e-05
4.545965e-05
4.461844e-05
4.045091e-05
4.029227e-05
3.653520e-05
3.453876e-05
3.172016e-05
2.861973e-05
2.682282e-05
2.568108e-05
2.286366e-05
1.965636e-05
1.844050e-05
1.712082e-05
1.399682e-05
1.244202e-05
7.944653e-06
4.074244e-06
2.777026e-06
7.944097e-07
5.501018e-14
2.710140e-14
-2.927398e-14
-1.702253e-06
-2.459222e-06
-5.788514e-06
-7.359870e-06
-1.022267e-05
-1.306694e-05
-1.431028e-05
-1.670859e-05
-1.883764e-05
-1.987421e-05
-2.231081e-05
-2.327606e-05
-3.112275e-05
-3.177551e-05
-3.427480e-05
-3.522749e-05
-3.938888e-05
-4.138046e-05
-4.250839e-05
-4.728580e-05
-4.850623e-05
-5.033641e-05
-5.221976e-05
-5.619855e-05
-5.902537e-05
-6.021730e-05
-6.263525e-05
-6.567275e-05
-7.008121e-05
-7.321701e-05
-7.426330e-05
-7.704332e-05
-8.035282e-05
-8.290830e-05
-8.589878e-05
-8.726021e-05
-8.927671e-05
-9.225095e-05
-9.561339e-05
-9.685820e-05
-1.008596e-04
-1.021897e-04
-1.040602e-04
-1.069334e-04
-1.088124e-04
-1.151424e-04
-1.156923e-04
-1.215372e-04
-1.239288e-04
-1.255310e-04
-1.264443e-04
-1.307333e-04
-1.322176e-04
-1.342223e-04
-1.369914e-04
-1.388472e-04
-1.422033e-04
-1.477586e-04
-1.532883e-04
-1.554577e-04
-1.574163e-04
-1.617207e-04
-1.640001e-04
-1.671414e-04
-1.698372e-04
-1.746583e-04
-1.749725e-04
-1.774923e-04
-1.816491e-04
-1.851870e-04
-1.863915e-04
-1.912342e-04
-1.932573e-04
-1.951829e-04
-1.965268e-04
-1.990666e-04
-2.040407e-04
-2.090225e-04
-2.122971e-04
-2.158214e-04
-2.192190e-04
-2.220029e-04
-2.242077e-04
-2.287224e-04
-2.337144e-04
-2.386088e-04
-2.422505e-04
-2.466203e-04
-2.506046e-04
-2.525067e-04
-2.565539e-04
-2.578610e-04
-2.657200e-04
-2.705678e-04
-2.747782e-04
-2.775581e-04
-2.838636e-04
-2.869170e-04
-2.914793e-04
-3.018129e-04
-3.040035e-04
-3.144415e-04
-3.199084e-04
-3.276109e-04
-3.364168e-04
-3.389941e-04
-3.433202e-04
-3.476981e-04
-3.516565e-04
-3.625177e-04
-3.654394e-04
-3.837945e-04
-4.061659e-04
-4.299903e-04
-4.668265e-04
-5.285055e-04
-6.136497e-04
-6.780500e-04
-7.867049e-04
-9.782540e-04
-1.709640e-03
