5.521866e+05
2.937414e+05
2.026279e+05
1.295006e+05
1.269802e+05
1.023689e+05
9.737322e+04
9.393695e+04
7.900273e+04
7.573345e+04
6.577205e+04
5.840244e+04
5.219992e+04
5.062127e+04
4.219529e+04
3.417863e+04
2.756618e+04
2.334704e+04
1.878086e+04
1.333456e+04
1.191504e+04
1.005014e+04
8.350803e+03
8.163795e+03
6.600642e+03
5.765416e+03
5.689312e+03
4.565881e+03
4.092014e+03
3.520942e+03
3.130930e+03
2.445554e+03
2.183134e+03
1.960544e+03
1.368941e+03
1.124368e+03
1.073770e+03
9.662205e+02
8.365765e+02
5.389827e+02
5.270070e+02
4.259648e+02
3.484272e+02
3.049810e+02
2.706031e+02
2.397449e+02
1.943015e+02
1.615974e+02
1.433047e+02
1.267793e+02
1.189569e+02
1.031156e+02
9.744533e+01
7.008910e+01
5.633795e+01
4.347504e+01
4.186589e+01
3.371165e+01
2.693937e+01
2.451300e+01
1.716465e+01
1.323305e+01
1.298701e+01
1.041893e+01
8.814423e+00
8.277840e+00
7.680109e+00
4.408428e+00
3.654302e+00
3.124475e+00
2.474497e+00
2.308931e+00
2.015004e+00
1.787216e+00
1.490625e+00
1.041109e+00
1.012220e+00
9.204220e-01
7.452905e-01
5.189750e-01
3.606522e-01
3.088607e-01
2.221726e-01
1.964097e-01
1.832531e-01
1.727964e-01
1.452038e-01
1.240852e-01
1.005662e-01
8.448829e-02
7.560855e-02
5.418392e-02
4.806708e-02
4.456814e-02
4.054066e-02
3.736683e-02
3.387457e-02
3.331273e-02
3.191177e-02
3.137492e-02
2.986137e-02
2.690995e-02
2.596363e-02
2.363848e-02
2.187362e-02
2.102390e-02
2.028867e-02
1.989325e-02
1.834489e-02
1.763323e-02
1.721626e-02
1.673077e-02
1.593215e-02
1.533062e-02
1.507091e-02
1.403203e-02
1.389913e-02
1.304830e-02
1.227551e-02
1.184039e-02
1.147185e-02
1.057747e-02
1.051860e-02
9.748320e-03
9.338731e-03
7.120811e-03
5.454458e-03
7.224347e-12
