7.504821e+09
6.734644e+08
1.522297e+08
8.250430e+07
5.797391e+07
5.166728e+07
4.742848e+07
3.731828e+07
3.381014e+07
2.501372e+07
2.123531e+07
1.799083e+07
1.588914e+07
1.032742e+07
8.667452e+06
7.315852e+06
6.542814e+06
5.736860e+06
4.809545e+06
3.360676e+06
2.455608e+06
2.284069e+06
2.218825e+06
1.678970e+06
1.265548e+06
1.166211e+06
1.031847e+06
1.016433e+06
8.263147e+05
7.915944e+05
6.428214e+05
6.182096e+05
5.491459e+05
4.874064e+05
4.536353e+05
4.092544e+05
3.762462e+05
2.595392e+05
2.388314e+05
2.002318e+05
1.768548e+05
1.529976e+05
1.390251e+05
1.103446e+05
9.257148e+04
8.307405e+04
6.443810e+04
5.703212e+04
3.690500e+04
2.852002e+04
2.395490e+04
1.962314e+04
1.423356e+04
1.276574e+04
1.115609e+04
8.941846e+03
5.231338e+03
3.030310e+03
2.382834e+03
1.952800e+03
1.667731e+03
1.269396e+03
9.259869e+02
6.920023e+02
4.880782e+02
4.531650e+02
3.048454e+02
2.082093e+02
1.498540e+02
9.702020e+01
6.837494e+01
5.399660e+01
4.375815e+01
3.231446e+01
2.122244e+01
1.348799e+01
1.000422e+01
7.569221e+00
5.485258e+00
3.341918e+00
2.868869e+00
2.621776e+00
2.054336e+00
1.226663e+00
1.025612e+00
8.166757e-01
3.720782e-01
2.897313e-01
2.315490e-01
2.005634e-01
1.265812e-01
1.091735e-01
8.466517e-02
6.990018e-02
6.675525e-02
5.667162e-02
4.076847e-02
3.690596e-02
3.153763e-02
2.903415e-02
2.775725e-02
2.511228e-02
2.100140e-02
1.899643e-02
1.670997e-02
1.363551e-02
1.351223e-02
1.149921e-02
9.130923e-03
7.042313e-03
6.848033e-03
5.737739e-03
2.585530e-03
1.584623e-03
1.591558e-04
-1.517060e-03
-5.185613e-03
-8.252707e-03
-9.423922e-03
-1.142965e-02
-1.154372e-02
-1.590829e-02
-1.974143e-02
-2.705593e-02
-3.328365e-02
-5.454724e-02
-9.387615e-02
-5.722247e-01
