1.281299e+05
6.080508e+03
3.058811e+03
2.898957e+03
1.891089e+03
1.572094e+03
1.452440e+03
1.009059e+03
9.029598e+02
7.343080e+02
5.893093e+02
5.689313e+02
2.775155e+02
2.662349e+02
2.463131e+02
2.156139e+02
1.864969e+02
1.631248e+02
1.394817e+02
1.300163e+02
1.108392e+02
9.600570e+01
8.965072e+01
8.800807e+01
7.945688e+01
7.027988e+01
6.535876e+01
5.828650e+01
5.652029e+01
5.307783e+01
4.920884e+01
4.367607e+01
4.211031e+01
3.695519e+01
3.494251e+01
3.436310e+01
3.316822e+01
2.890229e+01
2.401830e+01
2.226048e+01
2.090747e+01
2.032173e+01
1.796657e+01
1.703324e+01
1.670201e+01
1.445969e+01
1.438318e+01
1.374052e+01
1.226619e+01
1.085391e+01
1.062197e+01
1.023866e+01
9.410185e+00
9.002801e+00
8.111989e+00
7.040934e+00
6.323600e+00
6.204087e+00
5.898308e+00
5.377172e+00
4.623780e+00
4.551538e+00
4.190450e+00
3.880047e+00
3.389184e+00
3.286220e+00
3.147205e+00
2.843971e+00
2.718607e+00
2.513807e+00
2.476607e+00
2.288094e+00
2.088875e+00
2.033569e+00
1.960500e+00
1.825307e+00
1.609590e+00
1.483942e+00
1.356326e+00
1.221851e+00
1.167018e+00
1.093484e+00
1.016802e+00
9.711417e-01
8.937969e-01
8.152711e-01
7.796749e-01
7.108238e-01
6.705947e-01
6.299521e-01
5.800787e-01
5.540121e-01
5.109301e-01
4.804827e-01
4.591384e-01
4.264255e-01
4.161348e-01
3.673066e-01
3.515230e-01
3.299960e-01
3.176791e-01
2.708264e-01
2.682893e-01
2.372127e-01
2.263907e-01
2.132938e-01
2.005423e-01
1.953896e-01
1.673560e-01
1.606315e-01
1.496300e-01
1.434823e-01
1.408535e-01
1.225270e-01
1.097704e-01
1.003271e-01
9.803250e-02
9.415386e-02
8.826562e-02
8.563784e-02
7.158897e-02
6.546276e-02
6.019548e-02
5.748500e-02
5.326451e-02
5.109310e-02
4.528189e-02
4.277762e-02
4.148500e-02
3.961195e-02
3.743726e-02
3.573985e-02
3.400340e-02
2.806081e-02
2.535664e-02
2.335272e-02
2.126046e-02
1.907287e-02
1.849434e-02
1.617507e-02
1.340985e-02
1.244786e-02
1.128005e-02
1.046412e-02
1.023302e-02
9.420250e-03
8.616489e-03
8.537756e-03
8.034566e-03
7.564628e-03
7.087304e-03
6.917727e-03
6.038859e-03
5.808717e-03
5.300615e-03
5.165745e-03
4.753075e-03
4.415721e-03
3.867815e-03
3.724596e-03
3.358626e-03
3.339950e-03
3.178468e-03
2.985726e-03
2.871112e-03
2.711368e-03
2.607692e-03
2.502020e-03
2.415908e-03
2.219414e-03
2.115409e-03
1.972949e-03
1.848587e-03
1.807029e-03
1.687730e-03
1.596956e-03
1.546933e-03
1.534560e-03
1.472827e-03
1.455186e-03
1.436736e-03
1.428663e-03
1.370933e-03
1.340188e-03
1.307474e-03
1.270951e-03
1.264278e-03
1.254616e-03
1.235518e-03
1.220856e-03
1.198655e-03
1.194202e-03
1.169404e-03
1.153062e-03
1.137106e-03
1.126074e-03
1.107891e-03
1.087267e-03
1.079706e-03
1.061515e-03
1.047811e-03
1.040757e-03
1.019602e-03
1.006624e-03
1.000896e-03
9.849296e-04
9.724890e-04
9.603579e-04
9.508977e-04
9.383414e-04
9.154797e-04
9.060983e-04
9.012405e-04
8.933566e-04
8.767523e-04
8.617769e-04
8.554216e-04
8.442633e-04
8.337640e-04
8.259684e-04
8.126287e-04
8.005814e-04
7.844859e-04
7.691365e-04
7.650529e-04
7.534270e-04
7.415561e-04
7.333469e-04
7.122208e-04
7.067149e-04
6.960739e-04
6.878811e-04
6.796161e-04
6.641612e-04
6.571542e-04
6.493643e-04
6.448694e-04
6.319921e-04
6.184493e-04
6.095681e-04
6.026981e-04
5.941750e-04
5.851484e-04
5.763836e-04
5.563806e-04
5.457665e-04
5.395300e-04
5.349133e-04
5.173017e-04
5.131863e-04
5.003588e-04
4.989174e-04
4.934695e-04
4.771410e-04
4.725249e-04
4.647145e-04
4.447558e-04
4.361324e-04
4.243680e-04
4.208367e-04
4.110771e-04
3.997392e-04
3.895796e-04
3.846466e-04
3.759945e-04
3.565653e-04
3.520962e-04
3.421340e-04
3.407992e-04
3.313428e-04
3.208058e-04
3.099820e-04
3.015848e-04
2.882054e-04
2.748120e-04
2.614711e-04
2.515267e-04
2.470992e-04
2.395185e-04
2.328109e-04
2.198232e-04
2.111794e-04
1.987816e-04
1.976927e-04
1.765498e-04
1.689183e-04
1.629534e-04
1.552261e-04
1.420955e-04
1.379604e-04
1.339516e-04
1.198797e-04
1.103524e-04
1.014754e-04
9.385740e-05
8.732927e-05
7.511196e-05
6.960138e-05
6.125092e-05
5.727398e-05
3.449678e-05
2.722675e-05
2.321562e-05
4.378256e-06
-6.072992e-06
-1.193597e-05
-2.063706e-05
-2.684315e-05
-3.488225e-05
-4.561746e-05
-5.564739e-05
-6.344318e-05
-6.996948e-05
-7.372997e-05
-9.283758e-05
-9.480288e-05
-1.122356e-04
-1.149446e-04
-1.251113e-04
-1.346488e-04
-1.473096e-04
-1.578246e-04
-1.653875e-04
-1.731697e-04
-1.903707e-04
-1.979575e-04
-2.021520e-04
-2.125459e-04
-2.182763e-04
-2.328566e-04
-2.398208e-04
-2.475056e-04
-2.667579e-04
-2.722345e-04
-2.902311e-04
-2.923407e-04
-3.003359e-04
-3.087843e-04
-3.237595e-04
-3.337994e-04
-3.417866e-04
-3.517433e-04
-3.769442e-04
-3.850964e-04
-3.914339e-04
-3.974147e-04
-4.090965e-04
-4.112708e-04
-4.205198e-04
-4.343965e-04
-4.424380e-04
-4.604685e-04
-4.689569e-04
-4.745440e-04
-4.996718e-04
-5.024560e-04
-5.122648e-04
-5.274204e-04
-5.344003e-04
-5.481168e-04
-5.647264e-04
-5.821426e-04
-5.897497e-04
-5.981429e-04
-6.014959e-04
-6.163237e-04
-6.362927e-04
-6.463388e-04
-6.512128e-04
-6.815767e-04
-6.922308e-04
-7.127648e-04
-7.214942e-04
-7.388591e-04
-7.497341e-04
-7.653034e-04
-7.891233e-04
-8.061297e-04
-8.195009e-04
-8.451930e-04
-8.888223e-04
-9.110813e-04
-9.310664e-04
-9.460424e-04
