2.851104e+10
1.352514e+10
6.898031e+09
4.298510e+09
3.745245e+09
3.564099e+09
3.512194e+09
3.407732e+09
2.921522e+09
2.512409e+09
2.494145e+09
2.356910e+09
2.217355e+09
2.017161e+09
1.973295e+09
1.856083e+09
1.765972e+09
1.750986e+09
1.622760e+09
1.469756e+09
1.441698e+09
1.365539e+09
1.290275e+09
1.276282e+09
1.215392e+09
1.175610e+09
1.143978e+09
1.107099e+09
1.068366e+09
1.014404e+09
9.623388e+08
9.605588e+08
9.196785e+08
9.036031e+08
8.909554e+08
8.515220e+08
8.403908e+08
8.026176e+08
7.511542e+08
7.311881e+08
7.239996e+08
7.125738e+08
6.773881e+08
6.689782e+08
6.212644e+08
6.172146e+08
6.019521e+08
5.828337e+08
5.602112e+08
5.540536e+08
5.299142e+08
5.157448e+08
5.063837e+08
4.875742e+08
4.795964e+08
4.720764e+08
4.503643e+08
4.448857e+08
4.361206e+08
4.281634e+08
4.074662e+08
4.005502e+08
3.948084e+08
3.798298e+08
3.691482e+08
3.590609e+08
3.483220e+08
3.315477e+08
3.258752e+08
3.205730e+08
3.171866e+08
3.074089e+08
2.864883e+08
2.821564e+08
2.742322e+08
2.596498e+08
2.497393e+08
2.456102e+08
2.344210e+08
2.314552e+08
2.263751e+08
2.203622e+08
2.135913e+08
2.046753e+08
1.964988e+08
1.949252e+08
1.914595e+08
1.847562e+08
1.758050e+08
1.720911e+08
1.661080e+08
1.636508e+08
1.579402e+08
1.510554e+08
1.466322e+08
1.431608e+08
1.414696e+08
1.374348e+08
1.335715e+08
1.219042e+08
1.203209e+08
1.149253e+08
1.121683e+08
1.076511e+08
1.042995e+08
1.007117e+08
9.849268e+07
9.322270e+07
9.133382e+07
8.745028e+07
8.324500e+07
8.029618e+07
7.578064e+07
7.376436e+07
6.663574e+07
6.065744e+07
5.842246e+07
5.717725e+07
5.121505e+07
3.919628e+07
2.598859e+07
2.517348e+07
2.420451e+07
2.036286e+07
8.913098e+06
4.417902e+06
3.142916e+06
1.884928e+05
