2.282290e+12
1.738722e+12
1.500588e+12
1.489108e+12
1.377852e+12
1.269599e+12
1.139734e+12
9.911247e+11
9.638943e+11
9.430832e+11
9.022995e+11
8.809909e+11
8.316653e+11
7.590230e+11
7.038944e+11
6.770583e+11
6.455076e+11
6.283763e+11
5.871673e+11
5.804700e+11
5.356748e+11
5.235493e+11
4.976225e+11
4.803994e+11
4.738417e+11
4.519474e+11
4.239544e+11
4.190983e+11
4.129672e+11
3.781361e+11
3.729753e+11
3.605258e+11
3.469754e+11
3.362202e+11
3.326941e+11
3.158383e+11
3.129477e+11
2.986834e+11
2.919681e+11
2.797048e+11
2.649501e+11
2.574057e+11
2.559075e+11
2.478805e+11
2.336593e+11
2.285597e+11
2.176026e+11
2.164122e+11
2.067720e+11
2.035545e+11
1.962640e+11
1.897063e+11
1.878967e+11
1.792409e+11
1.718002e+11
1.694348e+11
1.638486e+11
1.609981e+11
1.579847e+11
1.552927e+11
1.527450e+11
1.448958e+11
1.427862e+11
1.409185e+11
1.356593e+11
1.320114e+11
1.300287e+11
1.273240e+11
1.252941e+11
1.228190e+11
1.171447e+11
1.150886e+11
1.131346e+11
1.113590e+11
1.101212e+11
1.071589e+11
1.062228e+11
1.015266e+11
1.000277e+11
9.787440e+10
9.307783e+10
9.158147e+10
8.940222e+10
8.910766e+10
8.705661e+10
8.507936e+10
8.451356e+10
8.253844e+10
8.202097e+10
8.056115e+10
7.975431e+10
7.717951e+10
7.670686e+10
7.585970e+10
7.541284e+10
7.361488e+10
7.136670e+10
7.100265e+10
7.057028e+10
6.791813e+10
6.680184e+10
6.613722e+10
6.436462e+10
6.322051e+10
6.239570e+10
6.211849e+10
6.027119e+10
5.933412e+10
5.815818e+10
5.771675e+10
5.643788e+10
5.611981e+10
5.499804e+10
5.353259e+10
5.249465e+10
5.196623e+10
4.974250e+10
4.884892e+10
4.769605e+10
4.693151e+10
4.674877e+10
4.352137e+10
4.328353e+10
4.155038e+10
4.107707e+10
3.858512e+10
3.372504e+10
9.623748e+09
