5.927107e+04
1.088157e+04
5.585241e+03
1.751828e+03
9.932204e+02
6.765297e+02
5.765008e+02
3.626234e+02
2.959982e+02
2.530447e+02
1.993423e+02
1.489836e+02
1.119784e+02
9.353368e+01
7.883920e+01
7.495473e+01
6.205737e+01
5.126791e+01
4.265819e+01
3.519435e+01
3.066899e+01
2.292841e+01
2.174308e+01
1.577600e+01
1.535744e+01
1.437954e+01
8.663307e+00
8.105397e+00
7.454627e+00
6.614202e+00
5.995502e+00
5.132916e+00
4.701262e+00
4.663477e+00
3.431492e+00
3.030545e+00
2.790040e+00
2.475149e+00
9.779871e-01
9.306432e-01
8.058859e-01
7.522725e-01
6.085547e-01
5.934240e-01
5.031139e-01
4.213748e-01
4.044984e-01
3.344685e-01
2.515093e-01
1.840592e-01
1.688871e-01
1.398133e-01
1.249699e-01
8.363317e-02
6.556927e-02
4.389370e-02
3.982415e-02
3.250910e-02
3.191493e-02
2.723866e-02
2.424986e-02
1.573485e-02
1.195021e-02
7.858246e-03
7.697155e-03
6.686773e-03
5.534270e-03
5.481212e-03
3.596768e-03
3.212350e-03
2.482531e-03
2.092704e-03
2.072618e-03
1.457585e-03
1.318169e-03
1.163806e-03
1.141497e-03
1.038480e-03
8.808441e-04
8.172613e-04
7.969277e-04
7.551225e-04
7.442454e-04
7.084906e-04
6.932211e-04
6.731318e-04
6.202636e-04
6.009592e-04
5.967815e-04
5.756756e-04
5.629894e-04
5.483140e-04
5.370777e-04
5.325738e-04
5.220820e-04
5.196293e-04
5.139717e-04
5.015927e-04
4.993894e-04
4.863531e-04
4.767440e-04
4.761672e-04
4.684597e-04
4.655228e-04
4.563549e-04
4.500911e-04
4.433989e-04
4.393354e-04
4.280680e-04
4.253187e-04
4.171449e-04
4.082911e-04
4.062647e-04
3.972068e-04
3.935161e-04
3.909551e-04
3.817813e-04
3.780005e-04
3.753498e-04
3.695643e-04
3.672099e-04
3.608979e-04
3.602886e-04
3.558768e-04
3.514362e-04
3.468247e-04
3.448286e-04
3.420550e-04
3.377376e-04
3.291883e-04
3.181467e-04
3.162830e-04
3.132606e-04
3.081468e-04
3.060743e-04
3.000338e-04
2.974598e-04
2.938755e-04
2.924864e-04
2.872995e-04
2.870558e-04
2.796836e-04
2.778863e-04
2.749825e-04
2.717588e-04
2.711929e-04
2.639369e-04
2.629529e-04
2.608939e-04
2.566768e-04
2.516280e-04
2.512086e-04
2.473663e-04
2.431179e-04
2.426714e-04
2.365777e-04
2.331323e-04
2.304677e-04
2.290994e-04
2.265987e-04
2.233053e-04
2.209264e-04
2.190011e-04
2.152431e-04
2.111770e-04
2.104980e-04
2.070223e-04
2.024682e-04
2.002707e-04
1.987290e-04
1.963480e-04
1.947788e-04
1.885762e-04
1.859715e-04
1.839314e-04
1.830374e-04
1.783061e-04
1.772621e-04
1.740022e-04
1.694862e-04
1.678848e-04
1.648950e-04
1.631817e-04
1.608528e-04
1.580803e-04
1.560196e-04
1.542503e-04
1.499502e-04
1.472672e-04
1.440152e-04
1.426846e-04
1.400047e-04
1.379256e-04
1.335401e-04
1.297752e-04
1.267274e-04
1.263760e-04
1.235963e-04
1.201014e-04
1.185290e-04
1.170145e-04
1.159876e-04
1.123398e-04
1.078840e-04
1.068263e-04
1.027407e-04
1.002225e-04
9.787307e-05
9.704647e-05
9.447756e-05
9.334701e-05
9.095017e-05
8.803900e-05
8.754738e-05
8.319609e-05
8.213831e-05
8.038822e-05
7.530355e-05
7.458789e-05
7.242139e-05
7.141199e-05
6.725352e-05
6.406556e-05
6.094962e-05
6.078916e-05
5.819350e-05
5.629786e-05
5.230226e-05
4.846907e-05
4.705210e-05
4.521693e-05
4.345621e-05
4.174738e-05
4.005963e-05
3.854564e-05
3.726811e-05
3.508957e-05
3.313195e-05
2.811747e-05
2.592374e-05
2.258215e-05
2.151641e-05
1.842855e-05
1.608456e-05
1.410239e-05
1.099746e-05
8.637880e-06
8.408657e-06
1.971616e-06
5.073458e-07
1.376739e-13
2.687371e-14
-2.248660e-14
-7.013769e-07
-2.635615e-06
-4.605795e-06
-8.580865e-06
-9.260964e-06
-1.265088e-05
-1.593716e-05
-1.917585e-05
-2.049718e-05
-2.229812e-05
-2.486987e-05
-2.692668e-05
-2.744538e-05
-3.067985e-05
-3.319560e-05
-3.356635e-05
-3.606143e-05
-3.790510e-05
-4.158204e-05
-4.336205e-05
-4.445883e-05
-4.694966e-05
-4.910076e-05
-5.157726e-05
-5.383377e-05
-5.698297e-05
-5.757220e-05
-6.215330e-05
-6.465891e-05
-6.565710e-05
-6.678770e-05
-6.714008e-05
-7.247503e-05
-7.474107e-05
-7.709237e-05
-7.984837e-05
-8.126598e-05
-8.489350e-05
-8.586605e-05
-8.794024e-05
-9.248570e-05
-9.287475e-05
-9.789415e-05
-1.005834e-04
-1.046695e-04
-1.050750e-04
-1.076893e-04
-1.082529e-04
-1.117928e-04
-1.147652e-04
-1.190423e-04
-1.202845e-04
-1.253608e-04
-1.278431e-04
-1.300866e-04
-1.338687e-04
-1.360198e-04
-1.381756e-04
-1.411819e-04
-1.446639e-04
-1.455505e-04
-1.494949e-04
-1.519150e-04
-1.525108e-04
-1.563767e-04
-1.598129e-04
-1.611675e-04
-1.635597e-04
-1.673649e-04
-1.684246e-04
-1.717279e-04
-1.737197e-04
-1.751937e-04
-1.805461e-04
-1.831435e-04
-1.865392e-04
-1.890274e-04
-1.946699e-04
-1.964934e-04
-1.999375e-04
-2.031960e-04
-2.059683e-04
-2.089798e-04
-2.147888e-04
-2.213223e-04
-2.220164e-04
-2.237114e-04
-2.266619e-04
-2.300097e-04
-2.310979e-04
-2.375379e-04
-2.410652e-04
-2.441240e-04
-2.453364e-04
-2.493211e-04
-2.554833e-04
-2.588887e-04
-2.626297e-04
-2.654416e-04
-2.703966e-04
-2.706353e-04
-2.735000e-04
-2.831085e-04
-2.856699e-04
-2.926460e-04
-3.034692e-04
-3.046106e-04
-3.086817e-04
-3.125412e-04
-3.133892e-04
-3.207482e-04
-3.362671e-04
-3.370552e-04
-3.415375e-04
-3.493392e-04
-3.600754e-04
-3.664638e-04
-3.723321e-04
-3.755782e-04
-3.794618e-04
-3.844427e-04
-3.945792e-04
-4.080024e-04
-4.292678e-04
-4.511173e-04
-4.533278e-04
-5.090787e-04
-5.360947e-04
-5.936528e-04
-6.949188e-04
-8.781565e-04
