1.265691e+05
6.141223e+03
2.967177e+03
2.271787e+03
1.962031e+03
1.722955e+03
1.375908e+03
9.077120e+02
7.987862e+02
6.622829e+02
6.462958e+02
4.172380e+02
3.193162e+02
3.101505e+02
2.518527e+02
2.189015e+02
1.835693e+02
1.787306e+02
1.401225e+02
1.345882e+02
1.249702e+02
1.183194e+02
9.842345e+01
9.119741e+01
8.465800e+01
7.839793e+01
7.374858e+01
7.108080e+01
6.227938e+01
5.780131e+01
5.563060e+01
5.031041e+01
4.479126e+01
4.291298e+01
4.165155e+01
4.071553e+01
3.681203e+01
3.503982e+01
3.001491e+01
2.871066e+01
2.707004e+01
2.530840e+01
2.395763e+01
2.193059e+01
2.077926e+01
2.018371e+01
1.827854e+01
1.751898e+01
1.515701e+01
1.449048e+01
1.385452e+01
1.188943e+01
1.028767e+01
1.012082e+01
9.891953e+00
8.399834e+00
7.938511e+00
6.916180e+00
6.667905e+00
6.415376e+00
5.910024e+00
5.584857e+00
5.245026e+00
4.709818e+00
4.465937e+00
3.984879e+00
3.707590e+00
3.522312e+00
3.316259e+00
2.920045e+00
2.760757e+00
2.640314e+00
2.436700e+00
2.254702e+00
2.139032e+00
2.025356e+00
1.825007e+00
1.734795e+00
1.598509e+00
1.458883e+00
1.325656e+00
1.196116e+00
1.145378e+00
9.769714e-01
9.600163e-01
9.180519e-01
8.904086e-01
8.180275e-01
7.806755e-01
7.018651e-01
6.793443e-01
6.387148e-01
6.243357e-01
5.612705e-01
5.308342e-01
5.162393e-01
4.824891e-01
4.467220e-01
4.022441e-01
4.001307e-01
3.624309e-01
3.574281e-01
3.181615e-01
2.972159e-01
2.807301e-01
2.554078e-01
2.320169e-01
2.230466e-01
2.006527e-01
1.976500e-01
1.723515e-01
1.603607e-01
1.513885e-01
1.431060e-01
1.298840e-01
1.235053e-01
1.196508e-01
1.121850e-01
9.712312e-02
9.495407e-02
8.674863e-02
8.596390e-02
8.225310e-02
7.318711e-02
7.035052e-02
5.662515e-02
5.197531e-02
4.761190e-02
4.478538e-02
4.230284e-02
3.981395e-02
3.605859e-02
3.377735e-02
3.215144e-02
3.041654e-02
2.919815e-02
2.705112e-02
2.645282e-02
2.596675e-02
2.280631e-02
2.062312e-02
2.015455e-02
1.768978e-02
1.743380e-02
1.564306e-02
1.509421e-02
1.343276e-02
1.209107e-02
1.099754e-02
1.057113e-02
9.657621e-03
9.005433e-03
8.478146e-03
8.179068e-03
7.794349e-03
7.157086e-03
6.551024e-03
6.510003e-03
6.274544e-03
6.077350e-03
5.763419e-03
5.312486e-03
4.621947e-03
4.450938e-03
4.192810e-03
3.788540e-03
3.596424e-03
3.377606e-03
3.109753e-03
2.922990e-03
2.809839e-03
2.630825e-03
2.500602e-03
2.447084e-03
2.291738e-03
2.091699e-03
1.978436e-03
1.868266e-03
1.723049e-03
1.636012e-03
1.612012e-03
1.587688e-03
1.560945e-03
1.525703e-03
1.486500e-03
1.430407e-03
1.390493e-03
1.374750e-03
1.345599e-03
1.332616e-03
1.318245e-03
1.309949e-03
1.294156e-03
1.263229e-03
1.223896e-03
1.210574e-03
1.200817e-03
1.173496e-03
1.164937e-03
1.158625e-03
1.127659e-03
1.117387e-03
1.093348e-03
1.074158e-03
1.067397e-03
1.060586e-03
1.030028e-03
1.025219e-03
1.022335e-03
1.015789e-03
9.999051e-04
9.853436e-04
9.651850e-04
9.521188e-04
9.460101e-04
9.352826e-04
9.231017e-04
9.029232e-04
8.818913e-04
8.692550e-04
8.551994e-04
8.465944e-04
8.381566e-04
8.236835e-04
8.170960e-04
8.158669e-04
8.021781e-04
7.954878e-04
7.774319e-04
7.660704e-04
7.602837e-04
7.535800e-04
7.324392e-04
7.284410e-04
7.165747e-04
7.031193e-04
6.871894e-04
6.831080e-04
6.500625e-04
6.403261e-04
6.368915e-04
6.280317e-04
6.134692e-04
6.106487e-04
6.012359e-04
5.924613e-04
5.879506e-04
5.714481e-04
5.627403e-04
5.559173e-04
5.495287e-04
5.411669e-04
5.269190e-04
5.171925e-04
5.063521e-04
5.045458e-04
4.955779e-04
4.865856e-04
4.781016e-04
4.694983e-04
4.642806e-04
4.533639e-04
4.403935e-04
4.274464e-04
4.242194e-04
4.043002e-04
3.990458e-04
3.954170e-04
3.764622e-04
3.740814e-04
3.569179e-04
3.531269e-04
3.438895e-04
3.332748e-04
3.303101e-04
3.223771e-04
3.089039e-04
3.006890e-04
2.911773e-04
2.805826e-04
2.785558e-04
2.652481e-04
2.572114e-04
2.437617e-04
2.398344e-04
2.312931e-04
2.174253e-04
2.085773e-04
2.013918e-04
1.909228e-04
1.792419e-04
1.643594e-04
1.600234e-04
1.523406e-04
1.468170e-04
1.436978e-04
1.304465e-04
1.192394e-04
1.178613e-04
1.113396e-04
1.066061e-04
8.651060e-05
7.358340e-05
7.144411e-05
5.730755e-05
4.641657e-05
2.228501e-05
1.664661e-05
1.606147e-05
8.885548e-06
-5.147236e-06
-9.901967e-06
-1.863269e-05
-3.179863e-05
-3.945125e-05
-5.355341e-05
-6.622072e-05
-6.882926e-05
-8.534708e-05
-9.590911e-05
-1.077938e-04
-1.111395e-04
-1.239113e-04
-1.416010e-04
-1.425779e-04
-1.617404e-04
-1.708028e-04
-1.760674e-04
-1.851520e-04
-1.888487e-04
-2.039565e-04
-2.052752e-04
-2.195111e-04
-2.325136e-04
-2.398492e-04
-2.502288e-04
-2.573836e-04
-2.715555e-04
-2.819184e-04
-2.848390e-04
-2.993527e-04
-3.054895e-04
-3.140176e-04
-3.289842e-04
-3.388795e-04
-3.569638e-04
-3.653784e-04
-3.827233e-04
-3.948599e-04
-4.027808e-04
-4.209618e-04
-4.318605e-04
-4.406545e-04
-4.527252e-04
-4.579510e-04
-4.659315e-04
-4.819345e-04
-4.880301e-04
-4.974136e-04
-5.189916e-04
-5.270203e-04
-5.321490e-04
-5.362888e-04
-5.430350e-04
-5.730480e-04
-5.885801e-04
-6.022638e-04
-6.291238e-04
-6.320236e-04
-6.476603e-04
-6.623816e-04
-6.743321e-04
-6.860634e-04
-7.140160e-04
-7.303596e-04
-7.436054e-04
-7.519557e-04
-7.651000e-04
-8.036960e-04
-8.076989e-04
-8.408194e-04
-8.595327e-04
-9.207050e-04
-9.553924e-04
