3.177155e+12
2.049075e+12
1.863865e+12
1.760583e+12
1.690379e+12
1.560595e+12
1.405244e+12
1.228567e+12
1.129604e+12
1.063347e+12
1.011370e+12
9.868009e+11
9.555847e+11
9.147594e+11
8.591985e+11
7.830581e+11
7.605921e+11
7.477972e+11
7.053391e+11
6.613164e+11
6.582475e+11
6.024202e+11
5.912429e+11
5.704856e+11
5.568320e+11
5.384167e+11
5.318953e+11
5.148431e+11
4.986659e+11
4.658676e+11
4.440226e+11
4.416642e+11
4.247877e+11
4.103185e+11
3.912630e+11
3.836116e+11
3.585886e+11
3.348890e+11
3.326339e+11
3.224232e+11
3.107231e+11
2.984289e+11
2.928871e+11
2.795535e+11
2.777478e+11
2.713211e+11
2.584144e+11
2.535820e+11
2.489597e+11
2.403657e+11
2.339759e+11
2.299739e+11
2.224839e+11
2.176695e+11
2.132380e+11
2.076712e+11
2.030428e+11
1.963245e+11
1.930636e+11
1.896974e+11
1.831204e+11
1.760399e+11
1.737976e+11
1.714226e+11
1.652895e+11
1.603798e+11
1.575632e+11
1.528773e+11
1.495481e+11
1.465604e+11
1.424185e+11
1.389520e+11
1.340610e+11
1.324948e+11
1.303785e+11
1.271955e+11
1.248538e+11
1.230175e+11
1.196437e+11
1.167727e+11
1.143443e+11
1.124015e+11
1.092047e+11
1.084349e+11
1.057503e+11
1.034486e+11
1.027032e+11
9.901099e+10
9.641775e+10
9.462492e+10
9.219071e+10
9.115091e+10
9.003900e+10
8.864161e+10
8.750532e+10
8.490915e+10
8.426172e+10
8.059670e+10
8.005387e+10
7.793434e+10
7.625205e+10
7.533870e+10
7.374375e+10
7.221717e+10
7.072282e+10
6.899876e+10
6.789111e+10
6.654134e+10
6.535844e+10
6.515962e+10
6.280568e+10
6.196461e+10
6.063422e+10
6.003359e+10
5.824861e+10
5.727709e+10
5.587315e+10
5.502258e+10
5.211671e+10
5.009427e+10
4.552535e+10
4.287939e+10
3.413650e+10
3.271213e+10
2.760928e+10
2.653669e+10
2.482424e+10
1.283984e+10
