2.149533e+05
1.998330e+04
5.229989e+03
1.997096e+03
2.195430e+02
2.380723e+01
1.022374e+01
6.871163e+00
1.580008e+00
2.494100e-01
6.484422e-02
4.949740e-02
4.312726e-02
3.772889e-02
3.437343e-02
2.908022e-02
2.777982e-02
2.457479e-02
2.234396e-02
1.898797e-02
1.865878e-02
1.722589e-02
1.669794e-02
1.492139e-02
1.422698e-02
1.344729e-02
1.318338e-02
1.302019e-02
1.204745e-02
1.182212e-02
1.135792e-02
1.104051e-02
1.071169e-02
9.957205e-03
9.567820e-03
8.927006e-03
8.763243e-03
8.508113e-03
8.378945e-03
7.783104e-03
7.440669e-03
7.281145e-03
6.861723e-03
6.683677e-03
6.558508e-03
6.411836e-03
6.076802e-03
5.717382e-03
5.633756e-03
5.036656e-03
4.925093e-03
4.703159e-03
4.443289e-03
4.349320e-03
4.215433e-03
4.079587e-03
3.930466e-03
3.671308e-03
3.439577e-03
3.319459e-03
3.096206e-03
2.825156e-03
2.612361e-03
2.551823e-03
2.505090e-03
2.377395e-03
2.171650e-03
2.044286e-03
1.795428e-03
1.633740e-03
1.456058e-03
1.378082e-03
1.352891e-03
1.279860e-03
1.119788e-03
1.073327e-03
1.045612e-03
9.222518e-04
8.790343e-04
7.341823e-04
6.069315e-04
4.796259e-04
4.257112e-04
3.471600e-04
2.092039e-04
9.855996e-05
-5.096362e-05
-2.292113e-04
-3.364270e-04
-4.542969e-04
-7.509025e-04
-8.139039e-04
-1.248845e-03
-1.474748e-03
-1.657524e-03
-1.993395e-03
-2.304584e-03
-2.579465e-03
-2.960150e-03
-3.344548e-03
-3.765752e-03
-4.009447e-03
-5.064555e-03
-5.405657e-03
-5.701325e-03
-6.529277e-03
-7.332803e-03
-8.529605e-03
-9.018934e-03
-9.652087e-03
-1.022817e-02
-1.080719e-02
-1.116809e-02
-1.248996e-02
-1.405928e-02
-1.623909e-02
-1.668737e-02
-1.825769e-02
-2.032491e-02
-2.449873e-02
-2.569735e-02
-3.005081e-02
-3.209484e-02
-3.337737e-02
-3.822495e-02
-5.169459e-02
-5.963761e-02
-8.704313e-02
