1.286607e+05
6.527646e+03
2.980000e+03
2.909510e+03
1.724064e+03
1.605649e+03
1.382461e+03
1.136859e+03
8.613165e+02
7.060875e+02
6.325481e+02
4.763977e+02
2.716968e+02
2.544390e+02
2.165985e+02
1.985350e+02
1.719547e+02
1.583849e+02
1.369541e+02
1.121079e+02
1.044776e+02
9.816796e+01
8.984182e+01
8.384712e+01
7.785525e+01
6.876513e+01
6.611304e+01
5.932621e+01
5.898406e+01
5.734866e+01
4.609444e+01
4.151285e+01
4.116847e+01
3.833212e+01
3.720128e+01
3.463495e+01
2.874651e+01
2.724408e+01
2.580384e+01
2.406174e+01
2.381296e+01
2.233082e+01
2.005323e+01
1.924037e+01
1.776584e+01
1.664958e+01
1.529449e+01
1.467527e+01
1.311008e+01
1.294733e+01
1.102752e+01
1.015148e+01
9.127687e+00
8.637196e+00
8.025915e+00
7.856043e+00
6.916125e+00
6.760996e+00
6.245696e+00
5.705812e+00
5.656851e+00
5.134690e+00
4.162222e+00
3.978369e+00
3.949819e+00
3.393398e+00
3.073658e+00
2.920444e+00
2.807484e+00
2.593617e+00
2.505513e+00
2.315320e+00
2.197034e+00
2.032406e+00
1.937390e+00
1.832170e+00
1.737624e+00
1.649712e+00
1.529813e+00
1.374324e+00
1.251140e+00
1.175749e+00
1.107268e+00
9.190496e-01
8.474871e-01
8.151217e-01
8.123772e-01
7.687510e-01
7.175416e-01
7.087570e-01
6.615342e-01
6.332964e-01
5.915794e-01
5.449653e-01
5.093229e-01
4.700046e-01
4.469553e-01
3.860292e-01
3.575338e-01
3.327087e-01
3.099335e-01
2.964346e-01
2.676076e-01
2.605149e-01
2.488452e-01
2.215334e-01
2.041927e-01
1.942236e-01
1.933327e-01
1.835818e-01
1.606131e-01
1.525622e-01
1.386092e-01
1.313515e-01
1.171539e-01
1.038908e-01
9.847461e-02
9.428442e-02
8.536954e-02
8.311790e-02
8.171248e-02
7.691237e-02
7.528497e-02
6.990980e-02
6.670903e-02
6.275044e-02
6.049523e-02
5.853553e-02
5.062227e-02
4.811494e-02
4.546928e-02
4.306909e-02
3.966544e-02
3.473156e-02
3.421336e-02
3.013821e-02
2.901340e-02
2.855626e-02
2.640446e-02
2.412668e-02
2.155207e-02
2.087216e-02
1.917913e-02
1.779562e-02
1.749067e-02
1.581598e-02
1.574066e-02
1.491463e-02
1.321522e-02
1.302117e-02
1.254857e-02
1.084500e-02
1.010165e-02
9.291271e-03
8.538204e-03
8.246818e-03
7.656566e-03
6.026177e-03
5.849400e-03
5.264610e-03
5.016213e-03
4.628762e-03
4.441443e-03
4.152121e-03
3.966871e-03
3.623814e-03
3.511193e-03
3.380514e-03
3.181540e-03
2.997176e-03
2.671368e-03
2.604650e-03
2.395252e-03
2.056026e-03
1.973483e-03
1.872049e-03
1.843597e-03
1.799786e-03
1.679168e-03
1.636223e-03
1.559609e-03
1.509958e-03
1.444395e-03
1.403559e-03
1.394955e-03
1.378288e-03
1.368307e-03
1.320494e-03
1.300311e-03
1.292904e-03
1.258853e-03
1.244199e-03
1.218791e-03
1.210911e-03
1.198110e-03
1.174179e-03
1.149471e-03
1.138493e-03
1.116239e-03
1.103335e-03
1.085768e-03
1.077458e-03
1.054590e-03
1.035190e-03
1.030921e-03
1.027374e-03
1.004583e-03
9.911126e-04
9.802665e-04
9.768747e-04
9.600971e-04
9.476748e-04
9.280884e-04
9.198457e-04
9.054984e-04
8.924738e-04
8.914448e-04
8.761326e-04
8.617398e-04
8.559841e-04
8.444431e-04
8.172790e-04
8.048966e-04
7.957151e-04
7.885209e-04
7.835222e-04
7.708936e-04
7.603642e-04
7.539897e-04
7.410943e-04
7.198785e-04
7.132957e-04
7.003119e-04
6.914267e-04
6.836361e-04
6.691799e-04
6.678259e-04
6.500818e-04
6.388173e-04
6.322312e-04
6.223654e-04
6.064010e-04
6.035838e-04
5.954889e-04
5.877369e-04
5.686950e-04
5.624198e-04
5.522186e-04
5.450388e-04
5.337875e-04
5.287267e-04
5.053416e-04
4.985452e-04
4.941421e-04
4.750082e-04
4.661148e-04
4.639050e-04
4.526708e-04
4.385989e-04
4.350056e-04
4.264779e-04
4.109181e-04
4.052095e-04
3.975656e-04
3.884905e-04
3.743304e-04
3.679722e-04
3.589429e-04
3.468254e-04
3.382795e-04
3.293616e-04
3.234959e-04
3.133789e-04
2.996562e-04
2.911251e-04
2.811567e-04
2.700068e-04
2.596943e-04
2.549435e-04
2.512068e-04
2.359523e-04
2.332890e-04
2.268145e-04
2.183790e-04
2.119593e-04
1.997695e-04
1.945476e-04
1.812892e-04
1.717180e-04
1.683342e-04
1.639420e-04
1.367064e-04
1.233116e-04
1.168820e-04
1.064994e-04
1.014298e-04
9.679853e-05
8.601999e-05
7.926771e-05
7.092223e-05
4.441693e-05
3.774880e-05
2.951238e-05
2.103620e-05
1.680710e-05
4.058878e-06
9.165785e-07
-1.046592e-05
-1.810333e-05
-2.520475e-05
-3.151269e-05
-5.318131e-05
-5.815193e-05
-6.753317e-05
-7.431742e-05
-7.534018e-05
-9.145722e-05
-9.577141e-05
-9.931532e-05
-1.185050e-04
-1.230003e-04
-1.327939e-04
-1.468334e-04
-1.551536e-04
-1.792991e-04
-1.902191e-04
-1.985906e-04
-2.031535e-04
-2.116794e-04
-2.147177e-04
-2.375466e-04
-2.458014e-04
-2.563034e-04
-2.647568e-04
-2.674604e-04
-2.781465e-04
-2.854289e-04
-2.894563e-04
-3.050726e-04
-3.079965e-04
-3.199332e-04
-3.337247e-04
-3.503154e-04
-3.553568e-04
-3.701162e-04
-3.867895e-04
-3.980582e-04
-4.162530e-04
-4.202069e-04
-4.306717e-04
-4.368793e-04
-4.514763e-04
-4.556729e-04
-4.678780e-04
-4.722876e-04
-4.990764e-04
-5.022622e-04
-5.119062e-04
-5.244368e-04
-5.327121e-04
-5.393653e-04
-5.508415e-04
-5.861879e-04
-5.905755e-04
-5.965314e-04
-6.076565e-04
-6.409431e-04
-6.537577e-04
-6.635563e-04
-6.731433e-04
-6.877415e-04
-7.104913e-04
-7.282958e-04
-7.392074e-04
-7.724799e-04
-7.789507e-04
-8.094151e-04
-8.146826e-04
-8.438027e-04
-8.595620e-04
-8.855013e-04
-8.887707e-04
-9.006274e-04
-9.996569e-04
