1.104416e+05
4.003456e+03
6.732339e+01
7.368683e-01
1.692703e-02
1.225126e-02
8.073057e-03
7.376454e-03
6.749372e-03
6.614645e-03
5.791622e-03
5.551177e-03
5.277354e-03
5.157835e-03
4.937014e-03
4.739244e-03
4.726849e-03
4.570874e-03
4.464752e-03
4.406905e-03
4.238095e-03
4.120848e-03
4.008413e-03
3.855070e-03
3.797875e-03
3.720399e-03
3.611125e-03
3.540812e-03
3.444626e-03
3.407291e-03
3.303788e-03
3.242036e-03
3.178902e-03
3.095770e-03
3.032803e-03
2.997054e-03
2.939749e-03
2.908330e-03
2.806596e-03
2.723291e-03
2.620018e-03
2.521192e-03
2.484009e-03
2.458847e-03
2.403561e-03
2.340184e-03
2.283684e-03
2.269394e-03
2.214481e-03
2.174316e-03
2.118372e-03
2.039667e-03
1.998152e-03
1.956829e-03
1.865775e-03
1.808872e-03
1.757147e-03
1.687109e-03
1.637387e-03
1.584860e-03
1.545618e-03
1.522199e-03
1.451073e-03
1.398782e-03
1.379185e-03
1.353198e-03
1.264572e-03
1.227984e-03
1.210790e-03
1.160283e-03
1.115499e-03
1.024783e-03
9.742119e-04
9.299264e-04
8.744111e-04
8.283138e-04
7.975415e-04
7.303669e-04
6.653888e-04
6.446494e-04
5.870608e-04
5.463437e-04
5.239127e-04
4.401373e-04
4.246944e-04
3.895134e-04
3.567490e-04
1.865424e-04
1.727886e-04
1.558980e-04
1.025466e-04
3.844484e-05
7.489471e-06
1.350558e-13
-6.161979e-05
-7.911173e-05
-1.436418e-04
-2.077166e-04
-2.198849e-04
-3.017067e-04
-3.695350e-04
-4.231058e-04
-4.922855e-04
-5.101917e-04
-5.317462e-04
-6.154193e-04
-7.005271e-04
-7.130499e-04
-7.933297e-04
-8.574934e-04
-8.876568e-04
-1.055116e-03
-1.150667e-03
-1.196517e-03
-1.274382e-03
-1.364552e-03
-1.527129e-03
-1.565976e-03
-1.604474e-03
-1.826032e-03
-2.031226e-03
-2.110527e-03
-2.407978e-03
-2.563918e-03
-4.418473e-03
-5.034650e-03
-1.355436e-02
-1.832445e-02
