1.195099e+08
1.999822e+07
2.211782e+06
1.330632e+06
8.812319e+05
3.474900e+05
2.762253e+05
9.564713e+04
1.279849e+04
8.981848e+03
3.748796e+03
8.600621e+02
4.699359e+02
2.104995e+02
1.243873e+02
7.028824e+01
4.856576e+01
3.651835e+01
3.269628e+01
2.784824e+01
2.547854e+01
1.946567e+01
1.738077e+01
1.649200e+01
1.451754e+01
1.385328e+01
1.350115e+01
1.229225e+01
1.144285e+01
1.095225e+01
1.060351e+01
1.012710e+01
9.659270e+00
8.927318e+00
8.563869e+00
7.974174e+00
7.444462e+00
6.598579e+00
6.075305e+00
5.946295e+00
5.514311e+00
5.184968e+00
4.853027e+00
4.758215e+00
4.574265e+00
4.225205e+00
3.767821e+00
3.573276e+00
3.247876e+00
3.129240e+00
3.002074e+00
2.607574e+00
2.452196e+00
2.303740e+00
2.038825e+00
1.951171e+00
1.734442e+00
1.438890e+00
1.319506e+00
1.198873e+00
1.082108e+00
9.842633e-01
7.154920e-01
6.496476e-01
5.864618e-01
5.222919e-01
4.367217e-01
3.751267e-01
2.636565e-01
2.314251e-01
1.909106e-01
1.703514e-01
1.294746e-01
1.100479e-01
9.682980e-02
8.557960e-02
6.055769e-02
3.824900e-02
-1.677864e-02
-6.418415e-02
-9.380669e-02
-1.076391e-01
-1.817108e-01
-2.238175e-01
-2.591737e-01
-3.573368e-01
-4.278948e-01
-4.746128e-01
-4.964834e-01
-5.981207e-01
-7.244987e-01
-8.622088e-01
-9.473906e-01
-1.110656e+00
-1.193810e+00
-1.274883e+00
-1.445008e+00
-1.530603e+00
-1.956088e+00
-2.046779e+00
-2.138462e+00
-2.366027e+00
-2.407331e+00
-2.859602e+00
-2.994943e+00
-3.134438e+00
-3.339773e+00
-3.944325e+00
-4.720225e+00
-5.137266e+00
-5.979036e+00
-6.587401e+00
-7.211423e+00
-8.366667e+00
-8.459343e+00
-9.227465e+00
-1.026688e+01
-1.074274e+01
-1.165917e+01
-1.347539e+01
-1.504741e+01
-1.722738e+01
-1.950490e+01
-2.220909e+01
-2.974039e+01
-3.323310e+01
-4.379179e+01
-6.147143e+01
