6.344320e+04
1.385275e+04
1.037615e+03
4.792819e+02
2.656217e+02
1.029840e+02
9.255003e+01
6.873597e+01
2.928240e+01
1.407619e+01
6.006884e+00
2.313449e+00
1.067098e+00
8.782663e-01
2.147571e-01
2.039479e-01
1.179926e-01
4.724612e-02
3.218368e-02
2.294685e-02
6.495411e-03
3.607950e-03
2.372691e-03
1.473915e-03
1.276281e-03
1.182058e-03
1.082324e-03
1.008929e-03
9.975526e-04
9.518928e-04
9.245979e-04
8.941735e-04
8.861938e-04
8.707317e-04
8.424665e-04
8.302829e-04
8.263207e-04
8.107921e-04
8.037062e-04
7.968566e-04
7.843497e-04
7.781020e-04
7.594269e-04
7.547406e-04
7.451179e-04
7.356533e-04
7.322775e-04
7.236201e-04
7.192428e-04
7.105276e-04
7.079091e-04
6.989673e-04
6.791316e-04
6.699464e-04
6.662698e-04
6.615617e-04
6.544932e-04
6.450652e-04
6.427714e-04
6.380091e-04
6.328424e-04
6.159502e-04
6.151008e-04
6.117009e-04
6.083135e-04
6.011013e-04
5.985169e-04
5.898710e-04
5.830186e-04
5.802109e-04
5.777368e-04
5.631887e-04
5.598312e-04
5.581754e-04
5.530200e-04
5.494976e-04
5.440069e-04
5.357034e-04
5.320291e-04
5.257180e-04
5.197253e-04
5.135086e-04
5.101326e-04
5.061189e-04
5.050483e-04
4.987020e-04
4.938078e-04
4.855595e-04
4.849065e-04
4.826261e-04
4.796501e-04
4.718350e-04
4.684065e-04
4.670732e-04
4.640255e-04
4.585673e-04
4.577427e-04
4.516876e-04
4.484690e-04
4.467712e-04
4.348393e-04
4.300275e-04
4.285199e-04
4.238952e-04
4.214242e-04
4.190631e-04
4.134282e-04
4.120230e-04
4.098112e-04
4.009654e-04
3.995860e-04
3.963118e-04
3.906776e-04
3.854498e-04
3.826339e-04
3.798041e-04
3.760442e-04
3.739056e-04
3.690651e-04
3.645513e-04
3.620515e-04
3.565296e-04
3.548113e-04
3.491167e-04
3.441039e-04
3.422998e-04
3.394513e-04
3.363532e-04
3.342508e-04
3.318823e-04
3.282772e-04
3.276249e-04
3.201712e-04
3.191666e-04
3.138975e-04
3.108963e-04
3.060324e-04
3.055512e-04
3.045450e-04
3.001128e-04
2.974412e-04
2.971983e-04
2.924668e-04
2.855788e-04
2.831472e-04
2.776598e-04
2.754864e-04
2.715494e-04
2.684781e-04
2.653720e-04
2.645336e-04
2.630196e-04
2.592997e-04
2.581528e-04
2.553573e-04
2.487767e-04
2.483561e-04
2.415932e-04
2.394619e-04
2.376792e-04
2.367265e-04
2.331208e-04
2.301337e-04
2.254352e-04
2.242900e-04
2.165843e-04
2.155072e-04
2.120621e-04
2.102115e-04
2.076677e-04
2.003843e-04
1.979014e-04
1.959311e-04
1.915997e-04
1.900228e-04
1.846560e-04
1.835288e-04
1.785603e-04
1.779193e-04
1.742486e-04
1.724520e-04
1.691095e-04
1.677015e-04
1.632586e-04
1.608375e-04
1.569028e-04
1.545750e-04
1.528550e-04
1.506267e-04
1.431999e-04
1.409258e-04
1.387372e-04
1.359250e-04
1.321798e-04
1.312255e-04
1.283281e-04
1.268867e-04
1.238029e-04
1.222826e-04
1.186465e-04
1.152029e-04
1.136406e-04
1.107987e-04
1.076232e-04
1.036777e-04
1.030536e-04
9.946551e-05
9.435345e-05
9.357903e-05
9.192683e-05
8.901169e-05
8.799944e-05
8.159017e-05
8.052893e-05
7.675829e-05
7.594990e-05
7.370146e-05
7.208985e-05
7.010550e-05
6.849819e-05
6.797534e-05
6.410554e-05
6.167934e-05
5.570687e-05
5.208814e-05
5.103451e-05
4.710988e-05
4.501575e-05
4.211940e-05
4.008333e-05
3.712123e-05
3.620031e-05
2.989879e-05
2.696725e-05
2.530770e-05
2.212735e-05
2.195293e-05
1.810561e-05
1.402352e-05
1.188092e-05
9.987758e-06
7.345003e-06
4.744505e-06
2.106684e-13
1.077176e-13
9.907320e-14
2.522891e-14
9.202873e-15
6.876980e-16
-4.479842e-14
-6.450232e-14
-1.032153e-13
-1.346283e-13
-5.458701e-07
-2.366990e-06
-4.951155e-06
-6.991410e-06
-9.763039e-06
-1.101218e-05
-1.367418e-05
-1.682281e-05
-1.854280e-05
-2.251668e-05
-2.571981e-05
-2.831101e-05
-2.968845e-05
-3.195583e-05
-3.568454e-05
-4.139515e-05
-4.435179e-05
-4.692814e-05
-4.979438e-05
-5.204339e-05
-5.644958e-05
-5.977389e-05
-6.178736e-05
-6.329129e-05
-6.858443e-05
-7.125203e-05
-7.497235e-05
-7.645245e-05
-8.032920e-05
-8.220096e-05
-8.512267e-05
-8.848171e-05
-9.083300e-05
-9.274892e-05
-9.701048e-05
-9.720330e-05
-1.015459e-04
-1.047371e-04
-1.057806e-04
-1.110220e-04
-1.124679e-04
-1.173408e-04
-1.187250e-04
-1.215008e-04
-1.260591e-04
-1.283419e-04
-1.306871e-04
-1.341604e-04
-1.349091e-04
-1.387518e-04
-1.434361e-04
-1.445453e-04
-1.468892e-04
-1.503598e-04
-1.540408e-04
-1.591284e-04
-1.595595e-04
-1.612510e-04
-1.676617e-04
-1.678851e-04
-1.721571e-04
-1.775540e-04
-1.782026e-04
-1.811761e-04
-1.879564e-04
-1.903431e-04
-1.923474e-04
-1.971281e-04
-1.988390e-04
-2.021915e-04
-2.064086e-04
-2.082885e-04
-2.095761e-04
-2.139264e-04
-2.198898e-04
-2.238763e-04
-2.279221e-04
-2.318793e-04
-2.324664e-04
-2.346059e-04
-2.380155e-04
-2.426645e-04
-2.466895e-04
-2.506658e-04
-2.566426e-04
-2.587804e-04
-2.656187e-04
-2.704909e-04
-2.748143e-04
-2.810763e-04
-2.817926e-04
-2.878851e-04
-2.902427e-04
-3.005655e-04
-3.053746e-04
-3.085986e-04
-3.095932e-04
-3.118586e-04
-3.188363e-04
-3.296903e-04
-3.312987e-04
-3.376097e-04
-3.400838e-04
-3.467036e-04
-3.528745e-04
-3.589419e-04
-3.668204e-04
-3.739285e-04
-3.785868e-04
-3.828649e-04
-3.925368e-04
-3.975845e-04
-4.054221e-04
-4.154307e-04
-4.189998e-04
-4.199635e-04
-4.383214e-04
-4.431052e-04
-4.463177e-04
-4.481796e-04
-4.652214e-04
-4.730282e-04
-4.824700e-04
-4.970512e-04
-5.012783e-04
-5.412283e-04
-5.598402e-04
-5.927837e-04
-6.494229e-04
-8.865569e-04
-1.614222e-03
