2.110595e+12
1.715073e+12
1.483895e+12
1.466303e+12
1.378851e+12
1.273318e+12
1.216398e+12
1.073958e+12
9.779093e+11
9.666571e+11
9.142037e+11
8.606907e+11
8.483074e+11
7.759555e+11
7.411939e+11
7.209609e+11
6.633834e+11
6.430995e+11
6.330375e+11
6.117051e+11
5.761822e+11
5.671228e+11
5.455826e+11
4.972298e+11
4.820953e+11
4.580137e+11
4.390694e+11
4.371544e+11
4.218599e+11
4.092558e+11
3.877495e+11
3.659037e+11
3.515517e+11
3.461632e+11
3.398900e+11
3.217252e+11
3.154623e+11
3.064834e+11
2.993463e+11
2.909987e+11
2.795503e+11
2.734084e+11
2.656383e+11
2.509431e+11
2.453347e+11
2.376888e+11
2.334698e+11
2.274124e+11
2.227664e+11
2.175330e+11
2.126522e+11
2.013530e+11
1.969297e+11
1.890409e+11
1.878561e+11
1.848932e+11
1.755843e+11
1.728656e+11
1.713795e+11
1.628192e+11
1.617974e+11
1.561477e+11
1.545041e+11
1.524975e+11
1.468597e+11
1.422119e+11
1.374771e+11
1.342294e+11
1.333765e+11
1.314209e+11
1.285950e+11
1.236517e+11
1.230871e+11
1.209082e+11
1.187691e+11
1.156925e+11
1.124521e+11
1.090398e+11
1.076973e+11
1.053159e+11
1.024908e+11
1.012261e+11
9.935973e+10
9.868458e+10
9.497281e+10
9.460943e+10
9.085782e+10
8.966662e+10
8.891770e+10
8.700232e+10
8.572448e+10
8.336431e+10
8.281858e+10
8.172039e+10
7.907211e+10
7.816779e+10
7.744693e+10
7.637959e+10
7.537679e+10
7.480514e+10
7.319296e+10
7.214854e+10
7.112339e+10
7.072526e+10
6.868898e+10
6.643750e+10
6.522866e+10
6.432831e+10
6.233049e+10
6.180920e+10
6.096650e+10
5.933752e+10
5.874854e+10
5.731189e+10
5.578946e+10
5.457923e+10
5.395431e+10
5.315305e+10
5.173550e+10
5.072644e+10
4.970557e+10
4.926347e+10
4.700052e+10
4.367748e+10
4.056907e+10
3.982091e+10
3.594817e+10
2.785451e+10
