2.959409e+10
1.408163e+10
6.886716e+09
4.811736e+09
3.985409e+09
3.888692e+09
3.637335e+09
3.191709e+09
2.862574e+09
2.546844e+09
2.426295e+09
2.269231e+09
2.201821e+09
2.084180e+09
2.014021e+09
1.790178e+09
1.721249e+09
1.619532e+09
1.570008e+09
1.432768e+09
1.392100e+09
1.321638e+09
1.280965e+09
1.239025e+09
1.177767e+09
1.127391e+09
1.083028e+09
1.079008e+09
1.015414e+09
9.888394e+08
9.689112e+08
9.255627e+08
8.889471e+08
8.760362e+08
8.504321e+08
8.173377e+08
7.743465e+08
7.619430e+08
7.238958e+08
7.103069e+08
6.909927e+08
6.579576e+08
6.427072e+08
6.145902e+08
6.049021e+08
5.872508e+08
5.670134e+08
5.577306e+08
5.499238e+08
5.305546e+08
5.202310e+08
4.974705e+08
4.732746e+08
4.621718e+08
4.491484e+08
4.480031e+08
4.293572e+08
4.207715e+08
4.099721e+08
3.981700e+08
3.917614e+08
3.701669e+08
3.536408e+08
3.524305e+08
3.407980e+08
3.397978e+08
3.311836e+08
3.210350e+08
3.157025e+08
3.103141e+08
3.060428e+08
2.969983e+08
2.873116e+08
2.782430e+08
2.675675e+08
2.583205e+08
2.538598e+08
2.470665e+08
2.448413e+08
2.346099e+08
2.263315e+08
2.169900e+08
2.157837e+08
2.058821e+08
2.041672e+08
1.985539e+08
1.914108e+08
1.855925e+08
1.791312e+08
1.761195e+08
1.750418e+08
1.690437e+08
1.601596e+08
1.542840e+08
1.484988e+08
1.461763e+08
1.410461e+08
1.378786e+08
1.291271e+08
1.269006e+08
1.230652e+08
1.192624e+08
1.143235e+08
1.062815e+08
9.975690e+07
9.830410e+07
9.600794e+07
8.226407e+07
8.043198e+07
7.767022e+07
7.264277e+07
6.546762e+07
6.159424e+07
5.820868e+07
5.218995e+07
4.080458e+07
3.988486e+07
3.581910e+07
2.937205e+07
2.855980e+07
1.884809e+07
1.629194e+07
1.532272e+07
1.325091e+07
1.044212e+07
2.331102e+06
9.015253e+05
7.076450e+05
