1.277433e+05
6.169811e+03
3.011293e+03
2.626344e+03
1.865902e+03
1.525169e+03
1.500854e+03
9.723771e+02
8.948961e+02
6.868518e+02
6.155927e+02
5.526572e+02
2.912748e+02
2.766171e+02
2.206400e+02
2.028774e+02
1.880033e+02
1.608036e+02
1.456487e+02
1.265427e+02
1.137948e+02
9.255536e+01
8.585766e+01
8.385390e+01
7.255628e+01
6.788743e+01
6.470917e+01
6.192215e+01
5.931768e+01
5.173271e+01
4.936460e+01
4.883309e+01
4.144756e+01
4.110810e+01
3.868586e+01
3.510997e+01
3.465052e+01
3.165266e+01
2.610881e+01
2.443383e+01
2.324695e+01
2.247375e+01
1.980482e+01
1.907294e+01
1.745724e+01
1.594971e+01
1.545137e+01
1.499786e+01
1.317804e+01
1.282685e+01
1.164077e+01
1.109007e+01
1.058991e+01
9.446543e+00
8.819454e+00
8.402906e+00
8.317332e+00
7.360159e+00
6.464416e+00
5.984306e+00
5.289059e+00
5.213173e+00
4.711661e+00
4.323422e+00
4.063698e+00
3.845016e+00
3.706896e+00
3.370720e+00
3.038591e+00
2.877943e+00
2.830835e+00
2.319543e+00
2.201766e+00
2.132023e+00
1.909717e+00
1.781812e+00
1.673512e+00
1.634161e+00
1.427880e+00
1.370441e+00
1.354104e+00
1.307322e+00
1.158667e+00
1.089842e+00
1.072098e+00
9.256363e-01
8.658153e-01
8.154946e-01
8.009266e-01
7.735878e-01
7.280782e-01
6.598782e-01
6.282913e-01
5.644583e-01
5.229378e-01
4.994577e-01
4.619941e-01
3.829017e-01
3.794604e-01
3.517363e-01
3.275620e-01
3.022634e-01
2.861889e-01
2.781911e-01
2.746269e-01
2.579857e-01
2.379311e-01
2.309053e-01
2.156077e-01
2.071646e-01
1.834808e-01
1.750661e-01
1.575031e-01
1.446154e-01
1.366382e-01
1.303497e-01
1.104127e-01
1.079216e-01
1.057355e-01
9.678444e-02
8.850270e-02
8.544385e-02
8.224649e-02
7.827660e-02
7.125803e-02
6.466193e-02
6.257705e-02
5.667419e-02
5.149307e-02
4.978338e-02
4.585565e-02
4.288832e-02
4.170905e-02
3.832821e-02
3.085246e-02
3.057581e-02
2.875414e-02
2.767174e-02
2.674120e-02
2.425868e-02
2.327631e-02
1.951279e-02
1.825090e-02
1.660130e-02
1.628464e-02
1.449644e-02
1.291105e-02
1.243039e-02
1.151746e-02
1.038968e-02
9.752218e-03
8.649131e-03
8.200877e-03
7.484852e-03
6.920564e-03
6.518865e-03
6.266225e-03
6.078069e-03
5.428983e-03
4.806450e-03
4.694282e-03
4.308167e-03
3.981025e-03
3.938828e-03
3.630403e-03
3.575128e-03
3.094162e-03
2.978256e-03
2.966218e-03
2.600170e-03
2.496276e-03
2.361003e-03
2.336088e-03
2.160902e-03
2.092503e-03
2.071414e-03
1.858255e-03
1.771474e-03
1.670660e-03
1.593518e-03
1.474665e-03
1.449443e-03
1.419178e-03
1.378788e-03
1.344041e-03
1.323965e-03
1.317895e-03
1.292230e-03
1.283637e-03
1.253216e-03
1.221817e-03
1.218296e-03
1.206738e-03
1.188592e-03
1.157380e-03
1.143995e-03
1.132831e-03
1.120068e-03
1.095351e-03
1.090257e-03
1.079002e-03
1.054215e-03
1.041014e-03
1.014018e-03
1.008028e-03
9.913255e-04
9.823472e-04
9.771453e-04
9.666455e-04
9.568837e-04
9.487789e-04
9.321252e-04
9.229572e-04
8.998557e-04
8.906231e-04
8.719527e-04
8.701985e-04
8.615929e-04
8.471084e-04
8.414372e-04
8.208878e-04
8.178457e-04
7.845879e-04
7.791170e-04
7.760890e-04
7.664932e-04
7.596386e-04
7.479266e-04
7.344619e-04
7.218382e-04
7.178656e-04
7.079140e-04
6.912487e-04
6.841965e-04
6.745659e-04
6.599650e-04
6.450510e-04
6.347710e-04
6.277342e-04
6.077445e-04
5.959184e-04
5.885354e-04
5.673334e-04
5.623004e-04
5.566225e-04
5.394695e-04
5.383689e-04
5.292174e-04
5.213722e-04
5.129357e-04
5.032117e-04
4.887234e-04
4.830630e-04
4.822935e-04
4.706546e-04
4.533342e-04
4.482276e-04
4.371387e-04
4.277176e-04
4.252126e-04
4.108767e-04
3.973127e-04
3.958303e-04
3.804543e-04
3.721497e-04
3.620755e-04
3.518551e-04
3.381413e-04
3.338782e-04
3.308099e-04
3.161054e-04
3.127636e-04
2.981877e-04
2.946208e-04
2.797969e-04
2.750730e-04
2.702720e-04
2.554231e-04
2.475715e-04
2.433654e-04
2.313774e-04
2.279625e-04
2.250367e-04
2.143111e-04
2.020854e-04
1.918616e-04
1.805651e-04
1.763402e-04
1.577218e-04
1.544118e-04
1.490921e-04
1.411751e-04
1.351533e-04
1.182188e-04
1.073532e-04
1.018072e-04
8.974547e-05
7.901658e-05
7.682820e-05
7.010371e-05
5.143713e-05
4.988255e-05
3.889719e-05
3.414829e-05
2.207380e-05
1.560456e-05
-2.273156e-06
-1.070139e-05
-1.583425e-05
-2.367849e-05
-4.194643e-05
-4.439258e-05
-5.193909e-05
-5.846592e-05
-7.351072e-05
-8.224313e-05
-8.763160e-05
-9.376175e-05
-9.755917e-05
-1.250871e-04
-1.326470e-04
-1.401182e-04
-1.526081e-04
-1.591793e-04
-1.656397e-04
-1.768812e-04
-1.819918e-04
-1.944721e-04
-2.194708e-04
-2.272355e-04
-2.323928e-04
-2.379250e-04
-2.435172e-04
-2.451303e-04
-2.535428e-04
-2.721084e-04
-2.819240e-04
-2.956866e-04
-3.084784e-04
-3.116466e-04
-3.292887e-04
-3.482075e-04
-3.571476e-04
-3.619393e-04
-3.742377e-04
-3.858658e-04
-3.938195e-04
-4.071139e-04
-4.099337e-04
-4.288570e-04
-4.322593e-04
-4.523740e-04
-4.556816e-04
-4.601954e-04
-4.788537e-04
-4.943890e-04
-5.081597e-04
-5.187718e-04
-5.201256e-04
-5.430300e-04
-5.478057e-04
-5.593503e-04
-5.658690e-04
-5.883682e-04
-6.110331e-04
-6.220361e-04
-6.366774e-04
-6.539635e-04
-6.619020e-04
-6.830382e-04
-6.912252e-04
-6.949423e-04
-7.159229e-04
-7.478420e-04
-7.507247e-04
-7.563557e-04
-7.753151e-04
-8.290322e-04
-8.341192e-04
-8.491782e-04
-8.537784e-04
-8.647953e-04
-9.406858e-04
-9.648835e-04
