1.269222e+05
5.176479e+03
1.417480e+03
2.126105e+02
6.513459e+01
9.986168e+00
2.694104e+00
6.669034e-01
2.195404e-01
4.273238e-02
1.107671e-02
3.928102e-03
3.647709e-03
3.539640e-03
3.447475e-03
3.342801e-03
3.191381e-03
3.079883e-03
2.982182e-03
2.723269e-03
2.650775e-03
2.591760e-03
2.477593e-03
2.404718e-03
2.302158e-03
2.170577e-03
2.002337e-03
1.927041e-03
1.842118e-03
1.738537e-03
1.687565e-03
1.572008e-03
1.463344e-03
1.384069e-03
1.357397e-03
1.297771e-03
1.163892e-03
1.033527e-03
9.675794e-04
8.747774e-04
8.318636e-04
7.221836e-04
6.948767e-04
5.398628e-04
4.664131e-04
3.706833e-04
3.456437e-04
2.994158e-04
1.847690e-04
9.719740e-05
2.162216e-06
-1.053200e-04
-1.963423e-04
-3.367784e-04
-3.885416e-04
-4.763169e-04
-6.414456e-04
-7.106047e-04
-7.597283e-04
-9.230576e-04
-1.066550e-03
-1.187609e-03
-1.506096e-03
-1.643781e-03
