8.420971e+04
3.298769e+03
2.385746e+03
1.703784e+03
1.254135e+03
7.349639e+02
6.079897e+02
4.738022e+02
3.789622e+02
3.406320e+02
3.255966e+02
2.838976e+02
2.628607e+02
2.397701e+02
2.174564e+02
2.070617e+02
2.044611e+02
1.740654e+02
1.624000e+02
1.603412e+02
1.576491e+02
1.521453e+02
1.371553e+02
1.305833e+02
1.268094e+02
1.165221e+02
1.129645e+02
1.058336e+02
1.014883e+02
9.096577e+01
8.732034e+01
8.053429e+01
7.498730e+01
7.311873e+01
6.998319e+01
6.607391e+01
6.187880e+01
6.019331e+01
5.777673e+01
5.337019e+01
5.238276e+01
4.791549e+01
4.417939e+01
4.318773e+01
4.007019e+01
3.830839e+01
3.472945e+01
3.403603e+01
3.170601e+01
2.926844e+01
2.793459e+01
2.561287e+01
2.488474e+01
2.403419e+01
2.314040e+01
2.257916e+01
2.027050e+01
1.843883e+01
1.654932e+01
1.629791e+01
1.437162e+01
1.395321e+01
1.281958e+01
1.249524e+01
1.202516e+01
1.048672e+01
9.782525e+00
9.299546e+00
8.349623e+00
7.942873e+00
7.669121e+00
7.138835e+00
6.654888e+00
6.330880e+00
6.067188e+00
5.475130e+00
5.127452e+00
4.672049e+00
4.413988e+00
4.245817e+00
4.106419e+00
3.834856e+00
3.627082e+00
3.482719e+00
3.272299e+00
3.164469e+00
3.041075e+00
2.822779e+00
2.743661e+00
2.527184e+00
2.367861e+00
2.255637e+00
2.202552e+00
2.045630e+00
1.887294e+00
1.774368e+00
1.616759e+00
1.536473e+00
1.517143e+00
1.428723e+00
1.384018e+00
1.346308e+00
1.206247e+00
1.120791e+00
1.032423e+00
9.959009e-01
9.569170e-01
9.078819e-01
8.343408e-01
8.222316e-01
7.318668e-01
6.910642e-01
6.803170e-01
6.415704e-01
6.092318e-01
5.919065e-01
5.855445e-01
5.536602e-01
5.285276e-01
5.222656e-01
4.789150e-01
4.525195e-01
4.384216e-01
4.175152e-01
3.992550e-01
3.830634e-01
3.599818e-01
3.577632e-01
3.335794e-01
3.074798e-01
2.899179e-01
2.683113e-01
2.540814e-01
2.351609e-01
2.306078e-01
2.168256e-01
2.032426e-01
1.999452e-01
1.779935e-01
1.752360e-01
1.656184e-01
1.561298e-01
1.486017e-01
1.364342e-01
1.320786e-01
1.189856e-01
1.115822e-01
1.041611e-01
1.029108e-01
9.790436e-02
9.568541e-02
8.707727e-02
8.397303e-02
7.857993e-02
6.663661e-02
6.508479e-02
5.978430e-02
5.931604e-02
5.368293e-02
5.158929e-02
4.599044e-02
4.410423e-02
3.985015e-02
3.709139e-02
3.623365e-02
3.366788e-02
3.284490e-02
3.221981e-02
3.054746e-02
2.998620e-02
2.831506e-02
2.631662e-02
2.533607e-02
2.378173e-02
2.280280e-02
1.968547e-02
1.928802e-02
1.883223e-02
1.832595e-02
1.761906e-02
1.707205e-02
1.558375e-02
1.541378e-02
1.530262e-02
1.430917e-02
1.353756e-02
1.315689e-02
1.150582e-02
1.117025e-02
1.059256e-02
1.003793e-02
9.435458e-03
8.806448e-03
8.532292e-03
7.844657e-03
7.714901e-03
7.317027e-03
6.879872e-03
6.554651e-03
5.860434e-03
5.789323e-03
5.372973e-03
5.081722e-03
4.958002e-03
4.289887e-03
4.131260e-03
3.932193e-03
3.718748e-03
3.603038e-03
2.952444e-03
2.693322e-03
2.608279e-03
2.585074e-03
2.458960e-03
2.320260e-03
2.077988e-03
2.052846e-03
1.880884e-03
1.757060e-03
1.691047e-03
1.645382e-03
1.590001e-03
1.581061e-03
1.540375e-03
1.503677e-03
1.464473e-03
1.394761e-03
1.383739e-03
1.377736e-03
1.325891e-03
1.309112e-03
1.277737e-03
1.224743e-03
1.221610e-03
1.174590e-03
1.167775e-03
1.106120e-03
1.103439e-03
1.074870e-03
1.068338e-03
1.056575e-03
1.036194e-03
1.017000e-03
1.009091e-03
9.834528e-04
9.672715e-04
9.583117e-04
9.428275e-04
9.332795e-04
9.170547e-04
9.028353e-04
8.937422e-04
8.879498e-04
8.720249e-04
8.546570e-04
8.415161e-04
8.275894e-04
8.077048e-04
7.962577e-04
7.931727e-04
7.702558e-04
7.642299e-04
7.606782e-04
7.369384e-04
7.328634e-04
7.288373e-04
7.259275e-04
7.083094e-04
6.920607e-04
6.781276e-04
6.743588e-04
6.640377e-04
6.493363e-04
6.470596e-04
6.242430e-04
6.194346e-04
6.137093e-04
6.025917e-04
5.971292e-04
5.902437e-04
5.775260e-04
5.611610e-04
5.536685e-04
5.505512e-04
5.324216e-04
5.232993e-04
5.106571e-04
5.032778e-04
4.822176e-04
4.714885e-04
4.679205e-04
4.594094e-04
4.584032e-04
4.418070e-04
4.335274e-04
4.208538e-04
4.111382e-04
4.070708e-04
4.016768e-04
3.873692e-04
3.715695e-04
3.708747e-04
3.635071e-04
3.559529e-04
3.425168e-04
3.383864e-04
3.213093e-04
3.140103e-04
2.987193e-04
2.944806e-04
2.797152e-04
2.756735e-04
2.654052e-04
2.547298e-04
2.470463e-04
2.332440e-04
2.298265e-04
2.123338e-04
2.100246e-04
1.979256e-04
1.948130e-04
1.878643e-04
1.784036e-04
1.711016e-04
1.570620e-04
1.472120e-04
1.325185e-04
1.312796e-04
1.247721e-04
1.163437e-04
1.029623e-04
9.237552e-05
7.642774e-05
6.833085e-05
6.025092e-05
4.912437e-05
4.416813e-05
3.531797e-05
2.777428e-05
9.766709e-06
5.662068e-07
3.032408e-14
8.978016e-15
-2.539781e-14
-4.157176e-06
-9.613174e-06
-2.522883e-05
-3.584356e-05
-4.422693e-05
-4.835282e-05
-5.666960e-05
-8.577564e-05
-9.082336e-05
-1.001698e-04
-1.059302e-04
-1.292395e-04
-1.372681e-04
-1.488747e-04
-1.595755e-04
-1.683128e-04
-1.778122e-04
-1.930987e-04
-1.997302e-04
-2.155608e-04
-2.217246e-04
-2.318811e-04
-2.478982e-04
-2.622128e-04
-2.684532e-04
-2.912924e-04
-2.976149e-04
-3.088010e-04
-3.177836e-04
-3.392899e-04
-3.601646e-04
-3.655739e-04
-3.907610e-04
-4.008198e-04
-4.129178e-04
-4.416509e-04
-4.610359e-04
-4.644289e-04
-4.800278e-04
-5.208272e-04
