2.324440e+05
3.445684e+04
1.149358e+04
2.767517e+03
3.509630e+02
5.079143e+01
1.971321e+01
9.436471e+00
2.416947e+00
3.689605e-01
1.276060e-01
5.502465e-02
4.697763e-02
3.170136e-02
3.060635e-02
3.007714e-02
2.688416e-02
2.526265e-02
2.388838e-02
2.198174e-02
2.088391e-02
2.002093e-02
1.836787e-02
1.663445e-02
1.661180e-02
1.576984e-02
1.475285e-02
1.402453e-02
1.390765e-02
1.341040e-02
1.263790e-02
1.200767e-02
1.171995e-02
1.124058e-02
1.100041e-02
1.038364e-02
1.008601e-02
9.880021e-03
9.708085e-03
9.582317e-03
9.129919e-03
8.835102e-03
8.406285e-03
8.230508e-03
7.959130e-03
7.776288e-03
7.506622e-03
7.054195e-03
6.783576e-03
6.370496e-03
6.188230e-03
5.959905e-03
5.712694e-03
5.584979e-03
5.274547e-03
5.198329e-03
4.872304e-03
4.845154e-03
4.835276e-03
4.735530e-03
4.286399e-03
4.270843e-03
3.929402e-03
3.908707e-03
3.773735e-03
3.389738e-03
3.309413e-03
2.932173e-03
2.896843e-03
2.748791e-03
2.592531e-03
2.485457e-03
2.437430e-03
2.366668e-03
2.212415e-03
2.111032e-03
2.010324e-03
1.972170e-03
1.802993e-03
1.754005e-03
1.496082e-03
1.409826e-03
1.389163e-03
1.277706e-03
1.161439e-03
1.106256e-03
1.034037e-03
9.562799e-04
9.177419e-04
8.987465e-04
8.042282e-04
5.608100e-04
3.520930e-04
2.018864e-04
1.254018e-04
2.398903e-06
-2.774146e-04
-4.374530e-04
-6.916253e-04
-8.539862e-04
-1.184958e-03
-1.769382e-03
-2.037236e-03
-2.596955e-03
-2.930888e-03
-3.017960e-03
-4.149750e-03
-4.769303e-03
-5.009471e-03
-5.977830e-03
-6.842872e-03
-7.300832e-03
-8.749944e-03
-1.052941e-02
-1.264757e-02
-1.300311e-02
-1.422572e-02
-1.739638e-02
-1.849684e-02
-2.126650e-02
-2.569428e-02
-2.876997e-02
-3.161591e-02
-3.418583e-02
-3.794299e-02
-3.906434e-02
-6.300870e-02
-7.684450e-02
