5.787702e+04
1.123436e+04
4.749290e+03
1.730971e+03
7.724910e+02
4.074125e+02
3.012790e+02
2.193391e+02
1.383887e+02
9.027296e+01
5.902577e+01
5.032341e+01
3.555878e+01
2.776085e+01
1.816387e+01
1.209958e+01
1.113427e+01
8.935835e+00
6.283669e+00
5.573410e+00
5.083851e+00
4.187684e+00
2.154362e+00
1.499134e+00
1.372294e+00
1.228707e+00
1.124462e+00
8.339303e-01
7.274557e-01
4.860652e-01
2.819907e-01
2.143646e-01
1.911408e-01
1.574003e-01
1.411681e-01
6.980287e-02
6.455112e-02
4.882091e-02
2.931004e-02
2.720250e-02
2.018999e-02
1.192676e-02
9.821416e-03
8.226964e-03
5.247515e-03
4.530692e-03
2.289077e-03
1.845816e-03
1.250019e-03
1.180565e-03
1.024832e-03
9.323937e-04
8.850857e-04
8.144999e-04
8.006346e-04
7.791291e-04
7.551908e-04
7.407090e-04
7.020389e-04
6.773151e-04
6.572441e-04
6.366929e-04
6.343758e-04
6.197068e-04
6.062901e-04
5.994648e-04
5.780993e-04
5.771217e-04
5.629719e-04
5.451438e-04
5.390194e-04
5.241429e-04
5.209135e-04
5.126827e-04
5.039957e-04
4.973477e-04
4.955924e-04
4.912460e-04
4.807560e-04
4.733595e-04
4.693797e-04
4.630007e-04
4.517072e-04
4.497903e-04
4.436301e-04
4.372160e-04
4.315869e-04
4.281427e-04
4.228709e-04
4.176466e-04
4.123177e-04
4.075568e-04
4.025442e-04
3.997648e-04
3.940111e-04
3.908346e-04
3.868688e-04
3.822332e-04
3.747349e-04
3.730362e-04
3.677755e-04
3.658331e-04
3.635861e-04
3.560682e-04
3.523416e-04
3.469427e-04
3.454581e-04
3.401072e-04
3.370490e-04
3.338915e-04
3.290498e-04
3.260480e-04
3.211041e-04
3.169672e-04
3.123436e-04
3.121792e-04
3.071124e-04
3.034944e-04
3.027428e-04
2.987836e-04
2.963073e-04
2.920951e-04
2.903456e-04
2.876126e-04
2.808293e-04
2.797206e-04
2.776735e-04
2.696021e-04
2.694789e-04
2.646204e-04
2.636632e-04
2.609050e-04
2.592423e-04
2.548644e-04
2.544422e-04
2.515955e-04
2.483545e-04
2.470474e-04
2.439713e-04
2.418502e-04
2.338257e-04
2.326463e-04
2.302715e-04
2.286544e-04
2.231408e-04
2.223431e-04
2.197993e-04
2.179232e-04
2.159778e-04
2.135536e-04
2.072896e-04
2.039171e-04
2.025261e-04
1.997486e-04
1.982032e-04
1.972967e-04
1.928657e-04
1.895358e-04
1.867212e-04
1.865180e-04
1.843629e-04
1.796929e-04
1.782657e-04
1.774525e-04
1.758638e-04
1.742349e-04
1.704198e-04
1.651924e-04
1.622543e-04
1.611615e-04
1.593750e-04
1.577845e-04
1.546854e-04
1.504155e-04
1.491194e-04
1.448419e-04
1.424706e-04
1.395311e-04
1.388446e-04
1.367167e-04
1.343256e-04
1.310173e-04
1.303899e-04
1.263481e-04
1.247829e-04
1.223696e-04
1.191862e-04
1.176796e-04
1.145505e-04
1.116218e-04
1.091344e-04
1.082713e-04
1.062532e-04
1.037579e-04
1.018890e-04
1.015889e-04
9.814680e-05
9.611827e-05
9.286249e-05
8.796594e-05
8.744561e-05
8.546307e-05
8.329256e-05
7.864755e-05
7.696927e-05
7.541765e-05
7.493233e-05
6.996251e-05
6.901634e-05
6.404432e-05
6.308748e-05
6.199262e-05
5.862541e-05
5.740822e-05
5.465400e-05
5.260512e-05
5.186847e-05
4.892038e-05
4.524698e-05
4.352520e-05
4.073230e-05
3.775160e-05
3.632389e-05
3.439616e-05
3.256819e-05
2.710201e-05
2.660622e-05
2.253234e-05
2.082532e-05
1.919712e-05
1.721990e-05
1.543669e-05
1.313146e-05
7.945531e-06
6.935784e-06
5.747416e-06
1.961871e-06
1.841060e-06
7.763844e-07
1.491016e-13
4.398534e-14
1.781601e-14
-4.692399e-16
-2.763939e-14
-7.281714e-14
-1.897586e-06
-4.115813e-06
-8.420654e-06
-9.994611e-06
-1.344920e-05
-1.369136e-05
-1.791664e-05
-2.014309e-05
-2.050135e-05
-2.454615e-05
-2.555215e-05
-2.759101e-05
-2.966045e-05
-3.088852e-05
-3.535821e-05
-3.697404e-05
-4.027314e-05
-4.197987e-05
-4.305400e-05
-4.419243e-05
-4.516167e-05
-4.729999e-05
-4.944491e-05
-5.266057e-05
-5.640970e-05
-5.848795e-05
-6.297069e-05
-6.367308e-05
-6.584754e-05
-6.820495e-05
-6.964992e-05
-7.201933e-05
-7.495939e-05
-7.551746e-05
-7.754614e-05
-8.269628e-05
-8.520235e-05
-8.860811e-05
-9.256414e-05
-9.515759e-05
-9.598737e-05
-9.750912e-05
-1.001162e-04
-1.047232e-04
-1.068612e-04
-1.077498e-04
-1.101493e-04
-1.134197e-04
-1.151355e-04
-1.180135e-04
-1.188563e-04
-1.218073e-04
-1.247045e-04
-1.265092e-04
-1.294625e-04
-1.324528e-04
-1.365575e-04
-1.393720e-04
-1.404560e-04
-1.421170e-04
-1.448543e-04
-1.457205e-04
-1.471843e-04
-1.497177e-04
-1.511969e-04
-1.564636e-04
-1.596085e-04
-1.643398e-04
-1.653524e-04
-1.683456e-04
-1.715402e-04
-1.740965e-04
-1.767348e-04
-1.804410e-04
-1.841788e-04
-1.869064e-04
-1.895090e-04
-1.906065e-04
-1.943713e-04
-1.971072e-04
-1.974790e-04
-2.005877e-04
-2.053103e-04
-2.095784e-04
-2.103930e-04
-2.125550e-04
-2.171200e-04
-2.188556e-04
-2.217952e-04
-2.249188e-04
-2.296870e-04
-2.329002e-04
-2.352759e-04
-2.380621e-04
-2.397731e-04
-2.463843e-04
-2.481552e-04
-2.527309e-04
-2.551609e-04
-2.597895e-04
-2.643585e-04
-2.647035e-04
-2.682712e-04
-2.714681e-04
-2.776382e-04
-2.800403e-04
-2.807064e-04
-2.895502e-04
-2.927561e-04
-2.976006e-04
-3.012374e-04
-3.087342e-04
-3.113392e-04
-3.162929e-04
-3.202244e-04
-3.218808e-04
-3.291120e-04
-3.319842e-04
-3.415636e-04
-3.460161e-04
-3.527283e-04
-3.604882e-04
-3.627170e-04
-3.673113e-04
-3.808615e-04
-3.865199e-04
-3.981864e-04
-4.070044e-04
-4.094477e-04
-4.334503e-04
-4.403628e-04
-4.649942e-04
-4.781535e-04
-4.913501e-04
-5.193444e-04
-5.520530e-04
-6.269813e-04
-7.768279e-04
-1.022322e-03
