3.236427e+10
1.379925e+10
6.805360e+09
4.815455e+09
4.328601e+09
3.816325e+09
3.240749e+09
2.994846e+09
2.730533e+09
2.564418e+09
2.503601e+09
2.360851e+09
2.318629e+09
2.099666e+09
1.973860e+09
1.880700e+09
1.837859e+09
1.727338e+09
1.607939e+09
1.550897e+09
1.533191e+09
1.381846e+09
1.327151e+09
1.261019e+09
1.229621e+09
1.205137e+09
1.185753e+09
1.149146e+09
1.097227e+09
1.067346e+09
1.027296e+09
9.631910e+08
9.614781e+08
9.172913e+08
9.002728e+08
8.692618e+08
8.393236e+08
7.993583e+08
7.782247e+08
7.682384e+08
7.409933e+08
7.168477e+08
6.811996e+08
6.686548e+08
6.487049e+08
6.199907e+08
6.092899e+08
5.980335e+08
5.834220e+08
5.749386e+08
5.612835e+08
5.417457e+08
5.135928e+08
5.059991e+08
4.923842e+08
4.909936e+08
4.737503e+08
4.508957e+08
4.413107e+08
4.344686e+08
4.286908e+08
4.146875e+08
4.007856e+08
3.938765e+08
3.855719e+08
3.814619e+08
3.634201e+08
3.591985e+08
3.487176e+08
3.463498e+08
3.354363e+08
3.300188e+08
3.176862e+08
3.155268e+08
3.048076e+08
2.948694e+08
2.838732e+08
2.802062e+08
2.745579e+08
2.568523e+08
2.509582e+08
2.442598e+08
2.404083e+08
2.363150e+08
2.273376e+08
2.207499e+08
2.129846e+08
2.089119e+08
2.070171e+08
1.980645e+08
1.966536e+08
1.918564e+08
1.836549e+08
1.786679e+08
1.751392e+08
1.637392e+08
1.605106e+08
1.568669e+08
1.459642e+08
1.419928e+08
1.416520e+08
1.340419e+08
1.323575e+08
1.284090e+08
1.177604e+08
1.128987e+08
1.093090e+08
1.022926e+08
9.818845e+07
9.159398e+07
8.961970e+07
8.436879e+07
7.818684e+07
7.542078e+07
6.017347e+07
5.281207e+07
4.176196e+07
3.871125e+07
3.703434e+07
3.314672e+07
2.666981e+07
2.530231e+07
1.459824e+07
1.264945e+07
9.703026e+06
7.152014e+06
4.944002e+06
8.905601e+05
