1.283816e+05
6.041022e+03
2.994112e+03
2.828677e+03
1.895373e+03
1.733294e+03
1.399887e+03
1.028086e+03
9.238253e+02
6.375356e+02
5.938400e+02
5.068211e+02
2.859090e+02
2.713949e+02
2.361006e+02
2.047849e+02
1.731423e+02
1.621376e+02
1.440110e+02
1.149194e+02
1.001004e+02
9.606157e+01
8.976320e+01
8.301573e+01
6.910333e+01
6.660556e+01
6.194410e+01
6.127045e+01
5.408906e+01
5.059605e+01
4.903163e+01
4.373281e+01
4.172947e+01
3.583483e+01
3.326017e+01
3.221273e+01
2.889132e+01
2.793724e+01
2.690329e+01
2.492964e+01
2.182291e+01
2.027408e+01
1.879526e+01
1.788742e+01
1.638039e+01
1.548675e+01
1.488621e+01
1.400703e+01
1.240969e+01
1.194595e+01
1.110686e+01
1.031855e+01
9.750285e+00
9.278870e+00
8.334745e+00
7.895761e+00
7.095496e+00
6.636462e+00
6.293733e+00
5.776932e+00
5.030283e+00
4.603899e+00
4.424490e+00
3.954810e+00
3.755557e+00
3.520851e+00
3.408557e+00
3.137697e+00
2.880867e+00
2.691649e+00
2.605757e+00
2.396718e+00
2.035589e+00
2.017745e+00
1.910050e+00
1.765015e+00
1.760086e+00
1.556661e+00
1.470845e+00
1.252339e+00
1.167346e+00
1.124418e+00
1.050380e+00
9.716570e-01
8.920479e-01
8.564057e-01
8.021741e-01
7.821143e-01
7.269248e-01
6.436552e-01
5.974950e-01
5.539609e-01
5.089200e-01
4.895071e-01
4.545697e-01
4.293220e-01
4.040571e-01
3.853011e-01
3.674969e-01
3.366500e-01
3.246662e-01
3.098630e-01
2.885415e-01
2.619038e-01
2.558459e-01
2.409325e-01
2.267194e-01
2.041002e-01
1.812466e-01
1.673980e-01
1.574235e-01
1.522737e-01
1.402238e-01
1.299138e-01
1.259821e-01
1.120595e-01
9.954888e-02
8.939025e-02
8.596386e-02
7.928869e-02
7.705253e-02
7.148369e-02
6.427048e-02
5.923058e-02
5.838511e-02
5.096653e-02
4.625646e-02
4.238087e-02
4.045212e-02
3.895316e-02
3.568837e-02
3.434369e-02
3.419587e-02
2.947101e-02
2.719984e-02
2.262715e-02
2.120259e-02
1.915581e-02
1.838315e-02
1.781142e-02
1.665315e-02
1.615507e-02
1.482793e-02
1.270882e-02
1.252082e-02
1.062487e-02
1.006430e-02
9.572778e-03
9.201786e-03
8.428969e-03
7.754306e-03
7.730982e-03
7.019514e-03
6.516474e-03
6.013949e-03
5.392554e-03
5.337034e-03
4.680885e-03
4.066840e-03
3.761066e-03
3.601396e-03
3.368798e-03
2.998182e-03
2.865145e-03
2.783560e-03
2.659296e-03
2.550466e-03
2.425878e-03
2.285324e-03
2.150504e-03
2.059186e-03
1.984742e-03
1.893139e-03
1.809859e-03
1.728867e-03
1.601705e-03
1.576343e-03
1.528380e-03
1.440261e-03
1.420039e-03
1.397569e-03
1.384309e-03
1.353030e-03
1.332605e-03
1.327484e-03
1.308259e-03
1.267910e-03
1.242921e-03
1.225536e-03
1.207825e-03
1.195681e-03
1.171379e-03
1.155680e-03
1.151714e-03
1.145900e-03
1.125813e-03
1.106354e-03
1.100172e-03
1.086463e-03
1.049233e-03
1.040114e-03
1.035088e-03
1.028563e-03
1.011380e-03
9.955695e-04
9.898251e-04
9.753612e-04
9.620562e-04
9.431671e-04
9.227665e-04
9.135609e-04
9.030463e-04
9.021922e-04
8.893559e-04
8.832151e-04
8.584074e-04
8.521402e-04
8.407626e-04
8.289773e-04
8.236159e-04
8.217506e-04
8.007185e-04
7.913312e-04
7.766728e-04
7.637932e-04
7.575135e-04
7.406333e-04
7.319856e-04
7.202583e-04
7.190052e-04
7.048862e-04
6.904613e-04
6.871914e-04
6.790690e-04
6.651341e-04
6.592883e-04
6.431130e-04
6.286757e-04
6.159086e-04
6.125002e-04
6.034996e-04
5.848477e-04
5.782591e-04
5.710866e-04
5.577418e-04
5.436624e-04
5.391110e-04
5.343942e-04
5.172844e-04
5.096308e-04
5.013378e-04
4.960111e-04
4.889531e-04
4.776037e-04
4.744349e-04
4.575308e-04
4.415822e-04
4.299891e-04
4.082838e-04
4.060004e-04
4.049469e-04
3.946639e-04
3.837686e-04
3.673277e-04
3.546716e-04
3.498982e-04
3.476267e-04
3.347135e-04
3.191044e-04
3.126886e-04
3.091881e-04
2.971999e-04
2.888012e-04
2.811792e-04
2.728064e-04
2.635572e-04
2.539401e-04
2.461604e-04
2.427026e-04
2.309319e-04
2.274738e-04
2.078859e-04
2.029237e-04
1.935243e-04
1.807875e-04
1.763395e-04
1.702013e-04
1.648187e-04
1.527198e-04
1.413165e-04
1.329359e-04
1.180377e-04
1.170677e-04
1.076231e-04
9.464411e-05
8.168915e-05
7.616299e-05
6.264890e-05
5.670805e-05
5.072094e-05
4.876399e-05
3.581538e-05
2.165888e-05
1.632520e-05
-5.969062e-06
-1.238735e-05
-1.569750e-05
-2.366132e-05
-3.564099e-05
-4.864913e-05
-5.631614e-05
-6.795716e-05
-8.218039e-05
-8.557288e-05
-8.944079e-05
-1.004616e-04
-1.093275e-04
-1.186854e-04
-1.315149e-04
-1.368044e-04
-1.466739e-04
-1.507897e-04
-1.634076e-04
-1.765766e-04
-1.909540e-04
-1.968535e-04
-2.054736e-04
-2.151702e-04
-2.235898e-04
-2.258527e-04
-2.360973e-04
-2.579009e-04
-2.696633e-04
-2.860748e-04
-2.944690e-04
-3.013291e-04
-3.029390e-04
-3.107280e-04
-3.239439e-04
-3.372364e-04
-3.428312e-04
-3.534232e-04
-3.625921e-04
-3.657460e-04
-3.876846e-04
-3.939226e-04
-4.010611e-04
-4.108175e-04
-4.255821e-04
-4.512139e-04
-4.560985e-04
-4.646968e-04
-4.863360e-04
-4.893254e-04
-4.932092e-04
-5.043815e-04
-5.193182e-04
-5.285470e-04
-5.470979e-04
-5.618254e-04
-5.839927e-04
-5.903958e-04
-6.095211e-04
-6.198782e-04
-6.383128e-04
-6.497964e-04
-6.631617e-04
-6.763368e-04
-6.820177e-04
-6.903810e-04
-7.073509e-04
-7.282109e-04
-7.462821e-04
-7.643949e-04
-7.770917e-04
-7.863840e-04
-8.111813e-04
-8.329696e-04
-8.435592e-04
-8.600284e-04
-8.804306e-04
-9.139633e-04
-9.507448e-04
-9.861357e-04
