3.060146e+10
1.382543e+10
6.978390e+09
4.416184e+09
4.236428e+09
3.636836e+09
3.318503e+09
2.945898e+09
2.818880e+09
2.532650e+09
2.509266e+09
2.267115e+09
2.157585e+09
2.050260e+09
1.896991e+09
1.793768e+09
1.741725e+09
1.659014e+09
1.588708e+09
1.492060e+09
1.424234e+09
1.389382e+09
1.330350e+09
1.285977e+09
1.277715e+09
1.210635e+09
1.164156e+09
1.123931e+09
1.088384e+09
1.056353e+09
1.040895e+09
1.002063e+09
9.553305e+08
9.208692e+08
9.061313e+08
8.747532e+08
8.295220e+08
7.971103e+08
7.951353e+08
7.473069e+08
7.369849e+08
7.309866e+08
7.234511e+08
6.892877e+08
6.644616e+08
6.574578e+08
6.365878e+08
6.287785e+08
6.071702e+08
5.955521e+08
5.827164e+08
5.608333e+08
5.456388e+08
5.307192e+08
5.186600e+08
5.080094e+08
5.053398e+08
5.003355e+08
4.845303e+08
4.710646e+08
4.537091e+08
4.467753e+08
4.363689e+08
4.257673e+08
4.158309e+08
4.073533e+08
3.975476e+08
3.814897e+08
3.749440e+08
3.729778e+08
3.639928e+08
3.527233e+08
3.444214e+08
3.335655e+08
3.218806e+08
3.195942e+08
3.151663e+08
3.013279e+08
2.908213e+08
2.864948e+08
2.802204e+08
2.738404e+08
2.618852e+08
2.569954e+08
2.485749e+08
2.435612e+08
2.324759e+08
2.276072e+08
2.217142e+08
2.139737e+08
2.101495e+08
1.955998e+08
1.898651e+08
1.859854e+08
1.829010e+08
1.776581e+08
1.720534e+08
1.674845e+08
1.668781e+08
1.567640e+08
1.532097e+08
1.502940e+08
1.394347e+08
1.327965e+08
1.296984e+08
1.273020e+08
1.202132e+08
1.191314e+08
1.112945e+08
1.054199e+08
1.023136e+08
1.012496e+08
9.722726e+07
9.119566e+07
8.171896e+07
7.992515e+07
7.716014e+07
7.321706e+07
6.906633e+07
5.928518e+07
5.829337e+07
5.341675e+07
5.058072e+07
4.893905e+07
4.615717e+07
4.188341e+07
2.702378e+07
2.358547e+07
