6.859367e+05
2.621072e+05
2.206650e+05
1.728241e+05
1.349161e+05
9.493194e+04
8.883466e+04
7.959418e+04
7.214786e+04
6.554000e+04
6.452183e+04
5.870089e+04
5.509246e+04
5.207314e+04
3.922916e+04
3.644418e+04
3.117238e+04
2.328018e+04
1.729377e+04
1.489119e+04
1.075437e+04
1.008772e+04
9.163338e+03
8.481688e+03
7.915293e+03
5.661182e+03
5.181070e+03
4.936681e+03
4.458645e+03
4.257002e+03
3.620807e+03
3.016222e+03
2.405297e+03
2.141286e+03
1.592610e+03
1.236665e+03
1.223302e+03
9.480972e+02
8.818786e+02
6.525699e+02
6.106683e+02
5.428367e+02
4.192290e+02
3.896821e+02
3.447627e+02
3.046150e+02
2.490687e+02
1.964816e+02
1.864015e+02
1.416836e+02
1.202584e+02
9.342078e+01
7.830496e+01
6.380230e+01
5.746991e+01
4.467869e+01
4.044278e+01
3.184295e+01
2.625231e+01
2.162447e+01
1.818096e+01
1.564182e+01
1.411783e+01
1.178397e+01
1.098602e+01
9.491864e+00
6.751921e+00
6.419144e+00
4.197337e+00
3.255603e+00
3.181608e+00
2.517663e+00
2.430460e+00
1.651882e+00
1.554947e+00
1.462061e+00
1.198807e+00
9.715021e-01
6.067235e-01
5.619981e-01
4.279310e-01
3.739141e-01
3.246432e-01
2.958102e-01
2.597008e-01
2.459847e-01
1.193551e-01
9.064966e-02
6.891055e-02
5.605846e-02
5.024447e-02
4.864787e-02
4.731140e-02
4.370968e-02
4.307016e-02
4.138199e-02
4.098639e-02
3.973947e-02
3.922715e-02
3.734850e-02
3.538515e-02
3.418713e-02
3.206870e-02
3.059774e-02
2.860669e-02
2.802752e-02
2.740763e-02
2.615501e-02
2.577747e-02
2.554915e-02
2.448401e-02
2.202755e-02
2.149282e-02
2.076316e-02
2.042474e-02
1.980565e-02
1.825560e-02
1.782847e-02
1.693654e-02
1.669988e-02
1.602474e-02
1.577736e-02
1.409796e-02
1.378866e-02
1.319190e-02
9.628294e-03
3.641774e-03
2.092878e-13
