1.259385e+08
2.255301e+07
1.627448e+06
1.463170e+06
9.156685e+05
3.101945e+05
2.869994e+05
9.821066e+04
1.685550e+04
1.296806e+04
4.409352e+03
1.293840e+03
5.403562e+02
3.055403e+02
7.031273e+01
5.736552e+01
5.269658e+01
4.638026e+01
2.859734e+01
2.485687e+01
2.346749e+01
2.007364e+01
1.728742e+01
1.558037e+01
1.386508e+01
1.282703e+01
1.247201e+01
1.130690e+01
1.100307e+01
1.042643e+01
9.645313e+00
9.288682e+00
9.056293e+00
8.509646e+00
8.053236e+00
7.572933e+00
7.040459e+00
6.826758e+00
6.561303e+00
5.767140e+00
5.648198e+00
5.256032e+00
5.148836e+00
4.739360e+00
4.727899e+00
4.285580e+00
3.971232e+00
3.838966e+00
3.303621e+00
3.218787e+00
2.976186e+00
2.643234e+00
2.467338e+00
2.283121e+00
2.226061e+00
2.062641e+00
1.917197e+00
1.506325e+00
1.445085e+00
1.278009e+00
1.103912e+00
9.731242e-01
9.268975e-01
8.754686e-01
7.871801e-01
6.648542e-01
5.032533e-01
4.172243e-01
3.805316e-01
3.663954e-01
2.179397e-01
1.630438e-01
9.443537e-02
7.593006e-02
5.007783e-02
3.733277e-02
1.609801e-02
1.746233e-10
-2.328309e-10
-3.015165e-02
-6.691832e-02
-1.879808e-01
-2.249314e-01
-2.606680e-01
-3.582306e-01
-3.980999e-01
-4.454160e-01
-5.165949e-01
-6.299740e-01
-6.660721e-01
-7.042615e-01
-8.983176e-01
-1.026228e+00
-1.134561e+00
-1.287061e+00
-1.540779e+00
-1.728270e+00
-1.925312e+00
-2.148122e+00
-2.191513e+00
-2.505829e+00
-2.714542e+00
-3.030665e+00
-3.178590e+00
-3.360253e+00
-3.899631e+00
-3.978646e+00
-4.078545e+00
-4.292738e+00
-4.812695e+00
-5.728852e+00
-6.237388e+00
-6.776296e+00
-7.551755e+00
-8.866975e+00
-9.613946e+00
-9.640487e+00
-1.093364e+01
-1.231427e+01
-1.525383e+01
-2.176765e+01
-2.339962e+01
-2.390923e+01
-2.816887e+01
-3.480903e+01
-4.324924e+01
-4.997021e+01
-7.011586e+01
