2.551227e+10
1.308038e+10
6.475502e+09
4.985483e+09
4.486008e+09
3.637675e+09
3.366137e+09
3.084595e+09
2.898115e+09
2.592096e+09
2.358121e+09
2.248541e+09
2.190826e+09
2.063974e+09
1.966623e+09
1.826448e+09
1.693742e+09
1.638417e+09
1.624905e+09
1.565989e+09
1.413175e+09
1.343623e+09
1.279359e+09
1.230286e+09
1.188797e+09
1.175868e+09
1.120062e+09
1.074566e+09
1.014624e+09
9.819749e+08
9.784791e+08
9.561127e+08
9.230503e+08
8.750588e+08
8.568060e+08
8.331176e+08
8.136842e+08
7.976541e+08
7.942657e+08
7.646047e+08
7.316767e+08
7.007515e+08
6.748706e+08
6.612721e+08
6.454383e+08
6.343813e+08
6.187298e+08
6.074459e+08
5.765478e+08
5.630271e+08
5.445273e+08
5.310434e+08
5.201496e+08
5.103487e+08
5.004397e+08
4.883633e+08
4.562774e+08
4.460737e+08
4.431063e+08
4.347862e+08
4.260525e+08
4.041640e+08
4.018436e+08
3.915874e+08
3.882305e+08
3.778201e+08
3.701706e+08
3.591034e+08
3.421126e+08
3.326002e+08
3.270651e+08
3.187881e+08
3.078472e+08
3.049286e+08
2.922099e+08
2.868665e+08
2.832877e+08
2.661625e+08
2.631148e+08
2.550579e+08
2.478263e+08
2.455560e+08
2.328878e+08
2.265174e+08
2.199067e+08
2.127763e+08
2.049696e+08
2.000714e+08
1.964617e+08
1.922605e+08
1.871770e+08
1.807789e+08
1.734358e+08
1.708116e+08
1.669159e+08
1.651042e+08
1.622216e+08
1.536308e+08
1.495789e+08
1.456208e+08
1.384476e+08
1.317874e+08
1.228944e+08
1.164502e+08
1.131241e+08
1.092173e+08
1.083152e+08
1.027845e+08
9.820428e+07
9.525605e+07
8.779843e+07
8.143526e+07
7.739434e+07
6.769632e+07
5.949903e+07
5.834791e+07
4.558778e+07
4.316946e+07
3.619510e+07
2.784387e+07
2.603965e+07
2.492211e+07
2.002519e+07
1.926769e+07
1.402252e+07
8.899455e+06
4.204706e+06
2.844555e+06
