1.158088e+10
8.343822e+08
2.062989e+08
1.052788e+08
6.556352e+07
5.420524e+07
5.279348e+07
4.263899e+07
3.478956e+07
2.963530e+07
2.638501e+07
2.320673e+07
2.121673e+07
1.517567e+07
1.307144e+07
1.207726e+07
8.927960e+06
7.870494e+06
6.719022e+06
5.470024e+06
4.943390e+06
4.379248e+06
3.758177e+06
3.686598e+06
2.929409e+06
2.707339e+06
2.258665e+06
1.869347e+06
1.641175e+06
1.440983e+06
1.174312e+06
1.067589e+06
9.642251e+05
8.551512e+05
7.761515e+05
7.187274e+05
6.162041e+05
5.782036e+05
4.828301e+05
4.425385e+05
4.193282e+05
3.896527e+05
3.798295e+05
2.754644e+05
2.378980e+05
2.068780e+05
1.796629e+05
1.511566e+05
1.296820e+05
1.154030e+05
9.792085e+04
7.641063e+04
5.795500e+04
4.905705e+04
3.745784e+04
3.528344e+04
3.279017e+04
2.265929e+04
2.077616e+04
1.945436e+04
1.365285e+04
1.258661e+04
1.164172e+04
7.581562e+03
6.490407e+03
3.795816e+03
3.343514e+03
2.539003e+03
1.778725e+03
1.433804e+03
1.192617e+03
5.008237e+02
4.312477e+02
3.907003e+02
3.665545e+02
3.161096e+02
1.305351e+02
1.125844e+02
9.816485e+01
6.013653e+01
4.712198e+01
3.537914e+01
2.574384e+01
1.554636e+01
1.391454e+01
9.558906e+00
7.655666e+00
4.837610e+00
4.118696e+00
2.808181e+00
1.728417e+00
1.413198e+00
1.047599e+00
7.355312e-01
6.268962e-01
3.555250e-01
2.492585e-01
2.374694e-01
1.388509e-01
1.202769e-01
9.322254e-02
8.793341e-02
6.061033e-02
4.532648e-02
3.747391e-02
3.242529e-02
2.535786e-02
2.168966e-02
2.013531e-02
1.590298e-02
1.518829e-02
1.089362e-02
8.568027e-03
5.523828e-03
5.344647e-03
4.725071e-03
3.187638e-03
1.510872e-03
-1.572840e-04
-1.421086e-03
-2.294729e-03
-4.210313e-03
-5.673709e-03
-9.450594e-03
-1.080989e-02
-2.524634e-02
-3.291321e-02
-5.147775e-01
