1.262599e+05
6.950298e+03
4.538114e+03
2.005158e+03
1.346637e+03
1.134512e+03
6.091495e+02
5.772853e+02
5.350989e+02
4.674109e+02
3.781259e+02
3.196348e+02
3.022576e+02
2.592673e+02
2.513361e+02
2.155662e+02
2.059608e+02
1.889819e+02
1.613083e+02
1.372899e+02
1.367067e+02
1.284915e+02
1.206533e+02
1.161476e+02
1.027497e+02
9.538696e+01
9.294151e+01
8.479942e+01
7.884599e+01
7.433972e+01
6.836298e+01
6.410213e+01
6.207112e+01
5.816452e+01
5.283677e+01
5.178323e+01
4.656209e+01
4.363095e+01
4.124257e+01
3.840390e+01
3.689703e+01
3.574191e+01
3.193427e+01
3.071042e+01
2.908639e+01
2.646267e+01
2.515970e+01
2.421303e+01
2.261583e+01
2.106627e+01
1.939644e+01
1.754918e+01
1.626930e+01
1.473466e+01
1.397556e+01
1.305893e+01
1.248622e+01
1.101885e+01
9.997419e+00
9.254933e+00
8.804591e+00
7.920170e+00
7.720627e+00
6.906493e+00
6.663072e+00
5.912241e+00
5.656685e+00
5.380854e+00
4.880471e+00
4.161028e+00
3.852271e+00
3.485874e+00
3.214505e+00
3.149167e+00
3.016742e+00
2.655797e+00
2.568744e+00
2.324099e+00
2.069902e+00
1.950854e+00
1.911457e+00
1.800239e+00
1.612040e+00
1.469931e+00
1.338414e+00
1.116940e+00
1.059883e+00
1.031272e+00
1.009397e+00
9.790429e-01
8.949394e-01
8.703027e-01
8.210663e-01
7.190011e-01
7.041558e-01
6.289163e-01
5.837328e-01
5.576150e-01
5.210729e-01
4.974545e-01
4.490475e-01
4.160816e-01
3.737242e-01
3.535642e-01
3.295318e-01
2.961162e-01
2.895710e-01
2.674453e-01
2.535943e-01
2.411635e-01
2.371889e-01
2.061735e-01
1.809275e-01
1.772341e-01
1.592206e-01
1.559526e-01
1.357698e-01
1.287100e-01
1.240808e-01
1.205537e-01
1.167370e-01
1.123650e-01
1.005454e-01
9.284525e-02
8.889616e-02
8.447685e-02
7.848822e-02
6.196881e-02
5.920222e-02
5.561452e-02
5.352839e-02
4.959548e-02
4.693041e-02
4.380988e-02
4.280585e-02
3.716924e-02
3.603686e-02
3.473967e-02
3.363371e-02
3.025779e-02
2.764487e-02
2.565666e-02
2.188051e-02
2.042170e-02
1.932038e-02
1.796183e-02
1.547399e-02
1.466625e-02
1.387484e-02
1.346301e-02
1.214421e-02
1.115248e-02
1.010696e-02
1.003406e-02
8.777464e-03
8.341232e-03
8.027447e-03
7.165546e-03
6.688664e-03
6.273500e-03
5.462194e-03
5.412931e-03
5.151819e-03
4.753175e-03
4.481471e-03
3.856549e-03
3.635347e-03
3.378920e-03
2.980007e-03
2.648903e-03
2.309084e-03
2.248683e-03
2.132939e-03
2.036589e-03
1.958180e-03
1.839638e-03
1.703193e-03
1.663991e-03
1.521023e-03
1.476270e-03
1.439090e-03
1.348000e-03
1.313246e-03
1.309519e-03
1.284431e-03
1.244125e-03
1.219645e-03
1.192344e-03
1.187507e-03
1.179541e-03
1.175723e-03
1.150939e-03
1.132534e-03
1.129474e-03
1.117059e-03
1.107888e-03
1.102707e-03
1.081492e-03
1.068509e-03
1.061901e-03
1.047138e-03
1.030613e-03
1.025993e-03
1.018567e-03
1.012323e-03
1.003421e-03
9.921963e-04
9.802118e-04
9.707850e-04
9.594973e-04
9.553344e-04
9.403367e-04
9.316654e-04
9.223780e-04
9.124147e-04
9.026402e-04
8.935324e-04
8.786829e-04
8.768456e-04
8.676798e-04
8.546206e-04
8.464979e-04
8.341214e-04
8.315318e-04
8.225159e-04
8.113774e-04
7.957734e-04
7.942329e-04
7.841879e-04
7.760313e-04
7.721088e-04
7.711601e-04
7.519341e-04
7.495479e-04
7.366760e-04
7.311756e-04
7.213799e-04
7.143397e-04
7.119462e-04
7.000526e-04
6.989896e-04
6.920393e-04
6.826693e-04
6.787009e-04
6.687703e-04
6.621991e-04
6.536279e-04
6.508990e-04
6.387524e-04
6.251213e-04
6.178732e-04
6.156467e-04
6.123541e-04
6.069402e-04
5.941687e-04
5.882420e-04
5.790769e-04
5.728216e-04
5.640361e-04
5.592539e-04
5.520792e-04
5.485497e-04
5.348768e-04
5.248793e-04
5.225454e-04
5.145596e-04
5.074086e-04
5.037147e-04
4.938083e-04
4.860203e-04
4.782698e-04
4.727631e-04
4.698476e-04
4.557312e-04
4.549118e-04
4.524384e-04
4.471073e-04
4.314867e-04
4.263824e-04
4.141390e-04
4.057974e-04
4.052900e-04
4.000190e-04
3.942614e-04
3.861188e-04
3.794033e-04
3.761487e-04
3.676231e-04
3.515775e-04
3.494747e-04
3.397414e-04
3.320324e-04
3.269000e-04
3.225590e-04
3.160097e-04
3.075904e-04
2.944032e-04
2.857197e-04
2.840517e-04
2.771204e-04
2.627514e-04
2.560074e-04
2.527304e-04
2.475601e-04
2.376781e-04
2.307791e-04
2.243191e-04
2.176586e-04
2.102976e-04
2.086820e-04
2.059298e-04
1.950246e-04
1.919213e-04
1.889145e-04
1.800123e-04
1.678391e-04
1.659093e-04
1.569675e-04
1.469826e-04
1.374245e-04
1.305243e-04
1.262614e-04
1.147655e-04
1.139391e-04
1.050290e-04
8.934834e-05
8.224302e-05
7.354752e-05
6.572792e-05
6.029925e-05
5.308135e-05
4.746699e-05
4.081948e-05
3.807218e-05
2.450713e-05
1.602216e-05
1.067996e-05
5.442524e-06
1.889815e-06
-1.031450e-05
-2.161406e-05
-2.529812e-05
-2.996129e-05
-4.286175e-05
-4.740066e-05
-5.524377e-05
-5.829919e-05
-6.379948e-05
-7.881365e-05
-9.913927e-05
-1.085239e-04
-1.142779e-04
-1.221336e-04
-1.312419e-04
-1.392081e-04
-1.504048e-04
-1.590547e-04
-1.662495e-04
-1.717201e-04
-1.764973e-04
-1.926722e-04
-2.005212e-04
-2.068917e-04
-2.101500e-04
-2.235028e-04
-2.316604e-04
-2.538578e-04
-2.601560e-04
-2.692548e-04
-2.801497e-04
-2.830107e-04
-2.977023e-04
-3.003357e-04
-3.154411e-04
-3.264933e-04
-3.407866e-04
-3.578548e-04
-3.638231e-04
-3.727853e-04
-3.871050e-04
-4.179415e-04
-4.274394e-04
-4.676464e-04
-5.116331e-04
