8.888155e+04
4.013625e+03
2.369743e+03
1.818290e+03
1.046908e+03
7.478139e+02
5.160798e+02
3.946732e+02
3.132683e+02
2.773307e+02
2.530885e+02
2.151413e+02
1.798424e+02
1.561142e+02
1.507322e+02
1.402258e+02
1.367453e+02
1.237100e+02
1.184334e+02
1.069398e+02
1.005958e+02
8.724374e+01
8.403673e+01
7.894985e+01
7.285056e+01
6.982412e+01
6.465147e+01
5.907037e+01
5.529262e+01
5.412121e+01
5.129740e+01
4.833442e+01
4.561717e+01
4.530281e+01
4.053803e+01
3.970823e+01
3.777159e+01
3.627216e+01
3.398286e+01
3.102408e+01
2.816582e+01
2.726000e+01
2.466060e+01
2.326260e+01
2.263112e+01
2.136185e+01
1.824540e+01
1.715102e+01
1.596668e+01
1.556487e+01
1.504247e+01
1.383607e+01
1.245718e+01
1.216604e+01
1.168974e+01
1.094813e+01
9.570188e+00
9.212296e+00
8.551608e+00
8.353375e+00
7.645087e+00
6.747318e+00
6.366408e+00
6.119466e+00
5.280368e+00
5.231160e+00
4.927646e+00
4.291277e+00
4.180981e+00
3.860267e+00
3.429517e+00
3.113137e+00
2.848245e+00
2.720135e+00
2.477975e+00
2.421783e+00
2.123924e+00
2.013798e+00
1.801622e+00
1.697130e+00
1.655226e+00
1.451843e+00
1.435978e+00
1.348616e+00
1.262512e+00
1.229107e+00
1.157594e+00
1.102522e+00
1.030406e+00
9.704037e-01
9.406793e-01
8.788679e-01
8.287622e-01
7.837197e-01
7.307672e-01
6.667627e-01
6.310433e-01
5.815251e-01
5.382376e-01
5.310531e-01
4.985040e-01
4.637311e-01
4.146126e-01
3.910450e-01
3.785746e-01
3.491462e-01
3.407415e-01
3.291861e-01
3.114587e-01
2.955537e-01
2.876181e-01
2.613202e-01
2.403602e-01
2.381614e-01
2.150292e-01
1.999566e-01
1.970370e-01
1.886217e-01
1.782268e-01
1.655685e-01
1.633154e-01
1.549001e-01
1.394336e-01
1.343487e-01
1.264878e-01
1.176551e-01
1.120014e-01
1.046603e-01
9.639765e-02
9.056874e-02
9.015350e-02
8.302969e-02
7.664732e-02
7.416822e-02
6.666634e-02
6.506717e-02
6.224224e-02
6.003824e-02
5.505276e-02
5.196439e-02
4.593495e-02
4.379522e-02
4.235769e-02
4.074019e-02
3.869225e-02
3.506490e-02
3.349926e-02
3.142074e-02
3.071194e-02
2.806271e-02
2.604859e-02
2.512884e-02
2.326974e-02
2.171340e-02
2.080164e-02
1.883355e-02
1.638964e-02
1.565747e-02
1.474827e-02
1.438972e-02
1.401672e-02
1.371509e-02
1.245029e-02
1.201652e-02
1.120553e-02
1.107447e-02
1.088561e-02
9.662980e-03
8.873520e-03
8.490328e-03
7.924782e-03
7.770233e-03
6.839770e-03
6.450913e-03
5.689802e-03
5.256488e-03
5.010865e-03
4.822832e-03
4.648395e-03
4.523418e-03
4.413788e-03
4.207553e-03
3.934331e-03
3.896717e-03
3.488204e-03
3.325250e-03
3.293080e-03
3.116035e-03
2.931602e-03
2.848952e-03
2.728588e-03
2.702907e-03
2.549837e-03
2.333120e-03
2.177211e-03
2.152055e-03
2.120567e-03
1.956398e-03
1.893369e-03
1.813842e-03
1.746279e-03
1.691204e-03
1.679452e-03
1.528838e-03
1.514934e-03
1.466876e-03
1.430848e-03
1.423821e-03
1.372039e-03
1.341790e-03
1.319811e-03
1.293153e-03
1.271948e-03
1.228742e-03
1.219157e-03
1.204941e-03
1.198744e-03
1.184551e-03
1.154926e-03
1.129657e-03
1.109985e-03
1.089142e-03
1.071733e-03
1.059393e-03
1.044355e-03
1.007692e-03
1.002176e-03
9.722292e-04
9.651188e-04
9.552819e-04
9.468893e-04
9.378486e-04
9.176659e-04
9.018097e-04
8.924390e-04
8.831584e-04
8.708108e-04
8.552520e-04
8.515590e-04
8.465611e-04
8.343136e-04
8.268094e-04
8.137735e-04
8.034887e-04
7.762990e-04
7.709343e-04
7.596343e-04
7.546379e-04
7.434398e-04
7.334150e-04
7.325159e-04
7.092677e-04
7.007133e-04
6.953648e-04
6.722642e-04
6.611351e-04
6.509852e-04
6.447237e-04
6.327368e-04
6.244647e-04
6.128689e-04
6.026283e-04
5.917929e-04
5.899007e-04
5.714717e-04
5.681720e-04
5.579478e-04
5.488779e-04
5.313925e-04
5.257353e-04
5.115049e-04
5.062906e-04
4.887112e-04
4.840558e-04
4.780106e-04
4.628875e-04
4.536248e-04
4.480311e-04
4.424481e-04
4.332461e-04
4.140290e-04
4.087898e-04
3.939088e-04
3.883724e-04
3.826763e-04
3.705296e-04
3.666336e-04
3.601398e-04
3.512520e-04
3.386565e-04
3.326969e-04
3.248074e-04
3.139141e-04
3.088232e-04
2.929889e-04
2.773789e-04
2.648040e-04
2.524958e-04
2.452981e-04
2.393145e-04
2.317411e-04
2.224609e-04
2.200955e-04
2.150347e-04
1.995757e-04
1.953948e-04
1.861538e-04
1.784769e-04
1.699112e-04
1.546463e-04
1.515230e-04
1.466994e-04
1.412970e-04
1.358825e-04
1.174358e-04
1.044030e-04
9.946636e-05
8.268210e-05
7.625305e-05
6.688593e-05
5.676219e-05
5.088283e-05
4.432900e-05
3.424270e-05
2.762261e-05
1.174762e-05
7.970733e-06
1.487616e-13
6.612815e-14
-3.220481e-14
-1.016826e-13
-5.663021e-13
-1.005072e-05
-1.333515e-05
-2.869939e-05
-3.047714e-05
-3.814860e-05
-4.948232e-05
-6.308925e-05
-7.034380e-05
-8.766823e-05
-1.005730e-04
-1.125457e-04
-1.158331e-04
-1.237047e-04
-1.303359e-04
-1.418309e-04
-1.536484e-04
-1.677462e-04
-1.780091e-04
-1.819820e-04
-1.939075e-04
-2.153754e-04
-2.349091e-04
-2.363305e-04
-2.480798e-04
-2.522290e-04
-2.684129e-04
-2.898663e-04
-2.924917e-04
-3.030998e-04
-3.065158e-04
-3.250558e-04
-3.284981e-04
-3.454511e-04
-3.538947e-04
-3.691397e-04
-3.781830e-04
-3.895980e-04
-4.011306e-04
-4.083188e-04
-4.322623e-04
-4.502504e-04
-4.588257e-04
-4.622220e-04
-4.694623e-04
-5.024213e-04
-5.059243e-04
-5.277850e-04
-5.540331e-04
-5.751619e-04
-5.865906e-04
-6.224091e-04
-6.677035e-04
