5.884697e+04
1.289125e+04
5.712933e+03
1.788657e+03
1.508953e+03
8.613099e+02
6.179631e+02
3.960426e+02
2.841075e+02
2.452178e+02
2.114677e+02
1.884894e+02
1.760282e+02
1.387673e+02
1.383150e+02
1.197516e+02
9.461559e+01
8.662856e+01
7.476051e+01
6.937482e+01
5.870491e+01
5.554725e+01
5.135812e+01
4.089203e+01
2.962364e+01
2.633335e+01
2.092424e+01
1.793046e+01
1.606376e+01
1.407893e+01
1.192703e+01
1.137125e+01
9.692982e+00
9.048158e+00
8.601752e+00
6.492441e+00
6.194923e+00
4.904637e+00
4.329930e+00
4.083672e+00
3.714852e+00
2.986917e+00
2.146887e+00
1.837304e+00
1.526072e+00
1.301035e+00
1.182143e+00
8.928682e-01
7.460659e-01
6.949874e-01
5.995887e-01
5.664835e-01
5.093031e-01
4.336835e-01
3.149822e-01
2.835343e-01
1.835079e-01
1.575611e-01
1.319214e-01
1.247494e-01
1.108581e-01
7.563055e-02
6.230787e-02
4.986129e-02
4.005463e-02
3.347549e-02
2.792134e-02
2.221501e-02
1.730256e-02
1.361456e-02
1.153102e-02
1.043053e-02
9.354700e-03
7.840861e-03
4.237424e-03
3.895842e-03
3.592352e-03
3.136826e-03
2.753025e-03
2.454383e-03
1.676517e-03
1.570729e-03
1.543437e-03
1.314141e-03
1.246995e-03
1.188057e-03
1.080384e-03
9.715744e-04
9.228347e-04
8.286246e-04
8.185839e-04
7.315714e-04
7.028269e-04
6.752784e-04
6.611315e-04
6.291139e-04
6.174173e-04
5.783477e-04
5.532515e-04
5.425008e-04
5.325350e-04
5.261287e-04
5.233227e-04
5.041167e-04
5.002628e-04
4.896647e-04
4.893031e-04
4.710375e-04
4.652005e-04
4.609528e-04
4.491791e-04
4.463180e-04
4.451871e-04
4.326848e-04
4.300272e-04
4.176900e-04
4.163728e-04
4.139838e-04
4.121393e-04
4.087335e-04
3.988382e-04
3.914442e-04
3.890533e-04
3.868254e-04
3.743531e-04
3.714585e-04
3.672091e-04
3.652816e-04
3.626721e-04
3.588176e-04
3.522688e-04
3.478479e-04
3.449992e-04
3.382852e-04
3.380328e-04
3.284581e-04
3.262276e-04
3.224662e-04
3.176857e-04
3.162272e-04
3.146748e-04
3.110164e-04
3.069767e-04
3.059536e-04
3.025546e-04
2.982428e-04
2.932808e-04
2.925430e-04
2.918990e-04
2.884132e-04
2.849601e-04
2.756071e-04
2.739459e-04
2.724414e-04
2.675929e-04
2.654681e-04
2.623362e-04
2.585285e-04
2.562015e-04
2.558929e-04
2.486567e-04
2.458878e-04
2.433877e-04
2.412335e-04
2.361897e-04
2.360107e-04
2.334139e-04
2.298062e-04
2.250301e-04
2.243331e-04
2.200303e-04
2.127690e-04
2.121329e-04
2.096430e-04
2.080571e-04
2.055895e-04
2.041988e-04
2.019981e-04
1.967924e-04
1.930078e-04
1.914813e-04
1.899677e-04
1.859684e-04
1.815803e-04
1.797951e-04
1.778599e-04
1.739149e-04
1.727095e-04
1.698517e-04
1.662521e-04
1.652382e-04
1.597566e-04
1.566471e-04
1.561052e-04
1.548059e-04
1.509226e-04
1.493238e-04
1.473582e-04
1.424306e-04
1.410420e-04
1.367932e-04
1.362891e-04
1.319486e-04
1.311616e-04
1.284726e-04
1.275832e-04
1.246573e-04
1.230450e-04
1.226356e-04
1.187348e-04
1.156398e-04
1.128604e-04
1.107255e-04
1.101250e-04
1.067535e-04
1.065387e-04
1.010342e-04
9.978680e-05
9.700871e-05
9.411883e-05
9.392996e-05
9.022711e-05
8.748812e-05
8.454338e-05
8.335867e-05
7.970640e-05
7.634189e-05
7.356317e-05
7.241398e-05
6.918851e-05
6.817781e-05
6.603883e-05
6.461712e-05
6.245016e-05
5.963064e-05
5.747587e-05
5.353891e-05
4.916394e-05
4.640816e-05
4.614605e-05
4.154745e-05
4.101091e-05
3.953472e-05
3.636879e-05
3.274235e-05
3.218584e-05
3.081256e-05
2.692816e-05
2.393017e-05
2.147101e-05
1.960890e-05
1.767242e-05
1.344778e-05
1.040407e-05
9.173631e-06
5.603838e-06
4.172497e-06
2.766426e-06
1.023734e-13
6.279870e-14
-3.708077e-14
-1.910761e-06
-4.000534e-06
-5.669083e-06
-9.446235e-06
-1.211132e-05
-1.445788e-05
-1.507248e-05
-1.772820e-05
-2.051838e-05
-2.312206e-05
-2.450824e-05
-2.875040e-05
-3.105507e-05
-3.298350e-05
-3.493739e-05
-3.647474e-05
-4.162449e-05
-4.264230e-05
-4.313994e-05
-4.614300e-05
-4.652391e-05
-4.892343e-05
-5.217601e-05
-5.379378e-05
-5.919129e-05
-5.995940e-05
-6.374488e-05
-6.543226e-05
-6.641073e-05
-6.921897e-05
-7.072936e-05
-7.472796e-05
-7.635061e-05
-7.799793e-05
-8.229970e-05
-8.555281e-05
-8.614260e-05
-8.954458e-05
-9.222385e-05
-9.335160e-05
-9.650249e-05
-9.855893e-05
-1.009984e-04
-1.035702e-04
-1.058134e-04
-1.070960e-04
-1.113759e-04
-1.136724e-04
-1.156471e-04
-1.174298e-04
-1.227378e-04
-1.231679e-04
-1.255268e-04
-1.308117e-04
-1.343751e-04
-1.372206e-04
-1.392922e-04
-1.416687e-04
-1.464410e-04
-1.475487e-04
-1.509695e-04
-1.538305e-04
-1.569405e-04
-1.599257e-04
-1.619895e-04
-1.664667e-04
-1.674968e-04
-1.693300e-04
-1.730744e-04
-1.741246e-04
-1.785994e-04
-1.834854e-04
-1.853060e-04
-1.886824e-04
-1.920881e-04
-1.964108e-04
-1.989633e-04
-2.064238e-04
-2.090314e-04
-2.105206e-04
-2.157581e-04
-2.187854e-04
-2.240469e-04
-2.264437e-04
-2.310380e-04
-2.356163e-04
-2.363845e-04
-2.397464e-04
-2.447825e-04
-2.465287e-04
-2.524786e-04
-2.533548e-04
-2.570577e-04
-2.624886e-04
-2.638794e-04
-2.683542e-04
-2.745956e-04
-2.767719e-04
-2.796723e-04
-2.840445e-04
-2.933533e-04
-2.953540e-04
-3.014198e-04
-3.030983e-04
-3.079802e-04
-3.126047e-04
-3.221492e-04
-3.277906e-04
-3.303405e-04
-3.393534e-04
-3.493871e-04
-3.578219e-04
-3.606117e-04
-3.652831e-04
-3.855265e-04
-3.952340e-04
-4.002052e-04
-4.413185e-04
-4.907972e-04
-5.768760e-04
-6.591605e-04
-8.780153e-04
-1.295090e-03
