2.216766e+05
2.054839e+04
4.821883e+03
1.782520e+03
1.927756e+02
2.176816e+01
9.964023e+00
6.210866e+00
1.687766e+00
2.118332e-01
6.251396e-02
4.913455e-02
3.541534e-02
3.111533e-02
2.944372e-02
2.683564e-02
2.244426e-02
2.133154e-02
1.919799e-02
1.794769e-02
1.752358e-02
1.708127e-02
1.585778e-02
1.531427e-02
1.492955e-02
1.389535e-02
1.376694e-02
1.282561e-02
1.200472e-02
1.175731e-02
1.154914e-02
1.092669e-02
1.088803e-02
1.069873e-02
1.001097e-02
9.562865e-03
9.154144e-03
9.124608e-03
8.949585e-03
8.598725e-03
8.239311e-03
7.859475e-03
7.368819e-03
7.126735e-03
6.979052e-03
6.665973e-03
6.565824e-03
6.175613e-03
6.103343e-03
5.928659e-03
5.677321e-03
5.383543e-03
4.863653e-03
4.738593e-03
4.534673e-03
4.343014e-03
4.087902e-03
4.074225e-03
3.707779e-03
3.485324e-03
3.398604e-03
3.299664e-03
2.944974e-03
2.844233e-03
2.609238e-03
2.302762e-03
2.200589e-03
2.057595e-03
1.960242e-03
1.819613e-03
1.769822e-03
1.619447e-03
1.592142e-03
1.482986e-03
1.375235e-03
1.312173e-03
1.151152e-03
1.045018e-03
1.002212e-03
9.128095e-04
7.248153e-04
5.598048e-04
4.871917e-04
4.410046e-04
1.915603e-04
1.356374e-04
-1.342396e-04
-2.854026e-04
-4.225028e-04
-5.987746e-04
-8.055518e-04
-9.164686e-04
-1.299806e-03
-1.537598e-03
-1.897520e-03
-2.060723e-03
-2.279180e-03
-2.388164e-03
-2.647019e-03
-3.185659e-03
-3.955575e-03
-4.193371e-03
-4.370735e-03
-4.758275e-03
-5.152550e-03
-5.828861e-03
-5.904234e-03
-6.675235e-03
-8.026520e-03
-8.640379e-03
-8.851741e-03
-9.230931e-03
-1.024813e-02
-1.074882e-02
-1.174650e-02
-1.381562e-02
-1.526535e-02
-1.695083e-02
-1.880108e-02
-2.315921e-02
-2.609988e-02
-2.907450e-02
-3.072846e-02
-3.583864e-02
-4.596287e-02
-6.064903e-02
-6.409287e-02
-1.146781e-01
