1.283755e+05
6.325977e+03
2.931764e+03
2.841440e+03
1.823604e+03
1.613036e+03
1.477773e+03
9.862673e+02
9.472593e+02
6.875035e+02
6.668824e+02
4.666811e+02
2.872802e+02
2.576161e+02
2.345006e+02
2.142562e+02
1.843241e+02
1.601937e+02
1.420960e+02
1.163634e+02
1.036020e+02
9.412278e+01
8.908957e+01
8.172707e+01
7.695215e+01
6.933545e+01
6.843844e+01
6.813584e+01
5.975889e+01
5.876106e+01
5.068785e+01
4.413380e+01
4.131289e+01
3.959659e+01
3.444500e+01
3.418320e+01
2.994924e+01
2.936786e+01
2.553234e+01
2.443749e+01
2.292248e+01
2.157413e+01
2.018240e+01
1.832051e+01
1.663367e+01
1.522647e+01
1.463255e+01
1.318439e+01
1.255940e+01
1.163196e+01
1.097775e+01
1.031287e+01
9.376383e+00
7.686286e+00
7.384988e+00
6.955060e+00
6.701558e+00
6.164852e+00
6.137895e+00
5.452648e+00
4.948810e+00
4.727974e+00
4.272573e+00
3.911708e+00
3.639407e+00
3.252143e+00
3.001536e+00
2.873513e+00
2.770933e+00
2.457968e+00
2.333579e+00
2.109592e+00
2.011254e+00
1.954780e+00
1.857143e+00
1.681912e+00
1.632780e+00
1.520537e+00
1.452549e+00
1.396784e+00
1.300022e+00
1.203145e+00
1.099840e+00
1.055151e+00
1.006773e+00
8.042030e-01
7.630976e-01
7.255090e-01
6.944394e-01
6.462303e-01
6.099829e-01
5.904026e-01
5.759906e-01
5.265925e-01
5.034611e-01
4.728582e-01
4.437033e-01
4.115366e-01
3.885559e-01
3.605248e-01
3.561090e-01
3.294091e-01
3.106576e-01
3.000381e-01
2.584011e-01
2.483712e-01
2.208271e-01
2.176247e-01
2.017585e-01
1.935448e-01
1.750687e-01
1.625012e-01
1.578022e-01
1.367324e-01
1.325381e-01
1.214060e-01
1.177173e-01
1.109925e-01
1.044254e-01
1.019453e-01
9.041734e-02
8.281542e-02
7.281305e-02
7.253027e-02
6.698484e-02
6.506534e-02
5.960271e-02
5.242684e-02
4.854808e-02
4.543756e-02
4.327401e-02
4.205539e-02
3.953191e-02
3.398237e-02
3.320554e-02
3.151728e-02
2.763832e-02
2.562163e-02
2.497421e-02
2.345061e-02
2.130708e-02
2.020672e-02
1.907269e-02
1.692736e-02
1.513628e-02
1.499740e-02
1.303510e-02
1.217911e-02
1.000308e-02
9.732192e-03
8.957666e-03
8.623141e-03
6.705044e-03
6.361696e-03
6.339327e-03
4.987945e-03
4.763368e-03
4.430963e-03
4.277132e-03
4.156877e-03
3.835894e-03
3.556903e-03
3.234242e-03
3.064324e-03
2.788502e-03
2.575839e-03
2.509231e-03
2.297858e-03
2.117933e-03
2.040330e-03
2.013819e-03
1.864241e-03
1.754530e-03
1.697751e-03
1.669916e-03
1.660078e-03
1.644398e-03
1.564142e-03
1.476194e-03
1.460930e-03
1.431976e-03
1.372425e-03
1.364761e-03
1.344588e-03
1.305705e-03
1.290097e-03
1.257489e-03
1.251461e-03
1.222045e-03
1.209201e-03
1.189992e-03
1.163192e-03
1.157132e-03
1.137169e-03
1.120677e-03
1.116128e-03
1.090717e-03
1.076985e-03
1.068339e-03
1.053604e-03
1.048264e-03
1.027458e-03
1.015135e-03
1.004259e-03
9.937880e-04
9.749233e-04
9.610081e-04
9.523786e-04
9.303780e-04
9.153440e-04
9.033315e-04
9.005822e-04
8.897758e-04
8.780351e-04
8.620821e-04
8.527460e-04
8.328920e-04
8.286857e-04
8.202236e-04
8.130611e-04
8.011570e-04
7.927779e-04
7.847077e-04
7.762896e-04
7.584854e-04
7.394032e-04
7.336987e-04
7.294517e-04
7.113623e-04
6.932077e-04
6.868495e-04
6.752348e-04
6.729277e-04
6.700718e-04
6.453824e-04
6.425332e-04
6.190153e-04
6.139069e-04
5.894238e-04
5.870580e-04
5.723230e-04
5.686806e-04
5.662403e-04
5.576495e-04
5.498401e-04
5.322639e-04
5.288204e-04
5.145094e-04
5.103642e-04
4.940804e-04
4.908235e-04
4.864082e-04
4.756072e-04
4.724879e-04
4.668001e-04
4.537262e-04
4.374964e-04
4.329129e-04
4.188362e-04
4.034197e-04
3.946957e-04
3.842795e-04
3.773197e-04
3.743145e-04
3.663547e-04
3.487784e-04
3.367852e-04
3.293565e-04
3.224547e-04
3.113263e-04
3.061259e-04
2.940503e-04
2.872031e-04
2.835292e-04
2.642453e-04
2.549957e-04
2.460844e-04
2.364748e-04
2.318835e-04
2.270978e-04
2.178036e-04
2.019680e-04
1.993435e-04
1.825399e-04
1.803230e-04
1.762743e-04
1.627121e-04
1.558040e-04
1.506822e-04
1.399222e-04
1.292284e-04
1.259801e-04
1.160317e-04
1.076515e-04
1.027759e-04
9.262575e-05
8.333525e-05
7.186668e-05
6.016763e-05
5.182918e-05
3.686389e-05
3.208200e-05
2.790715e-05
1.678777e-05
1.172036e-05
-5.088642e-06
-7.835301e-06
-1.234668e-05
-2.117653e-05
-3.044883e-05
-3.357631e-05
-4.928056e-05
-5.440380e-05
-7.655647e-05
-8.181543e-05
-8.931655e-05
-1.126824e-04
-1.218032e-04
-1.242598e-04
-1.307757e-04
-1.427347e-04
-1.548507e-04
-1.679448e-04
-1.751066e-04
-1.805103e-04
-1.932762e-04
-2.066999e-04
-2.102135e-04
-2.132769e-04
-2.212310e-04
-2.323645e-04
-2.431352e-04
-2.552519e-04
-2.670600e-04
-2.715375e-04
-2.882040e-04
-2.996710e-04
-3.099926e-04
-3.184550e-04
-3.284081e-04
-3.481745e-04
-3.513160e-04
-3.617216e-04
-3.758626e-04
-3.855274e-04
-3.909895e-04
-4.075687e-04
-4.109792e-04
-4.309089e-04
-4.333285e-04
-4.490289e-04
-4.674339e-04
-4.850660e-04
-4.924309e-04
-4.983603e-04
-5.110539e-04
-5.244089e-04
-5.328225e-04
-5.431678e-04
-5.507092e-04
-5.725993e-04
-5.802701e-04
-5.970731e-04
-6.106180e-04
-6.209367e-04
-6.346593e-04
-6.400170e-04
-6.574956e-04
-6.702984e-04
-6.759725e-04
-6.998921e-04
-7.100413e-04
-7.219198e-04
-7.320112e-04
-7.392096e-04
-7.520546e-04
-7.838541e-04
-7.939512e-04
-8.109914e-04
-8.387712e-04
-8.500552e-04
-8.830752e-04
-9.209210e-04
-9.301642e-04
