1.958447e+12
1.815402e+12
1.700849e+12
1.466940e+12
1.372627e+12
1.281618e+12
1.198296e+12
1.060651e+12
9.821491e+11
9.465209e+11
9.140674e+11
8.407780e+11
8.152354e+11
7.602312e+11
7.366860e+11
7.227745e+11
6.420420e+11
6.212343e+11
5.968457e+11
5.930535e+11
5.830631e+11
5.397422e+11
5.259471e+11
5.197157e+11
4.995840e+11
4.935158e+11
4.638324e+11
4.426781e+11
4.279505e+11
4.176499e+11
4.059004e+11
3.949127e+11
3.743958e+11
3.577931e+11
3.544374e+11
3.354091e+11
3.260193e+11
3.202807e+11
3.043790e+11
3.015242e+11
2.790801e+11
2.711622e+11
2.643114e+11
2.562360e+11
2.471458e+11
2.432122e+11
2.317672e+11
2.294568e+11
2.225722e+11
2.116921e+11
2.089824e+11
2.041248e+11
1.942500e+11
1.872003e+11
1.852986e+11
1.823349e+11
1.756511e+11
1.721648e+11
1.684538e+11
1.624676e+11
1.593522e+11
1.515588e+11
1.497420e+11
1.429959e+11
1.426301e+11
1.380538e+11
1.331539e+11
1.324954e+11
1.281695e+11
1.268705e+11
1.239343e+11
1.191080e+11
1.169984e+11
1.155124e+11
1.144056e+11
1.123789e+11
1.099391e+11
1.078629e+11
1.048872e+11
1.040065e+11
1.022923e+11
9.887670e+10
9.758849e+10
9.579003e+10
9.408677e+10
9.282251e+10
8.965666e+10
8.869950e+10
8.769029e+10
8.592799e+10
8.424134e+10
8.293812e+10
7.968052e+10
7.699386e+10
7.592920e+10
7.498191e+10
7.374256e+10
7.271332e+10
7.169590e+10
7.072029e+10
6.785687e+10
6.663731e+10
6.641684e+10
6.576548e+10
6.440881e+10
6.316702e+10
6.163229e+10
5.990267e+10
5.902590e+10
5.806623e+10
5.665944e+10
5.542416e+10
5.422359e+10
5.366163e+10
5.251602e+10
4.964393e+10
4.861067e+10
4.788097e+10
4.545562e+10
4.383933e+10
4.057969e+10
3.722297e+10
3.214409e+10
3.070485e+10
1.757789e+10
1.041698e+10
8.418727e+09
4.654083e+09
