2.057208e+05
1.926754e+04
6.434517e+03
2.285215e+03
2.408814e+02
2.505747e+01
1.212021e+01
6.070949e+00
1.543679e+00
2.417349e-01
6.391619e-02
4.392104e-02
4.025681e-02
3.772658e-02
3.451302e-02
3.111820e-02
2.638527e-02
2.437076e-02
2.158594e-02
2.042234e-02
1.884914e-02
1.779971e-02
1.672420e-02
1.559551e-02
1.473073e-02
1.428914e-02
1.325083e-02
1.254914e-02
1.198139e-02
1.098803e-02
1.038623e-02
1.009602e-02
9.543859e-03
9.031196e-03
8.643081e-03
8.429903e-03
8.209148e-03
7.870479e-03
7.664837e-03
7.498913e-03
7.097623e-03
6.545430e-03
6.355804e-03
6.210183e-03
5.930618e-03
5.618515e-03
5.364225e-03
4.814800e-03
4.768120e-03
4.711549e-03
4.423731e-03
4.158329e-03
4.055911e-03
3.598910e-03
3.524496e-03
3.395233e-03
3.275036e-03
3.123122e-03
2.989003e-03
2.895208e-03
2.730027e-03
2.591360e-03
2.441836e-03
2.392798e-03
2.213523e-03
2.168033e-03
2.072106e-03
1.971563e-03
1.730519e-03
1.618696e-03
1.554059e-03
1.393067e-03
1.298821e-03
1.218340e-03
1.180784e-03
1.041633e-03
8.750063e-04
8.392464e-04
7.828178e-04
7.124615e-04
6.756306e-04
6.116251e-04
5.733020e-04
4.811959e-04
4.226515e-04
2.811431e-04
1.669286e-04
8.261131e-05
4.905077e-06
-3.701401e-05
-1.600362e-04
-3.552680e-04
-6.382897e-04
-7.891468e-04
-8.853697e-04
-9.009466e-04
-1.363206e-03
-1.549700e-03
-1.815736e-03
-1.937286e-03
-2.500559e-03
-3.225922e-03
-3.490657e-03
-4.226367e-03
-4.965127e-03
-5.320484e-03
-6.153704e-03
-6.802046e-03
-7.277367e-03
-8.476617e-03
-9.244449e-03
-1.039449e-02
-1.196575e-02
-1.212902e-02
-1.270791e-02
-1.495425e-02
-1.680874e-02
-1.926633e-02
-2.021212e-02
-2.051944e-02
-2.147871e-02
-2.357695e-02
-3.194949e-02
-3.545312e-02
-3.681704e-02
-4.725337e-02
-6.227847e-02
-1.040492e-01
