8.498492e+04
3.323235e+03
2.324094e+03
1.844463e+03
1.254135e+03
7.958785e+02
5.943609e+02
4.806811e+02
3.506285e+02
3.039415e+02
2.880280e+02
2.458141e+02
2.414610e+02
2.254175e+02
2.089946e+02
1.849918e+02
1.800679e+02
1.584168e+02
1.519242e+02
1.465698e+02
1.279156e+02
1.230774e+02
1.190641e+02
1.177657e+02
1.070318e+02
9.865371e+01
9.100954e+01
8.981711e+01
8.772411e+01
8.275723e+01
8.244376e+01
8.015651e+01
6.879749e+01
6.786741e+01
6.264353e+01
5.590883e+01
5.339355e+01
5.287289e+01
5.016900e+01
4.705386e+01
4.520657e+01
4.389978e+01
3.874129e+01
3.804081e+01
3.425629e+01
3.410129e+01
3.084325e+01
2.965056e+01
2.783198e+01
2.476809e+01
2.414107e+01
2.207697e+01
2.167121e+01
2.044121e+01
1.926701e+01
1.808046e+01
1.737546e+01
1.581919e+01
1.510018e+01
1.363156e+01
1.332310e+01
1.262571e+01
1.186566e+01
1.077914e+01
9.599931e+00
9.457205e+00
8.591964e+00
8.145220e+00
7.417012e+00
7.036381e+00
6.511491e+00
5.934554e+00
5.194137e+00
4.940781e+00
4.876314e+00
4.486867e+00
4.157263e+00
4.016131e+00
3.877887e+00
3.444602e+00
3.108712e+00
3.094907e+00
2.893364e+00
2.761880e+00
2.505666e+00
2.416097e+00
2.242070e+00
2.184989e+00
1.858937e+00
1.836070e+00
1.734249e+00
1.656374e+00
1.603922e+00
1.554455e+00
1.526050e+00
1.356390e+00
1.294023e+00
1.221572e+00
1.139553e+00
1.129782e+00
1.081410e+00
9.742797e-01
9.452040e-01
9.128902e-01
8.815987e-01
7.887005e-01
7.616372e-01
7.275844e-01
6.745788e-01
5.968586e-01
5.831780e-01
5.359096e-01
5.094441e-01
4.869740e-01
4.620267e-01
4.391842e-01
4.252274e-01
4.023898e-01
3.603243e-01
3.430948e-01
3.234209e-01
3.097030e-01
3.009575e-01
2.946610e-01
2.819246e-01
2.583128e-01
2.501565e-01
2.463524e-01
2.274740e-01
2.166207e-01
2.075996e-01
1.875349e-01
1.786150e-01
1.661729e-01
1.579010e-01
1.538324e-01
1.422703e-01
1.367186e-01
1.261559e-01
1.245044e-01
1.143266e-01
1.043613e-01
9.584301e-02
9.539691e-02
9.218222e-02
8.531669e-02
8.475035e-02
7.846294e-02
7.617031e-02
6.779286e-02
6.398389e-02
6.028187e-02
5.597213e-02
5.276359e-02
5.222048e-02
4.978783e-02
4.805215e-02
4.538431e-02
4.381517e-02
4.239344e-02
4.114999e-02
3.860275e-02
3.726629e-02
3.265143e-02
3.070902e-02
3.060062e-02
2.767720e-02
2.680854e-02
2.382227e-02
2.190064e-02
2.071648e-02
1.864580e-02
1.798485e-02
1.733058e-02
1.504704e-02
1.441158e-02
1.332932e-02
1.299608e-02
1.125501e-02
1.065602e-02
1.028651e-02
1.007059e-02
9.553601e-03
9.132509e-03
8.579464e-03
8.375275e-03
8.234964e-03
7.957075e-03
6.946624e-03
6.487594e-03
6.278844e-03
6.163778e-03
5.951428e-03
5.664759e-03
5.269658e-03
5.167626e-03
4.980632e-03
4.601919e-03
4.359852e-03
3.983515e-03
3.679698e-03
3.566497e-03
3.262726e-03
3.130930e-03
3.029217e-03
2.837125e-03
2.709060e-03
2.556991e-03
2.488484e-03
2.407332e-03
2.374932e-03
2.321201e-03
2.192450e-03
2.141646e-03
2.028523e-03
1.922378e-03
1.906124e-03
1.796041e-03
1.713731e-03
1.632611e-03
1.589845e-03
1.512816e-03
1.488935e-03
1.443682e-03
1.390835e-03
1.370374e-03
1.319942e-03
1.287029e-03
1.260881e-03
1.208888e-03
1.203836e-03
1.170528e-03
1.152562e-03
1.135093e-03
1.114162e-03
1.090521e-03
1.081275e-03
1.041365e-03
1.030562e-03
1.023357e-03
9.891383e-04
9.844088e-04
9.610361e-04
9.593695e-04
9.418722e-04
9.325203e-04
9.235475e-04
9.065488e-04
8.960582e-04
8.748332e-04
8.542466e-04
8.521676e-04
8.361705e-04
8.285759e-04
8.101295e-04
8.087612e-04
7.884725e-04
7.817346e-04
7.679494e-04
7.615715e-04
7.524014e-04
7.372385e-04
7.318414e-04
7.110405e-04
7.011353e-04
6.984533e-04
6.966543e-04
6.704021e-04
6.664054e-04
6.568097e-04
6.461436e-04
6.430293e-04
6.279896e-04
6.147491e-04
5.939114e-04
5.842784e-04
5.804232e-04
5.772290e-04
5.615646e-04
5.505385e-04
5.482791e-04
5.431244e-04
5.367849e-04
5.158272e-04
5.071394e-04
5.010755e-04
4.866240e-04
4.760807e-04
4.670267e-04
4.523050e-04
4.441541e-04
4.371534e-04
4.297818e-04
4.119723e-04
4.094060e-04
4.040326e-04
4.002622e-04
3.827920e-04
3.778107e-04
3.652218e-04
3.574045e-04
3.483462e-04
3.311516e-04
3.250628e-04
3.153476e-04
3.097575e-04
3.019597e-04
2.924197e-04
2.820713e-04
2.666491e-04
2.580276e-04
2.510597e-04
2.337969e-04
2.318256e-04
2.256178e-04
2.197868e-04
2.087327e-04
1.950208e-04
1.834547e-04
1.625664e-04
1.602947e-04
1.540223e-04
1.498381e-04
1.410437e-04
1.320568e-04
1.237029e-04
1.045682e-04
1.012212e-04
9.267397e-05
8.881737e-05
6.280130e-05
6.138286e-05
5.581302e-05
4.957163e-05
3.891682e-05
2.891097e-05
1.332973e-05
1.727640e-13
8.341014e-14
2.921831e-14
-6.869966e-14
-8.531031e-07
-9.050527e-06
-1.779187e-05
-2.982486e-05
-3.894934e-05
-5.488434e-05
-6.446704e-05
-7.067564e-05
-7.735813e-05
-9.487646e-05
-1.057613e-04
-1.111161e-04
-1.141983e-04
-1.362877e-04
-1.405732e-04
-1.543795e-04
-1.719787e-04
-1.835967e-04
-1.875103e-04
-2.057567e-04
-2.109540e-04
-2.248069e-04
-2.312605e-04
-2.340419e-04
-2.564975e-04
-2.673585e-04
-2.770086e-04
-2.823870e-04
-2.857816e-04
-3.161221e-04
-3.306867e-04
-3.340726e-04
-3.680859e-04
-3.792497e-04
-3.834028e-04
-3.915825e-04
-4.168740e-04
-4.370836e-04
-4.548912e-04
-4.678102e-04
-4.883801e-04
-4.983732e-04
-5.403707e-04
