2.051684e+12
1.772708e+12
1.563129e+12
1.488376e+12
1.429561e+12
1.292096e+12
1.200321e+12
1.122358e+12
1.039459e+12
9.842592e+11
9.262106e+11
8.717236e+11
8.452416e+11
8.326018e+11
7.991963e+11
7.436648e+11
7.145657e+11
6.689284e+11
6.599339e+11
6.503865e+11
6.216303e+11
6.025692e+11
5.745276e+11
5.568013e+11
5.530816e+11
5.105163e+11
4.989766e+11
4.595742e+11
4.434219e+11
4.290213e+11
4.145453e+11
4.096641e+11
3.845784e+11
3.743920e+11
3.610836e+11
3.478648e+11
3.366669e+11
3.286307e+11
3.103228e+11
3.084127e+11
2.996406e+11
2.874761e+11
2.860858e+11
2.802419e+11
2.686843e+11
2.567215e+11
2.502135e+11
2.403132e+11
2.321198e+11
2.315982e+11
2.220173e+11
2.149509e+11
2.129543e+11
2.068119e+11
2.033603e+11
1.869339e+11
1.864563e+11
1.828818e+11
1.805017e+11
1.768912e+11
1.676279e+11
1.591765e+11
1.566755e+11
1.540641e+11
1.491385e+11
1.463945e+11
1.448090e+11
1.418948e+11
1.373768e+11
1.324814e+11
1.307681e+11
1.274819e+11
1.249570e+11
1.201652e+11
1.198039e+11
1.146659e+11
1.128816e+11
1.108921e+11
1.091883e+11
1.080772e+11
1.063281e+11
1.029793e+11
1.004404e+11
9.724757e+10
9.606674e+10
9.340107e+10
9.260623e+10
9.112438e+10
9.110038e+10
8.784618e+10
8.587635e+10
8.504624e+10
8.351735e+10
8.222597e+10
7.924827e+10
7.820368e+10
7.610488e+10
7.487696e+10
7.420568e+10
7.308225e+10
7.063087e+10
6.982008e+10
6.812632e+10
6.782907e+10
6.594036e+10
6.497071e+10
6.343467e+10
6.177349e+10
6.064289e+10
6.030821e+10
5.894804e+10
5.781654e+10
5.631435e+10
5.564015e+10
5.552130e+10
5.347138e+10
5.316219e+10
5.133991e+10
5.054117e+10
4.915305e+10
4.763768e+10
4.705395e+10
4.390861e+10
4.173858e+10
4.114663e+10
3.785114e+10
2.919779e+10
2.158569e+10
