1.444617e+08
2.185623e+07
1.645086e+06
1.139000e+06
7.886964e+05
3.565436e+05
2.833567e+05
9.531548e+04
2.048765e+04
1.398362e+04
6.176163e+03
1.206414e+03
5.012247e+02
2.202514e+02
7.292587e+01
6.267517e+01
4.432042e+01
3.548679e+01
3.006996e+01
2.845459e+01
2.501981e+01
2.041064e+01
1.954141e+01
1.762373e+01
1.603230e+01
1.492122e+01
1.352249e+01
1.307805e+01
1.246744e+01
1.174346e+01
1.083730e+01
1.047617e+01
9.371388e+00
9.352421e+00
8.857347e+00
8.614622e+00
8.338737e+00
7.972156e+00
7.451842e+00
6.845079e+00
6.632324e+00
6.055448e+00
5.745144e+00
5.655789e+00
5.269180e+00
4.889039e+00
4.595270e+00
4.351235e+00
4.043436e+00
3.862731e+00
3.663867e+00
3.442377e+00
3.073867e+00
2.922687e+00
2.764357e+00
2.368024e+00
2.333910e+00
2.020122e+00
1.803002e+00
1.728316e+00
1.397135e+00
1.298282e+00
1.177810e+00
9.916831e-01
9.500476e-01
8.319437e-01
6.855153e-01
6.084198e-01
5.251985e-01
4.812150e-01
2.813857e-01
2.179472e-01
1.648687e-01
1.241084e-01
8.644223e-02
6.144036e-02
2.218466e-03
7.205221e-10
1.486175e-10
-2.075734e-09
-2.468416e-02
-1.258252e-01
-2.040783e-01
-3.144437e-01
-3.750755e-01
-4.894579e-01
-6.125885e-01
-6.671124e-01
-9.294509e-01
-9.914337e-01
-1.075453e+00
-1.287347e+00
-1.307253e+00
-1.423810e+00
-1.493991e+00
-1.820503e+00
-1.929020e+00
-2.104890e+00
-2.285748e+00
-2.676712e+00
-2.852992e+00
-3.176416e+00
-3.215493e+00
-3.298029e+00
-3.473959e+00
-4.145453e+00
-4.315902e+00
-4.882295e+00
-5.134648e+00
-5.437608e+00
-5.795275e+00
-6.221359e+00
-7.340136e+00
-8.162732e+00
-8.554583e+00
-9.317597e+00
-1.016565e+01
-1.111258e+01
-1.326132e+01
-1.704610e+01
-1.836407e+01
-1.989771e+01
-2.282846e+01
-2.620101e+01
-2.918640e+01
-3.772839e+01
-5.903204e+01
-6.302530e+01
