3.028290e+10
1.161670e+10
6.152445e+09
4.572787e+09
3.680764e+09
3.467834e+09
3.241685e+09
3.097502e+09
2.898672e+09
2.533360e+09
2.489842e+09
2.166224e+09
1.938832e+09
1.874907e+09
1.673685e+09
1.631188e+09
1.591711e+09
1.528711e+09
1.418536e+09
1.361158e+09
1.288222e+09
1.233347e+09
1.194815e+09
1.175933e+09
1.142913e+09
1.090174e+09
1.071985e+09
1.030171e+09
9.794835e+08
9.596077e+08
9.380933e+08
9.004963e+08
8.867848e+08
8.368911e+08
8.275776e+08
8.214688e+08
7.945871e+08
7.743181e+08
7.645139e+08
7.237373e+08
6.864721e+08
6.846347e+08
6.728055e+08
6.368223e+08
6.287742e+08
6.169404e+08
5.863062e+08
5.778566e+08
5.704131e+08
5.641492e+08
5.434940e+08
5.324988e+08
5.080814e+08
5.025633e+08
4.750295e+08
4.624407e+08
4.512199e+08
4.458394e+08
4.374997e+08
4.257021e+08
4.154284e+08
4.047233e+08
3.978474e+08
3.813329e+08
3.791995e+08
3.704958e+08
3.543038e+08
3.434258e+08
3.375198e+08
3.325077e+08
3.260081e+08
3.182538e+08
3.091428e+08
2.977073e+08
2.940132e+08
2.881761e+08
2.789834e+08
2.729541e+08
2.621928e+08
2.589237e+08
2.456862e+08
2.415193e+08
2.377843e+08
2.350189e+08
2.268742e+08
2.234754e+08
2.061299e+08
2.018653e+08
1.988928e+08
1.916352e+08
1.881999e+08
1.777723e+08
1.753044e+08
1.684924e+08
1.646730e+08
1.599686e+08
1.570788e+08
1.532380e+08
1.457205e+08
1.409134e+08
1.407818e+08
1.312084e+08
1.278804e+08
1.218025e+08
1.115097e+08
1.083736e+08
1.025396e+08
9.691055e+07
8.609956e+07
8.353502e+07
7.935877e+07
7.792074e+07
7.347342e+07
6.578264e+07
6.402637e+07
5.750067e+07
5.506783e+07
4.764670e+07
3.871605e+07
3.151199e+07
2.943292e+07
2.747416e+07
2.016677e+07
1.640737e+07
4.493674e+06
4.144085e+06
2.844108e+06
2.434449e+06
