2.827331e+10
9.390249e+09
6.954331e+09
5.836134e+09
4.697393e+09
3.636650e+09
3.586687e+09
2.931944e+09
2.627333e+09
2.378870e+09
2.331939e+09
2.127144e+09
1.986432e+09
1.904721e+09
1.722111e+09
1.657795e+09
1.422324e+09
1.321118e+09
1.291577e+09
1.202727e+09
1.152202e+09
1.094681e+09
1.061964e+09
1.019549e+09
9.403695e+08
9.135510e+08
9.054323e+08
8.454996e+08
8.256047e+08
7.770661e+08
7.490393e+08
7.293347e+08
6.919909e+08
6.915473e+08
6.707994e+08
6.623565e+08
6.326577e+08
6.257767e+08
6.103512e+08
6.021937e+08
5.578232e+08
5.493158e+08
5.069098e+08
5.055263e+08
4.966265e+08
4.735661e+08
4.715077e+08
4.575964e+08
4.370573e+08
4.282880e+08
4.124560e+08
3.978098e+08
3.887720e+08
3.824974e+08
3.713305e+08
3.597560e+08
3.521717e+08
3.494197e+08
3.384732e+08
3.342801e+08
3.319068e+08
3.158513e+08
3.020719e+08
2.938052e+08
2.901625e+08
2.804520e+08
2.736712e+08
2.685719e+08
2.643538e+08
2.547815e+08
2.507439e+08
2.418010e+08
2.307300e+08
2.279515e+08
2.231589e+08
2.169633e+08
2.062289e+08
1.978281e+08
1.945665e+08
1.869361e+08
1.819101e+08
1.780306e+08
1.728209e+08
1.710624e+08
1.689763e+08
1.596598e+08
1.549990e+08
1.490086e+08
1.461948e+08
1.359420e+08
1.327278e+08
1.298314e+08
1.252214e+08
1.224570e+08
1.170204e+08
1.052485e+08
1.030028e+08
9.924457e+07
9.736907e+07
8.944430e+07
8.686138e+07
8.487882e+07
8.089389e+07
7.678977e+07
7.608802e+07
7.048354e+07
6.524986e+07
6.346361e+07
5.956546e+07
5.787043e+07
5.467904e+07
5.036532e+07
4.610579e+07
4.346853e+07
4.086196e+07
3.929370e+07
3.160430e+07
2.907747e+07
2.724160e+07
2.463089e+07
2.219108e+07
1.397093e+07
1.346230e+07
1.034080e+07
8.781243e+06
8.153729e+06
7.362814e+06
5.295863e+06
