1.120424e+10
7.373682e+08
2.095501e+08
1.133992e+08
9.687407e+07
6.819448e+07
5.272437e+07
3.820650e+07
3.707009e+07
3.401829e+07
2.558307e+07
1.892028e+07
1.530198e+07
1.428328e+07
1.281538e+07
9.433754e+06
8.848549e+06
7.969170e+06
7.473260e+06
6.536442e+06
5.247653e+06
4.937480e+06
4.396992e+06
3.775854e+06
3.544261e+06
3.042194e+06
2.881324e+06
2.520162e+06
2.149317e+06
1.866230e+06
1.624044e+06
1.426948e+06
1.296569e+06
1.150971e+06
1.013188e+06
8.912338e+05
8.378930e+05
8.245935e+05
7.366039e+05
7.277188e+05
6.930383e+05
5.897192e+05
5.852855e+05
5.104884e+05
4.414693e+05
3.773951e+05
3.295359e+05
2.900464e+05
2.440704e+05
2.268989e+05
2.099640e+05
1.796909e+05
1.638607e+05
1.500291e+05
1.143357e+05
1.035306e+05
8.897426e+04
7.962010e+04
6.470361e+04
5.599839e+04
4.927768e+04
4.618738e+04
3.373913e+04
2.952413e+04
2.613297e+04
2.226879e+04
1.901025e+04
1.785237e+04
9.742646e+03
8.715021e+03
7.780512e+03
7.268904e+03
5.241586e+03
3.436835e+03
2.466121e+03
2.341144e+03
1.856977e+03
1.294769e+03
1.204615e+03
8.618517e+02
6.959768e+02
5.120651e+02
3.845221e+02
2.356441e+02
1.713842e+02
1.114010e+02
8.296863e+01
7.722806e+01
6.295340e+01
5.616084e+01
4.838022e+01
2.394908e+01
1.989544e+01
1.740435e+01
1.188359e+01
8.010558e+00
6.811348e+00
4.850571e+00
4.210128e+00
2.721814e+00
2.169374e+00
8.581123e-01
5.154481e-01
4.253202e-01
3.649594e-01
3.219039e-01
2.990666e-01
2.525376e-01
2.212679e-01
2.056475e-01
1.937831e-01
1.487388e-01
1.148066e-01
1.001054e-01
9.505288e-02
8.235842e-02
7.627977e-02
5.080170e-02
3.525900e-02
1.018314e-02
-1.255924e-02
-2.818585e-02
-4.893730e-02
-9.182237e-02
-1.067220e-01
-1.318977e-01
-2.414154e-01
-1.355797e+00
