5.928323e+04
9.662830e+03
5.429463e+03
1.597325e+03
7.949875e+02
5.601598e+02
4.639045e+02
2.819549e+02
2.179640e+02
1.813173e+02
1.254985e+02
9.071271e+01
8.178908e+01
7.062549e+01
5.801198e+01
4.290589e+01
3.648106e+01
2.744359e+01
2.484382e+01
2.019485e+01
1.886163e+01
1.687072e+01
1.439970e+01
1.021034e+01
9.428380e+00
7.660461e+00
6.988389e+00
5.653678e+00
4.592929e+00
4.042580e+00
2.732193e+00
2.247346e+00
1.648800e+00
9.919446e-01
9.627102e-01
6.062059e-01
5.194098e-01
3.955226e-01
3.265078e-01
2.951271e-01
2.134412e-01
1.843758e-01
1.354276e-01
1.298177e-01
1.065479e-01
8.775897e-02
6.208401e-02
5.531331e-02
4.629892e-02
3.739242e-02
2.746365e-02
2.326741e-02
1.307800e-02
1.166909e-02
1.103210e-02
9.426711e-03
8.809630e-03
6.470760e-03
3.373154e-03
2.886644e-03
2.440408e-03
1.985216e-03
1.555032e-03
1.328368e-03
1.122893e-03
9.831099e-04
9.302828e-04
8.690736e-04
8.394506e-04
8.285379e-04
7.853860e-04
7.405659e-04
7.107788e-04
6.838266e-04
6.553307e-04
6.393700e-04
6.241178e-04
5.980537e-04
5.924577e-04
5.744857e-04
5.706471e-04
5.480996e-04
5.409517e-04
5.302010e-04
5.130465e-04
5.043817e-04
5.015181e-04
4.879037e-04
4.844632e-04
4.710103e-04
4.650396e-04
4.522332e-04
4.472660e-04
4.372662e-04
4.316308e-04
4.214483e-04
4.153905e-04
4.105499e-04
4.040598e-04
3.988236e-04
3.969167e-04
3.905195e-04
3.874140e-04
3.797815e-04
3.761387e-04
3.715049e-04
3.674712e-04
3.662429e-04
3.588918e-04
3.565961e-04
3.528317e-04
3.436943e-04
3.425085e-04
3.410957e-04
3.366655e-04
3.314233e-04
3.277491e-04
3.209323e-04
3.169004e-04
3.112270e-04
3.085826e-04
3.058846e-04
3.052035e-04
3.006854e-04
2.958452e-04
2.904386e-04
2.893857e-04
2.855208e-04
2.809854e-04
2.771432e-04
2.760551e-04
2.701036e-04
2.651838e-04
2.640674e-04
2.611777e-04
2.582019e-04
2.539333e-04
2.529034e-04
2.496681e-04
2.479549e-04
2.443526e-04
2.430168e-04
2.381696e-04
2.353037e-04
2.351836e-04
2.308142e-04
2.293982e-04
2.284644e-04
2.202293e-04
2.195602e-04
2.144447e-04
2.137291e-04
2.096085e-04
2.089875e-04
2.069789e-04
2.055399e-04
2.035990e-04
2.026419e-04
1.987901e-04
1.955131e-04
1.912005e-04
1.883634e-04
1.855005e-04
1.850750e-04
1.817164e-04
1.795369e-04
1.767737e-04
1.729931e-04
1.719775e-04
1.707535e-04
1.660135e-04
1.644775e-04
1.626281e-04
1.597125e-04
1.574555e-04
1.539641e-04
1.485306e-04
1.470722e-04
1.450509e-04
1.424903e-04
1.404596e-04
1.386433e-04
1.364757e-04
1.359521e-04
1.314682e-04
1.291798e-04
1.273175e-04
1.246758e-04
1.223210e-04
1.211724e-04
1.190683e-04
1.148921e-04
1.144261e-04
1.110563e-04
1.089958e-04
1.079997e-04
1.073642e-04
1.020331e-04
1.000448e-04
9.874499e-05
9.531088e-05
9.430027e-05
9.140322e-05
8.847801e-05
8.624918e-05
8.452581e-05
8.213348e-05
7.930791e-05
7.605858e-05
7.546075e-05
7.105729e-05
7.085990e-05
6.676945e-05
6.530999e-05
6.341049e-05
6.196773e-05
6.088506e-05
5.873963e-05
5.630354e-05
5.481476e-05
5.100321e-05
4.880715e-05
4.637941e-05
4.548163e-05
4.458092e-05
4.273825e-05
3.890220e-05
3.866195e-05
3.368737e-05
3.325425e-05
3.154606e-05
2.846208e-05
2.593600e-05
2.348040e-05
2.249589e-05
1.932470e-05
1.812095e-05
1.593058e-05
1.457953e-05
9.305067e-06
7.513511e-06
4.916687e-06
2.727745e-06
4.296305e-07
7.050513e-14
-4.524377e-16
-1.127079e-13
-2.908796e-06
-4.295655e-06
-6.378209e-06
-9.162217e-06
-1.204639e-05
-1.425924e-05
-1.509271e-05
-1.765245e-05
-1.880227e-05
-2.169534e-05
-2.281543e-05
-2.409824e-05
-2.844705e-05
-3.053189e-05
-3.395574e-05
-3.568899e-05
-3.964274e-05
-4.151024e-05
-4.474264e-05
-4.668874e-05
-4.745664e-05
-4.890593e-05
-5.047954e-05
-5.275071e-05
-5.446936e-05
-5.723842e-05
-6.153867e-05
-6.180201e-05
-6.300407e-05
-6.584773e-05
-6.793829e-05
-7.041978e-05
-7.355722e-05
-7.525170e-05
-7.689823e-05
-8.059612e-05
-8.142337e-05
-8.394316e-05
-8.581183e-05
-8.826383e-05
-8.865778e-05
-9.030777e-05
-9.339078e-05
-9.869457e-05
-1.003792e-04
-1.008345e-04
-1.035900e-04
-1.071723e-04
-1.081131e-04
-1.113569e-04
-1.153773e-04
-1.169198e-04
-1.223677e-04
-1.246142e-04
-1.271991e-04
-1.284808e-04
-1.317372e-04
-1.326669e-04
-1.337139e-04
-1.373278e-04
-1.408059e-04
-1.421632e-04
-1.461090e-04
-1.487448e-04
-1.502753e-04
-1.538446e-04
-1.566125e-04
-1.579959e-04
-1.587492e-04
-1.620495e-04
-1.647210e-04
-1.676963e-04
-1.696070e-04
-1.722939e-04
-1.750416e-04
-1.782005e-04
-1.817176e-04
-1.831593e-04
-1.850391e-04
-1.890198e-04
-1.902526e-04
-1.919466e-04
-1.960404e-04
-1.984426e-04
-2.018518e-04
-2.053544e-04
-2.073499e-04
-2.108376e-04
-2.131797e-04
-2.145561e-04
-2.165747e-04
-2.204366e-04
-2.247376e-04
-2.280329e-04
-2.316070e-04
-2.330240e-04
-2.371374e-04
-2.411516e-04
-2.446850e-04
-2.468584e-04
-2.501999e-04
-2.533952e-04
-2.591246e-04
-2.632022e-04
-2.723090e-04
-2.748302e-04
-2.762507e-04
-2.777301e-04
-2.800906e-04
-2.870298e-04
-2.922590e-04
-2.944287e-04
-2.993194e-04
-3.017136e-04
-3.082499e-04
-3.106018e-04
-3.186125e-04
-3.233005e-04
-3.295738e-04
-3.407840e-04
-3.441807e-04
-3.518249e-04
-3.619460e-04
-3.669956e-04
-3.701984e-04
-3.782240e-04
-3.877375e-04
-3.920384e-04
-4.086014e-04
-4.337100e-04
-4.387276e-04
-4.545342e-04
-4.921524e-04
-5.277603e-04
-5.608849e-04
-7.283341e-04
-9.623614e-04
