1.037645e+09
1.035854e+08
1.932019e+07
1.809708e+07
1.051884e+07
4.186253e+06
2.647675e+06
1.543260e+06
1.023362e+06
9.824786e+05
8.202171e+05
5.302971e+05
4.910435e+05
3.884529e+05
3.823643e+05
2.734754e+05
1.928658e+05
1.330249e+05
8.319414e+04
7.039540e+04
5.584228e+04
3.265026e+04
2.605799e+04
1.623780e+04
1.562300e+04
1.188652e+04
6.221545e+03
5.514747e+03
5.487931e+03
3.573221e+03
3.271086e+03
2.534602e+03
1.666594e+03
1.046753e+03
5.357106e+02
3.847107e+02
2.159992e+02
1.915704e+02
1.241014e+02
5.590196e+01
4.394664e+01
3.217849e+01
1.812883e+01
1.447720e+01
1.381747e+01
7.667814e+00
5.720520e+00
3.244385e+00
2.587294e+00
1.385676e+00
1.121610e+00
8.074016e-01
5.941077e-01
3.414610e-01
2.576075e-01
1.827455e-01
1.713246e-01
1.388967e-01
1.066139e-01
9.337619e-02
9.128854e-02
4.906048e-02
4.343099e-02
4.255235e-02
3.660911e-02
3.465930e-02
2.885340e-02
2.606696e-02
2.546467e-02
2.116816e-02
1.831302e-02
1.752547e-02
1.552394e-02
1.415223e-02
1.316023e-02
1.268281e-02
1.162859e-02
1.054830e-02
1.043359e-02
9.966935e-03
9.779108e-03
9.399914e-03
8.159397e-03
7.975075e-03
7.255205e-03
6.796097e-03
6.665288e-03
6.246845e-03
5.872585e-03
5.547483e-03
5.281273e-03
5.023054e-03
4.761044e-03
4.418145e-03
4.121726e-03
3.996890e-03
3.812533e-03
3.743505e-03
3.549677e-03
3.490978e-03
2.927467e-03
2.826797e-03
2.673954e-03
2.507476e-03
2.432772e-03
2.095491e-03
1.952907e-03
1.617388e-03
1.394996e-03
1.121919e-03
9.127036e-04
5.118543e-04
3.104590e-04
1.254975e-04
-7.628399e-04
-1.250363e-03
-1.938055e-03
-2.154142e-03
-2.492568e-03
-4.334950e-03
-5.238192e-03
-7.166881e-03
-7.323952e-03
-1.243396e-02
-1.470849e-02
-2.719420e-02
-5.583345e-02
-2.538289e-01
