1.242891e+05
6.107396e+03
3.493441e+03
2.146565e+03
2.011802e+03
1.396518e+03
9.616954e+02
8.945830e+02
6.631800e+02
6.232101e+02
4.592317e+02
4.050275e+02
3.691256e+02
3.047677e+02
2.620347e+02
2.406652e+02
2.280714e+02
1.950755e+02
1.769913e+02
1.618974e+02
1.450183e+02
1.257468e+02
1.100282e+02
1.007048e+02
9.427029e+01
8.570057e+01
8.352458e+01
7.459534e+01
7.339003e+01
6.627895e+01
6.218176e+01
5.756284e+01
5.519999e+01
5.168394e+01
4.712155e+01
4.364660e+01
4.123822e+01
4.036980e+01
3.529630e+01
3.317979e+01
3.040344e+01
2.990170e+01
2.818783e+01
2.507295e+01
2.387633e+01
2.200593e+01
2.060865e+01
1.939677e+01
1.622524e+01
1.580788e+01
1.506774e+01
1.370205e+01
1.272179e+01
1.140811e+01
1.042761e+01
9.742591e+00
9.297777e+00
8.162219e+00
7.717310e+00
7.239975e+00
6.696475e+00
6.172895e+00
5.770003e+00
5.192415e+00
4.760709e+00
4.454270e+00
3.975822e+00
3.848510e+00
3.569590e+00
3.460637e+00
3.033663e+00
2.969042e+00
2.792300e+00
2.649835e+00
2.428933e+00
2.214128e+00
2.146884e+00
2.033646e+00
1.732664e+00
1.708565e+00
1.561486e+00
1.484013e+00
1.354035e+00
1.333467e+00
1.220159e+00
1.118993e+00
1.078088e+00
9.808229e-01
9.163213e-01
7.998671e-01
7.478519e-01
7.060732e-01
6.867931e-01
6.335986e-01
5.760169e-01
5.320634e-01
5.226935e-01
4.858638e-01
4.576413e-01
4.226370e-01
4.146729e-01
4.029680e-01
3.664717e-01
3.500423e-01
3.083454e-01
2.731889e-01
2.542506e-01
2.300728e-01
2.254977e-01
2.146535e-01
2.055966e-01
1.889370e-01
1.775704e-01
1.571070e-01
1.446187e-01
1.406434e-01
1.272544e-01
1.160994e-01
1.143076e-01
1.087298e-01
1.041221e-01
9.659944e-02
8.988894e-02
7.874849e-02
7.308628e-02
7.023475e-02
6.970752e-02
6.268302e-02
5.713796e-02
5.190036e-02
4.912869e-02
4.594892e-02
4.240332e-02
3.871853e-02
3.654199e-02
3.325163e-02
3.236503e-02
2.894149e-02
2.755896e-02
2.469520e-02
2.196808e-02
2.028733e-02
1.975453e-02
1.941380e-02
1.799206e-02
1.745496e-02
1.622591e-02
1.530559e-02
1.347044e-02
1.234012e-02
1.141047e-02
9.596796e-03
9.326893e-03
8.460342e-03
7.441793e-03
6.946838e-03
6.456919e-03
6.178452e-03
5.802269e-03
5.374263e-03
5.157943e-03
4.937323e-03
4.644714e-03
4.436962e-03
3.842594e-03
3.750725e-03
3.546030e-03
3.409304e-03
3.158484e-03
2.741843e-03
2.620630e-03
2.468379e-03
2.437019e-03
2.262889e-03
2.150835e-03
2.076473e-03
1.903914e-03
1.761404e-03
1.691351e-03
1.603331e-03
1.513574e-03
1.478725e-03
1.466758e-03
1.441086e-03
1.423780e-03
1.380432e-03
1.361415e-03
1.349588e-03
1.334072e-03
1.287513e-03
1.274623e-03
1.262269e-03
1.231938e-03
1.210496e-03
1.184574e-03
1.177476e-03
1.158945e-03
1.158024e-03
1.144189e-03
1.135717e-03
1.117584e-03
1.106602e-03
1.088056e-03
1.079564e-03
1.064363e-03
1.049425e-03
1.034235e-03
1.027158e-03
9.983996e-04
9.913443e-04
9.776020e-04
9.725449e-04
9.514298e-04
9.383038e-04
9.314911e-04
9.180193e-04
9.122164e-04
8.989134e-04
8.852936e-04
8.740393e-04
8.575661e-04
8.401534e-04
8.324934e-04
8.210801e-04
8.163742e-04
8.139184e-04
7.994805e-04
7.870938e-04
7.740299e-04
7.709708e-04
7.584773e-04
7.446575e-04
7.384740e-04
7.305486e-04
7.109779e-04
7.018292e-04
6.935875e-04
6.792659e-04
6.671227e-04
6.525124e-04
6.484614e-04
6.454156e-04
6.353985e-04
6.258093e-04
6.108756e-04
6.023244e-04
5.979533e-04
5.869024e-04
5.788420e-04
5.733407e-04
5.646152e-04
5.530088e-04
5.463771e-04
5.426767e-04
5.351675e-04
5.147413e-04
5.101145e-04
4.947813e-04
4.903629e-04
4.878779e-04
4.844290e-04
4.674062e-04
4.586127e-04
4.548123e-04
4.399255e-04
4.302276e-04
4.244803e-04
4.116267e-04
3.977798e-04
3.925381e-04
3.832883e-04
3.761819e-04
3.687560e-04
3.644493e-04
3.566565e-04
3.444822e-04
3.398827e-04
3.232938e-04
3.201037e-04
3.113269e-04
3.099524e-04
2.995007e-04
2.835628e-04
2.688583e-04
2.681772e-04
2.592151e-04
2.451519e-04
2.304158e-04
2.217449e-04
2.144105e-04
2.090460e-04
1.946218e-04
1.795077e-04
1.714255e-04
1.687684e-04
1.635849e-04
1.554718e-04
1.523825e-04
1.468469e-04
1.259996e-04
1.201428e-04
1.167812e-04
1.129717e-04
9.356905e-05
8.637003e-05
7.354927e-05
6.461411e-05
6.285394e-05
5.138536e-05
4.776314e-05
3.110983e-05
2.667553e-05
1.537048e-05
1.163489e-05
-5.143666e-06
-1.636924e-05
-2.733980e-05
-2.893732e-05
-3.915742e-05
-4.438864e-05
-6.162658e-05
-6.707035e-05
-8.150389e-05
-8.578464e-05
-8.797307e-05
-1.006699e-04
-1.067740e-04
-1.242475e-04
-1.335781e-04
-1.405515e-04
-1.457438e-04
-1.491784e-04
-1.540214e-04
-1.856369e-04
-1.933628e-04
-2.033924e-04
-2.068235e-04
-2.215717e-04
-2.287884e-04
-2.348070e-04
-2.457220e-04
-2.553492e-04
-2.646644e-04
-2.677945e-04
-2.784717e-04
-2.871567e-04
-3.070587e-04
-3.145220e-04
-3.193694e-04
-3.344433e-04
-3.451030e-04
-3.519118e-04
-3.668536e-04
-3.775214e-04
-3.897501e-04
-4.012543e-04
-4.076800e-04
-4.215604e-04
-4.327512e-04
-4.355684e-04
-4.563540e-04
-4.794431e-04
-4.869126e-04
-5.048386e-04
-5.122607e-04
-5.265383e-04
-5.388426e-04
-5.556837e-04
-5.590644e-04
-5.793802e-04
-5.900012e-04
-6.009992e-04
-6.172265e-04
-6.306417e-04
-6.437968e-04
-6.576632e-04
-6.727459e-04
-6.771758e-04
-6.894046e-04
-7.280690e-04
-7.539388e-04
-7.977912e-04
-8.318633e-04
-8.459217e-04
