5.856193e+04
1.236583e+04
6.976623e+03
1.753726e+03
1.371239e+03
8.498215e+02
6.578244e+02
3.595132e+02
3.585747e+02
2.916661e+02
2.644078e+02
2.415852e+02
1.872042e+02
1.455108e+02
1.304855e+02
1.080786e+02
9.800078e+01
8.712737e+01
8.345816e+01
6.215401e+01
4.929418e+01
4.482652e+01
3.829057e+01
3.356880e+01
2.980554e+01
2.406279e+01
2.302520e+01
1.729174e+01
1.480746e+01
1.423154e+01
1.104374e+01
1.063338e+01
1.007856e+01
8.330067e+00
7.908089e+00
6.562413e+00
6.022389e+00
5.171022e+00
4.577770e+00
4.050552e+00
3.323250e+00
2.512657e+00
2.398349e+00
2.125921e+00
2.024317e+00
1.757619e+00
1.225031e+00
1.180621e+00
9.491466e-01
8.828824e-01
8.191369e-01
5.240086e-01
5.202063e-01
4.833552e-01
3.867404e-01
3.456123e-01
2.705403e-01
1.795980e-01
1.512177e-01
1.345123e-01
9.466440e-02
7.408860e-02
6.998397e-02
5.294139e-02
4.596350e-02
3.858981e-02
3.732725e-02
3.188683e-02
2.839251e-02
1.816114e-02
1.637936e-02
1.376823e-02
1.293376e-02
9.968999e-03
8.865155e-03
6.348362e-03
4.549707e-03
4.166565e-03
3.506331e-03
2.710624e-03
2.374339e-03
2.129273e-03
1.907139e-03
1.868656e-03
1.676787e-03
1.422178e-03
1.339730e-03
1.221554e-03
1.191627e-03
1.086618e-03
9.782584e-04
9.337434e-04
8.284937e-04
7.874205e-04
7.647073e-04
6.904177e-04
6.631813e-04
6.451002e-04
6.342430e-04
6.060483e-04
5.778233e-04
5.711498e-04
5.662319e-04
5.364796e-04
5.277343e-04
5.170960e-04
5.097865e-04
5.055841e-04
4.938429e-04
4.847625e-04
4.776039e-04
4.720038e-04
4.660458e-04
4.599123e-04
4.517383e-04
4.409532e-04
4.360698e-04
4.291544e-04
4.261833e-04
4.202111e-04
4.118473e-04
4.096536e-04
4.045412e-04
3.968030e-04
3.922796e-04
3.871046e-04
3.841126e-04
3.788599e-04
3.749902e-04
3.658139e-04
3.618934e-04
3.557370e-04
3.519254e-04
3.478575e-04
3.441874e-04
3.411841e-04
3.340719e-04
3.302316e-04
3.291505e-04
3.224006e-04
3.203208e-04
3.164963e-04
3.116068e-04
3.099807e-04
3.061212e-04
3.026863e-04
2.946361e-04
2.939003e-04
2.904708e-04
2.875793e-04
2.836406e-04
2.822358e-04
2.775395e-04
2.765107e-04
2.748073e-04
2.724561e-04
2.619245e-04
2.585626e-04
2.542700e-04
2.522786e-04
2.498558e-04
2.486671e-04
2.467323e-04
2.453488e-04
2.416997e-04
2.401854e-04
2.335690e-04
2.323072e-04
2.278655e-04
2.255127e-04
2.239170e-04
2.204154e-04
2.170464e-04
2.138829e-04
2.105356e-04
2.040021e-04
2.018901e-04
2.014108e-04
1.985808e-04
1.955965e-04
1.952748e-04
1.922315e-04
1.895926e-04
1.871240e-04
1.844121e-04
1.816023e-04
1.803872e-04
1.770081e-04
1.742626e-04
1.721167e-04
1.713230e-04
1.662938e-04
1.632175e-04
1.607509e-04
1.587425e-04
1.539965e-04
1.519770e-04
1.485530e-04
1.479400e-04
1.457365e-04
1.426135e-04
1.371610e-04
1.361768e-04
1.356726e-04
1.321093e-04
1.303179e-04
1.285958e-04
1.241238e-04
1.230154e-04
1.205068e-04
1.176908e-04
1.167166e-04
1.146756e-04
1.122904e-04
1.108815e-04
1.092895e-04
1.054866e-04
1.017100e-04
9.888495e-05
9.658479e-05
9.311093e-05
9.207447e-05
8.809826e-05
8.499026e-05
8.438074e-05
8.219701e-05
7.993499e-05
7.777597e-05
7.542705e-05
7.356512e-05
7.065816e-05
6.863943e-05
6.599153e-05
6.259724e-05
6.047082e-05
5.858592e-05
5.577651e-05
5.198903e-05
5.115730e-05
4.594358e-05
4.516229e-05
4.209525e-05
4.032249e-05
3.861959e-05
3.693880e-05
3.339587e-05
2.977387e-05
2.863295e-05
2.716775e-05
2.496283e-05
2.391155e-05
2.084516e-05
1.990196e-05
1.816598e-05
1.498839e-05
1.309797e-05
1.068996e-05
8.709035e-06
6.662014e-06
5.126619e-06
3.952763e-07
-1.422050e-13
-9.064262e-07
-3.638523e-06
-6.309030e-06
-7.331633e-06
-1.364768e-05
-1.496907e-05
-1.688982e-05
-1.765012e-05
-2.171439e-05
-2.385780e-05
-2.539797e-05
-2.598737e-05
-2.808383e-05
-3.361121e-05
-3.432029e-05
-3.765755e-05
-3.943961e-05
-4.118825e-05
-4.271685e-05
-4.551224e-05
-4.587314e-05
-4.696343e-05
-5.060738e-05
-5.308739e-05
-5.672924e-05
-6.363927e-05
-6.588073e-05
-6.599940e-05
-6.839565e-05
-7.163478e-05
-7.581710e-05
-7.767905e-05
-8.145954e-05
-8.450587e-05
-8.497752e-05
-8.797171e-05
-8.917178e-05
-9.341426e-05
-9.370555e-05
-9.766401e-05
-9.887510e-05
-1.026017e-04
-1.040319e-04
-1.089097e-04
-1.095147e-04
-1.123531e-04
-1.146749e-04
-1.179842e-04
-1.192469e-04
-1.217917e-04
-1.248643e-04
-1.272427e-04
-1.311765e-04
-1.336478e-04
-1.361383e-04
-1.374986e-04
-1.422501e-04
-1.439010e-04
-1.483374e-04
-1.516779e-04
-1.550447e-04
-1.570020e-04
-1.588840e-04
-1.620144e-04
-1.655633e-04
-1.703276e-04
-1.734774e-04
-1.759302e-04
-1.792146e-04
-1.837864e-04
-1.865920e-04
-1.884416e-04
-1.894258e-04
-1.937160e-04
-1.965454e-04
-1.991404e-04
-2.044106e-04
-2.063611e-04
-2.077694e-04
-2.123659e-04
-2.158713e-04
-2.173133e-04
-2.194253e-04
-2.235499e-04
-2.289255e-04
-2.346191e-04
-2.381541e-04
-2.422331e-04
-2.433024e-04
-2.484972e-04
-2.532738e-04
-2.598995e-04
-2.630498e-04
-2.646263e-04
-2.660510e-04
-2.685561e-04
-2.753085e-04
-2.759038e-04
-2.833134e-04
-2.840763e-04
-2.904232e-04
-2.961301e-04
-3.013151e-04
-3.076395e-04
-3.150600e-04
-3.179391e-04
-3.248134e-04
-3.274166e-04
-3.367143e-04
-3.444843e-04
-3.554859e-04
-3.649283e-04
-3.747446e-04
-3.840010e-04
-3.925227e-04
-4.011437e-04
-4.330010e-04
-4.908440e-04
-5.404904e-04
-6.793584e-04
-1.090602e-03
-1.424921e-03
