2.245912e+12
2.085561e+12
1.741671e+12
1.552431e+12
1.353747e+12
1.286248e+12
1.227221e+12
1.102725e+12
9.983318e+11
9.849592e+11
9.013234e+11
8.710181e+11
8.344837e+11
8.094467e+11
7.892907e+11
7.326096e+11
7.017949e+11
6.955997e+11
6.600832e+11
6.486210e+11
5.898633e+11
5.666584e+11
5.516493e+11
5.223844e+11
5.156799e+11
4.813744e+11
4.579864e+11
4.421223e+11
4.386614e+11
4.152949e+11
3.962249e+11
3.753963e+11
3.505857e+11
3.467045e+11
3.383951e+11
3.288549e+11
3.225510e+11
3.163798e+11
3.069457e+11
2.910660e+11
2.812543e+11
2.750061e+11
2.569153e+11
2.495092e+11
2.469673e+11
2.401810e+11
2.308101e+11
2.253673e+11
2.236577e+11
2.144968e+11
2.081369e+11
2.048232e+11
1.993019e+11
1.933827e+11
1.894528e+11
1.854071e+11
1.754168e+11
1.741943e+11
1.701329e+11
1.676508e+11
1.650943e+11
1.592129e+11
1.547074e+11
1.530295e+11
1.479072e+11
1.449635e+11
1.431903e+11
1.371825e+11
1.329577e+11
1.278647e+11
1.261815e+11
1.238668e+11
1.211481e+11
1.190038e+11
1.148522e+11
1.140339e+11
1.094615e+11
1.060117e+11
1.035723e+11
1.030515e+11
9.935697e+10
9.673654e+10
9.604059e+10
9.272960e+10
9.241349e+10
9.020713e+10
8.927438e+10
8.570357e+10
8.411893e+10
8.174990e+10
8.035930e+10
7.996858e+10
7.769022e+10
7.684138e+10
7.610221e+10
7.420852e+10
7.329101e+10
7.265233e+10
7.192053e+10
6.868312e+10
6.725846e+10
6.665065e+10
6.506261e+10
6.382850e+10
6.316091e+10
6.079542e+10
5.896557e+10
5.695185e+10
5.683124e+10
5.521680e+10
5.373773e+10
5.173422e+10
5.079830e+10
4.997425e+10
4.931341e+10
4.618397e+10
4.500314e+10
4.143209e+10
3.737822e+10
3.365086e+10
2.807197e+10
2.108239e+10
1.678273e+10
1.430901e+10
1.081193e+10
6.297859e+09
7.935747e+08
5.414728e+07
