1.607423e+08
2.181803e+07
1.485084e+06
1.207478e+06
1.013935e+06
2.885915e+05
1.699293e+05
9.503825e+04
1.723740e+04
9.784223e+03
4.486763e+03
1.233330e+03
3.980295e+02
1.816730e+02
7.868163e+01
6.214119e+01
4.952299e+01
4.407743e+01
3.945580e+01
3.380563e+01
2.836529e+01
2.566612e+01
2.221327e+01
1.912824e+01
1.803065e+01
1.713808e+01
1.542983e+01
1.527330e+01
1.439097e+01
1.408283e+01
1.254121e+01
1.165496e+01
1.148018e+01
1.045585e+01
1.040433e+01
1.021809e+01
9.346850e+00
9.132093e+00
8.274990e+00
8.146353e+00
7.912958e+00
7.373388e+00
7.206846e+00
6.971646e+00
6.364894e+00
6.241786e+00
6.004168e+00
5.711090e+00
5.175475e+00
4.941215e+00
4.801819e+00
4.421866e+00
4.191647e+00
3.780638e+00
3.423633e+00
3.347215e+00
3.086361e+00
2.723356e+00
2.653559e+00
2.394778e+00
2.049801e+00
1.838803e+00
1.538433e+00
1.483187e+00
1.326251e+00
9.783247e-01
8.633661e-01
8.486003e-01
6.369344e-01
4.681294e-01
3.080586e-01
2.083910e-01
1.718185e-01
8.963936e-02
7.391360e-02
4.203878e-02
2.142944e-02
5.049043e-10
5.243201e-12
-2.761078e-10
-3.488770e-02
-3.992014e-02
-8.118732e-02
-1.222289e-01
-2.178539e-01
-3.666174e-01
-4.927731e-01
-5.588816e-01
-6.821110e-01
-8.577097e-01
-9.762979e-01
-1.074980e+00
-1.368629e+00
-1.458427e+00
-1.575551e+00
-1.818677e+00
-1.951597e+00
-2.132116e+00
-2.471143e+00
-2.758635e+00
-3.091386e+00
-3.464251e+00
-3.726575e+00
-3.816054e+00
-4.253098e+00
-4.449129e+00
-4.811078e+00
-5.426041e+00
-5.984344e+00
-6.440546e+00
-6.779315e+00
-7.116317e+00
-8.354637e+00
-8.613420e+00
-9.390031e+00
-1.071149e+01
-1.117012e+01
-1.203180e+01
-1.397159e+01
-1.509906e+01
-1.673563e+01
-1.942809e+01
-2.466001e+01
-3.723192e+01
-3.864257e+01
-4.244386e+01
-5.523063e+01
-6.347532e+01
