5.856246e+04
1.244634e+04
6.883878e+03
1.758563e+03
1.229998e+03
8.612715e+02
6.591442e+02
4.106361e+02
3.294276e+02
2.359450e+02
1.930201e+02
1.597892e+02
1.509146e+02
1.404778e+02
1.363020e+02
1.058476e+02
8.708825e+01
8.135352e+01
6.369971e+01
5.369236e+01
4.676858e+01
4.602755e+01
3.471761e+01
3.327460e+01
2.654916e+01
2.400128e+01
2.042337e+01
1.644608e+01
1.354273e+01
1.263818e+01
1.173094e+01
9.251307e+00
8.353439e+00
7.434552e+00
7.175181e+00
6.701489e+00
5.879382e+00
4.667695e+00
3.784223e+00
3.283373e+00
3.191398e+00
2.886024e+00
2.400002e+00
2.192471e+00
1.753637e+00
1.641858e+00
1.222880e+00
1.103065e+00
9.494963e-01
8.354703e-01
5.440413e-01
4.611922e-01
4.059876e-01
3.759393e-01
3.172004e-01
2.846665e-01
2.002946e-01
1.570070e-01
1.345042e-01
1.114554e-01
8.401453e-02
7.319644e-02
4.610613e-02
4.170662e-02
3.822441e-02
3.515973e-02
2.757164e-02
2.246999e-02
1.990137e-02
1.939282e-02
1.602173e-02
1.461135e-02
1.037534e-02
8.746754e-03
7.314565e-03
6.167354e-03
5.094651e-03
3.709020e-03
3.349947e-03
3.206675e-03
2.967928e-03
1.795152e-03
1.731259e-03
1.685021e-03
1.511371e-03
1.295091e-03
1.100054e-03
9.577022e-04
9.388667e-04
8.838910e-04
8.370242e-04
8.165549e-04
7.392733e-04
7.091038e-04
6.792471e-04
6.362218e-04
6.325371e-04
6.222310e-04
5.950849e-04
5.809437e-04
5.685106e-04
5.571401e-04
5.371379e-04
5.298459e-04
5.190857e-04
5.133236e-04
4.953230e-04
4.837355e-04
4.787358e-04
4.778132e-04
4.654920e-04
4.562222e-04
4.536267e-04
4.461544e-04
4.411759e-04
4.378239e-04
4.290111e-04
4.286769e-04
4.182682e-04
4.120219e-04
4.099690e-04
4.082859e-04
4.065093e-04
3.987277e-04
3.932359e-04
3.866121e-04
3.836805e-04
3.800566e-04
3.713638e-04
3.685566e-04
3.654802e-04
3.627749e-04
3.592690e-04
3.475206e-04
3.473423e-04
3.453580e-04
3.373136e-04
3.341497e-04
3.313760e-04
3.280106e-04
3.216971e-04
3.145834e-04
3.107610e-04
3.040531e-04
3.029353e-04
2.999839e-04
2.964067e-04
2.940508e-04
2.929238e-04
2.905138e-04
2.865052e-04
2.793804e-04
2.773083e-04
2.744780e-04
2.721565e-04
2.685808e-04
2.659565e-04
2.602819e-04
2.582775e-04
2.547056e-04
2.515389e-04
2.470342e-04
2.462262e-04
2.435518e-04
2.406862e-04
2.383691e-04
2.341580e-04
2.321626e-04
2.273332e-04
2.232333e-04
2.212993e-04
2.188253e-04
2.152408e-04
2.110070e-04
2.082958e-04
2.058152e-04
2.035701e-04
2.001678e-04
1.980990e-04
1.926448e-04
1.905370e-04
1.894768e-04
1.864421e-04
1.852807e-04
1.837146e-04
1.792638e-04
1.751306e-04
1.725415e-04
1.704610e-04
1.676228e-04
1.659043e-04
1.625620e-04
1.589584e-04
1.574401e-04
1.555249e-04
1.517758e-04
1.510465e-04
1.474936e-04
1.451745e-04
1.442867e-04
1.429121e-04
1.381577e-04
1.363994e-04
1.339687e-04
1.326915e-04
1.288047e-04
1.272312e-04
1.251998e-04
1.236106e-04
1.190929e-04
1.178525e-04
1.133100e-04
1.123702e-04
1.093156e-04
1.043404e-04
1.034371e-04
1.008892e-04
9.478495e-05
9.399529e-05
9.318758e-05
8.877430e-05
8.584723e-05
8.403130e-05
8.055727e-05
7.930082e-05
7.769195e-05
7.424173e-05
7.231637e-05
7.156820e-05
6.823730e-05
6.422534e-05
6.205815e-05
6.121444e-05
5.870589e-05
5.581560e-05
5.399547e-05
4.937635e-05
4.830602e-05
4.521069e-05
4.442967e-05
4.265581e-05
4.129305e-05
3.681612e-05
3.474910e-05
3.249803e-05
3.028172e-05
2.919596e-05
2.648535e-05
2.402836e-05
2.182840e-05
1.938078e-05
1.475097e-05
1.280457e-05
1.194306e-05
8.263627e-06
7.237297e-06
6.145951e-06
2.527827e-06
1.550286e-06
3.235429e-14
-2.161077e-14
-3.711052e-14
-1.720894e-13
-6.696542e-07
-1.100551e-06
-5.924381e-06
-8.171813e-06
-1.109152e-05
-1.249896e-05
-1.589333e-05
-1.712007e-05
-2.094743e-05
-2.470222e-05
-2.779934e-05
-2.974144e-05
-3.150362e-05
-3.529024e-05
-3.885978e-05
-4.056578e-05
-4.307336e-05
-4.560977e-05
-4.750648e-05
-4.933430e-05
-5.075418e-05
-5.219326e-05
-5.745635e-05
-5.916294e-05
-6.392716e-05
-6.535606e-05
-6.663370e-05
-7.046722e-05
-7.153548e-05
-7.431416e-05
-7.669591e-05
-7.952478e-05
-8.053111e-05
-8.428312e-05
-8.601991e-05
-8.856349e-05
-9.058010e-05
-9.312730e-05
-9.539329e-05
-9.754581e-05
-1.012760e-04
-1.059818e-04
-1.078214e-04
-1.102009e-04
-1.131432e-04
-1.147388e-04
-1.179551e-04
-1.232523e-04
-1.260395e-04
-1.278650e-04
-1.289510e-04
-1.316915e-04
-1.353990e-04
-1.365265e-04
-1.392009e-04
-1.423539e-04
-1.438363e-04
-1.453010e-04
-1.497092e-04
-1.520985e-04
-1.551742e-04
-1.591230e-04
-1.616130e-04
-1.645784e-04
-1.664202e-04
-1.688507e-04
-1.719276e-04
-1.739071e-04
-1.771122e-04
-1.828088e-04
-1.846958e-04
-1.865043e-04
-1.925967e-04
-1.953074e-04
-1.972659e-04
-2.040654e-04
-2.068045e-04
-2.113520e-04
-2.134258e-04
-2.189188e-04
-2.220870e-04
-2.235025e-04
-2.257757e-04
-2.271739e-04
-2.292016e-04
-2.304125e-04
-2.360257e-04
-2.481871e-04
-2.504817e-04
-2.545410e-04
-2.585980e-04
-2.613679e-04
-2.641441e-04
-2.692819e-04
-2.724555e-04
-2.748079e-04
-2.796973e-04
-2.860828e-04
-2.907991e-04
-2.977530e-04
-2.991475e-04
-3.031633e-04
-3.168037e-04
-3.183469e-04
-3.210179e-04
-3.334366e-04
-3.419362e-04
-3.533500e-04
-3.582319e-04
-3.695915e-04
-3.786098e-04
-3.810330e-04
-4.106779e-04
-4.170343e-04
-4.516909e-04
-5.179298e-04
-5.284335e-04
-5.629176e-04
-6.724236e-04
-7.360555e-04
-1.040747e-03
