4.856821e+05
4.396656e+05
3.350129e+05
3.131405e+05
2.550199e+05
2.173030e+05
2.042035e+05
1.863554e+05
1.750538e+05
1.475192e+05
1.260679e+05
1.212760e+05
1.092067e+05
9.571720e+04
8.970304e+04
7.704107e+04
6.704985e+04
6.027318e+04
5.485187e+04
4.293248e+04
3.844192e+04
3.202833e+04
2.990602e+04
2.637225e+04
2.440267e+04
2.158658e+04
1.787770e+04
1.771403e+04
1.635410e+04
1.465903e+04
1.385843e+04
1.128067e+04
8.565026e+03
8.257941e+03
7.655089e+03
6.847119e+03
6.025506e+03
5.366800e+03
3.679323e+03
3.100833e+03
2.771896e+03
2.546936e+03
2.249699e+03
2.082713e+03
1.823866e+03
1.796685e+03
1.648492e+03
1.564273e+03
1.073453e+03
8.988711e+02
8.813655e+02
7.527004e+02
6.724715e+02
5.460963e+02
4.740186e+02
3.626407e+02
3.299351e+02
2.975954e+02
2.791929e+02
2.674202e+02
2.465133e+02
1.344555e+02
1.217980e+02
7.543523e+01
6.129822e+01
5.416363e+01
5.068602e+01
4.863733e+01
4.358168e+01
4.163742e+01
3.665914e+01
3.241719e+01
2.988843e+01
2.743464e+01
2.105405e+01
1.078187e+01
1.016223e+01
7.065900e+00
6.615550e+00
5.697810e+00
5.287216e+00
4.190479e+00
3.638834e+00
3.493010e+00
2.870513e+00
2.415176e+00
1.959784e+00
1.636822e+00
1.517942e+00
9.383417e-01
8.897225e-01
4.876430e-01
4.382274e-01
3.806734e-01
3.606668e-01
2.753845e-01
2.285354e-01
1.819391e-01
1.696755e-01
1.464893e-01
1.183662e-01
8.840688e-02
7.581852e-02
7.013994e-02
6.736978e-02
6.368342e-02
6.216255e-02
6.134747e-02
5.900923e-02
5.823760e-02
5.745542e-02
5.657886e-02
5.503546e-02
5.431830e-02
5.241292e-02
5.118936e-02
4.951718e-02
4.781815e-02
4.749665e-02
4.717176e-02
4.592713e-02
4.495197e-02
4.207086e-02
4.134145e-02
3.938332e-02
3.893491e-02
3.467957e-02
3.318937e-02
