4.110851e+05
2.220556e+05
1.699344e+05
1.500145e+05
1.327483e+05
1.065414e+05
1.005688e+05
9.128534e+04
8.234557e+04
7.186182e+04
6.683276e+04
5.883048e+04
5.834938e+04
5.119468e+04
4.491300e+04
3.471682e+04
3.240929e+04
3.014887e+04
2.217562e+04
1.609896e+04
1.381167e+04
1.270671e+04
1.047265e+04
1.026108e+04
9.199817e+03
8.292757e+03
6.402650e+03
5.454109e+03
5.056204e+03
4.904875e+03
4.072730e+03
3.312733e+03
2.434036e+03
2.323703e+03
1.990335e+03
1.719685e+03
1.395669e+03
1.211935e+03
1.042578e+03
9.875978e+02
8.831934e+02
6.854468e+02
5.785071e+02
5.116049e+02
4.115093e+02
3.722638e+02
3.501694e+02
2.675100e+02
2.401049e+02
2.103270e+02
1.768692e+02
1.486801e+02
1.273104e+02
1.231519e+02
8.435873e+01
8.176368e+01
6.598386e+01
5.601535e+01
4.888087e+01
4.287942e+01
4.116919e+01
3.797251e+01
2.880065e+01
2.470237e+01
2.233153e+01
1.847182e+01
1.749642e+01
1.343863e+01
9.777940e+00
8.468414e+00
6.746143e+00
6.088165e+00
5.183193e+00
4.542329e+00
3.881976e+00
3.554440e+00
2.818173e+00
2.247082e+00
1.637226e+00
1.424577e+00
1.178916e+00
8.652739e-01
8.203631e-01
6.120872e-01
4.269992e-01
3.596651e-01
3.396633e-01
2.022621e-01
1.593209e-01
1.443661e-01
1.126065e-01
1.034360e-01
9.677352e-02
8.674372e-02
8.168602e-02
7.082137e-02
6.176498e-02
4.954631e-02
3.982194e-02
2.924683e-02
2.743937e-02
2.679935e-02
2.606781e-02
2.525252e-02
2.420374e-02
2.413773e-02
2.312441e-02
2.133040e-02
2.087596e-02
1.992058e-02
1.978330e-02
1.968573e-02
1.893359e-02
1.819804e-02
1.809072e-02
1.789393e-02
1.655927e-02
1.515616e-02
1.475426e-02
1.448396e-02
1.400572e-02
1.247815e-02
1.159635e-02
1.136951e-02
1.066262e-02
1.029779e-02
9.212054e-03
8.238306e-03
