5.334816e+04
5.447723e+02
3.571866e+02
3.432861e+02
1.890941e+02
1.551116e+02
1.029940e+02
7.626904e+01
5.862920e+01
5.278101e+01
4.919553e+01
4.639452e+01
4.094352e+01
3.812784e+01
3.297447e+01
2.998912e+01
2.841513e+01
2.556061e+01
2.456271e+01
2.075034e+01
1.926118e+01
1.715205e+01
1.702234e+01
1.512518e+01
1.437046e+01
1.400401e+01
1.274523e+01
1.174904e+01
1.043190e+01
9.861586e+00
9.152862e+00
8.091851e+00
7.760283e+00
6.480787e+00
6.202891e+00
5.085505e+00
4.863441e+00
4.617612e+00
4.570487e+00
3.988504e+00
3.775622e+00
3.636842e+00
3.201632e+00
3.166693e+00
2.566364e+00
2.403602e+00
2.232926e+00
1.995966e+00
1.797565e+00
1.738369e+00
1.542564e+00
1.427105e+00
1.292264e+00
1.194566e+00
1.038893e+00
9.123074e-01
8.688263e-01
8.300281e-01
7.284014e-01
6.230695e-01
5.138878e-01
5.023161e-01
4.996383e-01
4.173643e-01
3.902282e-01
3.584504e-01
3.039293e-01
2.686141e-01
2.487853e-01
2.196031e-01
1.852212e-01
1.722265e-01
1.518040e-01
1.363437e-01
1.203969e-01
1.112581e-01
9.566184e-02
8.999993e-02
7.482981e-02
6.698315e-02
6.253466e-02
5.262824e-02
5.005505e-02
4.636977e-02
4.246759e-02
3.638051e-02
3.198775e-02
2.939714e-02
2.686858e-02
2.518331e-02
2.111904e-02
2.022596e-02
1.819713e-02
1.640929e-02
1.488983e-02
1.403418e-02
1.242613e-02
1.101318e-02
1.021138e-02
9.522764e-03
8.775313e-03
6.478003e-03
6.256514e-03
5.864866e-03
5.310945e-03
5.031059e-03
4.550664e-03
4.460515e-03
3.930584e-03
3.284851e-03
2.874170e-03
2.829740e-03
2.257920e-03
2.013362e-03
1.804920e-03
1.711932e-03
1.635687e-03
1.451092e-03
1.288880e-03
1.233886e-03
1.224544e-03
1.144480e-03
1.083336e-03
1.042845e-03
9.841280e-04
9.611057e-04
8.766410e-04
8.334272e-04
8.206813e-04
7.482856e-04
7.380465e-04
7.172930e-04
6.859055e-04
6.689524e-04
6.482506e-04
6.190464e-04
6.099613e-04
5.954598e-04
5.553806e-04
5.413531e-04
5.340178e-04
5.147707e-04
4.762134e-04
4.672467e-04
4.507188e-04
4.416765e-04
4.126493e-04
3.943626e-04
3.746817e-04
3.590359e-04
3.519526e-04
3.251001e-04
3.087786e-04
2.975126e-04
2.861819e-04
2.725982e-04
2.503445e-04
2.459712e-04
2.125874e-04
2.014569e-04
1.797996e-04
1.524345e-04
1.350043e-04
1.215639e-04
1.119269e-04
8.972361e-05
7.950544e-05
5.847521e-05
4.993637e-05
2.303809e-05
1.178364e-05
-4.679724e-06
-1.311153e-05
-3.211446e-05
-6.217060e-05
-1.027691e-04
-1.187288e-04
-1.276635e-04
-1.384371e-04
-1.602076e-04
-1.667306e-04
-1.810987e-04
-1.866928e-04
-2.263930e-04
-2.607987e-04
-3.022912e-04
-3.141479e-04
-3.271966e-04
-3.925152e-04
-4.212402e-04
-4.309973e-04
-4.997685e-04
