8.902712e+04
3.749087e+03
2.313469e+03
1.764493e+03
1.131130e+03
8.309764e+02
5.446265e+02
4.439626e+02
3.030452e+02
2.728157e+02
2.439203e+02
2.004032e+02
1.920023e+02
1.773462e+02
1.669264e+02
1.549639e+02
1.321073e+02
1.290083e+02
1.184885e+02
1.140904e+02
1.059218e+02
9.881149e+01
8.820479e+01
8.087808e+01
7.534952e+01
7.313739e+01
7.156992e+01
6.580422e+01
5.969217e+01
5.589824e+01
5.137601e+01
4.941318e+01
4.655589e+01
4.360727e+01
4.140808e+01
3.891427e+01
3.738288e+01
3.346223e+01
3.150800e+01
3.043342e+01
2.822614e+01
2.618241e+01
2.476593e+01
2.302513e+01
2.255054e+01
2.103683e+01
2.025515e+01
1.902938e+01
1.796444e+01
1.589304e+01
1.515037e+01
1.430167e+01
1.338293e+01
1.280068e+01
1.234052e+01
1.105294e+01
9.995415e+00
9.070168e+00
8.537297e+00
8.011668e+00
7.385897e+00
7.262889e+00
6.799769e+00
6.480703e+00
6.362401e+00
5.826493e+00
5.526278e+00
5.042872e+00
4.373194e+00
4.251984e+00
3.984330e+00
3.695960e+00
3.187141e+00
2.815214e+00
2.679144e+00
2.424233e+00
2.203557e+00
2.174137e+00
1.830280e+00
1.761007e+00
1.654309e+00
1.600607e+00
1.528924e+00
1.438974e+00
1.379354e+00
1.301349e+00
1.230424e+00
1.193655e+00
1.085045e+00
1.058236e+00
9.557002e-01
9.301905e-01
8.951824e-01
8.311924e-01
7.680859e-01
7.526775e-01
7.189007e-01
6.837026e-01
6.635678e-01
6.206446e-01
5.758733e-01
5.372981e-01
5.112679e-01
4.853328e-01
4.411061e-01
4.318269e-01
3.769284e-01
3.708486e-01
3.558130e-01
3.217423e-01
2.906694e-01
2.823539e-01
2.710925e-01
2.668512e-01
2.534479e-01
2.431126e-01
2.322411e-01
2.064429e-01
2.000433e-01
1.959770e-01
1.805296e-01
1.649932e-01
1.631692e-01
1.462537e-01
1.428294e-01
1.358215e-01
1.315799e-01
1.254179e-01
1.177450e-01
1.116529e-01
1.031422e-01
9.501559e-02
8.860789e-02
7.665589e-02
7.094839e-02
6.943537e-02
6.755129e-02
6.564786e-02
6.359628e-02
5.531917e-02
5.331938e-02
5.264099e-02
5.052779e-02
4.764432e-02
4.356483e-02
4.255443e-02
4.112200e-02
4.000451e-02
3.850123e-02
3.634061e-02
3.308914e-02
3.021443e-02
2.518235e-02
2.491440e-02
2.298494e-02
2.287910e-02
2.076765e-02
2.044702e-02
1.953660e-02
1.936417e-02
1.863844e-02
1.698482e-02
1.641465e-02
1.527609e-02
1.400498e-02
1.376479e-02
1.312139e-02
1.187191e-02
1.106101e-02
9.848721e-03
9.454692e-03
8.938739e-03
8.158788e-03
7.884590e-03
7.469203e-03
7.119556e-03
6.978399e-03
6.392509e-03
5.920065e-03
5.701171e-03
5.454954e-03
5.219692e-03
4.922663e-03
4.515788e-03
4.352613e-03
4.238142e-03
3.854186e-03
3.703232e-03
3.569074e-03
3.296357e-03
3.089803e-03
2.393298e-03
2.301436e-03
2.281244e-03
2.197769e-03
2.161131e-03
1.960925e-03
1.932149e-03
1.879077e-03
1.837158e-03
1.771957e-03
1.664752e-03
1.632902e-03
1.549637e-03
1.529640e-03
1.482351e-03
1.452975e-03
1.421017e-03
1.400961e-03
1.352761e-03
1.333777e-03
1.270513e-03
1.263706e-03
1.232767e-03
1.221508e-03
1.206468e-03
1.165671e-03
1.147987e-03
1.136094e-03
1.117461e-03
1.104419e-03
1.083994e-03
1.059307e-03
1.057143e-03
1.043500e-03
1.040790e-03
1.022837e-03
1.003916e-03
9.903116e-04
9.803119e-04
9.652509e-04
9.432972e-04
9.391427e-04
9.310226e-04
9.280869e-04
9.041521e-04
8.977819e-04
8.959112e-04
8.727637e-04
8.718674e-04
8.443390e-04
8.368400e-04
8.258169e-04
8.192329e-04
8.063539e-04
7.828973e-04
7.760705e-04
7.691122e-04
7.538598e-04
7.390149e-04
7.307341e-04
7.139898e-04
7.054770e-04
7.016679e-04
6.789859e-04
6.718288e-04
6.588796e-04
6.461596e-04
6.357284e-04
6.331896e-04
6.188252e-04
6.121592e-04
6.008003e-04
5.866629e-04
5.816483e-04
5.767114e-04
5.583791e-04
5.544730e-04
5.437643e-04
5.366961e-04
5.315262e-04
5.058011e-04
4.972242e-04
4.930514e-04
4.848801e-04
4.740166e-04
4.591981e-04
4.508209e-04
4.451835e-04
4.390581e-04
4.267948e-04
4.228747e-04
4.130612e-04
4.063436e-04
3.908610e-04
3.800904e-04
3.767896e-04
3.616836e-04
3.600398e-04
3.452858e-04
3.323583e-04
3.242724e-04
3.140990e-04
3.098211e-04
2.973820e-04
2.892826e-04
2.844749e-04
2.712227e-04
2.605088e-04
2.520777e-04
2.454559e-04
2.419662e-04
2.301269e-04
2.248295e-04
2.177160e-04
2.013180e-04
1.937433e-04
1.871257e-04
1.817011e-04
1.729204e-04
1.577893e-04
1.493327e-04
1.452996e-04
1.313672e-04
1.264142e-04
1.184801e-04
1.048292e-04
9.257093e-05
8.642297e-05
7.980333e-05
6.873832e-05
6.027705e-05
5.074994e-05
3.206197e-05
9.962288e-06
8.400726e-06
1.788865e-06
-2.990604e-14
-7.091476e-14
-1.046929e-13
-9.951339e-06
-1.131333e-05
-2.799138e-05
-3.808690e-05
-4.545674e-05
-6.168838e-05
-6.539209e-05
-8.393093e-05
-8.490823e-05
-1.029129e-04
-1.070622e-04
-1.150163e-04
-1.222492e-04
-1.272268e-04
-1.351544e-04
-1.477348e-04
-1.544328e-04
-1.821869e-04
-1.914648e-04
-2.050089e-04
-2.127972e-04
-2.209056e-04
-2.321942e-04
-2.377300e-04
-2.529401e-04
-2.659256e-04
-2.745900e-04
-2.845632e-04
-2.958770e-04
-2.984841e-04
-3.116767e-04
-3.204035e-04
-3.391262e-04
-3.475491e-04
-3.633827e-04
-3.678487e-04
-3.835759e-04
-3.884987e-04
-4.020061e-04
-4.365506e-04
-4.483541e-04
-4.616467e-04
-4.722795e-04
-4.902939e-04
-5.107946e-04
-5.198294e-04
-5.484544e-04
-5.707073e-04
-5.766678e-04
-5.901717e-04
-6.279331e-04
-6.433378e-04
-6.585813e-04
-6.645920e-04
