1.569872e+08
1.925898e+07
2.184758e+06
8.773578e+05
6.973191e+05
3.194343e+05
2.898389e+05
9.924684e+04
1.661847e+04
1.057775e+04
4.589467e+03
1.124713e+03
4.075156e+02
2.299559e+02
6.658475e+01
4.626230e+01
4.453846e+01
4.257948e+01
3.299877e+01
2.956115e+01
2.694497e+01
2.292972e+01
1.938349e+01
1.683712e+01
1.586854e+01
1.540488e+01
1.472403e+01
1.328098e+01
1.291402e+01
1.266316e+01
1.134014e+01
1.101279e+01
1.072612e+01
1.045858e+01
9.049992e+00
8.803555e+00
8.670407e+00
8.099277e+00
7.552652e+00
7.039430e+00
6.725976e+00
6.637023e+00
6.304888e+00
5.770954e+00
5.545552e+00
5.273928e+00
4.955000e+00
4.535675e+00
4.440354e+00
4.070042e+00
3.688295e+00
3.407392e+00
3.164689e+00
2.971854e+00
2.839644e+00
2.440877e+00
2.350467e+00
1.897834e+00
1.581042e+00
1.453272e+00
1.238987e+00
1.215221e+00
1.123979e+00
1.017654e+00
8.907101e-01
5.787839e-01
4.945499e-01
4.369583e-01
4.202850e-01
3.057700e-01
2.433024e-01
1.608935e-01
1.071770e-01
7.440300e-02
4.828784e-02
3.141674e-02
-1.300082e-16
-3.677062e-03
-1.771114e-02
-9.902728e-02
-1.204471e-01
-1.905750e-01
-2.122240e-01
-2.418142e-01
-3.686475e-01
-4.163718e-01
-4.516261e-01
-5.677561e-01
-5.906284e-01
-6.783333e-01
-8.626072e-01
-9.988293e-01
-1.184096e+00
-1.330607e+00
-1.513638e+00
-1.577414e+00
-1.636539e+00
-2.004132e+00
-2.132380e+00
-2.385273e+00
-2.674877e+00
-3.009258e+00
-3.037207e+00
-3.691633e+00
-3.961352e+00
-4.791180e+00
-4.887936e+00
-5.845778e+00
-6.144908e+00
-7.006768e+00
-7.257818e+00
-7.712849e+00
-7.880679e+00
-8.438826e+00
-9.636088e+00
-1.004261e+01
-1.034427e+01
-1.075110e+01
-1.287402e+01
-1.397863e+01
-1.497715e+01
-2.373901e+01
-2.666707e+01
-3.114478e+01
-3.445312e+01
-4.476912e+01
-6.295649e+01
-7.073338e+01
