2.925847e+10
1.274172e+10
5.982033e+09
4.780969e+09
4.498083e+09
3.544377e+09
3.209763e+09
2.821601e+09
2.550493e+09
2.425627e+09
2.326968e+09
2.102587e+09
1.961450e+09
1.919198e+09
1.883355e+09
1.761964e+09
1.619319e+09
1.542451e+09
1.510792e+09
1.418821e+09
1.385549e+09
1.337585e+09
1.284207e+09
1.259495e+09
1.177907e+09
1.150072e+09
1.127149e+09
1.084269e+09
1.037312e+09
1.022714e+09
9.905612e+08
9.585876e+08
9.247707e+08
8.957881e+08
8.304751e+08
8.107951e+08
8.068876e+08
7.803476e+08
7.615779e+08
7.392977e+08
7.112776e+08
6.953855e+08
6.741856e+08
6.682874e+08
6.554545e+08
6.327223e+08
5.954175e+08
5.903371e+08
5.744843e+08
5.520473e+08
5.386451e+08
5.360333e+08
5.305010e+08
5.131554e+08
4.861126e+08
4.737396e+08
4.706398e+08
4.553930e+08
4.440787e+08
4.312588e+08
4.258733e+08
4.104494e+08
4.097500e+08
3.978779e+08
3.856295e+08
3.734002e+08
3.540020e+08
3.512024e+08
3.375547e+08
3.335868e+08
3.189844e+08
3.128382e+08
3.033217e+08
2.982454e+08
2.893117e+08
2.822317e+08
2.707514e+08
2.658414e+08
2.638024e+08
2.586409e+08
2.449196e+08
2.381779e+08
2.377428e+08
2.307895e+08
2.153564e+08
2.076154e+08
2.050935e+08
2.016440e+08
1.951914e+08
1.854292e+08
1.825601e+08
1.808125e+08
1.735086e+08
1.653239e+08
1.639305e+08
1.600387e+08
1.531826e+08
1.461687e+08
1.409644e+08
1.353861e+08
1.337740e+08
1.228102e+08
1.160520e+08
1.124984e+08
1.108698e+08
1.014520e+08
1.000382e+08
9.410819e+07
8.441195e+07
8.291182e+07
7.854130e+07
6.557130e+07
6.088373e+07
5.628669e+07
5.229696e+07
4.526957e+07
3.383662e+07
2.959895e+07
2.738982e+07
2.252569e+07
1.541491e+07
1.302794e+07
1.182074e+07
1.064112e+07
1.014976e+07
7.949756e+06
7.576745e+06
4.184310e+06
