1.367037e+08
1.949039e+07
2.243231e+06
9.889491e+05
8.145314e+05
3.143086e+05
1.750165e+05
1.164413e+05
1.356351e+04
9.830301e+03
3.534267e+03
1.101903e+03
3.381212e+02
1.462503e+02
9.902872e+01
7.122396e+01
4.191355e+01
3.726197e+01
3.203464e+01
2.827475e+01
2.403828e+01
2.090918e+01
1.916290e+01
1.873266e+01
1.610037e+01
1.510062e+01
1.414725e+01
1.366441e+01
1.224223e+01
1.138615e+01
1.102552e+01
1.036534e+01
9.780328e+00
8.923591e+00
8.502409e+00
7.974746e+00
7.521553e+00
7.047821e+00
6.888698e+00
6.604200e+00
6.237752e+00
5.923836e+00
5.607322e+00
5.237522e+00
5.082341e+00
4.587312e+00
4.232767e+00
3.978719e+00
3.756513e+00
3.573669e+00
3.550855e+00
3.145943e+00
2.912727e+00
2.775823e+00
2.613117e+00
2.430482e+00
2.160226e+00
2.048793e+00
1.850599e+00
1.598978e+00
1.356560e+00
1.177382e+00
1.057754e+00
9.804659e-01
9.428141e-01
8.265808e-01
7.454260e-01
5.432301e-01
4.704007e-01
3.588565e-01
3.263198e-01
2.176726e-01
2.121000e-01
1.697577e-01
1.338638e-01
1.068063e-01
9.562634e-02
6.224912e-02
3.221759e-02
-3.314200e-02
-5.959605e-02
-7.996122e-02
-9.574331e-02
-1.355921e-01
-1.794395e-01
-2.675269e-01
-2.767769e-01
-3.538894e-01
-4.076098e-01
-5.149982e-01
-6.019651e-01
-7.265494e-01
-8.197356e-01
-8.516067e-01
-1.107241e+00
-1.403475e+00
-1.449045e+00
-1.676086e+00
-1.759771e+00
-1.986190e+00
-2.118800e+00
-2.594847e+00
-2.783122e+00
-2.928387e+00
-3.210789e+00
-3.292383e+00
-3.469233e+00
-3.705628e+00
-4.324941e+00
-4.420360e+00
-5.156346e+00
-5.647238e+00
-6.367969e+00
-6.863836e+00
-7.728509e+00
-8.455602e+00
-9.186754e+00
-1.042682e+01
-1.085908e+01
-1.272468e+01
-1.456145e+01
-1.669298e+01
-1.858879e+01
-1.965425e+01
-2.771056e+01
-3.237565e+01
-5.094226e+01
-6.389820e+01
