1.356547e+10
8.298616e+08
2.285556e+08
1.069622e+08
8.307111e+07
7.577893e+07
6.653655e+07
4.325568e+07
3.862803e+07
3.214378e+07
2.861715e+07
2.297892e+07
1.800483e+07
1.607694e+07
1.380707e+07
1.310659e+07
1.114197e+07
1.007803e+07
8.519760e+06
7.198770e+06
6.334904e+06
5.832996e+06
5.556946e+06
5.064722e+06
4.577976e+06
3.726981e+06
3.434570e+06
2.873046e+06
2.756193e+06
2.340178e+06
2.240148e+06
1.693302e+06
1.592259e+06
1.473776e+06
1.295844e+06
1.066060e+06
9.837563e+05
8.910632e+05
8.662141e+05
7.517925e+05
6.421406e+05
5.904514e+05
5.526883e+05
4.779670e+05
4.371828e+05
3.901662e+05
3.558697e+05
3.141583e+05
2.967250e+05
2.760346e+05
2.432330e+05
2.236381e+05
2.143695e+05
1.987788e+05
1.744021e+05
1.399297e+05
1.194661e+05
1.072741e+05
7.795866e+04
7.354789e+04
6.397412e+04
4.645894e+04
4.021911e+04
3.687185e+04
3.097528e+04
2.414497e+04
2.297954e+04
1.544697e+04
1.389271e+04
1.103769e+04
1.020052e+04
7.386641e+03
6.150611e+03
5.025901e+03
2.698734e+03
2.337326e+03
1.922927e+03
1.296971e+03
1.126027e+03
6.893232e+02
6.765190e+02
4.129699e+02
3.376909e+02
2.710688e+02
1.992182e+02
1.601636e+02
1.113767e+02
7.339088e+01
5.357100e+01
4.131275e+01
2.697172e+01
2.042424e+01
1.337448e+01
9.918402e+00
6.572192e+00
5.369490e+00
3.300993e+00
1.750555e+00
1.547814e+00
1.314217e+00
1.098729e+00
7.503298e-01
7.061089e-01
4.868630e-01
4.331669e-01
3.918580e-01
2.833349e-01
2.645115e-01
2.285510e-01
2.215662e-01
1.947502e-01
1.496458e-01
1.371493e-01
1.192976e-01
1.069017e-01
9.880257e-02
7.035033e-02
6.367936e-02
5.446561e-02
7.104429e-03
-3.581184e-02
-4.539106e-02
-5.910335e-02
-7.168125e-02
-1.128718e-01
-1.421655e-01
-2.683263e-01
-2.772178e-01
