5.886729e+04
1.276444e+04
6.896450e+03
1.782847e+03
1.286939e+03
8.601207e+02
6.351110e+02
4.427736e+02
3.558437e+02
2.919057e+02
2.469356e+02
2.108319e+02
1.733204e+02
1.406685e+02
1.335568e+02
1.006518e+02
9.716945e+01
7.568195e+01
7.386584e+01
5.921795e+01
5.207056e+01
4.362374e+01
3.331679e+01
2.341339e+01
2.002289e+01
1.909654e+01
1.833814e+01
1.447907e+01
1.396504e+01
1.141546e+01
9.846743e+00
9.082872e+00
7.725523e+00
7.179249e+00
5.938072e+00
5.301777e+00
5.265932e+00
4.202694e+00
3.843780e+00
3.494913e+00
2.896294e+00
2.282419e+00
2.062047e+00
1.821514e+00
1.545288e+00
1.321680e+00
1.056013e+00
9.123802e-01
8.652090e-01
6.142512e-01
4.377549e-01
3.172256e-01
3.001599e-01
1.879732e-01
1.679946e-01
1.564478e-01
1.084004e-01
9.805232e-02
9.207634e-02
6.714023e-02
6.103288e-02
5.616469e-02
4.003580e-02
3.621965e-02
3.404216e-02
2.361184e-02
1.505157e-02
1.394190e-02
1.247510e-02
1.166075e-02
1.061125e-02
5.236892e-03
4.279979e-03
3.699949e-03
3.067398e-03
2.792766e-03
2.158947e-03
2.020734e-03
1.538608e-03
1.464525e-03
1.293314e-03
1.235025e-03
1.176517e-03
1.086873e-03
9.299935e-04
8.726607e-04
7.668003e-04
7.601472e-04
7.497123e-04
7.177427e-04
6.951159e-04
6.797170e-04
6.570609e-04
6.556466e-04
6.129763e-04
6.054791e-04
5.961480e-04
5.799606e-04
5.660236e-04
5.488515e-04
5.436675e-04
5.250177e-04
5.223031e-04
5.143507e-04
5.037995e-04
4.939222e-04
4.788285e-04
4.676542e-04
4.642095e-04
4.595276e-04
4.481266e-04
4.460177e-04
4.445273e-04
4.324173e-04
4.300048e-04
4.240886e-04
4.216572e-04
4.123471e-04
4.034194e-04
4.004770e-04
3.953098e-04
3.906313e-04
3.878208e-04
3.815535e-04
3.767997e-04
3.747141e-04
3.664238e-04
3.649532e-04
3.598265e-04
3.531965e-04
3.494859e-04
3.486509e-04
3.404690e-04
3.366442e-04
3.326082e-04
3.273748e-04
3.258183e-04
3.216200e-04
3.189532e-04
3.174218e-04
3.108549e-04
3.097236e-04
3.049258e-04
3.002048e-04
2.984130e-04
2.912952e-04
2.903266e-04
2.876853e-04
2.851520e-04
2.801163e-04
2.756520e-04
2.723463e-04
2.659976e-04
2.639463e-04
2.612493e-04
2.602722e-04
2.537584e-04
2.511863e-04
2.508817e-04
2.464587e-04
2.441133e-04
2.413659e-04
2.387608e-04
2.369255e-04
2.319364e-04
2.293191e-04
2.268491e-04
2.231436e-04
2.216734e-04
2.212512e-04
2.165896e-04
2.137373e-04
2.114239e-04
2.069938e-04
2.054688e-04
2.027010e-04
2.015462e-04
1.976265e-04
1.968140e-04
1.939892e-04
1.906232e-04
1.883160e-04
1.855983e-04
1.804580e-04
1.781480e-04
1.749172e-04
1.745200e-04
1.720038e-04
1.700218e-04
1.676573e-04
1.636446e-04
1.591931e-04
1.577774e-04
1.550539e-04
1.541589e-04
1.490115e-04
1.463410e-04
1.439216e-04
1.422596e-04
1.417489e-04
1.397824e-04
1.362477e-04
1.321977e-04
1.306378e-04
1.268431e-04
1.260216e-04
1.252352e-04
1.223024e-04
1.175271e-04
1.163459e-04
1.133488e-04
1.122776e-04
1.083461e-04
1.079814e-04
1.056987e-04
1.012407e-04
1.006306e-04
9.536816e-05
9.465760e-05
9.186737e-05
8.990394e-05
8.691788e-05
8.370975e-05
8.253849e-05
7.949858e-05
7.704867e-05
7.401921e-05
7.164977e-05
6.894230e-05
6.526983e-05
6.319774e-05
6.107806e-05
6.000492e-05
5.789613e-05
5.696157e-05
5.346549e-05
5.145284e-05
4.833367e-05
4.769942e-05
4.635593e-05
4.318423e-05
4.081372e-05
3.875911e-05
3.639945e-05
3.499856e-05
3.191522e-05
2.783877e-05
2.421011e-05
2.219715e-05
2.145025e-05
1.981000e-05
1.659708e-05
1.490689e-05
1.175779e-05
9.060753e-06
8.545390e-06
5.261406e-06
2.158123e-06
3.429887e-14
-4.313118e-14
-2.327175e-13
-2.965875e-07
-1.954325e-06
-3.940482e-06
-4.986129e-06
-8.069463e-06
-1.005266e-05
-1.172590e-05
-1.564124e-05
-1.754567e-05
-2.252555e-05
-2.408904e-05
-2.492634e-05
-2.764687e-05
-2.878679e-05
-3.172410e-05
-3.278720e-05
-3.532836e-05
-3.988262e-05
-4.243084e-05
-4.363113e-05
-4.519172e-05
-4.955795e-05
-5.071775e-05
-5.454039e-05
-5.819893e-05
-5.990899e-05
-6.295659e-05
-6.471713e-05
-6.632053e-05
-6.866064e-05
-7.146820e-05
-7.679740e-05
-7.866995e-05
-8.138910e-05
-8.353763e-05
-8.726437e-05
-8.907584e-05
-9.048235e-05
-9.147029e-05
-9.279903e-05
-9.736109e-05
-9.957956e-05
-1.017762e-04
-1.050726e-04
-1.069842e-04
-1.106214e-04
-1.121321e-04
-1.129500e-04
-1.159147e-04
-1.209137e-04
-1.225610e-04
-1.233758e-04
-1.267993e-04
-1.273008e-04
-1.331373e-04
-1.343135e-04
-1.382336e-04
-1.398553e-04
-1.441015e-04
-1.458075e-04
-1.469236e-04
-1.495035e-04
-1.537303e-04
-1.594419e-04
-1.618589e-04
-1.636202e-04
-1.667640e-04
-1.716280e-04
-1.742923e-04
-1.787100e-04
-1.802017e-04
-1.845258e-04
-1.862849e-04
-1.892370e-04
-1.896286e-04
-1.931756e-04
-1.968106e-04
-1.987082e-04
-2.009671e-04
-2.049102e-04
-2.066670e-04
-2.123475e-04
-2.161486e-04
-2.224394e-04
-2.263020e-04
-2.296141e-04
-2.340214e-04
-2.394190e-04
-2.432468e-04
-2.445697e-04
-2.471763e-04
-2.492449e-04
-2.522664e-04
-2.568293e-04
-2.594227e-04
-2.617234e-04
-2.689923e-04
-2.760205e-04
-2.792470e-04
-2.901774e-04
-2.918680e-04
-2.994248e-04
-3.009448e-04
-3.099875e-04
-3.118189e-04
-3.199844e-04
-3.238453e-04
-3.284159e-04
-3.427312e-04
-3.467148e-04
-3.605114e-04
-3.635529e-04
-3.728367e-04
-3.770576e-04
-3.911182e-04
-3.957748e-04
-4.043213e-04
-4.436719e-04
-4.812011e-04
-5.387005e-04
-8.348784e-04
-9.856811e-04
-1.274107e-03
