3.967193e+05
2.912092e+05
2.405794e+05
2.041360e+05
1.764839e+05
1.392981e+05
1.375578e+05
1.270477e+05
1.149979e+05
1.108653e+05
1.069011e+05
9.384258e+04
8.009787e+04
7.727130e+04
6.935364e+04
6.338498e+04
5.533807e+04
4.838028e+04
4.032257e+04
3.304622e+04
2.720718e+04
2.319101e+04
2.131949e+04
1.742224e+04
1.432077e+04
1.278457e+04
1.221424e+04
1.097438e+04
1.093772e+04
9.455809e+03
7.830507e+03
6.862848e+03
5.962090e+03
5.224882e+03
4.350640e+03
3.825356e+03
3.584246e+03
3.338314e+03
2.881442e+03
2.403663e+03
2.252643e+03
1.664909e+03
1.537948e+03
1.325752e+03
1.243355e+03
1.095005e+03
8.923893e+02
7.919003e+02
7.339326e+02
6.905291e+02
5.610624e+02
4.759854e+02
3.909532e+02
3.496806e+02
3.230321e+02
2.806739e+02
2.522068e+02
2.180450e+02
1.636754e+02
1.367542e+02
1.325360e+02
1.223006e+02
9.775063e+01
8.983241e+01
7.084063e+01
6.003703e+01
5.598124e+01
4.029716e+01
3.648862e+01
2.673500e+01
2.482047e+01
2.455447e+01
2.357070e+01
1.968636e+01
1.595848e+01
1.050519e+01
9.378974e+00
8.304275e+00
6.259442e+00
5.837752e+00
5.486218e+00
3.733447e+00
3.395495e+00
2.461747e+00
2.052234e+00
1.949613e+00
1.928589e+00
1.241352e+00
1.166821e+00
1.029357e+00
8.897029e-01
6.516942e-01
5.304739e-01
4.877366e-01
4.633511e-01
3.516193e-01
2.772591e-01
2.450486e-01
1.517440e-01
1.062158e-01
9.633153e-02
8.583996e-02
7.931507e-02
5.691437e-02
5.494476e-02
4.822261e-02
4.663685e-02
4.498859e-02
4.155812e-02
4.056296e-02
3.976538e-02
3.788197e-02
3.715527e-02
3.618173e-02
3.534087e-02
3.342953e-02
3.331605e-02
3.222957e-02
3.127874e-02
3.060724e-02
2.994815e-02
2.702093e-02
2.681042e-02
2.626161e-02
2.461356e-02
2.212882e-02
1.993350e-02
3.725929e-12
