1.996680e+05
2.167445e+04
5.218109e+03
1.894579e+03
2.127985e+02
2.445504e+01
8.855023e+00
6.049448e+00
1.206804e+00
1.843895e-01
5.775900e-02
4.748414e-02
3.656525e-02
2.961789e-02
2.742382e-02
2.488174e-02
2.358017e-02
2.186830e-02
2.178673e-02
2.098365e-02
1.867873e-02
1.818991e-02
1.640450e-02
1.574373e-02
1.517782e-02
1.444879e-02
1.260062e-02
1.237668e-02
1.190326e-02
1.177494e-02
1.097847e-02
1.064193e-02
1.031884e-02
9.611257e-03
9.497777e-03
9.151090e-03
8.650190e-03
8.431103e-03
8.323433e-03
7.889627e-03
7.834933e-03
7.325764e-03
7.019905e-03
6.754262e-03
6.491554e-03
6.213131e-03
5.991488e-03
5.620835e-03
5.301661e-03
5.275711e-03
5.099935e-03
4.869402e-03
4.538223e-03
4.226770e-03
3.957162e-03
3.734757e-03
3.388691e-03
3.281269e-03
2.926983e-03
2.769657e-03
2.691800e-03
2.480140e-03
2.395749e-03
2.296560e-03
2.145227e-03
1.911889e-03
1.786623e-03
1.753781e-03
1.539864e-03
1.419030e-03
1.315447e-03
1.248643e-03
1.175255e-03
1.146061e-03
1.093735e-03
9.420227e-04
9.028753e-04
7.611886e-04
7.470164e-04
6.174988e-04
5.724929e-04
5.267285e-04
2.935573e-04
1.695631e-04
1.283326e-04
4.383980e-05
-4.732923e-05
-3.325294e-04
-6.416543e-04
-7.059112e-04
-1.005753e-03
-1.253393e-03
-1.660089e-03
-2.174681e-03
-2.365051e-03
-2.378132e-03
-2.531489e-03
-2.963056e-03
-3.433283e-03
-3.925118e-03
-4.232359e-03
-4.319422e-03
-4.412265e-03
-4.865136e-03
-5.660531e-03
-6.357112e-03
-6.735170e-03
-7.387819e-03
-7.762302e-03
-9.254817e-03
-1.013206e-02
-1.073055e-02
-1.251167e-02
-1.350108e-02
-1.420493e-02
-1.599200e-02
-1.815746e-02
-2.114722e-02
-2.376389e-02
-2.463557e-02
-2.758393e-02
-2.821971e-02
-3.465600e-02
-3.896059e-02
-4.325686e-02
-4.777363e-02
-5.640630e-02
-9.799992e-02
