7.638804e+05
3.409059e+05
2.449859e+05
2.029727e+05
1.417813e+05
1.333320e+05
1.224114e+05
1.095936e+05
9.619892e+04
7.791249e+04
6.353269e+04
5.804020e+04
4.766982e+04
4.716911e+04
4.261126e+04
3.254454e+04
3.021036e+04
2.418795e+04
1.828976e+04
1.603463e+04
1.517690e+04
1.126631e+04
9.649629e+03
9.035242e+03
8.512950e+03
6.713577e+03
6.315589e+03
6.025885e+03
3.651674e+03
3.483265e+03
2.880284e+03
2.467506e+03
1.923533e+03
1.847735e+03
1.610801e+03
1.353849e+03
1.176420e+03
9.875873e+02
8.485306e+02
6.170927e+02
5.871075e+02
5.654925e+02
4.341512e+02
3.295594e+02
2.281255e+02
1.591357e+02
1.260151e+02
1.194326e+02
1.090244e+02
9.342511e+01
8.359228e+01
7.659011e+01
6.341581e+01
6.008358e+01
5.149843e+01
4.597855e+01
2.159721e+01
2.071639e+01
1.764969e+01
1.703621e+01
1.537908e+01
1.244454e+01
7.543732e+00
7.014550e+00
4.770944e+00
4.569415e+00
4.406617e+00
3.653711e+00
2.764777e+00
2.147249e+00
2.080799e+00
1.533706e+00
8.973380e-01
8.370339e-01
6.820086e-01
5.840079e-01
4.243289e-01
2.702864e-01
2.366252e-01
2.200087e-01
2.115306e-01
1.837644e-01
1.742674e-01
9.132465e-02
7.087189e-02
6.019611e-02
5.608570e-02
5.316999e-02
5.070296e-02
4.791453e-02
4.685869e-02
4.532949e-02
4.409236e-02
4.272696e-02
4.136865e-02
4.055586e-02
3.879200e-02
3.712296e-02
3.604170e-02
3.432250e-02
3.409139e-02
3.336963e-02
3.164884e-02
3.031857e-02
2.969361e-02
2.852209e-02
2.796765e-02
2.704743e-02
2.680510e-02
2.617875e-02
2.458745e-02
2.437413e-02
2.332821e-02
2.308245e-02
2.121639e-02
2.056627e-02
2.000144e-02
1.939382e-02
1.818262e-02
1.722594e-02
1.680658e-02
1.547773e-02
1.469306e-02
1.335883e-02
1.262940e-02
1.123116e-02
7.942020e-03
5.444272e-12
