1.394553e+08
2.130955e+07
1.900768e+06
6.173686e+05
4.372372e+05
2.446700e+05
1.302195e+05
9.466570e+04
3.102155e+04
1.465858e+04
2.732501e+03
6.335582e+02
2.928783e+02
1.028256e+02
6.203230e+01
4.740825e+01
4.354797e+01
3.430224e+01
3.047430e+01
2.608263e+01
2.360801e+01
2.079984e+01
1.978853e+01
1.808719e+01
1.614324e+01
1.489668e+01
1.432444e+01
1.259987e+01
1.215950e+01
1.114982e+01
1.064817e+01
1.005821e+01
9.302942e+00
8.836700e+00
8.709765e+00
8.403673e+00
7.994773e+00
7.629873e+00
6.924407e+00
6.884974e+00
6.266550e+00
5.939539e+00
5.757325e+00
5.653821e+00
5.124525e+00
4.657793e+00
4.438834e+00
4.217063e+00
3.867093e+00
3.822284e+00
3.412613e+00
3.326234e+00
3.078288e+00
3.035548e+00
2.769086e+00
2.686979e+00
2.502806e+00
2.295168e+00
2.072558e+00
1.864127e+00
1.588161e+00
1.557856e+00
1.418263e+00
1.257626e+00
1.144839e+00
1.029137e+00
9.015207e-01
7.527697e-01
6.341625e-01
4.958894e-01
3.368588e-01
2.303850e-01
1.283567e-01
8.578324e-02
3.574045e-02
2.287183e-02
1.596989e-09
3.002759e-11
-7.956326e-12
-1.137079e-10
-8.014608e-10
-2.339761e-02
-7.355302e-02
-1.138540e-01
-1.878110e-01
-2.826183e-01
-3.400393e-01
-5.080249e-01
-5.301842e-01
-5.859793e-01
-7.183275e-01
-8.611590e-01
-1.048458e+00
-1.285707e+00
-1.322969e+00
-1.409260e+00
-1.743500e+00
-1.809236e+00
-2.156677e+00
-2.297374e+00
-2.465996e+00
-2.700304e+00
-2.799868e+00
-3.079548e+00
-3.471238e+00
-3.578581e+00
-4.211590e+00
-4.466794e+00
-4.758478e+00
-5.233469e+00
-5.897165e+00
-6.056553e+00
-7.131194e+00
-7.857255e+00
-8.285345e+00
-1.086818e+01
-1.153252e+01
-1.224509e+01
-1.455650e+01
-1.826710e+01
-1.947790e+01
-2.383395e+01
-3.016139e+01
-3.198623e+01
-3.896302e+01
-5.105960e+01
-6.002586e+01
-1.045538e+02
