1.337677e+08
2.362115e+07
1.657563e+06
9.741322e+05
7.782088e+05
3.482901e+05
1.803181e+05
1.076334e+05
1.398069e+04
1.030984e+04
2.905844e+03
7.512653e+02
6.677858e+02
1.560594e+02
1.112957e+02
6.725975e+01
4.545221e+01
3.953332e+01
3.222889e+01
2.674118e+01
2.570408e+01
2.407286e+01
2.178130e+01
2.028594e+01
1.825012e+01
1.601246e+01
1.509022e+01
1.404827e+01
1.337337e+01
1.231995e+01
1.196310e+01
1.170856e+01
1.098084e+01
1.036979e+01
9.627523e+00
9.355584e+00
8.408425e+00
8.149708e+00
8.053930e+00
7.300718e+00
7.146375e+00
6.776686e+00
6.233798e+00
6.045063e+00
5.764861e+00
5.351896e+00
4.911779e+00
4.669057e+00
4.399161e+00
4.192344e+00
3.896967e+00
3.614666e+00
3.423320e+00
3.279871e+00
3.086373e+00
2.963547e+00
2.660096e+00
2.421250e+00
2.272227e+00
2.064851e+00
2.005763e+00
1.765110e+00
1.469156e+00
1.351998e+00
1.305265e+00
1.033012e+00
9.184849e-01
7.409462e-01
6.954267e-01
5.693365e-01
4.829527e-01
3.586306e-01
2.965726e-01
2.089016e-01
1.749572e-01
1.455347e-01
5.654973e-02
3.253870e-02
2.281661e-02
3.352062e-10
-1.168179e-10
-2.856232e-02
-9.934090e-02
-1.285806e-01
-2.112491e-01
-2.295545e-01
-3.411879e-01
-5.310126e-01
-5.363830e-01
-6.819836e-01
-7.487963e-01
-9.549930e-01
-1.073999e+00
-1.235448e+00
-1.324994e+00
-1.405448e+00
-1.641775e+00
-1.790696e+00
-1.881349e+00
-2.450714e+00
-2.710020e+00
-2.935074e+00
-3.152097e+00
-3.293728e+00
-3.494515e+00
-3.859057e+00
-4.166504e+00
-4.366692e+00
-4.846793e+00
-5.235476e+00
-5.408480e+00
-5.964279e+00
-6.372009e+00
-7.294391e+00
-7.559549e+00
-8.427588e+00
-9.119558e+00
-9.951892e+00
-1.209104e+01
-1.304051e+01
-1.548103e+01
-1.965340e+01
-2.225928e+01
-2.979762e+01
-3.331809e+01
-3.806628e+01
-4.539107e+01
-6.252170e+01
