1.255098e+05
6.515815e+03
3.019508e+03
2.297006e+03
1.986501e+03
1.553506e+03
1.412486e+03
8.936130e+02
7.816503e+02
7.069692e+02
5.699182e+02
4.253877e+02
3.411674e+02
3.071046e+02
2.820062e+02
2.497120e+02
1.919893e+02
1.672678e+02
1.605115e+02
1.385195e+02
1.332691e+02
1.210806e+02
1.039961e+02
9.813154e+01
8.783416e+01
8.626138e+01
7.836503e+01
7.231819e+01
6.028748e+01
5.850161e+01
5.157271e+01
5.040652e+01
4.683340e+01
4.461358e+01
4.148563e+01
3.946147e+01
3.437034e+01
3.319249e+01
3.014726e+01
2.866909e+01
2.729457e+01
2.581795e+01
2.376900e+01
2.261999e+01
2.011063e+01
1.831706e+01
1.728295e+01
1.633889e+01
1.527590e+01
1.370875e+01
1.295564e+01
1.144733e+01
1.070665e+01
1.018659e+01
8.603119e+00
8.443085e+00
8.320970e+00
7.675700e+00
7.191252e+00
6.105438e+00
5.630491e+00
5.113921e+00
5.066427e+00
4.708918e+00
4.481988e+00
4.185600e+00
3.917775e+00
3.558885e+00
3.432978e+00
3.112041e+00
2.761365e+00
2.726599e+00
2.455331e+00
2.247417e+00
2.119132e+00
2.026135e+00
1.939676e+00
1.653015e+00
1.611862e+00
1.484022e+00
1.355156e+00
1.262991e+00
1.171047e+00
9.653543e-01
9.319179e-01
8.461261e-01
8.174837e-01
7.968404e-01
7.206786e-01
6.839904e-01
6.706371e-01
6.299579e-01
6.168934e-01
5.961041e-01
5.232086e-01
4.880895e-01
4.111461e-01
3.915213e-01
3.624492e-01
3.407031e-01
3.047386e-01
2.721949e-01
2.628232e-01
2.489063e-01
2.196451e-01
2.088602e-01
1.983380e-01
1.965254e-01
1.806060e-01
1.616757e-01
1.510024e-01
1.410799e-01
1.303853e-01
1.275353e-01
1.192486e-01
1.154010e-01
1.100656e-01
1.060781e-01
9.348681e-02
8.855679e-02
8.485764e-02
7.394612e-02
6.818020e-02
6.376175e-02
5.945094e-02
5.772583e-02
5.445634e-02
5.101497e-02
4.487253e-02
4.341863e-02
4.117386e-02
3.777273e-02
3.423982e-02
3.038859e-02
2.912821e-02
2.714057e-02
2.530275e-02
2.258842e-02
2.205878e-02
2.101857e-02
1.819792e-02
1.669871e-02
1.573181e-02
1.504110e-02
1.315390e-02
1.246104e-02
1.140394e-02
1.075540e-02
9.434372e-03
8.490421e-03
7.765789e-03
7.431339e-03
7.264437e-03
6.887364e-03
6.074873e-03
5.368439e-03
4.609752e-03
4.488980e-03
4.200980e-03
3.783897e-03
3.334514e-03
3.239558e-03
3.104037e-03
2.935997e-03
2.830960e-03
2.610512e-03
2.490031e-03
2.373218e-03
2.205570e-03
1.917272e-03
1.887355e-03
1.719254e-03
1.669675e-03
1.654351e-03
1.617508e-03
1.567792e-03
1.539606e-03
1.471793e-03
1.438078e-03
1.404699e-03
1.381334e-03
1.360713e-03
1.327582e-03
1.319476e-03
1.312183e-03
1.281329e-03
1.271791e-03
1.260141e-03
1.228170e-03
1.198388e-03
1.196207e-03
1.174493e-03
1.164839e-03
1.142832e-03
1.131038e-03
1.117131e-03
1.107156e-03
1.094679e-03
1.091563e-03
1.082039e-03
1.068738e-03
1.046099e-03
1.025908e-03
1.020533e-03
1.007083e-03
9.939683e-04
9.834160e-04
9.642477e-04
9.588717e-04
9.444724e-04
9.315151e-04
9.269932e-04
9.237443e-04
9.051186e-04
9.044073e-04
8.861367e-04
8.776251e-04
8.715845e-04
8.648487e-04
8.315812e-04
8.280582e-04
8.248997e-04
7.954974e-04
7.845683e-04
7.757247e-04
7.690029e-04
7.623126e-04
7.585051e-04
7.409865e-04
7.390521e-04
7.177567e-04
7.014435e-04
6.956601e-04
6.795608e-04
6.740369e-04
6.693705e-04
6.570579e-04
6.555297e-04
6.408744e-04
6.287282e-04
6.074588e-04
5.988535e-04
5.911652e-04
5.813291e-04
5.720700e-04
5.633454e-04
5.504597e-04
5.435639e-04
5.338001e-04
5.178560e-04
5.075544e-04
5.014720e-04
4.946417e-04
4.885888e-04
4.820626e-04
4.780434e-04
4.727818e-04
4.584221e-04
4.451971e-04
4.233442e-04
4.146536e-04
4.113908e-04
4.086003e-04
3.990108e-04
3.895369e-04
3.764627e-04
3.711868e-04
3.536588e-04
3.380816e-04
3.284581e-04
3.252684e-04
3.204058e-04
3.081649e-04
3.001138e-04
2.904921e-04
2.824937e-04
2.790651e-04
2.653185e-04
2.558217e-04
2.492987e-04
2.386353e-04
2.323792e-04
2.280441e-04
2.212305e-04
2.140508e-04
2.117582e-04
2.015915e-04
1.913276e-04
1.762368e-04
1.647723e-04
1.599206e-04
1.414878e-04
1.384495e-04
1.188375e-04
1.033083e-04
1.001242e-04
9.719776e-05
9.399367e-05
8.450280e-05
6.920718e-05
6.792507e-05
4.602591e-05
3.710655e-05
3.107468e-05
2.145469e-05
1.690319e-05
8.417217e-06
-1.144581e-05
-1.958037e-05
-2.764395e-05
-3.471570e-05
-4.701897e-05
-5.422228e-05
-6.124823e-05
-7.293468e-05
-8.020797e-05
-8.795129e-05
-9.528954e-05
-1.059804e-04
-1.137585e-04
-1.250941e-04
-1.287368e-04
-1.375378e-04
-1.482264e-04
-1.515703e-04
-1.638554e-04
-1.683523e-04
-1.917028e-04
-1.969252e-04
-2.013908e-04
-2.113179e-04
-2.205860e-04
-2.305944e-04
-2.386520e-04
-2.449065e-04
-2.641879e-04
-2.715729e-04
-2.753194e-04
-2.888960e-04
-3.055588e-04
-3.077924e-04
-3.313241e-04
-3.329258e-04
-3.445569e-04
-3.528079e-04
-3.615510e-04
-3.706276e-04
-3.829298e-04
-3.967198e-04
-4.161502e-04
-4.211899e-04
-4.294614e-04
-4.398678e-04
-4.552206e-04
-4.643397e-04
-4.803172e-04
-4.984912e-04
-5.017692e-04
-5.074475e-04
-5.245082e-04
-5.359527e-04
-5.443548e-04
-5.587102e-04
-5.731171e-04
-5.815024e-04
-5.931139e-04
-6.024814e-04
-6.143459e-04
-6.225628e-04
-6.449383e-04
-6.662415e-04
-6.697083e-04
-6.822446e-04
-6.942333e-04
-7.093678e-04
-7.367341e-04
-7.492083e-04
-7.778087e-04
-7.877919e-04
-7.989659e-04
-8.196246e-04
-8.343011e-04
-8.919532e-04
-9.267958e-04
