1.172901e+10
1.050372e+09
1.751267e+08
1.459616e+08
8.293114e+07
7.529255e+07
7.133854e+07
5.552029e+07
4.653784e+07
3.648271e+07
3.106798e+07
2.753540e+07
2.378149e+07
2.079601e+07
1.681863e+07
1.520088e+07
1.338597e+07
1.130950e+07
8.570633e+06
7.637992e+06
6.441396e+06
5.571056e+06
5.441310e+06
4.883859e+06
4.025489e+06
3.585729e+06
3.329577e+06
2.700650e+06
2.509523e+06
2.483747e+06
2.006310e+06
1.871395e+06
1.589836e+06
1.419468e+06
1.381516e+06
1.257860e+06
1.140447e+06
9.542101e+05
7.899162e+05
6.934993e+05
5.839843e+05
5.392949e+05
4.688640e+05
4.438117e+05
4.160798e+05
3.853828e+05
3.544001e+05
2.921015e+05
2.591695e+05
2.445791e+05
2.314352e+05
2.015097e+05
1.915252e+05
1.682437e+05
1.489945e+05
1.273087e+05
1.101357e+05
1.055352e+05
8.490121e+04
7.743050e+04
7.034228e+04
5.648461e+04
4.809400e+04
4.721638e+04
3.235661e+04
2.993476e+04
2.143043e+04
1.693302e+04
1.585682e+04
1.014081e+04
9.759401e+03
8.220842e+03
5.125403e+03
4.784881e+03
3.824166e+03
3.496015e+03
2.505928e+03
2.170867e+03
1.595104e+03
1.017921e+03
9.741790e+02
5.942216e+02
5.355364e+02
4.159399e+02
2.575028e+02
2.346833e+02
1.537317e+02
1.062400e+02
7.563371e+01
5.370988e+01
3.928716e+01
2.369239e+01
2.203573e+01
1.142317e+01
9.514667e+00
6.438697e+00
4.769772e+00
3.831051e+00
2.912534e+00
1.796815e+00
1.193254e+00
8.664397e-01
6.162811e-01
5.638049e-01
4.534414e-01
3.784674e-01
2.707697e-01
2.562851e-01
2.282930e-01
2.064114e-01
1.796548e-01
1.588999e-01
1.002682e-01
8.829846e-02
7.413729e-02
4.627385e-02
4.308740e-02
3.181465e-02
1.303843e-02
5.646860e-03
-2.042143e-02
-3.122337e-02
-4.329687e-02
-6.372752e-02
-1.126241e-01
-1.189365e-01
-1.802551e-01
-2.886756e+00
