1.967217e+12
1.748058e+12
1.475714e+12
1.400135e+12
1.321320e+12
1.285640e+12
1.131512e+12
1.088483e+12
1.066091e+12
9.743906e+11
9.489782e+11
8.883479e+11
8.580850e+11
8.444923e+11
8.071318e+11
7.434005e+11
6.970828e+11
6.791013e+11
6.441299e+11
5.913360e+11
5.730079e+11
5.428384e+11
5.188812e+11
5.028999e+11
4.906797e+11
4.774670e+11
4.556781e+11
4.463857e+11
4.156197e+11
4.022955e+11
3.896621e+11
3.799531e+11
3.615764e+11
3.515915e+11
3.419927e+11
3.299960e+11
3.225906e+11
3.036484e+11
2.963541e+11
2.923266e+11
2.769937e+11
2.663600e+11
2.565078e+11
2.526408e+11
2.380010e+11
2.355965e+11
2.269127e+11
2.237880e+11
2.100131e+11
2.034817e+11
2.010048e+11
1.968121e+11
1.893956e+11
1.845219e+11
1.796598e+11
1.754405e+11
1.719018e+11
1.684037e+11
1.670877e+11
1.643418e+11
1.599135e+11
1.551968e+11
1.464429e+11
1.458848e+11
1.405363e+11
1.376338e+11
1.324052e+11
1.305471e+11
1.298346e+11
1.259536e+11
1.238552e+11
1.202675e+11
1.183657e+11
1.139068e+11
1.129229e+11
1.101539e+11
1.075286e+11
1.043831e+11
1.016146e+11
9.942210e+10
9.801236e+10
9.643510e+10
9.473152e+10
9.050734e+10
9.008043e+10
8.752654e+10
8.655448e+10
8.532609e+10
8.316469e+10
8.208273e+10
8.050956e+10
7.774691e+10
7.691502e+10
7.634779e+10
7.470974e+10
7.240194e+10
7.186566e+10
6.992769e+10
6.860362e+10
6.737050e+10
6.707121e+10
6.641508e+10
6.587975e+10
6.505432e+10
6.305055e+10
6.208224e+10
6.046107e+10
5.898194e+10
5.826132e+10
5.670094e+10
5.569236e+10
5.487960e+10
5.390882e+10
5.303430e+10
5.204485e+10
5.006673e+10
4.954443e+10
4.782805e+10
4.698450e+10
4.483122e+10
4.362444e+10
4.141009e+10
3.739244e+10
3.572366e+10
3.399397e+10
1.707244e+10
1.274604e+10
4.541700e+09
