1.218625e+08
1.956635e+07
1.775447e+06
1.013843e+06
8.447639e+05
4.268091e+05
2.775174e+05
1.160012e+05
1.389083e+04
8.519960e+03
3.661546e+03
9.966757e+02
5.714432e+02
1.608279e+02
8.875245e+01
5.217053e+01
3.764728e+01
3.471385e+01
3.026211e+01
2.262075e+01
2.175758e+01
1.766251e+01
1.684990e+01
1.480465e+01
1.367318e+01
1.319004e+01
1.213656e+01
1.099875e+01
1.041331e+01
9.763094e+00
9.233901e+00
9.165299e+00
8.204506e+00
8.123340e+00
7.409288e+00
7.083498e+00
6.476099e+00
6.184793e+00
6.079521e+00
5.931162e+00
5.661932e+00
5.418919e+00
4.910457e+00
4.710587e+00
4.386835e+00
3.997222e+00
3.759969e+00
3.561720e+00
3.411821e+00
3.220797e+00
3.062825e+00
2.865403e+00
2.697703e+00
2.674715e+00
2.493937e+00
2.348503e+00
2.109663e+00
2.010682e+00
1.878265e+00
1.862037e+00
1.496863e+00
1.397553e+00
1.196323e+00
9.201401e-01
8.794906e-01
7.932525e-01
6.760643e-01
5.980529e-01
4.640246e-01
4.389554e-01
3.808422e-01
3.224272e-01
2.770266e-01
1.804841e-01
1.446366e-01
1.136247e-01
5.430431e-02
2.099432e-02
-2.679342e-10
-6.633372e-03
-6.018782e-02
-8.193935e-02
-1.230662e-01
-1.830244e-01
-2.094922e-01
-2.981145e-01
-4.804133e-01
-4.977898e-01
-6.487354e-01
-6.987528e-01
-7.389700e-01
-8.151227e-01
-8.982255e-01
-1.088124e+00
-1.151290e+00
-1.204793e+00
-1.354932e+00
-1.547888e+00
-1.712934e+00
-1.934230e+00
-2.077574e+00
-2.209460e+00
-2.310262e+00
-2.518825e+00
-2.802170e+00
-3.061663e+00
-3.157401e+00
-3.312556e+00
-3.770772e+00
-4.022027e+00
-4.084884e+00
-5.066905e+00
-5.746719e+00
-6.755999e+00
-7.097841e+00
-7.720277e+00
-8.153618e+00
-9.263985e+00
-1.024155e+01
-1.130088e+01
-1.352564e+01
-1.652700e+01
-1.892963e+01
-2.128115e+01
-2.564783e+01
-3.177867e+01
-3.544511e+01
-5.938632e+01
