2.069514e+05
2.121726e+04
5.979147e+03
2.192283e+03
2.263109e+02
2.551009e+01
1.065299e+01
6.490601e+00
1.747226e+00
2.252409e-01
5.873713e-02
4.399670e-02
4.221665e-02
3.313414e-02
2.749761e-02
2.333212e-02
2.271826e-02
1.977123e-02
1.904342e-02
1.811610e-02
1.766287e-02
1.644974e-02
1.487646e-02
1.459881e-02
1.330134e-02
1.267555e-02
1.223667e-02
1.202418e-02
1.136377e-02
1.048940e-02
1.017977e-02
9.723926e-03
9.451256e-03
9.223051e-03
8.836975e-03
8.643064e-03
8.312603e-03
7.957005e-03
7.737512e-03
7.232590e-03
7.007065e-03
6.969448e-03
6.896043e-03
6.636555e-03
6.221284e-03
5.766161e-03
5.742940e-03
5.534607e-03
5.354658e-03
5.219615e-03
4.911219e-03
4.687001e-03
4.484921e-03
4.269159e-03
4.180205e-03
3.835094e-03
3.790313e-03
3.635261e-03
3.250598e-03
3.171568e-03
2.860869e-03
2.803519e-03
2.593764e-03
2.492591e-03
2.274745e-03
2.113449e-03
1.880431e-03
1.784006e-03
1.632560e-03
1.580406e-03
1.405359e-03
1.280963e-03
1.240616e-03
1.113670e-03
1.043989e-03
1.037093e-03
9.281351e-04
8.337818e-04
7.659410e-04
6.867578e-04
5.904503e-04
5.649776e-04
4.966345e-04
3.886255e-04
2.976343e-04
2.723699e-04
2.086473e-04
2.505532e-05
-6.210493e-05
-2.040702e-04
-3.812187e-04
-5.196740e-04
-6.969487e-04
-1.180824e-03
-1.262536e-03
-1.448961e-03
-1.806663e-03
-1.867818e-03
-2.272885e-03
-2.475195e-03
-2.707600e-03
-3.205301e-03
-3.609617e-03
-4.016910e-03
-5.187119e-03
-6.070108e-03
-6.671789e-03
-6.989058e-03
-7.943890e-03
-8.793416e-03
-9.483974e-03
-1.070929e-02
-1.259745e-02
-1.400831e-02
-1.513130e-02
-1.574032e-02
-1.617685e-02
-1.885261e-02
-2.001297e-02
-2.063454e-02
-2.226123e-02
-2.659462e-02
-2.857152e-02
-3.631013e-02
-4.563044e-02
-5.236316e-02
-6.535824e-02
-7.636160e-02
