3.230269e+12
2.507524e+12
1.533968e+12
1.496076e+12
1.369555e+12
1.136286e+12
1.043540e+12
9.910569e+11
8.857334e+11
8.413628e+11
7.566979e+11
7.382509e+11
7.173548e+11
6.778564e+11
6.296616e+11
6.214610e+11
5.754208e+11
5.682574e+11
5.447512e+11
5.172402e+11
4.854980e+11
4.657573e+11
4.418670e+11
4.297297e+11
4.102574e+11
3.974294e+11
3.824974e+11
3.740501e+11
3.409638e+11
3.348001e+11
3.097702e+11
2.970304e+11
2.894213e+11
2.767093e+11
2.721466e+11
2.629495e+11
2.507570e+11
2.409441e+11
2.317974e+11
2.295218e+11
2.270591e+11
2.137040e+11
2.006146e+11
1.910701e+11
1.874657e+11
1.840683e+11
1.755658e+11
1.631638e+11
1.568377e+11
1.535747e+11
1.424072e+11
1.408880e+11
1.370785e+11
1.334439e+11
1.287552e+11
1.202309e+11
1.144369e+11
1.092576e+11
1.044829e+11
1.025291e+11
9.967276e+10
8.900915e+10
7.928852e+10
6.121882e+10
