2.571575e+10
1.461419e+10
7.105880e+09
5.208059e+09
4.047779e+09
3.755856e+09
3.334239e+09
3.068805e+09
2.684562e+09
2.468418e+09
2.441915e+09
2.377195e+09
2.082423e+09
2.028107e+09
1.929322e+09
1.826675e+09
1.673815e+09
1.587717e+09
1.545109e+09
1.440244e+09
1.355310e+09
1.341298e+09
1.305748e+09
1.275978e+09
1.248125e+09
1.172913e+09
1.136344e+09
1.118199e+09
1.070591e+09
1.060560e+09
1.041617e+09
9.935777e+08
9.571647e+08
9.245142e+08
8.864465e+08
8.296214e+08
7.995437e+08
7.742637e+08
7.527628e+08
7.236773e+08
7.146272e+08
6.812778e+08
6.695638e+08
6.579443e+08
6.485940e+08
6.096148e+08
5.831969e+08
5.814675e+08
5.578292e+08
5.369581e+08
5.280071e+08
5.197912e+08
5.120710e+08
5.020898e+08
4.901544e+08
4.771863e+08
4.658470e+08
4.538766e+08
4.395593e+08
4.378438e+08
4.161434e+08
4.066818e+08
4.019153e+08
3.917657e+08
3.860404e+08
3.809952e+08
3.561117e+08
3.469700e+08
3.394278e+08
3.346080e+08
3.295215e+08
3.222019e+08
3.198759e+08
3.148050e+08
3.019143e+08
3.002019e+08
2.884501e+08
2.827032e+08
2.773246e+08
2.665450e+08
2.638046e+08
2.540903e+08
2.420272e+08
2.339799e+08
2.325128e+08
2.299038e+08
2.232529e+08
2.127210e+08
2.032894e+08
2.016133e+08
1.950798e+08
1.904220e+08
1.832696e+08
1.799133e+08
1.742990e+08
1.650473e+08
1.597984e+08
1.575317e+08
1.555101e+08
1.523762e+08
1.497363e+08
1.410052e+08
1.359137e+08
1.316245e+08
1.273660e+08
1.221475e+08
1.148362e+08
1.130638e+08
1.089418e+08
1.023507e+08
9.446682e+07
9.041546e+07
8.706759e+07
8.509219e+07
8.176407e+07
7.944418e+07
6.571439e+07
6.385884e+07
6.031654e+07
3.557578e+07
3.302387e+07
2.954790e+07
2.668837e+07
2.135494e+07
1.730514e+07
1.708254e+07
1.069835e+07
6.242999e+05
