2.240554e+08
2.014190e+08
1.762427e+08
1.625253e+08
1.546949e+08
1.220436e+08
1.100856e+08
1.073247e+08
9.158153e+07
8.442303e+07
8.040755e+07
7.924894e+07
7.450300e+07
6.964603e+07
6.576284e+07
5.866264e+07
5.717476e+07
5.548712e+07
5.185398e+07
4.888864e+07
4.360157e+07
4.125227e+07
4.000471e+07
3.733620e+07
3.580897e+07
3.330689e+07
3.109070e+07
3.003251e+07
2.736504e+07
2.693735e+07
2.464764e+07
2.355166e+07
2.245642e+07
2.156445e+07
2.084686e+07
1.831173e+07
1.815704e+07
1.700550e+07
1.542088e+07
1.424558e+07
1.321705e+07
1.238073e+07
1.170237e+07
1.142872e+07
1.097456e+07
9.921671e+06
8.976295e+06
8.606354e+06
7.684178e+06
7.436584e+06
6.815568e+06
6.446150e+06
6.077120e+06
5.716318e+06
5.299184e+06
5.069244e+06
3.672318e+06
3.138732e+06
2.856068e+06
2.647472e+06
1.408639e+06
9.745961e+05
3.533138e+05
1.527944e+05
