8.422552e+04
3.514458e+03
2.124203e+03
1.803512e+03
1.168594e+03
8.001091e+02
6.219307e+02
4.930345e+02
3.703987e+02
3.399576e+02
3.229451e+02
2.862519e+02
2.482140e+02
2.378606e+02
2.136583e+02
2.037303e+02
1.888814e+02
1.708277e+02
1.686363e+02
1.532949e+02
1.500397e+02
1.411086e+02
1.331814e+02
1.295619e+02
1.211490e+02
1.123371e+02
1.064452e+02
1.028362e+02
9.604458e+01
9.130486e+01
9.053247e+01
7.953181e+01
7.848584e+01
7.560961e+01
7.204771e+01
7.057391e+01
6.552738e+01
6.304957e+01
6.026700e+01
5.908195e+01
5.540681e+01
5.223930e+01
5.021067e+01
4.787745e+01
4.252716e+01
3.966901e+01
3.677982e+01
3.360844e+01
3.246996e+01
3.163333e+01
2.995662e+01
2.944625e+01
2.760368e+01
2.650099e+01
2.344753e+01
2.100885e+01
2.052842e+01
1.949713e+01
1.910445e+01
1.856854e+01
1.760086e+01
1.521640e+01
1.405451e+01
1.291440e+01
1.235214e+01
1.097984e+01
1.004296e+01
9.679573e+00
9.236687e+00
8.590219e+00
7.880489e+00
7.071111e+00
6.697964e+00
6.289759e+00
6.192363e+00
5.645442e+00
5.281775e+00
4.931953e+00
4.732283e+00
4.230888e+00
4.145879e+00
3.865351e+00
3.798005e+00
3.698828e+00
3.611602e+00
3.305474e+00
3.023653e+00
2.936487e+00
2.903421e+00
2.750627e+00
2.522692e+00
2.426255e+00
2.357460e+00
2.268687e+00
2.182062e+00
2.048341e+00
1.917292e+00
1.884959e+00
1.780624e+00
1.708513e+00
1.613007e+00
1.460531e+00
1.388243e+00
1.308399e+00
1.246632e+00
1.178909e+00
1.145769e+00
1.070111e+00
1.034365e+00
1.002123e+00
9.909477e-01
9.053097e-01
8.645253e-01
8.063227e-01
7.679666e-01
6.618620e-01
6.215100e-01
6.103475e-01
5.894806e-01
5.406003e-01
5.229843e-01
5.124076e-01
4.717396e-01
4.552137e-01
4.448109e-01
4.327638e-01
4.060010e-01
3.769417e-01
3.486097e-01
3.349169e-01
3.121918e-01
2.998645e-01
2.741596e-01
2.641432e-01
2.586257e-01
2.485493e-01
2.356533e-01
2.313694e-01
2.068601e-01
1.885631e-01
1.841512e-01
1.667924e-01
1.558537e-01
1.530268e-01
1.503648e-01
1.405908e-01
1.339031e-01
1.321200e-01
1.286513e-01
1.266730e-01
1.202071e-01
1.126602e-01
1.086220e-01
1.055837e-01
9.509853e-02
8.969130e-02
8.803417e-02
8.476949e-02
7.777020e-02
7.473911e-02
7.211205e-02
6.168853e-02
5.731959e-02
5.186936e-02
4.794189e-02
4.535590e-02
4.389485e-02
4.360127e-02
3.867354e-02
3.725788e-02
3.558401e-02
3.417683e-02
3.304718e-02
3.052079e-02
2.935491e-02
2.760701e-02
2.694839e-02
2.660666e-02
2.589671e-02
2.499731e-02
2.308890e-02
2.258335e-02
2.176016e-02
2.083888e-02
1.994034e-02
1.882287e-02
1.776860e-02
1.741867e-02
1.356548e-02
1.233263e-02
1.219762e-02
1.129992e-02
1.063247e-02
9.024387e-03
8.756075e-03
8.294933e-03
7.888490e-03
7.504696e-03
7.139029e-03
7.085008e-03
6.667222e-03
6.385779e-03
5.981100e-03
5.684827e-03
5.531998e-03
5.481906e-03
5.286059e-03
5.016816e-03
4.780390e-03
4.627485e-03
4.333329e-03
3.960003e-03
3.389475e-03
3.260791e-03
3.016522e-03
2.954523e-03
2.790624e-03
2.740477e-03
2.682301e-03
2.590163e-03
2.469920e-03
2.401636e-03
2.311080e-03
2.110050e-03
2.071057e-03
1.939320e-03
1.847036e-03
1.782972e-03
1.602311e-03
1.571998e-03
1.554311e-03
1.490701e-03
1.454625e-03
1.434577e-03
1.396629e-03
1.362644e-03
1.350899e-03
1.243494e-03
1.226432e-03
1.202104e-03
1.189789e-03
1.163115e-03
1.147154e-03
1.129234e-03
1.099401e-03
1.076738e-03
1.072897e-03
1.052601e-03
1.036522e-03
1.024607e-03
9.967741e-04
9.840940e-04
9.788151e-04
9.523046e-04
9.485530e-04
9.265273e-04
9.081834e-04
9.017200e-04
8.928342e-04
8.755149e-04
8.661723e-04
8.548885e-04
8.537705e-04
8.220391e-04
8.179089e-04
8.091654e-04
7.925887e-04
7.818377e-04
7.755650e-04
7.560357e-04
7.507237e-04
7.346852e-04
7.320085e-04
7.286464e-04
7.064141e-04
6.970734e-04
6.808806e-04
6.734326e-04
6.591584e-04
6.495685e-04
6.437101e-04
6.329973e-04
6.249422e-04
6.229038e-04
6.081723e-04
6.024008e-04
5.856911e-04
5.774879e-04
5.699441e-04
5.612179e-04
5.467485e-04
5.342240e-04
5.283667e-04
5.159443e-04
5.086521e-04
5.003411e-04
4.885623e-04
4.806021e-04
4.754252e-04
4.653809e-04
4.611813e-04
4.530166e-04
4.345033e-04
4.302007e-04
4.185824e-04
4.130914e-04
3.958075e-04
3.930764e-04
3.858785e-04
3.701532e-04
3.559870e-04
3.487764e-04
3.411114e-04
3.361135e-04
3.309767e-04
3.203593e-04
3.076946e-04
3.022146e-04
2.779501e-04
2.712538e-04
2.690320e-04
2.556627e-04
2.413968e-04
2.278356e-04
2.141324e-04
2.085579e-04
2.015047e-04
1.894846e-04
1.828274e-04
1.773923e-04
1.705785e-04
1.573616e-04
1.442058e-04
1.414746e-04
1.249095e-04
1.068973e-04
9.742755e-05
8.648026e-05
7.513131e-05
6.227734e-05
5.434241e-05
5.232124e-05
4.492191e-05
2.833155e-05
1.468824e-05
6.629198e-06
3.922795e-06
-6.629607e-06
-1.224365e-05
-4.052986e-05
-4.596608e-05
-5.292175e-05
-6.711360e-05
-6.898100e-05
-8.057245e-05
-8.813031e-05
-1.068961e-04
-1.189879e-04
-1.385969e-04
-1.422472e-04
-1.553572e-04
-1.592760e-04
-1.764766e-04
-1.867433e-04
-1.940748e-04
-2.061907e-04
-2.144213e-04
-2.392800e-04
-2.415843e-04
-2.629992e-04
-2.775282e-04
-2.860309e-04
-3.031010e-04
-3.141908e-04
-3.281677e-04
-3.504647e-04
-3.525161e-04
-3.767668e-04
-3.984211e-04
-4.202441e-04
-4.401323e-04
-4.599027e-04
-4.936531e-04
-5.010057e-04
