1.967919e+12
1.775756e+12
1.684929e+12
1.498387e+12
1.447005e+12
1.266257e+12
1.222723e+12
1.156936e+12
1.099632e+12
1.063422e+12
9.759233e+11
9.078016e+11
8.736637e+11
8.161764e+11
7.868047e+11
7.610717e+11
6.931981e+11
6.645597e+11
6.459001e+11
5.850625e+11
5.603766e+11
5.566009e+11
5.309884e+11
5.177526e+11
5.011808e+11
4.631062e+11
4.528250e+11
4.429277e+11
4.228950e+11
3.981611e+11
3.820759e+11
3.676507e+11
3.563533e+11
3.415235e+11
3.350073e+11
3.258669e+11
3.222077e+11
3.128226e+11
3.055779e+11
3.001588e+11
2.936107e+11
2.698826e+11
2.616595e+11
2.525956e+11
2.504950e+11
2.380160e+11
2.313646e+11
2.257380e+11
2.213009e+11
2.128994e+11
2.068912e+11
2.002716e+11
1.989618e+11
1.914523e+11
1.867245e+11
1.805924e+11
1.744877e+11
1.685160e+11
1.651948e+11
1.638757e+11
1.631894e+11
1.515458e+11
1.473349e+11
1.435301e+11
1.412899e+11
1.384169e+11
1.351270e+11
1.300698e+11
1.276426e+11
1.256449e+11
1.225789e+11
1.190658e+11
1.174271e+11
1.119846e+11
1.110464e+11
1.079548e+11
1.066790e+11
1.033940e+11
1.020549e+11
1.002645e+11
9.559487e+10
9.513116e+10
9.258698e+10
9.135194e+10
8.948840e+10
8.853115e+10
8.703332e+10
8.465429e+10
8.250489e+10
7.980823e+10
7.909231e+10
7.634412e+10
7.558098e+10
7.503555e+10
7.358875e+10
7.224759e+10
7.120570e+10
7.026688e+10
6.941526e+10
6.827356e+10
6.675671e+10
6.490411e+10
6.439740e+10
6.259561e+10
6.143682e+10
6.081236e+10
6.064386e+10
5.924312e+10
5.790718e+10
5.606573e+10
5.519361e+10
5.465630e+10
5.383641e+10
5.315881e+10
5.199677e+10
5.002797e+10
4.863762e+10
4.818009e+10
4.587053e+10
4.316598e+10
4.029260e+10
3.933882e+10
3.398519e+10
2.984412e+10
2.858037e+10
2.503265e+10
5.504225e+09
3.445295e+09
