1.352703e+08
2.025954e+07
2.555390e+06
1.067548e+06
9.121316e+05
2.795109e+05
1.654271e+05
1.132734e+05
1.532496e+04
1.087822e+04
3.546788e+03
1.089082e+03
4.457018e+02
2.504763e+02
1.364175e+02
5.386267e+01
4.659021e+01
3.799332e+01
3.242392e+01
3.149123e+01
2.685852e+01
2.634156e+01
2.166323e+01
1.819683e+01
1.491087e+01
1.412562e+01
1.357107e+01
1.259781e+01
1.148603e+01
1.125165e+01
1.036946e+01
1.027192e+01
9.402455e+00
8.892895e+00
8.290758e+00
8.079177e+00
7.593396e+00
7.216438e+00
6.684854e+00
6.620455e+00
6.221710e+00
5.650688e+00
5.497228e+00
5.267562e+00
5.168554e+00
4.584367e+00
4.299633e+00
4.157434e+00
3.806642e+00
3.428651e+00
3.324162e+00
3.122542e+00
2.875276e+00
2.703145e+00
2.417025e+00
2.313615e+00
2.186557e+00
2.107071e+00
1.757181e+00
1.721843e+00
1.498531e+00
1.385596e+00
1.246895e+00
8.623608e-01
8.556220e-01
7.241991e-01
4.917297e-01
4.501517e-01
3.952978e-01
3.219256e-01
2.402931e-01
1.655411e-01
1.493462e-01
1.179405e-01
9.894449e-02
7.430658e-02
6.585950e-02
4.785981e-02
1.960232e-02
2.602090e-10
-9.366679e-10
-7.335194e-03
-1.984588e-02
-9.347782e-02
-1.759508e-01
-2.189935e-01
-2.691189e-01
-3.497306e-01
-3.559540e-01
-5.099373e-01
-6.503448e-01
-7.667900e-01
-7.981548e-01
-9.078844e-01
-1.203789e+00
-1.299791e+00
-1.586217e+00
-1.919952e+00
-2.126119e+00
-2.204805e+00
-2.440903e+00
-2.549790e+00
-2.974038e+00
-3.114296e+00
-3.291473e+00
-3.579997e+00
-4.265057e+00
-4.544707e+00
-5.164609e+00
-5.249370e+00
-6.246393e+00
-6.425302e+00
-6.702835e+00
-7.468507e+00
-8.024338e+00
-9.451767e+00
-9.635388e+00
-1.029090e+01
-1.129800e+01
-1.274249e+01
-1.421212e+01
-1.846943e+01
-2.007624e+01
-2.073546e+01
-2.317480e+01
-3.900933e+01
-4.982116e+01
-5.761892e+01
