4.034588e+05
2.621547e+05
1.751819e+05
1.239971e+05
1.176224e+05
9.518159e+04
8.966386e+04
8.537837e+04
7.504098e+04
6.851547e+04
6.269300e+04
5.759681e+04
4.817614e+04
4.723784e+04
4.475766e+04
3.760521e+04
3.410213e+04
2.426157e+04
2.073871e+04
1.304841e+04
1.073985e+04
9.566425e+03
8.832059e+03
8.391400e+03
7.315421e+03
5.890247e+03
4.941728e+03
4.617243e+03
4.372276e+03
3.801327e+03
3.641758e+03
3.461182e+03
2.511969e+03
2.162024e+03
1.923456e+03
1.507615e+03
1.112441e+03
9.963037e+02
8.476046e+02
6.790118e+02
6.346588e+02
5.701073e+02
4.711833e+02
4.249083e+02
3.596055e+02
3.480729e+02
3.003643e+02
2.205213e+02
1.883257e+02
1.516814e+02
1.381059e+02
9.974522e+01
8.613775e+01
8.085440e+01
7.692229e+01
5.586463e+01
4.066996e+01
3.365094e+01
2.796078e+01
2.560769e+01
2.366452e+01
1.638511e+01
1.292282e+01
1.263017e+01
1.007163e+01
8.730222e+00
8.130384e+00
6.455447e+00
6.060229e+00
4.213616e+00
3.785314e+00
3.397576e+00
2.809286e+00
2.048626e+00
1.864293e+00
1.609994e+00
1.413840e+00
1.268696e+00
7.578265e-01
6.172253e-01
5.470598e-01
2.616589e-01
2.205313e-01
1.806808e-01
1.733044e-01
1.212110e-01
9.292878e-02
9.054476e-02
8.328042e-02
6.429538e-02
5.395820e-02
4.792698e-02
4.398100e-02
4.010293e-02
3.941442e-02
3.587897e-02
2.701901e-02
2.650478e-02
2.601828e-02
2.415884e-02
2.186995e-02
2.098946e-02
2.000233e-02
1.917625e-02
1.877764e-02
1.719758e-02
1.660299e-02
1.571161e-02
1.557144e-02
1.508479e-02
1.473167e-02
1.392127e-02
1.372141e-02
1.367337e-02
1.350311e-02
1.306685e-02
1.276865e-02
1.214571e-02
1.156156e-02
1.122648e-02
1.112803e-02
1.069933e-02
1.045010e-02
9.688053e-03
9.433543e-03
8.325425e-03
5.363559e-12
-5.384310e-12
