2.816997e+12
2.570483e+12
2.015207e+12
1.894286e+12
1.735619e+12
1.655496e+12
1.485076e+12
1.450536e+12
1.394978e+12
1.233125e+12
1.221584e+12
1.109195e+12
1.035403e+12
9.942064e+11
9.176148e+11
8.783430e+11
8.527495e+11
8.434268e+11
7.970710e+11
7.772824e+11
7.399251e+11
6.731387e+11
6.668192e+11
6.252926e+11
6.157262e+11
5.960024e+11
5.737143e+11
5.565533e+11
5.317969e+11
5.008498e+11
4.807084e+11
4.702716e+11
4.632973e+11
4.487558e+11
4.315181e+11
4.207363e+11
4.093644e+11
3.836463e+11
3.739841e+11
3.668667e+11
3.570611e+11
3.450857e+11
3.404520e+11
3.302820e+11
3.192091e+11
3.089450e+11
2.976363e+11
2.957874e+11
2.782550e+11
2.718097e+11
2.608318e+11
2.589010e+11
2.540365e+11
2.447209e+11
2.370451e+11
2.300220e+11
2.276733e+11
2.234580e+11
2.182839e+11
2.071482e+11
2.043361e+11
1.954679e+11
1.918180e+11
1.881054e+11
1.830293e+11
1.777894e+11
1.750194e+11
1.744550e+11
1.711212e+11
1.634262e+11
1.616271e+11
1.596799e+11
1.532217e+11
1.510447e+11
1.484212e+11
1.440681e+11
1.404266e+11
1.373424e+11
1.364134e+11
1.344376e+11
1.284884e+11
1.271050e+11
1.258390e+11
1.242254e+11
1.199423e+11
1.188051e+11
1.155983e+11
1.149856e+11
1.130200e+11
1.112553e+11
1.071350e+11
1.055328e+11
1.047736e+11
1.016821e+11
1.009864e+11
9.961101e+10
9.775666e+10
9.519271e+10
9.355545e+10
9.287995e+10
9.222900e+10
9.000077e+10
8.936237e+10
8.764771e+10
8.544400e+10
8.377052e+10
8.270760e+10
8.106926e+10
7.889261e+10
7.732453e+10
7.554218e+10
7.446591e+10
7.366797e+10
7.155627e+10
6.987293e+10
6.895616e+10
6.777103e+10
6.688707e+10
6.488694e+10
6.396359e+10
6.151345e+10
6.109961e+10
5.704607e+10
5.569670e+10
5.532095e+10
3.445451e+10
3.343063e+10
2.350871e+10
