1.280233e+05
6.266767e+03
3.053309e+03
2.590389e+03
1.779071e+03
1.605801e+03
1.478800e+03
8.919725e+02
8.378651e+02
6.740049e+02
6.104634e+02
4.830947e+02
3.322008e+02
2.679821e+02
2.390279e+02
2.151444e+02
1.810249e+02
1.606718e+02
1.422570e+02
1.307988e+02
1.163324e+02
9.603483e+01
9.441462e+01
9.049799e+01
7.967648e+01
6.995202e+01
6.979138e+01
6.264669e+01
5.544574e+01
5.140578e+01
5.010242e+01
4.616790e+01
4.467569e+01
3.931256e+01
3.752642e+01
3.641410e+01
3.149433e+01
2.981765e+01
2.889758e+01
2.561295e+01
2.451731e+01
2.179348e+01
2.088240e+01
1.889192e+01
1.724979e+01
1.604866e+01
1.521974e+01
1.455554e+01
1.351052e+01
1.256507e+01
1.189838e+01
1.022421e+01
9.858228e+00
9.187702e+00
7.921923e+00
7.512472e+00
6.786911e+00
6.686393e+00
6.580105e+00
5.683125e+00
5.613561e+00
5.073488e+00
4.756250e+00
4.086464e+00
3.873288e+00
3.667926e+00
3.534131e+00
3.074623e+00
2.926316e+00
2.778094e+00
2.502903e+00
2.360746e+00
2.107727e+00
1.958553e+00
1.901757e+00
1.736706e+00
1.493124e+00
1.390091e+00
1.341832e+00
1.251569e+00
1.210766e+00
1.146048e+00
1.047971e+00
9.879287e-01
9.671121e-01
9.000359e-01
8.341616e-01
7.491639e-01
7.251934e-01
6.914650e-01
6.301264e-01
6.136700e-01
5.893078e-01
5.136397e-01
5.010458e-01
4.600671e-01
4.154923e-01
3.848704e-01
3.449774e-01
3.276710e-01
3.233405e-01
2.971987e-01
2.742643e-01
2.643854e-01
2.519849e-01
2.315077e-01
2.104701e-01
1.864170e-01
1.837022e-01
1.796324e-01
1.524927e-01
1.408146e-01
1.293311e-01
1.239086e-01
1.164015e-01
9.667189e-02
9.566466e-02
9.254456e-02
8.198651e-02
7.685275e-02
6.937489e-02
6.855667e-02
6.452933e-02
6.203092e-02
5.504508e-02
5.088742e-02
4.906177e-02
4.679981e-02
4.425216e-02
4.276267e-02
3.942375e-02
3.525019e-02
3.175026e-02
2.884961e-02
2.748828e-02
2.690011e-02
2.348678e-02
2.249082e-02
1.979755e-02
1.821450e-02
1.751926e-02
1.622469e-02
1.548033e-02
1.441863e-02
1.336697e-02
1.284432e-02
1.194807e-02
1.180473e-02
9.179728e-03
9.007480e-03
8.441185e-03
8.241591e-03
7.980130e-03
7.335141e-03
6.592364e-03
6.381080e-03
5.635040e-03
5.498449e-03
4.641160e-03
4.084173e-03
3.954273e-03
3.733177e-03
3.570923e-03
3.264725e-03
2.754451e-03
2.503119e-03
2.459336e-03
2.399589e-03
2.353779e-03
2.172209e-03
1.968896e-03
1.905257e-03
1.782747e-03
1.690773e-03
1.561929e-03
1.535758e-03
1.498338e-03
1.479728e-03
1.460516e-03
1.428438e-03
1.382316e-03
1.380779e-03
1.350059e-03
1.313603e-03
1.284616e-03
1.272515e-03
1.235528e-03
1.230435e-03
1.226470e-03
1.204761e-03
1.199131e-03
1.181889e-03
1.160755e-03
1.139346e-03
1.128015e-03
1.119703e-03
1.095249e-03
1.087788e-03
1.063341e-03
1.043193e-03
1.039690e-03
1.016773e-03
1.006806e-03
1.000880e-03
9.965427e-04
9.761407e-04
9.616300e-04
9.549543e-04
9.408081e-04
9.317542e-04
9.200502e-04
9.148120e-04
8.984606e-04
8.889514e-04
8.871921e-04
8.661917e-04
8.593533e-04
8.464386e-04
8.437607e-04
8.270116e-04
8.109538e-04
7.918468e-04
7.840095e-04
7.744811e-04
7.657997e-04
7.559508e-04
7.426640e-04
7.332942e-04
7.240913e-04
7.083269e-04
7.065036e-04
6.894834e-04
6.780636e-04
6.739360e-04
6.602772e-04
6.490806e-04
6.456359e-04
6.357188e-04
6.201317e-04
6.062184e-04
6.005245e-04
5.972666e-04
5.787454e-04
5.757636e-04
5.597106e-04
5.459079e-04
5.455250e-04
5.342714e-04
5.303829e-04
5.240695e-04
5.107194e-04
4.986532e-04
4.890011e-04
4.785343e-04
4.671459e-04
4.564051e-04
4.430972e-04
4.287827e-04
4.246888e-04
4.175311e-04
4.086409e-04
3.963030e-04
3.893878e-04
3.830847e-04
3.743173e-04
3.707981e-04
3.644443e-04
3.510157e-04
3.332178e-04
3.281755e-04
3.182310e-04
2.995194e-04
2.918865e-04
2.884065e-04
2.778509e-04
2.677989e-04
2.646652e-04
2.533863e-04
2.412262e-04
2.389088e-04
2.332872e-04
2.192208e-04
2.160658e-04
2.034207e-04
1.951528e-04
1.914172e-04
1.744500e-04
1.694737e-04
1.575105e-04
1.496891e-04
1.423644e-04
1.317482e-04
1.203967e-04
1.161294e-04
1.045176e-04
9.366978e-05
8.261568e-05
7.343059e-05
5.594825e-05
5.398767e-05
4.621749e-05
3.953044e-05
2.902332e-05
1.724262e-05
1.506900e-05
4.231204e-06
-1.158566e-05
-2.061699e-05
-2.610022e-05
-3.285089e-05
-4.906486e-05
-5.554439e-05
-7.059974e-05
-7.631526e-05
-8.757695e-05
-9.804765e-05
-1.015772e-04
-1.088598e-04
-1.325736e-04
-1.349406e-04
-1.389135e-04
-1.544001e-04
-1.668006e-04
-1.839344e-04
-1.883830e-04
-1.993055e-04
-2.043692e-04
-2.113610e-04
-2.318396e-04
-2.390367e-04
-2.448225e-04
-2.558185e-04
-2.659871e-04
-2.761219e-04
-2.796227e-04
-2.870519e-04
-2.998631e-04
-3.067972e-04
-3.251116e-04
-3.273797e-04
-3.534534e-04
-3.650666e-04
-3.661235e-04
-3.716220e-04
-3.929689e-04
-4.014109e-04
-4.060219e-04
-4.221724e-04
-4.267726e-04
-4.315419e-04
-4.449362e-04
-4.542329e-04
-4.661588e-04
-4.704121e-04
-4.818049e-04
-5.057328e-04
-5.152316e-04
-5.246223e-04
-5.359234e-04
-5.514843e-04
-5.688634e-04
-5.746610e-04
-5.950883e-04
-6.044391e-04
-6.123318e-04
-6.327356e-04
-6.404771e-04
-6.515883e-04
-6.690606e-04
-6.746982e-04
-6.885547e-04
-7.198655e-04
-7.235359e-04
-7.555513e-04
-7.575199e-04
-7.729774e-04
-7.767117e-04
-7.918007e-04
-8.057128e-04
-8.446544e-04
-8.671297e-04
-8.793287e-04
-9.122076e-04
-9.264997e-04
