8.897648e+04
3.671166e+03
2.549832e+03
1.653329e+03
1.148655e+03
7.846768e+02
5.724237e+02
4.674444e+02
2.968516e+02
2.909644e+02
2.496358e+02
2.107346e+02
2.068730e+02
1.859000e+02
1.722609e+02
1.486711e+02
1.269751e+02
1.182538e+02
1.151930e+02
1.123923e+02
1.000337e+02
9.400983e+01
8.274806e+01
8.099167e+01
7.642381e+01
7.232771e+01
6.865969e+01
5.655148e+01
5.552061e+01
5.295382e+01
5.218483e+01
4.783639e+01
4.491552e+01
4.320633e+01
4.012745e+01
3.944534e+01
3.794002e+01
3.387876e+01
3.095206e+01
3.049854e+01
2.778917e+01
2.664647e+01
2.549674e+01
2.367445e+01
2.002023e+01
1.822511e+01
1.708333e+01
1.598352e+01
1.514137e+01
1.439817e+01
1.342350e+01
1.298524e+01
1.171566e+01
1.059957e+01
1.043217e+01
9.474924e+00
9.155167e+00
8.494950e+00
7.801400e+00
7.590309e+00
6.961438e+00
6.580117e+00
6.339908e+00
5.838615e+00
5.717985e+00
5.331384e+00
4.505645e+00
4.339547e+00
4.047060e+00
3.794783e+00
3.744153e+00
3.208074e+00
2.907208e+00
2.637889e+00
2.571526e+00
2.363540e+00
2.151067e+00
2.008522e+00
1.822686e+00
1.647773e+00
1.542903e+00
1.502622e+00
1.398993e+00
1.323760e+00
1.300443e+00
1.185289e+00
1.148556e+00
1.079226e+00
1.010500e+00
9.757550e-01
9.091477e-01
8.680485e-01
8.333407e-01
8.045751e-01
7.114947e-01
6.705947e-01
6.401481e-01
5.766368e-01
5.199126e-01
5.031241e-01
4.871842e-01
4.630212e-01
4.354236e-01
4.031871e-01
3.742726e-01
3.480050e-01
3.297089e-01
3.147783e-01
3.112535e-01
2.915063e-01
2.753493e-01
2.533999e-01
2.404712e-01
2.240190e-01
2.045850e-01
1.977281e-01
1.955322e-01
1.699669e-01
1.632185e-01
1.494194e-01
1.443127e-01
1.308252e-01
1.271661e-01
1.225309e-01
1.201206e-01
1.134750e-01
1.054162e-01
9.108820e-02
8.560710e-02
8.369186e-02
7.758572e-02
7.321356e-02
6.670551e-02
6.583573e-02
6.138539e-02
5.606339e-02
5.182646e-02
5.025170e-02
4.399484e-02
4.122541e-02
3.695114e-02
3.576367e-02
3.375099e-02
3.162592e-02
3.058938e-02
2.872696e-02
2.658865e-02
2.314974e-02
2.278447e-02
2.117761e-02
2.078603e-02
1.938248e-02
1.868398e-02
1.792998e-02
1.717580e-02
1.636650e-02
1.478141e-02
1.466433e-02
1.363804e-02
1.244016e-02
1.207366e-02
1.190875e-02
1.077996e-02
1.027559e-02
9.568544e-03
8.924503e-03
8.443015e-03
8.145060e-03
7.957557e-03
7.477145e-03
7.040395e-03
6.692116e-03
6.449063e-03
6.103435e-03
5.793363e-03
5.572334e-03
5.495735e-03
4.602087e-03
4.534845e-03
4.303477e-03
4.216073e-03
3.787934e-03
3.602594e-03
3.235499e-03
2.878496e-03
2.740355e-03
2.623915e-03
2.578777e-03
2.481058e-03
2.434090e-03
2.025814e-03
1.986056e-03
1.909399e-03
1.802063e-03
1.734249e-03
1.657080e-03
1.611689e-03
1.506208e-03
1.472273e-03
1.417461e-03
1.373115e-03
1.336366e-03
1.323913e-03
1.278478e-03
1.269835e-03
1.246071e-03
1.240973e-03
1.222994e-03
1.200047e-03
1.167655e-03
1.152327e-03
1.134720e-03
1.128363e-03
1.111258e-03
1.089508e-03
1.080528e-03
1.064560e-03
1.057762e-03
1.051434e-03
1.032617e-03
1.022047e-03
9.943936e-04
9.727300e-04
9.592323e-04
9.440984e-04
9.357779e-04
9.239855e-04
9.161879e-04
8.922515e-04
8.917875e-04
8.837836e-04
8.605136e-04
8.518379e-04
8.431713e-04
8.347699e-04
8.312816e-04
8.158011e-04
7.860381e-04
7.752343e-04
7.642176e-04
7.625306e-04
7.576323e-04
7.456110e-04
7.423093e-04
7.275750e-04
7.212099e-04
7.105621e-04
7.046542e-04
6.894658e-04
6.868863e-04
6.705042e-04
6.553296e-04
6.474078e-04
6.394047e-04
6.173102e-04
6.151195e-04
6.118747e-04
5.969087e-04
5.881392e-04
5.825361e-04
5.743038e-04
5.624982e-04
5.488043e-04
5.320695e-04
5.235427e-04
5.214623e-04
5.124554e-04
5.061415e-04
4.889891e-04
4.868896e-04
4.754951e-04
4.630031e-04
4.507119e-04
4.419090e-04
4.348130e-04
4.262967e-04
4.128632e-04
4.069568e-04
3.977529e-04
3.936355e-04
3.766725e-04
3.713232e-04
3.606946e-04
3.491145e-04
3.352987e-04
3.313052e-04
3.269434e-04
3.183721e-04
3.158461e-04
3.038098e-04
2.934395e-04
2.839873e-04
2.788622e-04
2.709177e-04
2.629445e-04
2.471917e-04
2.428350e-04
2.375892e-04
2.349518e-04
2.193924e-04
2.150947e-04
1.996635e-04
1.891821e-04
1.752257e-04
1.663062e-04
1.636050e-04
1.589725e-04
1.360089e-04
1.343216e-04
1.274217e-04
1.106846e-04
1.001701e-04
9.448204e-05
7.772182e-05
6.494785e-05
6.088166e-05
5.258214e-05
4.241982e-05
2.629700e-05
1.725905e-05
1.056372e-05
1.690924e-13
8.504343e-14
-2.467434e-14
-9.393854e-14
-1.444563e-13
-1.332907e-07
-1.126036e-05
-1.917639e-05
-2.987399e-05
-3.633561e-05
-3.962506e-05
-4.883121e-05
-5.356094e-05
-6.515359e-05
-8.141895e-05
-9.452301e-05
-9.592773e-05
-1.144701e-04
-1.257280e-04
-1.286203e-04
-1.365284e-04
-1.518908e-04
-1.649378e-04
-1.666503e-04
-1.700946e-04
-1.779121e-04
-1.803739e-04
-1.903431e-04
-2.115061e-04
-2.194576e-04
-2.360534e-04
-2.436916e-04
-2.578116e-04
-2.589502e-04
-2.702904e-04
-2.775527e-04
-2.865902e-04
-3.087655e-04
-3.107851e-04
-3.181959e-04
-3.320140e-04
-3.588248e-04
-3.664136e-04
-3.692406e-04
-3.887597e-04
-4.180697e-04
-4.212812e-04
-4.361571e-04
-4.456513e-04
-4.554836e-04
-4.753692e-04
-4.948727e-04
-5.042091e-04
-5.150208e-04
-5.243621e-04
-5.443305e-04
-5.597994e-04
-5.673197e-04
-5.751679e-04
-5.891575e-04
-6.223759e-04
-6.795090e-04
-6.889642e-04
