1.314777e+08
1.890563e+07
2.117079e+06
8.359118e+05
7.694652e+05
3.654547e+05
2.975533e+05
1.139264e+05
3.083802e+04
1.189807e+04
6.634313e+03
8.912257e+02
4.800039e+02
2.061758e+02
9.990073e+01
6.807671e+01
5.164283e+01
3.573506e+01
3.400740e+01
3.031006e+01
2.613759e+01
2.189622e+01
1.904018e+01
1.652578e+01
1.546251e+01
1.375134e+01
1.275380e+01
1.170063e+01
1.147851e+01
1.110549e+01
1.075736e+01
9.737631e+00
9.056293e+00
8.217271e+00
8.125875e+00
7.452856e+00
7.218226e+00
6.961720e+00
6.335996e+00
6.248281e+00
5.855659e+00
5.601707e+00
5.016635e+00
4.841048e+00
4.750032e+00
4.695018e+00
4.371772e+00
4.251770e+00
4.071020e+00
3.887224e+00
3.308524e+00
3.077458e+00
2.804176e+00
2.571486e+00
2.451299e+00
2.377056e+00
1.891303e+00
1.769980e+00
1.635857e+00
1.300129e+00
1.249092e+00
1.215675e+00
1.033624e+00
9.153109e-01
7.537486e-01
5.513164e-01
3.961710e-01
3.144353e-01
2.494103e-01
2.216129e-01
1.592454e-01
1.339955e-01
1.249861e-01
1.083271e-01
9.559649e-02
5.043922e-02
7.184354e-10
9.531317e-11
-4.577578e-04
-5.748149e-03
-2.041151e-02
-9.250867e-02
-1.138982e-01
-1.405668e-01
-2.233550e-01
-2.825741e-01
-4.339099e-01
-4.895756e-01
-6.108212e-01
-6.267639e-01
-6.641645e-01
-8.466640e-01
-8.918291e-01
-1.009146e+00
-1.178953e+00
-1.317028e+00
-1.379344e+00
-1.605304e+00
-1.830991e+00
-2.155522e+00
-2.417868e+00
-2.628690e+00
-3.032186e+00
-3.153692e+00
-3.528637e+00
-3.947497e+00
-4.086782e+00
-4.388247e+00
-5.318844e+00
-5.505214e+00
-5.713002e+00
-6.083817e+00
-6.808172e+00
-7.348985e+00
-8.082891e+00
-8.961308e+00
-1.040714e+01
-1.208910e+01
-1.277754e+01
-1.462276e+01
-1.700938e+01
-1.805084e+01
-2.060762e+01
-2.937959e+01
-3.216230e+01
-4.033716e+01
-4.235329e+01
-8.000513e+01
