8.579355e+04
3.466017e+03
2.316033e+03
1.842161e+03
1.235756e+03
7.842901e+02
6.204264e+02
4.574485e+02
3.298877e+02
3.052068e+02
2.790170e+02
2.412453e+02
2.232840e+02
2.152256e+02
2.018735e+02
1.706689e+02
1.603470e+02
1.417990e+02
1.388147e+02
1.310019e+02
1.215718e+02
1.135137e+02
1.088776e+02
1.066953e+02
1.054402e+02
9.393961e+01
8.601451e+01
8.015516e+01
7.807528e+01
6.986068e+01
6.817639e+01
6.313260e+01
5.874461e+01
5.596360e+01
5.400082e+01
5.001373e+01
4.622484e+01
4.516512e+01
4.350673e+01
4.139030e+01
3.845552e+01
3.636136e+01
3.388836e+01
3.235430e+01
3.093066e+01
2.993070e+01
2.705298e+01
2.449791e+01
2.306447e+01
2.199087e+01
1.988048e+01
1.914014e+01
1.853461e+01
1.716712e+01
1.640459e+01
1.615537e+01
1.488603e+01
1.395648e+01
1.302289e+01
1.093144e+01
1.074784e+01
1.010532e+01
8.951587e+00
8.781722e+00
8.321309e+00
7.810769e+00
7.253395e+00
6.174717e+00
5.820283e+00
5.736808e+00
5.266477e+00
4.706866e+00
4.162555e+00
3.929984e+00
3.712189e+00
3.312455e+00
3.117573e+00
3.101548e+00
2.856696e+00
2.604616e+00
2.516167e+00
2.419494e+00
2.196586e+00
2.149838e+00
2.048425e+00
1.963472e+00
1.893252e+00
1.784205e+00
1.690228e+00
1.577490e+00
1.525120e+00
1.442270e+00
1.381366e+00
1.334637e+00
1.235415e+00
1.223181e+00
1.038953e+00
9.957621e-01
9.867032e-01
9.088196e-01
8.729950e-01
8.274478e-01
7.833478e-01
7.502446e-01
7.292889e-01
6.986433e-01
6.486346e-01
6.220464e-01
5.609147e-01
5.218788e-01
5.020895e-01
4.776773e-01
4.488294e-01
4.057157e-01
3.939350e-01
3.705762e-01
3.483060e-01
3.367152e-01
3.142582e-01
2.997824e-01
2.909155e-01
2.761943e-01
2.585344e-01
2.421872e-01
2.351409e-01
2.227166e-01
2.085103e-01
2.044184e-01
1.839001e-01
1.763713e-01
1.660579e-01
1.571259e-01
1.518217e-01
1.471671e-01
1.363214e-01
1.313406e-01
1.285972e-01
1.162113e-01
1.071071e-01
1.066728e-01
9.725381e-02
9.259485e-02
9.200498e-02
8.687199e-02
8.108702e-02
7.581611e-02
7.194396e-02
6.855165e-02
6.313680e-02
5.913470e-02
5.641950e-02
5.371881e-02
4.839377e-02
4.639786e-02
4.060861e-02
3.476590e-02
3.253351e-02
3.152414e-02
2.973752e-02
2.939179e-02
2.861863e-02
2.586405e-02
2.342583e-02
2.231656e-02
2.193849e-02
2.108242e-02
2.017790e-02
1.996287e-02
1.855804e-02
1.647577e-02
1.521614e-02
1.475668e-02
1.385404e-02
1.289932e-02
1.224944e-02
1.014039e-02
8.647741e-03
7.981352e-03
7.238000e-03
7.070900e-03
6.864996e-03
6.393153e-03
6.191706e-03
5.963470e-03
5.822466e-03
5.602655e-03
5.109389e-03
4.964010e-03
4.642217e-03
4.559952e-03
4.069540e-03
4.030488e-03
3.781750e-03
3.600544e-03
3.268714e-03
3.108243e-03
3.014558e-03
2.886309e-03
2.845877e-03
2.722990e-03
2.595043e-03
2.551178e-03
2.485089e-03
2.237108e-03
2.153600e-03
2.090211e-03
2.031045e-03
1.929797e-03
1.891277e-03
1.855588e-03
1.669772e-03
1.616836e-03
1.565472e-03
1.516776e-03
1.498136e-03
1.457418e-03
1.354389e-03
1.335611e-03
1.283247e-03
1.268712e-03
1.244472e-03
1.218570e-03
1.204695e-03
1.184251e-03
1.165422e-03
1.155654e-03
1.126780e-03
1.102859e-03
1.088029e-03
1.055598e-03
1.053816e-03
1.046635e-03
1.037012e-03
1.015178e-03
9.973773e-04
9.886255e-04
9.751151e-04
9.647550e-04
9.442994e-04
9.319882e-04
9.275487e-04
9.105188e-04
9.031935e-04
8.781062e-04
8.687112e-04
8.550716e-04
8.424005e-04
8.362749e-04
8.305621e-04
8.132356e-04
8.029327e-04
7.759851e-04
7.734785e-04
7.628806e-04
7.523937e-04
7.362323e-04
7.297311e-04
7.172561e-04
7.104155e-04
6.977214e-04
6.943911e-04
6.853233e-04
6.802878e-04
6.704261e-04
6.529551e-04
6.419568e-04
6.338323e-04
6.208898e-04
6.034612e-04
5.924800e-04
5.871977e-04
5.696983e-04
5.619999e-04
5.607969e-04
5.482730e-04
5.384951e-04
5.373394e-04
5.247444e-04
5.119121e-04
5.040443e-04
4.991075e-04
4.950084e-04
4.890723e-04
4.722425e-04
4.641340e-04
4.586022e-04
4.377249e-04
4.284618e-04
4.268080e-04
4.184559e-04
4.063131e-04
3.804509e-04
3.783165e-04
3.550840e-04
3.506142e-04
3.454559e-04
3.394576e-04
3.292953e-04
3.183453e-04
3.097989e-04
3.012888e-04
2.942401e-04
2.864590e-04
2.758562e-04
2.711378e-04
2.630972e-04
2.604124e-04
2.427807e-04
2.308011e-04
2.202454e-04
2.123609e-04
2.027623e-04
1.913655e-04
1.832394e-04
1.712493e-04
1.691442e-04
1.632943e-04
1.567024e-04
1.452688e-04
1.371857e-04
1.272478e-04
1.226097e-04
1.189942e-04
1.078645e-04
9.963617e-05
9.229620e-05
8.368703e-05
5.642094e-05
5.276895e-05
4.070123e-05
2.812194e-05
2.050380e-05
1.208643e-05
4.243714e-06
2.659814e-13
2.499657e-14
-5.851528e-14
-1.102397e-13
-1.129297e-05
-2.704491e-05
-4.482801e-05
-5.378781e-05
-6.166707e-05
-7.057266e-05
-7.505367e-05
-8.416663e-05
-8.933998e-05
-1.001242e-04
-1.070293e-04
-1.208530e-04
-1.372225e-04
-1.430738e-04
-1.595718e-04
-1.714220e-04
-1.755251e-04
-1.921202e-04
-2.032187e-04
-2.135398e-04
-2.188977e-04
-2.254069e-04
-2.335217e-04
-2.481183e-04
-2.620876e-04
-2.709320e-04
-2.749708e-04
-2.872949e-04
-2.931122e-04
-3.116836e-04
-3.289253e-04
-3.343821e-04
-3.592827e-04
-3.703974e-04
-3.785897e-04
-3.959926e-04
-4.126981e-04
-4.294528e-04
-4.434030e-04
-4.528826e-04
-4.669736e-04
-4.812837e-04
-4.979972e-04
-5.233617e-04
-5.400673e-04
-5.704224e-04
