1.278726e+05
6.454125e+03
2.923771e+03
2.883180e+03
1.892977e+03
1.460484e+03
1.347486e+03
1.075402e+03
8.864000e+02
6.674915e+02
6.163993e+02
4.358719e+02
3.016453e+02
2.839688e+02
2.305116e+02
1.913255e+02
1.719950e+02
1.505691e+02
1.350217e+02
1.202936e+02
1.067962e+02
1.005472e+02
9.580003e+01
8.660493e+01
8.368931e+01
7.707951e+01
6.752072e+01
5.460713e+01
5.375895e+01
5.064898e+01
4.863057e+01
4.528946e+01
4.230443e+01
4.030141e+01
3.362330e+01
3.208783e+01
2.965018e+01
2.945647e+01
2.695868e+01
2.618723e+01
2.376491e+01
2.283952e+01
2.022125e+01
1.873876e+01
1.661143e+01
1.622962e+01
1.539146e+01
1.412485e+01
1.373090e+01
1.238181e+01
1.160548e+01
1.091214e+01
1.055421e+01
8.623869e+00
8.156170e+00
7.399384e+00
7.183895e+00
6.628056e+00
6.559009e+00
6.175938e+00
5.909391e+00
5.448321e+00
4.713068e+00
4.357600e+00
4.214508e+00
4.060596e+00
3.572876e+00
3.542408e+00
3.347488e+00
2.981183e+00
2.704789e+00
2.412745e+00
2.371495e+00
2.298406e+00
2.131603e+00
1.940670e+00
1.871210e+00
1.719441e+00
1.583725e+00
1.502796e+00
1.308801e+00
1.280124e+00
1.246711e+00
1.085471e+00
9.617858e-01
8.942395e-01
8.100032e-01
7.933406e-01
7.668977e-01
7.620850e-01
7.170765e-01
6.551344e-01
6.342787e-01
5.834022e-01
5.539762e-01
5.394402e-01
4.784317e-01
4.244438e-01
4.072974e-01
3.818583e-01
3.360067e-01
3.312569e-01
3.067144e-01
3.004143e-01
2.823497e-01
2.678088e-01
2.553262e-01
2.341649e-01
2.225086e-01
2.115216e-01
1.940000e-01
1.816990e-01
1.688617e-01
1.503071e-01
1.464271e-01
1.357412e-01
1.198212e-01
1.055864e-01
1.006897e-01
9.814171e-02
9.313810e-02
8.890884e-02
8.183789e-02
7.583446e-02
7.472774e-02
6.688898e-02
6.384489e-02
6.282499e-02
5.768547e-02
5.519880e-02
5.363117e-02
4.421876e-02
4.414822e-02
4.194771e-02
3.798439e-02
3.491381e-02
3.331137e-02
3.131337e-02
2.937596e-02
2.719010e-02
2.543438e-02
2.475161e-02
2.260870e-02
1.975049e-02
1.822937e-02
1.665865e-02
1.645108e-02
1.560230e-02
1.390405e-02
1.267048e-02
1.079677e-02
9.936539e-03
9.384629e-03
8.562167e-03
7.705360e-03
7.437209e-03
7.327858e-03
6.835983e-03
6.603060e-03
6.032426e-03
5.671864e-03
5.107732e-03
4.730472e-03
4.611461e-03
4.400118e-03
3.910981e-03
3.757434e-03
3.610836e-03
3.471529e-03
3.278473e-03
3.098722e-03
2.941528e-03
2.739988e-03
2.673542e-03
2.518267e-03
2.327428e-03
2.309622e-03
2.077719e-03
2.034820e-03
1.913921e-03
1.731145e-03
1.634204e-03
1.569216e-03
1.532365e-03
1.510318e-03
1.466884e-03
1.427225e-03
1.405059e-03
1.350063e-03
1.344111e-03
1.330466e-03
1.306666e-03
1.279276e-03
1.264133e-03
1.249041e-03
1.212377e-03
1.193617e-03
1.177506e-03
1.156140e-03
1.154275e-03
1.142647e-03
1.134272e-03
1.118631e-03
1.078342e-03
1.064499e-03
1.054314e-03
1.040395e-03
1.026637e-03
1.023173e-03
1.012320e-03
9.972703e-04
9.930347e-04
9.710760e-04
9.550455e-04
9.439721e-04
9.345537e-04
9.143588e-04
9.096694e-04
8.959303e-04
8.888486e-04
8.742104e-04
8.658292e-04
8.544268e-04
8.439089e-04
8.166642e-04
8.055949e-04
7.989499e-04
7.872990e-04
7.650032e-04
7.609311e-04
7.459904e-04
7.350903e-04
7.269689e-04
7.220125e-04
7.067315e-04
6.930605e-04
6.879654e-04
6.816142e-04
6.713307e-04
6.595931e-04
6.534435e-04
6.376853e-04
6.266308e-04
6.205207e-04
6.104411e-04
6.038369e-04
5.986187e-04
5.864224e-04
5.668305e-04
5.589226e-04
5.546734e-04
5.412498e-04
5.345360e-04
5.183553e-04
5.096194e-04
5.014616e-04
4.949848e-04
4.769226e-04
4.707099e-04
4.602179e-04
4.516459e-04
4.399544e-04
4.331662e-04
4.102206e-04
4.039835e-04
3.922281e-04
3.834928e-04
3.708104e-04
3.640486e-04
3.599739e-04
3.535308e-04
3.405963e-04
3.402553e-04
3.303527e-04
3.217203e-04
3.091097e-04
2.935882e-04
2.862222e-04
2.763903e-04
2.708870e-04
2.667533e-04
2.609859e-04
2.426605e-04
2.310515e-04
2.268893e-04
2.191274e-04
2.043781e-04
1.881371e-04
1.841032e-04
1.756727e-04
1.678762e-04
1.585107e-04
1.510213e-04
1.337227e-04
1.279062e-04
1.132621e-04
1.119404e-04
9.918629e-05
9.161302e-05
8.058287e-05
7.011925e-05
6.306981e-05
5.716632e-05
4.328727e-05
4.182827e-05
3.694623e-05
2.731704e-05
1.181768e-05
7.817983e-06
-1.122015e-05
-2.133476e-05
-3.683912e-05
-4.523611e-05
-5.035576e-05
-5.896391e-05
-7.309669e-05
-7.726147e-05
-8.512141e-05
-9.920650e-05
-1.123213e-04
-1.143158e-04
-1.311452e-04
-1.333014e-04
-1.425268e-04
-1.460483e-04
-1.528432e-04
-1.685069e-04
-1.739640e-04
-1.838184e-04
-1.881060e-04
-1.919445e-04
-2.113874e-04
-2.183113e-04
-2.229454e-04
-2.408619e-04
-2.465455e-04
-2.666700e-04
-2.717938e-04
-2.799755e-04
-3.028144e-04
-3.149429e-04
-3.256947e-04
-3.407468e-04
-3.451118e-04
-3.590620e-04
-3.711383e-04
-3.802588e-04
-3.867534e-04
-4.007689e-04
-4.102021e-04
-4.245519e-04
-4.343399e-04
-4.453267e-04
-4.505967e-04
-4.616014e-04
-4.830219e-04
-4.854480e-04
-5.017515e-04
-5.093676e-04
-5.295095e-04
-5.378950e-04
-5.416464e-04
-5.565197e-04
-5.726824e-04
-5.803862e-04
-5.969912e-04
-6.298026e-04
-6.319574e-04
-6.556656e-04
-6.612876e-04
-6.784379e-04
-6.887019e-04
-7.165730e-04
-7.453540e-04
-7.565650e-04
-7.637294e-04
-7.828726e-04
-8.006575e-04
-8.236507e-04
-8.355656e-04
-8.950460e-04
-9.000626e-04
-9.255408e-04
-9.735897e-04
