1.672935e+10
4.215835e+08
2.235571e+08
1.150078e+08
7.596475e+07
6.638778e+07
5.346561e+07
4.002360e+07
2.909297e+07
2.342266e+07
2.128820e+07
1.637694e+07
1.552898e+07
1.512022e+07
1.203749e+07
1.121855e+07
8.565301e+06
7.062118e+06
6.695506e+06
6.024269e+06
4.799682e+06
3.947046e+06
3.149148e+06
2.844013e+06
2.633952e+06
2.352816e+06
2.110349e+06
1.657058e+06
1.486862e+06
1.268336e+06
1.171260e+06
1.066436e+06
9.737600e+05
8.854260e+05
8.116139e+05
6.643893e+05
6.002402e+05
5.165708e+05
4.719163e+05
4.179828e+05
3.208099e+05
3.040398e+05
2.736309e+05
2.528830e+05
1.814030e+05
1.643540e+05
1.584350e+05
1.528127e+05
8.507302e+04
7.811954e+04
7.161660e+04
6.912783e+04
5.926956e+04
5.272510e+04
4.847418e+04
4.579064e+04
3.978240e+04
2.262808e+04
1.717976e+04
1.449001e+04
1.118641e+04
1.024479e+04
8.896334e+03
7.153459e+03
6.687162e+03
5.712926e+03
3.944977e+03
3.696045e+03
2.215115e+03
2.075356e+03
1.789121e+03
9.175322e+02
6.841561e+02
5.271404e+02
4.265201e+02
3.487435e+02
2.501899e+02
2.006948e+02
1.461084e+02
1.039092e+02
8.740461e+01
7.649983e+01
2.771057e+01
2.157856e+01
1.768190e+01
1.072726e+01
7.767254e+00
6.892519e+00
5.053301e+00
3.276238e+00
2.923285e+00
1.560290e+00
6.691180e-01
5.779881e-01
4.404702e-01
3.759513e-01
3.198390e-01
2.127181e-01
1.790149e-01
1.444499e-01
1.115363e-01
1.013215e-01
1.000716e-01
8.981216e-02
7.458222e-02
7.057633e-02
6.122286e-02
5.602945e-02
5.086141e-02
4.198734e-02
3.692569e-02
2.759011e-02
2.612546e-02
1.802666e-02
1.181048e-02
8.385535e-03
-2.570560e-04
-6.184751e-03
-1.032829e-02
-1.750192e-02
-2.003078e-02
-2.415929e-02
-3.269745e-02
-4.440150e-02
-5.142247e-02
-6.189029e-02
-1.098936e-01
-6.320080e-01
