2.990543e+10
1.413736e+10
7.167906e+09
5.293727e+09
4.870633e+09
4.128841e+09
3.675954e+09
3.123628e+09
2.925505e+09
2.866150e+09
2.626610e+09
2.241930e+09
2.051453e+09
1.921447e+09
1.862254e+09
1.777672e+09
1.758188e+09
1.668184e+09
1.592702e+09
1.526944e+09
1.458510e+09
1.427139e+09
1.322354e+09
1.287540e+09
1.265323e+09
1.215369e+09
1.166952e+09
1.125241e+09
1.089437e+09
1.062608e+09
1.017376e+09
9.761587e+08
9.396780e+08
9.324084e+08
9.045599e+08
8.828600e+08
8.722044e+08
8.162210e+08
7.629540e+08
7.527517e+08
7.275695e+08
7.065030e+08
6.885690e+08
6.796385e+08
6.729468e+08
6.546890e+08
6.267498e+08
6.100517e+08
5.939987e+08
5.702475e+08
5.651409e+08
5.534355e+08
5.360504e+08
5.217261e+08
5.014628e+08
4.819766e+08
4.628749e+08
4.565932e+08
4.386934e+08
4.327144e+08
4.160809e+08
4.153594e+08
4.034169e+08
3.927460e+08
3.828308e+08
3.725819e+08
3.673370e+08
3.566720e+08
3.459355e+08
3.342363e+08
3.294718e+08
3.117533e+08
3.090793e+08
3.049086e+08
2.920629e+08
2.915037e+08
2.793490e+08
2.770978e+08
2.709412e+08
2.587952e+08
2.526788e+08
2.508157e+08
2.422888e+08
2.379925e+08
2.325512e+08
2.274409e+08
2.206588e+08
2.079340e+08
2.040137e+08
1.989210e+08
1.872965e+08
1.825198e+08
1.753762e+08
1.686264e+08
1.662562e+08
1.588972e+08
1.537439e+08
1.474096e+08
1.436008e+08
1.319480e+08
1.247233e+08
1.165091e+08
1.106756e+08
1.096088e+08
1.026515e+08
9.406741e+07
9.022943e+07
8.540597e+07
7.942941e+07
7.504869e+07
7.219900e+07
6.639393e+07
6.172190e+07
5.938170e+07
5.738660e+07
5.322506e+07
4.585628e+07
4.200096e+07
3.974706e+07
3.949338e+07
3.324338e+07
2.739340e+07
2.332050e+07
2.212824e+07
1.685654e+07
1.108851e+07
9.618085e+06
2.940846e+05
