5.875437e+04
1.295356e+04
6.453676e+03
1.798046e+03
1.493799e+03
9.892407e+02
6.571218e+02
4.384395e+02
3.743542e+02
3.265171e+02
2.714084e+02
2.235684e+02
1.940365e+02
1.505073e+02
1.282101e+02
1.228008e+02
1.070828e+02
8.158307e+01
7.707307e+01
6.272551e+01
5.801048e+01
5.270496e+01
4.409978e+01
3.895550e+01
3.340871e+01
2.767457e+01
2.160710e+01
1.740525e+01
1.575359e+01
1.429442e+01
1.267107e+01
1.190838e+01
1.102549e+01
9.457751e+00
8.661993e+00
7.686284e+00
6.399160e+00
5.846766e+00
4.980882e+00
4.817406e+00
4.090250e+00
3.692328e+00
3.271810e+00
2.336652e+00
2.139902e+00
1.741276e+00
1.322635e+00
9.877447e-01
9.188896e-01
8.647642e-01
6.089379e-01
5.320649e-01
5.127491e-01
4.525376e-01
3.635702e-01
3.205695e-01
2.056681e-01
1.733693e-01
1.408408e-01
1.070120e-01
9.224333e-02
8.818731e-02
7.304934e-02
6.490288e-02
4.554975e-02
3.831843e-02
3.474112e-02
3.336240e-02
2.826052e-02
2.340757e-02
1.746178e-02
1.549175e-02
1.253420e-02
1.199199e-02
1.125412e-02
6.660028e-03
5.285949e-03
3.876919e-03
3.479985e-03
3.321502e-03
2.431702e-03
2.295668e-03
1.730487e-03
1.431409e-03
1.368204e-03
1.210391e-03
1.087687e-03
1.037581e-03
9.306637e-04
9.000102e-04
8.617495e-04
8.052941e-04
7.381634e-04
7.260551e-04
6.878516e-04
6.728193e-04
6.585100e-04
6.576815e-04
6.149311e-04
5.977306e-04
5.573766e-04
5.547589e-04
5.490826e-04
5.391065e-04
5.298178e-04
5.197661e-04
5.102912e-04
4.883494e-04
4.855219e-04
4.741100e-04
4.654069e-04
4.561835e-04
4.486050e-04
4.455119e-04
4.351856e-04
4.279535e-04
4.236960e-04
4.218867e-04
4.196444e-04
4.168293e-04
4.099395e-04
4.037588e-04
3.996240e-04
3.964963e-04
3.867284e-04
3.814858e-04
3.770676e-04
3.750072e-04
3.715565e-04
3.654863e-04
3.588350e-04
3.573014e-04
3.553506e-04
3.480640e-04
3.463211e-04
3.371041e-04
3.363547e-04
3.331801e-04
3.285292e-04
3.254167e-04
3.210578e-04
3.191349e-04
3.143122e-04
3.118902e-04
3.094891e-04
3.037951e-04
2.983375e-04
2.959629e-04
2.950718e-04
2.926411e-04
2.885961e-04
2.826272e-04
2.806599e-04
2.781480e-04
2.750297e-04
2.679012e-04
2.672720e-04
2.619947e-04
2.584457e-04
2.566944e-04
2.552451e-04
2.526579e-04
2.454038e-04
2.436544e-04
2.389274e-04
2.384668e-04
2.343211e-04
2.304223e-04
2.260459e-04
2.223773e-04
2.195498e-04
2.179463e-04
2.161443e-04
2.130247e-04
2.092874e-04
2.091731e-04
2.064745e-04
2.031095e-04
2.017914e-04
1.979429e-04
1.947305e-04
1.920991e-04
1.876659e-04
1.836822e-04
1.824006e-04
1.787737e-04
1.750251e-04
1.730267e-04
1.709976e-04
1.693069e-04
1.671414e-04
1.632150e-04
1.599574e-04
1.588907e-04
1.528588e-04
1.513020e-04
1.482166e-04
1.469010e-04
1.452558e-04
1.429073e-04
1.409545e-04
1.368305e-04
1.362867e-04
1.312117e-04
1.301011e-04
1.254751e-04
1.241656e-04
1.206083e-04
1.168394e-04
1.141377e-04
1.119323e-04
1.094030e-04
1.080646e-04
1.048998e-04
1.029358e-04
1.010196e-04
9.700279e-05
9.508527e-05
9.264617e-05
9.191458e-05
8.894255e-05
8.742783e-05
8.639110e-05
8.232019e-05
8.069236e-05
7.713205e-05
7.299770e-05
7.159208e-05
6.887018e-05
6.529180e-05
6.317202e-05
6.017787e-05
5.885282e-05
5.787397e-05
5.384895e-05
5.345700e-05
5.299518e-05
5.033726e-05
4.931318e-05
4.667330e-05
4.207481e-05
4.091339e-05
3.773216e-05
3.683902e-05
3.309289e-05
3.105175e-05
3.017137e-05
2.824452e-05
2.545803e-05
2.040907e-05
1.993093e-05
1.759226e-05
1.666470e-05
1.540861e-05
1.043381e-05
6.752052e-06
4.076985e-06
1.965419e-06
1.369360e-13
9.730919e-14
6.514263e-14
-3.173725e-14
-1.563914e-13
-5.983189e-07
-2.263880e-06
-4.821214e-06
-1.018975e-05
-1.116835e-05
-1.339830e-05
-1.519360e-05
-1.824116e-05
-2.142627e-05
-2.543038e-05
-2.697851e-05
-2.776150e-05
-2.854386e-05
-3.157250e-05
-3.261551e-05
-3.653066e-05
-3.898523e-05
-4.027478e-05
-4.196077e-05
-4.753015e-05
-5.103021e-05
-5.231565e-05
-5.344830e-05
-5.539974e-05
-5.604560e-05
-5.860062e-05
-6.121257e-05
-6.330054e-05
-6.512917e-05
-6.989815e-05
-7.394565e-05
-7.455692e-05
-7.621825e-05
-7.857215e-05
-8.300963e-05
-8.553713e-05
-8.715307e-05
-9.270993e-05
-9.367348e-05
-9.555794e-05
-9.889215e-05
-1.021815e-04
-1.043869e-04
-1.053387e-04
-1.126908e-04
-1.150102e-04
-1.170487e-04
-1.179913e-04
-1.198810e-04
-1.221222e-04
-1.255878e-04
-1.265789e-04
-1.294652e-04
-1.337684e-04
-1.369057e-04
-1.395853e-04
-1.434083e-04
-1.459538e-04
-1.472054e-04
-1.496184e-04
-1.545713e-04
-1.571113e-04
-1.599639e-04
-1.632019e-04
-1.674770e-04
-1.689447e-04
-1.725577e-04
-1.761193e-04
-1.777005e-04
-1.835898e-04
-1.844524e-04
-1.920466e-04
-1.943583e-04
-1.964228e-04
-2.001032e-04
-2.016875e-04
-2.046257e-04
-2.083667e-04
-2.117215e-04
-2.142508e-04
-2.210569e-04
-2.218997e-04
-2.233652e-04
-2.268016e-04
-2.320138e-04
-2.382271e-04
-2.431613e-04
-2.454049e-04
-2.466223e-04
-2.477380e-04
-2.516229e-04
-2.558142e-04
-2.607678e-04
-2.691094e-04
-2.737861e-04
-2.795525e-04
-2.842038e-04
-2.852960e-04
-2.898584e-04
-2.993482e-04
-3.045017e-04
-3.049604e-04
-3.080959e-04
-3.149038e-04
-3.259003e-04
-3.273388e-04
-3.345631e-04
-3.401797e-04
-3.482168e-04
-3.483160e-04
-3.606063e-04
-3.847919e-04
-3.895592e-04
-4.277240e-04
-4.739253e-04
-5.013004e-04
-6.202023e-04
-6.384891e-04
-6.999235e-04
-8.231495e-04
-1.196528e-03
