1.740994e+05
2.217175e+04
8.152242e+03
2.175948e+03
2.471361e+02
3.512513e+01
1.569425e+01
7.840243e+00
2.116207e+00
3.318889e-01
7.764290e-02
5.354874e-02
4.088594e-02
3.620308e-02
3.378264e-02
2.947552e-02
2.616801e-02
2.519726e-02
2.261544e-02
2.193378e-02
2.065108e-02
1.864868e-02
1.683151e-02
1.680657e-02
1.490349e-02
1.454910e-02
1.410697e-02
1.352284e-02
1.326116e-02
1.247012e-02
1.210659e-02
1.122737e-02
1.045759e-02
1.013998e-02
9.165826e-03
8.714206e-03
8.178839e-03
7.925878e-03
7.483079e-03
7.199839e-03
7.100986e-03
6.696213e-03
6.479575e-03
6.286800e-03
6.019701e-03
5.723183e-03
5.362645e-03
4.908957e-03
4.689279e-03
4.333418e-03
4.156559e-03
4.142370e-03
4.024281e-03
3.974830e-03
3.722505e-03
3.562122e-03
3.484444e-03
3.079107e-03
3.047832e-03
3.009562e-03
2.917837e-03
2.651868e-03
2.458465e-03
2.208503e-03
2.080355e-03
2.043589e-03
1.829806e-03
1.715838e-03
1.652305e-03
1.520361e-03
1.426280e-03
1.397336e-03
1.242411e-03
1.163070e-03
1.108153e-03
9.311889e-04
9.221711e-04
8.355284e-04
8.317337e-04
7.848712e-04
6.397884e-04
5.445550e-04
5.208778e-04
4.350339e-04
3.675058e-04
2.564028e-04
1.125228e-04
-6.617818e-05
-2.097033e-04
-3.855537e-04
-4.316269e-04
-7.498952e-04
-8.368884e-04
-1.165898e-03
-1.693155e-03
-1.984781e-03
-2.155378e-03
-2.407947e-03
-2.493550e-03
-3.081289e-03
-3.126016e-03
-3.746119e-03
-4.111736e-03
-4.576613e-03
-5.010921e-03
-5.468866e-03
-5.990429e-03
-7.076227e-03
-7.857020e-03
-9.339213e-03
-9.776581e-03
-1.051086e-02
-1.124066e-02
-1.325249e-02
-1.422226e-02
-1.501828e-02
-1.862789e-02
-2.030445e-02
-2.175011e-02
-2.399875e-02
-2.625377e-02
-3.117694e-02
-4.027829e-02
-4.152037e-02
-4.411026e-02
-4.977390e-02
-5.895905e-02
-7.848965e-02
