8.887131e+04
3.704809e+03
2.513889e+03
1.831724e+03
1.129886e+03
8.268847e+02
5.526780e+02
4.298737e+02
3.174273e+02
2.853132e+02
2.608534e+02
2.204123e+02
2.011119e+02
1.670863e+02
1.638343e+02
1.445797e+02
1.429164e+02
1.235769e+02
1.218772e+02
1.121140e+02
1.040602e+02
9.577186e+01
8.712826e+01
8.192180e+01
7.646386e+01
7.325813e+01
6.965829e+01
6.670915e+01
5.955173e+01
5.758023e+01
5.435995e+01
5.303800e+01
4.286991e+01
4.055328e+01
3.995312e+01
3.769319e+01
3.432095e+01
3.310776e+01
2.898599e+01
2.866165e+01
2.807778e+01
2.620102e+01
2.309630e+01
2.190741e+01
2.160607e+01
2.087918e+01
1.906120e+01
1.754190e+01
1.620042e+01
1.549426e+01
1.533969e+01
1.375177e+01
1.284973e+01
1.125999e+01
1.090736e+01
1.008802e+01
9.647184e+00
8.612127e+00
7.969970e+00
7.560488e+00
7.163954e+00
6.688833e+00
6.663614e+00
5.955141e+00
5.458438e+00
5.438759e+00
4.838803e+00
4.696414e+00
3.885558e+00
3.762184e+00
3.140825e+00
3.006235e+00
2.769164e+00
2.601923e+00
2.518513e+00
2.397325e+00
2.359108e+00
2.090882e+00
1.971289e+00
1.787049e+00
1.674752e+00
1.529115e+00
1.437507e+00
1.319184e+00
1.297462e+00
1.261816e+00
1.130785e+00
1.106292e+00
1.049431e+00
1.033327e+00
9.575986e-01
8.861995e-01
8.638935e-01
8.207258e-01
7.847415e-01
7.602718e-01
6.759545e-01
6.719091e-01
6.212016e-01
5.576296e-01
5.142344e-01
4.762927e-01
4.391110e-01
4.274244e-01
3.663900e-01
3.590696e-01
3.449686e-01
3.315217e-01
3.007763e-01
2.962019e-01
2.716734e-01
2.627660e-01
2.536388e-01
2.415646e-01
2.188529e-01
2.005169e-01
1.893795e-01
1.815227e-01
1.719407e-01
1.578468e-01
1.519937e-01
1.433879e-01
1.330119e-01
1.270120e-01
1.210115e-01
1.106975e-01
1.094275e-01
9.575073e-02
8.983360e-02
7.923800e-02
7.002582e-02
6.995102e-02
6.607315e-02
6.447107e-02
5.975481e-02
5.659280e-02
5.459733e-02
5.108513e-02
4.844183e-02
4.690966e-02
4.351779e-02
4.306332e-02
4.107501e-02
3.838073e-02
3.692009e-02
3.577336e-02
3.222449e-02
3.083893e-02
3.045124e-02
2.697242e-02
2.673483e-02
2.418324e-02
2.295578e-02
2.136486e-02
2.024859e-02
1.895637e-02
1.765559e-02
1.639856e-02
1.563237e-02
1.533966e-02
1.421416e-02
1.338812e-02
1.275443e-02
1.206573e-02
1.170597e-02
1.058167e-02
1.003917e-02
9.823687e-03
8.690861e-03
8.637495e-03
8.210192e-03
7.817295e-03
7.262214e-03
7.066965e-03
6.682113e-03
6.379874e-03
6.067994e-03
5.548921e-03
5.181831e-03
4.965262e-03
4.868502e-03
4.483388e-03
4.083401e-03
3.636650e-03
3.500138e-03
3.343294e-03
2.936573e-03
2.841723e-03
2.818579e-03
2.617261e-03
2.465390e-03
2.384444e-03
2.324863e-03
2.232041e-03
2.204470e-03
2.060307e-03
2.041871e-03
1.895175e-03
1.828202e-03
1.702328e-03
1.618296e-03
1.578124e-03
1.556149e-03
1.512224e-03
1.446485e-03
1.408187e-03
1.378571e-03
1.350984e-03
1.302943e-03
1.287104e-03
1.279220e-03
1.264266e-03
1.219948e-03
1.214344e-03
1.208994e-03
1.174666e-03
1.171613e-03
1.152766e-03
1.111388e-03
1.098986e-03
1.086629e-03
1.075222e-03
1.061200e-03
1.050557e-03
1.040706e-03
1.013639e-03
1.005526e-03
1.000264e-03
9.814582e-04
9.693655e-04
9.452050e-04
9.405341e-04
9.270742e-04
9.208370e-04
9.034880e-04
8.837166e-04
8.604194e-04
8.558400e-04
8.419773e-04
8.346126e-04
8.216394e-04
8.174212e-04
8.042139e-04
7.991069e-04
7.743603e-04
7.641420e-04
7.531865e-04
7.475230e-04
7.334001e-04
7.212085e-04
7.169488e-04
6.990458e-04
6.959536e-04
6.847216e-04
6.781477e-04
6.687617e-04
6.501194e-04
6.384412e-04
6.283068e-04
6.178399e-04
6.084789e-04
6.035783e-04
5.848985e-04
5.795609e-04
5.683159e-04
5.572014e-04
5.445782e-04
5.398644e-04
5.274601e-04
5.246350e-04
5.127028e-04
5.016921e-04
4.956750e-04
4.809415e-04
4.697456e-04
4.592116e-04
4.498328e-04
4.325875e-04
4.289041e-04
4.233199e-04
4.162798e-04
4.119719e-04
4.025448e-04
3.944998e-04
3.872954e-04
3.729722e-04
3.646839e-04
3.553957e-04
3.423293e-04
3.313900e-04
3.245567e-04
3.121664e-04
3.054410e-04
2.830266e-04
2.735821e-04
2.679787e-04
2.653770e-04
2.595354e-04
2.452958e-04
2.384445e-04
2.290186e-04
2.206372e-04
2.149435e-04
2.031473e-04
1.970872e-04
1.860322e-04
1.786847e-04
1.687140e-04
1.522274e-04
1.434483e-04
1.385003e-04
1.335155e-04
1.242220e-04
1.174978e-04
1.128901e-04
1.005073e-04
8.837860e-05
7.768431e-05
6.899169e-05
5.267154e-05
4.107264e-05
3.343606e-05
2.861131e-05
2.092895e-05
9.860696e-06
5.356210e-14
-4.509722e-14
-1.224912e-13
-3.168109e-06
-7.434913e-06
-2.335898e-05
-2.722243e-05
-4.111800e-05
-5.338391e-05
-5.442800e-05
-6.394000e-05
-6.626138e-05
-8.209660e-05
-8.677584e-05
-1.046496e-04
-1.114424e-04
-1.282648e-04
-1.304980e-04
-1.439344e-04
-1.559592e-04
-1.649058e-04
-1.750838e-04
-1.820260e-04
-1.986363e-04
-2.004929e-04
-2.119209e-04
-2.199650e-04
-2.333884e-04
-2.530381e-04
-2.621792e-04
-2.715033e-04
-2.871947e-04
-2.918370e-04
-3.008838e-04
-3.088940e-04
-3.156925e-04
-3.329364e-04
-3.420620e-04
-3.707626e-04
-3.833565e-04
-3.886972e-04
-4.030884e-04
-4.071670e-04
-4.297921e-04
-4.345514e-04
-4.444586e-04
-4.501483e-04
-4.764896e-04
-4.847344e-04
-4.977748e-04
-5.311529e-04
-5.387974e-04
-5.619198e-04
-5.662619e-04
-5.944354e-04
-6.238217e-04
-6.384666e-04
-6.488065e-04
-6.889071e-04
