2.919402e+10
1.442280e+10
6.443933e+09
4.428838e+09
4.143207e+09
3.646684e+09
3.309388e+09
3.126027e+09
2.837452e+09
2.770125e+09
2.456901e+09
2.343726e+09
2.250889e+09
1.996093e+09
1.882798e+09
1.763560e+09
1.606251e+09
1.578737e+09
1.464747e+09
1.425190e+09
1.369653e+09
1.326641e+09
1.288099e+09
1.262803e+09
1.202428e+09
1.188036e+09
1.145668e+09
1.076825e+09
1.024125e+09
9.834537e+08
9.533908e+08
9.269775e+08
8.925112e+08
8.739511e+08
8.410478e+08
8.214484e+08
8.140094e+08
7.968532e+08
7.705234e+08
7.338565e+08
7.261377e+08
7.126482e+08
6.834372e+08
6.716481e+08
6.643764e+08
6.383786e+08
6.285444e+08
6.136162e+08
5.822648e+08
5.771965e+08
5.554160e+08
5.512900e+08
5.372226e+08
5.203440e+08
5.027705e+08
4.847583e+08
4.797870e+08
4.520958e+08
4.390389e+08
4.369718e+08
4.221569e+08
4.123080e+08
4.024588e+08
3.947883e+08
3.885468e+08
3.736731e+08
3.603015e+08
3.540664e+08
3.459066e+08
3.418362e+08
3.294385e+08
3.259718e+08
3.155945e+08
3.123949e+08
3.018441e+08
2.944203e+08
2.889802e+08
2.841984e+08
2.800053e+08
2.728325e+08
2.640506e+08
2.549996e+08
2.492689e+08
2.360095e+08
2.331119e+08
2.287733e+08
2.255763e+08
2.241426e+08
2.208077e+08
2.082146e+08
2.026162e+08
1.986604e+08
1.887465e+08
1.860009e+08
1.834535e+08
1.774732e+08
1.721743e+08
1.652904e+08
1.625813e+08
1.548897e+08
1.500580e+08
1.422962e+08
1.348813e+08
1.347146e+08
1.263234e+08
1.216146e+08
1.146520e+08
1.139976e+08
1.069546e+08
1.053307e+08
9.809396e+07
9.657346e+07
9.088330e+07
8.629335e+07
8.036730e+07
6.849381e+07
6.503690e+07
6.069410e+07
5.750330e+07
5.209530e+07
5.007037e+07
4.608965e+07
3.381580e+07
2.558433e+07
1.945161e+07
1.357327e+07
1.285908e+07
2.181195e+06
