7.195442e+05
3.160291e+05
2.316145e+05
1.525524e+05
1.274413e+05
1.185350e+05
1.083282e+05
9.586144e+04
8.407934e+04
7.565441e+04
7.153998e+04
5.964366e+04
5.492030e+04
5.191258e+04
5.151628e+04
3.860630e+04
3.367979e+04
2.954239e+04
2.267459e+04
1.674527e+04
1.312975e+04
1.033543e+04
9.014377e+03
8.705468e+03
7.213057e+03
6.820168e+03
6.476367e+03
5.421529e+03
5.095934e+03
4.412919e+03
3.934572e+03
2.970651e+03
2.525189e+03
2.369260e+03
1.741017e+03
1.612054e+03
1.233771e+03
1.176840e+03
7.730662e+02
6.686065e+02
5.762710e+02
5.280711e+02
4.269361e+02
3.432721e+02
2.995222e+02
2.753845e+02
2.095374e+02
1.743392e+02
1.490775e+02
1.275768e+02
1.210944e+02
7.871803e+01
7.361285e+01
5.695814e+01
5.230211e+01
5.038226e+01
4.014318e+01
2.803411e+01
2.335868e+01
2.082534e+01
1.868424e+01
1.624957e+01
1.431609e+01
1.229385e+01
9.238400e+00
7.733031e+00
6.749971e+00
6.256949e+00
5.060932e+00
4.515388e+00
3.595427e+00
2.543617e+00
2.392746e+00
1.301512e+00
1.153087e+00
7.709550e-01
6.680661e-01
5.640053e-01
4.708854e-01
3.874390e-01
3.541858e-01
2.388148e-01
2.236706e-01
1.990092e-01
1.908368e-01
1.514890e-01
1.080617e-01
8.160929e-02
5.859077e-02
5.662633e-02
5.421355e-02
5.258123e-02
4.942799e-02
4.657262e-02
4.449574e-02
4.356773e-02
4.328009e-02
4.209857e-02
4.127516e-02
3.860555e-02
3.742135e-02
3.683797e-02
3.460984e-02
3.331072e-02
3.247277e-02
3.164743e-02
2.946148e-02
2.787912e-02
2.691329e-02
2.491804e-02
2.313872e-02
2.305146e-02
2.229884e-02
2.087498e-02
2.032436e-02
1.920953e-02
1.903954e-02
1.849378e-02
1.726334e-02
1.667838e-02
1.581240e-02
1.529307e-02
1.422285e-02
1.214009e-02
1.196658e-02
9.896455e-03
6.768341e-03
6.103835e-03
