5.867480e+04
1.225406e+04
6.004905e+03
1.629055e+03
1.249941e+03
8.726265e+02
6.737405e+02
3.514549e+02
3.122591e+02
2.342420e+02
2.143506e+02
1.700506e+02
1.331190e+02
1.200524e+02
9.812439e+01
8.922748e+01
8.427759e+01
7.953877e+01
5.195767e+01
4.663592e+01
4.358665e+01
4.224049e+01
3.678990e+01
3.444984e+01
2.547371e+01
2.164330e+01
1.989506e+01
1.827632e+01
1.261740e+01
1.231553e+01
1.048900e+01
9.311201e+00
8.578458e+00
7.714854e+00
7.118599e+00
6.160579e+00
5.092004e+00
4.026104e+00
3.801213e+00
3.187875e+00
2.601029e+00
2.412574e+00
2.179367e+00
1.958190e+00
1.421540e+00
1.237226e+00
9.830255e-01
8.724147e-01
8.259114e-01
6.405413e-01
5.707872e-01
5.258714e-01
3.956333e-01
3.489431e-01
3.307402e-01
2.902782e-01
2.318516e-01
1.721846e-01
1.366998e-01
1.143062e-01
9.107675e-02
5.856303e-02
5.191864e-02
4.253458e-02
3.576386e-02
3.039407e-02
2.611322e-02
1.683864e-02
1.445234e-02
1.327144e-02
1.267245e-02
1.163910e-02
6.944937e-03
6.667154e-03
5.692797e-03
4.587051e-03
3.856791e-03
3.177926e-03
2.671735e-03
2.475895e-03
2.274459e-03
1.804319e-03
1.674351e-03
1.550058e-03
1.118138e-03
1.018932e-03
9.251455e-04
8.861082e-04
8.225681e-04
8.096146e-04
7.574554e-04
7.068823e-04
6.964132e-04
6.797275e-04
6.397578e-04
5.955257e-04
5.871322e-04
5.786131e-04
5.676567e-04
5.480300e-04
5.359896e-04
5.176766e-04
5.149696e-04
5.056810e-04
4.959340e-04
4.872278e-04
4.805161e-04
4.723777e-04
4.699587e-04
4.539567e-04
4.499767e-04
4.467812e-04
4.399491e-04
4.313241e-04
4.250137e-04
4.137875e-04
4.081354e-04
4.062949e-04
3.976951e-04
3.917030e-04
3.858443e-04
3.815475e-04
3.809676e-04
3.719021e-04
3.695887e-04
3.648128e-04
3.588008e-04
3.578906e-04
3.546652e-04
3.487214e-04
3.454169e-04
3.444437e-04
3.402033e-04
3.343673e-04
3.309438e-04
3.295074e-04
3.257268e-04
3.180649e-04
3.150113e-04
3.078255e-04
3.030612e-04
2.990111e-04
2.974605e-04
2.929479e-04
2.915298e-04
2.852193e-04
2.824546e-04
2.797752e-04
2.775962e-04
2.757800e-04
2.706495e-04
2.687915e-04
2.659181e-04
2.638414e-04
2.604204e-04
2.559869e-04
2.539723e-04
2.480595e-04
2.445808e-04
2.427169e-04
2.400165e-04
2.356016e-04
2.320251e-04
2.294175e-04
2.266676e-04
2.248053e-04
2.221058e-04
2.169268e-04
2.158968e-04
2.147340e-04
2.100180e-04
2.051720e-04
2.038217e-04
2.011467e-04
2.003270e-04
1.982211e-04
1.968443e-04
1.928498e-04
1.895150e-04
1.841295e-04
1.839953e-04
1.815480e-04
1.793457e-04
1.784069e-04
1.754810e-04
1.719244e-04
1.701590e-04
1.668967e-04
1.661444e-04
1.629271e-04
1.593553e-04
1.572245e-04
1.564282e-04
1.528964e-04
1.520979e-04
1.451740e-04
1.436078e-04
1.411045e-04
1.391912e-04
1.389778e-04
1.371750e-04
1.356291e-04
1.316392e-04
1.283403e-04
1.253442e-04
1.235523e-04
1.204860e-04
1.194096e-04
1.176916e-04
1.138481e-04
1.104600e-04
1.094458e-04
1.088167e-04
1.052716e-04
1.026507e-04
1.009372e-04
9.611720e-05
9.558797e-05
9.018929e-05
8.752412e-05
8.693010e-05
8.566897e-05
8.214341e-05
8.105303e-05
7.874454e-05
7.657451e-05
7.532584e-05
7.422476e-05
6.831398e-05
6.597153e-05
6.363737e-05
5.961168e-05
5.738810e-05
5.544662e-05
5.398236e-05
5.270796e-05
4.971169e-05
4.817196e-05
4.589704e-05
4.259474e-05
4.177264e-05
3.940598e-05
3.532492e-05
3.276942e-05
2.880946e-05
2.778817e-05
2.662269e-05
2.418929e-05
2.155622e-05
1.745305e-05
1.562641e-05
1.466485e-05
1.271178e-05
8.797902e-06
7.532026e-06
3.612192e-06
3.218925e-06
5.853351e-14
2.473244e-14
-5.178043e-14
-8.207051e-14
-2.894143e-13
-8.930007e-07
-3.499536e-06
-4.343412e-06
-5.145326e-06
-6.498649e-06
-1.194912e-05
-1.411584e-05
-1.545493e-05
-1.688325e-05
-1.994693e-05
-2.296414e-05
-2.526369e-05
-3.075764e-05
-3.232458e-05
-3.431766e-05
-3.598129e-05
-3.779367e-05
-3.874744e-05
-4.076674e-05
-4.199869e-05
-4.585763e-05
-4.680134e-05
-5.017955e-05
-5.124845e-05
-5.311582e-05
-5.525419e-05
-5.737266e-05
-6.084516e-05
-6.332365e-05
-6.708840e-05
-6.947922e-05
-7.235020e-05
-7.459395e-05
-7.681315e-05
-7.822545e-05
-7.954917e-05
-8.283598e-05
-8.886638e-05
-9.054832e-05
-9.139356e-05
-9.584728e-05
-9.869002e-05
-1.010951e-04
-1.047688e-04
-1.076400e-04
-1.116485e-04
-1.119660e-04
-1.160447e-04
-1.189832e-04
-1.229951e-04
-1.246281e-04
-1.264582e-04
-1.290455e-04
-1.314860e-04
-1.320213e-04
-1.364226e-04
-1.410445e-04
-1.417413e-04
-1.436390e-04
-1.475910e-04
-1.493730e-04
-1.542425e-04
-1.571009e-04
-1.602495e-04
-1.619715e-04
-1.657623e-04
-1.677197e-04
-1.713816e-04
-1.751930e-04
-1.781784e-04
-1.818965e-04
-1.867628e-04
-1.874327e-04
-1.899861e-04
-1.932928e-04
-1.959488e-04
-2.001301e-04
-2.039601e-04
-2.054853e-04
-2.098368e-04
-2.130224e-04
-2.169492e-04
-2.203154e-04
-2.219298e-04
-2.258222e-04
-2.265893e-04
-2.286632e-04
-2.333314e-04
-2.388594e-04
-2.406640e-04
-2.441915e-04
-2.505917e-04
-2.541531e-04
-2.618715e-04
-2.685913e-04
-2.708295e-04
-2.773580e-04
-2.829534e-04
-2.861154e-04
-2.911149e-04
-2.959786e-04
-2.967408e-04
-3.050904e-04
-3.104722e-04
-3.192713e-04
-3.264388e-04
-3.292153e-04
-3.380173e-04
-3.425355e-04
-3.530392e-04
-3.650448e-04
-3.710628e-04
-3.744107e-04
-3.923893e-04
-4.124320e-04
-4.374824e-04
-4.470298e-04
-5.448836e-04
-6.045314e-04
-6.808015e-04
-7.997366e-04
-1.359523e-03
