1.052567e+10
8.384605e+08
1.788189e+08
1.171580e+08
8.413386e+07
7.518061e+07
5.558432e+07
5.049056e+07
3.763844e+07
3.477012e+07
3.252500e+07
2.685816e+07
2.489815e+07
1.797551e+07
1.306152e+07
1.122994e+07
9.354647e+06
8.591070e+06
6.646096e+06
6.491286e+06
5.055494e+06
4.112850e+06
3.758024e+06
3.499742e+06
2.951770e+06
2.699624e+06
2.365544e+06
2.130786e+06
1.835506e+06
1.766185e+06
1.612980e+06
1.415784e+06
1.337396e+06
1.077425e+06
1.029729e+06
8.851708e+05
8.559382e+05
7.921385e+05
6.956207e+05
6.202187e+05
5.041757e+05
4.414244e+05
3.089416e+05
2.937613e+05
2.775147e+05
2.578202e+05
2.071007e+05
1.748108e+05
1.466999e+05
1.107651e+05
1.078280e+05
7.078571e+04
6.164357e+04
4.880744e+04
3.949147e+04
3.499382e+04
3.231940e+04
2.793469e+04
2.003233e+04
1.584257e+04
1.310222e+04
1.283112e+04
1.059472e+04
9.518577e+03
6.843671e+03
4.432148e+03
3.480250e+03
2.872075e+03
2.527912e+03
2.242747e+03
1.665551e+03
1.237422e+03
9.206598e+02
6.785027e+02
6.382300e+02
4.492944e+02
3.747048e+02
2.815491e+02
2.418221e+02
1.675038e+02
1.308578e+02
1.054236e+02
8.582227e+01
6.713810e+01
5.621128e+01
2.940724e+01
2.259731e+01
1.392426e+01
1.062896e+01
7.304584e+00
5.501765e+00
4.366202e+00
3.479361e+00
2.260504e+00
1.774135e+00
1.207503e+00
7.917769e-01
3.638416e-01
2.508830e-01
1.712443e-01
1.285659e-01
1.071614e-01
9.889820e-02
9.401634e-02
7.174688e-02
5.161335e-02
4.942796e-02
4.149702e-02
3.887822e-02
3.666555e-02
3.064841e-02
2.830713e-02
2.519769e-02
1.724775e-02
1.255262e-02
1.080799e-02
5.364261e-03
3.534946e-03
-7.335697e-04
-1.901368e-03
-5.173618e-03
-1.500186e-02
-1.860700e-02
-2.888875e-02
-3.296874e-02
-4.398116e-02
-5.380023e-02
-8.060163e-02
