8.690961e+04
3.384040e+03
2.296655e+03
1.859356e+03
1.118439e+03
7.471028e+02
5.013320e+02
4.013873e+02
3.061208e+02
2.878259e+02
2.584563e+02
2.260391e+02
2.046751e+02
1.768941e+02
1.619162e+02
1.589619e+02
1.378316e+02
1.320605e+02
1.176453e+02
1.120807e+02
1.056518e+02
1.010384e+02
9.211646e+01
8.854765e+01
8.158324e+01
7.697298e+01
7.503878e+01
6.974498e+01
6.688747e+01
6.037283e+01
5.858235e+01
5.016069e+01
4.777594e+01
4.521575e+01
4.243570e+01
4.023113e+01
3.796867e+01
3.728281e+01
3.372226e+01
3.169769e+01
3.108165e+01
2.844346e+01
2.568820e+01
2.548001e+01
2.404901e+01
2.216436e+01
2.017090e+01
1.970727e+01
1.769436e+01
1.671925e+01
1.633349e+01
1.393167e+01
1.328112e+01
1.262434e+01
1.200713e+01
1.155251e+01
1.072149e+01
9.924626e+00
9.543675e+00
9.192348e+00
8.042718e+00
7.699162e+00
7.263749e+00
6.746461e+00
6.097206e+00
5.687728e+00
5.162046e+00
4.914068e+00
4.314371e+00
4.279730e+00
3.689355e+00
3.514676e+00
3.217072e+00
3.034295e+00
2.678173e+00
2.504973e+00
2.293717e+00
2.206908e+00
2.095659e+00
2.026855e+00
1.852498e+00
1.798469e+00
1.644027e+00
1.593129e+00
1.508755e+00
1.360520e+00
1.222526e+00
1.188838e+00
1.155941e+00
1.083647e+00
1.025557e+00
9.615264e-01
8.970058e-01
8.095427e-01
7.753273e-01
7.256429e-01
7.103612e-01
6.776614e-01
6.473171e-01
6.288115e-01
5.913446e-01
5.875652e-01
5.381805e-01
4.957601e-01
4.659823e-01
4.533357e-01
4.244320e-01
4.161431e-01
3.824624e-01
3.449009e-01
3.422512e-01
3.294904e-01
3.227334e-01
3.026782e-01
2.929647e-01
2.633589e-01
2.385530e-01
2.131682e-01
1.939673e-01
1.899937e-01
1.732705e-01
1.656750e-01
1.594371e-01
1.432964e-01
1.409739e-01
1.331580e-01
1.225344e-01
1.209858e-01
1.101288e-01
1.038316e-01
9.785666e-02
9.576622e-02
9.482051e-02
9.006965e-02
7.639733e-02
7.447225e-02
7.017886e-02
6.603333e-02
6.560131e-02
6.158765e-02
5.651253e-02
5.467312e-02
5.158157e-02
4.843032e-02
4.817646e-02
4.319088e-02
4.155825e-02
4.019594e-02
3.807236e-02
3.582045e-02
3.483589e-02
3.308535e-02
2.938301e-02
2.821643e-02
2.661486e-02
2.447812e-02
2.334035e-02
2.215072e-02
2.081034e-02
2.010268e-02
1.937462e-02
1.834385e-02
1.779706e-02
1.720226e-02
1.560990e-02
1.433716e-02
1.340492e-02
1.284639e-02
1.187307e-02
1.117261e-02
1.067338e-02
1.042158e-02
9.440835e-03
8.982820e-03
8.427147e-03
7.498700e-03
7.016702e-03
6.556467e-03
6.214258e-03
5.702032e-03
5.329155e-03
5.088612e-03
5.044062e-03
4.652351e-03
4.432833e-03
4.164161e-03
4.060120e-03
3.880962e-03
3.798869e-03
3.586838e-03
3.266684e-03
3.257211e-03
3.160584e-03
2.919914e-03
2.797068e-03
2.507477e-03
2.458373e-03
2.311898e-03
2.158081e-03
2.062688e-03
1.903294e-03
1.834461e-03
1.764350e-03
1.695417e-03
1.627864e-03
1.575397e-03
1.558081e-03
1.519151e-03
1.474509e-03
1.395761e-03
1.347938e-03
1.329189e-03
1.300827e-03
1.267969e-03
1.233588e-03
1.225886e-03
1.222467e-03
1.215947e-03
1.188068e-03
1.171403e-03
1.155568e-03
1.124070e-03
1.106723e-03
1.098470e-03
1.089263e-03
1.053993e-03
1.045719e-03
1.024381e-03
1.019819e-03
9.881262e-04
9.794517e-04
9.560150e-04
9.485629e-04
9.390797e-04
9.204253e-04
9.042385e-04
8.978369e-04
8.853258e-04
8.707194e-04
8.525951e-04
8.395417e-04
8.182304e-04
8.143709e-04
8.051409e-04
8.002269e-04
7.954743e-04
7.844237e-04
7.683021e-04
7.642882e-04
7.484329e-04
7.340527e-04
7.315939e-04
7.177682e-04
7.129544e-04
7.107940e-04
6.963872e-04
6.882944e-04
6.797948e-04
6.684170e-04
6.472130e-04
6.463560e-04
6.360112e-04
6.197810e-04
6.158951e-04
6.020059e-04
6.004824e-04
5.813569e-04
5.650381e-04
5.535407e-04
5.405413e-04
5.354453e-04
5.264903e-04
5.197994e-04
5.090058e-04
5.050608e-04
4.954276e-04
4.814742e-04
4.692457e-04
4.557656e-04
4.494642e-04
4.469936e-04
4.328457e-04
4.307631e-04
4.218040e-04
4.126650e-04
4.008944e-04
3.913990e-04
3.840976e-04
3.749865e-04
3.683690e-04
3.551469e-04
3.481629e-04
3.437753e-04
3.384858e-04
3.300540e-04
3.205246e-04
3.071307e-04
3.001489e-04
2.821931e-04
2.800585e-04
2.772138e-04
2.591886e-04
2.487868e-04
2.448911e-04
2.353918e-04
2.252959e-04
2.162149e-04
2.029085e-04
2.026487e-04
1.955425e-04
1.912742e-04
1.753356e-04
1.620679e-04
1.452593e-04
1.388730e-04
1.275818e-04
1.201861e-04
1.090398e-04
1.038609e-04
8.601982e-05
8.010491e-05
7.636212e-05
6.821309e-05
5.024086e-05
4.585000e-05
3.337146e-05
3.015354e-05
2.198206e-05
1.845431e-05
1.455939e-05
5.626015e-14
-6.374325e-06
-2.160071e-05
-3.348995e-05
-3.770622e-05
-4.409359e-05
-5.219407e-05
-6.012402e-05
-7.222305e-05
-7.579286e-05
-8.370540e-05
-9.121663e-05
-9.911837e-05
-1.022966e-04
-1.171276e-04
-1.265766e-04
-1.367310e-04
-1.482101e-04
-1.622590e-04
-1.790021e-04
-1.856081e-04
-1.986736e-04
-2.163380e-04
-2.232926e-04
-2.368493e-04
-2.481011e-04
-2.561949e-04
-2.608305e-04
-2.689885e-04
-2.874834e-04
-2.991750e-04
-3.091162e-04
-3.219010e-04
-3.272809e-04
-3.433480e-04
-3.550113e-04
-3.893394e-04
-3.973180e-04
-4.018170e-04
-4.195447e-04
-4.316344e-04
-4.376244e-04
-4.490548e-04
-4.655502e-04
-4.726103e-04
-4.885683e-04
-5.082352e-04
-5.262344e-04
-5.282550e-04
-5.560812e-04
-5.700173e-04
-5.868986e-04
-6.045201e-04
-6.482234e-04
