4.225261e+05
3.441893e+05
2.445888e+05
2.242773e+05
1.940943e+05
1.841260e+05
1.582591e+05
1.489011e+05
1.393650e+05
1.254673e+05
1.183771e+05
9.922883e+04
9.647791e+04
7.468473e+04
6.792339e+04
6.574726e+04
5.616586e+04
4.480282e+04
3.666355e+04
3.328964e+04
2.798002e+04
2.589606e+04
2.136289e+04
1.925816e+04
1.789299e+04
1.685132e+04
1.375506e+04
1.117894e+04
1.003369e+04
9.529939e+03
8.095575e+03
6.597959e+03
6.250917e+03
4.996553e+03
4.420673e+03
4.308585e+03
3.647451e+03
3.043907e+03
2.478901e+03
2.264021e+03
2.068729e+03
1.617686e+03
1.508194e+03
1.359793e+03
1.213725e+03
1.134469e+03
1.015323e+03
6.880889e+02
6.160521e+02
5.684099e+02
5.196915e+02
4.794930e+02
3.956526e+02
3.669796e+02
2.545027e+02
2.395508e+02
2.176254e+02
2.071319e+02
1.435715e+02
1.341405e+02
1.271248e+02
1.181144e+02
9.414426e+01
8.321249e+01
7.520539e+01
5.298140e+01
4.631113e+01
3.996967e+01
3.358214e+01
2.989409e+01
2.579947e+01
2.412100e+01
1.615937e+01
1.023510e+01
9.086640e+00
8.425289e+00
7.092506e+00
6.439577e+00
6.091700e+00
5.448112e+00
5.233416e+00
4.326749e+00
3.102568e+00
2.644406e+00
1.332450e+00
7.723224e-01
5.840269e-01
5.071266e-01
4.857952e-01
4.320998e-01
4.002131e-01
3.660618e-01
1.838110e-01
1.656643e-01
1.298103e-01
1.203757e-01
1.189535e-01
9.402185e-02
7.935935e-02
7.585157e-02
6.743377e-02
6.398567e-02
6.000535e-02
4.942666e-02
4.770187e-02
4.590008e-02
4.347350e-02
4.264373e-02
3.980338e-02
3.910475e-02
3.850117e-02
3.764240e-02
3.748603e-02
3.661285e-02
3.640277e-02
3.409241e-02
3.299832e-02
3.279426e-02
3.203623e-02
3.140393e-02
2.992417e-02
2.869148e-02
2.682871e-02
2.395337e-02
2.311343e-02
2.288730e-02
2.170924e-02
1.995866e-02
