8.901626e+04
3.646187e+03
2.660047e+03
1.764637e+03
1.058441e+03
8.101880e+02
4.930896e+02
4.085546e+02
2.866000e+02
2.758017e+02
2.416046e+02
2.059968e+02
1.798628e+02
1.746394e+02
1.513857e+02
1.429594e+02
1.392661e+02
1.318956e+02
1.238556e+02
1.123921e+02
1.102865e+02
9.793504e+01
9.240297e+01
8.949771e+01
8.249809e+01
7.148896e+01
6.737744e+01
6.067792e+01
5.742241e+01
5.635393e+01
5.178107e+01
5.001394e+01
4.672557e+01
4.470064e+01
4.030023e+01
3.944795e+01
3.673570e+01
3.406999e+01
3.378372e+01
2.918565e+01
2.831622e+01
2.504985e+01
2.452706e+01
2.098861e+01
1.983902e+01
1.949873e+01
1.918143e+01
1.773448e+01
1.661556e+01
1.553968e+01
1.440153e+01
1.360647e+01
1.301870e+01
1.163153e+01
1.124574e+01
1.038993e+01
9.911002e+00
9.207433e+00
8.017376e+00
7.818495e+00
6.856367e+00
6.731190e+00
6.333013e+00
6.161436e+00
5.658610e+00
5.317098e+00
4.995347e+00
4.288358e+00
4.218220e+00
3.798206e+00
3.414453e+00
3.059926e+00
2.783274e+00
2.744737e+00
2.375767e+00
2.277418e+00
2.235103e+00
2.006406e+00
1.939928e+00
1.856334e+00
1.747082e+00
1.660062e+00
1.503953e+00
1.394693e+00
1.343156e+00
1.294484e+00
1.216615e+00
1.170934e+00
1.100142e+00
1.031036e+00
1.009342e+00
9.338336e-01
8.599057e-01
8.331816e-01
7.827898e-01
7.467591e-01
6.883106e-01
6.581634e-01
6.268675e-01
5.569810e-01
5.508595e-01
5.065584e-01
4.911805e-01
4.526223e-01
4.191775e-01
4.142343e-01
3.839121e-01
3.572189e-01
3.311695e-01
3.243298e-01
2.982993e-01
2.814192e-01
2.780969e-01
2.571984e-01
2.401331e-01
2.291926e-01
2.198350e-01
1.955968e-01
1.904658e-01
1.823880e-01
1.553504e-01
1.444227e-01
1.416397e-01
1.276334e-01
1.201843e-01
1.126227e-01
1.110556e-01
1.034771e-01
9.743464e-02
9.645908e-02
9.262568e-02
8.488254e-02
7.660019e-02
7.171180e-02
6.878061e-02
6.585004e-02
6.278488e-02
5.942874e-02
5.733014e-02
5.361242e-02
5.128004e-02
4.777790e-02
4.611851e-02
4.176379e-02
3.740797e-02
3.426163e-02
3.387517e-02
3.318406e-02
2.923009e-02
2.787928e-02
2.713033e-02
2.518633e-02
2.368670e-02
2.297014e-02
2.145530e-02
2.045985e-02
1.930396e-02
1.777882e-02
1.678683e-02
1.601174e-02
1.516544e-02
1.484995e-02
1.409322e-02
1.287253e-02
1.188205e-02
1.080971e-02
1.015832e-02
9.743650e-03
8.332515e-03
8.260227e-03
7.421635e-03
7.188932e-03
6.787618e-03
6.575095e-03
6.309984e-03
5.979437e-03
5.793514e-03
5.696614e-03
5.100207e-03
4.843632e-03
4.592777e-03
4.436339e-03
4.281504e-03
3.939540e-03
3.645884e-03
3.536870e-03
3.263957e-03
3.044608e-03
2.876839e-03
2.467386e-03
2.285757e-03
2.150259e-03
2.075790e-03
2.041819e-03
1.971546e-03
1.917922e-03
1.844307e-03
1.754054e-03
1.672142e-03
1.639150e-03
1.595457e-03
1.542408e-03
1.519764e-03
1.511430e-03
1.417547e-03
1.408236e-03
1.372056e-03
1.339263e-03
1.307060e-03
1.277605e-03
1.257476e-03
1.219296e-03
1.189913e-03
1.180371e-03
1.172906e-03
1.158395e-03
1.140490e-03
1.123684e-03
1.118445e-03
1.090024e-03
1.088027e-03
1.061724e-03
1.050974e-03
1.042204e-03
1.023212e-03
1.001067e-03
9.924014e-04
9.630164e-04
9.524500e-04
9.393556e-04
9.318414e-04
9.152048e-04
9.099002e-04
8.837662e-04
8.681630e-04
8.584759e-04
8.535382e-04
8.472148e-04
8.371673e-04
8.229886e-04
8.085263e-04
8.028407e-04
7.993471e-04
7.747685e-04
7.702060e-04
7.685840e-04
7.492400e-04
7.437943e-04
7.327077e-04
7.117726e-04
6.989876e-04
6.870111e-04
6.768745e-04
6.716310e-04
6.579843e-04
6.429631e-04
6.365675e-04
6.280846e-04
6.196211e-04
6.032447e-04
5.979687e-04
5.844603e-04
5.767459e-04
5.739062e-04
5.499762e-04
5.471390e-04
5.379760e-04
5.273325e-04
5.185053e-04
5.175309e-04
5.028955e-04
4.944411e-04
4.895872e-04
4.819537e-04
4.701093e-04
4.532485e-04
4.515993e-04
4.438799e-04
4.355447e-04
4.177352e-04
4.129208e-04
4.024722e-04
3.955370e-04
3.811225e-04
3.727098e-04
3.665788e-04
3.521935e-04
3.451915e-04
3.433388e-04
3.290077e-04
3.176394e-04
3.109897e-04
3.053337e-04
3.002536e-04
2.843652e-04
2.755465e-04
2.641591e-04
2.593380e-04
2.438793e-04
2.412630e-04
2.266996e-04
2.245434e-04
2.142873e-04
2.063336e-04
1.990816e-04
1.893704e-04
1.733206e-04
1.675549e-04
1.562916e-04
1.430387e-04
1.325126e-04
1.255828e-04
1.197330e-04
1.139059e-04
1.039792e-04
1.008091e-04
9.110157e-05
8.211326e-05
7.520674e-05
6.037899e-05
4.817081e-05
4.305646e-05
3.089966e-05
1.933462e-05
1.187946e-05
5.705572e-07
2.413036e-13
1.477245e-13
3.092751e-14
-9.769353e-14
-4.844640e-06
-1.870369e-05
-2.553846e-05
-3.475878e-05
-4.593317e-05
-4.957085e-05
-5.570791e-05
-6.419577e-05
-7.013740e-05
-9.201457e-05
-9.836372e-05
-1.078979e-04
-1.285941e-04
-1.349924e-04
-1.415587e-04
-1.490680e-04
-1.611581e-04
-1.769672e-04
-1.859090e-04
-1.908048e-04
-2.047463e-04
-2.072721e-04
-2.253126e-04
-2.338969e-04
-2.457718e-04
-2.558789e-04
-2.602327e-04
-2.790056e-04
-3.024290e-04
-3.042910e-04
-3.131196e-04
-3.197393e-04
-3.362576e-04
-3.443191e-04
-3.605525e-04
-3.736852e-04
-3.849973e-04
-3.982683e-04
-4.039789e-04
-4.353913e-04
-4.461981e-04
-4.608592e-04
-4.771582e-04
-4.803739e-04
-5.075311e-04
-5.308253e-04
-5.414745e-04
-5.691350e-04
-5.775994e-04
-5.990169e-04
-6.104972e-04
-6.317187e-04
-6.536701e-04
-7.239610e-04
