2.383780e+06
2.063266e+05
1.641430e+05
4.594392e+04
2.704900e+04
7.722238e+03
3.537528e+03
3.042560e+03
9.814056e+02
8.222258e+02
2.786237e+02
1.669030e+02
7.128086e+01
3.227879e+01
1.846950e+01
1.438799e+01
3.933978e+00
3.258675e+00
2.913638e+00
1.714388e+00
7.902907e-01
6.278817e-01
4.525426e-01
4.161487e-01
3.578592e-01
3.181829e-01
3.134097e-01
2.930871e-01
2.715685e-01
2.354852e-01
2.290532e-01
2.236389e-01
2.190419e-01
1.951463e-01
1.888789e-01
1.798928e-01
1.698508e-01
1.651907e-01
1.516960e-01
1.474509e-01
1.432454e-01
1.400922e-01
1.354250e-01
1.315766e-01
1.273259e-01
1.249308e-01
1.185248e-01
1.165824e-01
1.123726e-01
1.088019e-01
1.070551e-01
1.022310e-01
9.841849e-02
9.621498e-02
9.394007e-02
9.017269e-02
8.685038e-02
8.370055e-02
8.222190e-02
8.131977e-02
7.507998e-02
7.404511e-02
7.246123e-02
6.918108e-02
6.775123e-02
6.390405e-02
5.917930e-02
5.754329e-02
5.548522e-02
5.250977e-02
5.122383e-02
4.395311e-02
4.091273e-02
3.874682e-02
3.815723e-02
3.415301e-02
3.152954e-02
2.904197e-02
2.649615e-02
2.239849e-02
1.966320e-02
1.779365e-02
1.487156e-02
1.385503e-02
8.588328e-03
8.333093e-03
1.180848e-03
-4.600154e-03
-7.446713e-03
-7.916153e-03
-1.105655e-02
-1.582802e-02
-1.679561e-02
-1.963702e-02
-2.285809e-02
-2.787863e-02
-3.583989e-02
-3.687058e-02
-4.195550e-02
-5.009065e-02
-5.351339e-02
-6.360353e-02
-6.792539e-02
-7.215722e-02
-7.598850e-02
-8.041842e-02
-8.974995e-02
-9.497813e-02
-9.798173e-02
-1.127769e-01
-1.200128e-01
-1.325491e-01
-1.424639e-01
-1.469803e-01
-1.679309e-01
-1.772543e-01
-1.876965e-01
-2.070660e-01
-2.255847e-01
-2.531556e-01
-2.621378e-01
-3.141195e-01
-3.299301e-01
-3.679091e-01
-3.852636e-01
-4.973704e-01
-5.338538e-01
-7.026130e-01
