1.876739e+05
4.150870e+04
1.166736e+04
2.585386e+03
3.659980e+02
4.879215e+01
1.577509e+01
7.317959e+00
1.975201e+00
2.337387e-01
8.435956e-02
4.869648e-02
4.577726e-02
4.004170e-02
3.235585e-02
2.924984e-02
2.711829e-02
2.374314e-02
2.142558e-02
1.956519e-02
1.893221e-02
1.823426e-02
1.797904e-02
1.679632e-02
1.533501e-02
1.427614e-02
1.293836e-02
1.185980e-02
1.157418e-02
1.114340e-02
1.079481e-02
1.042000e-02
1.021169e-02
9.865357e-03
9.603282e-03
8.783827e-03
8.488010e-03
8.266487e-03
8.084472e-03
7.873547e-03
7.326156e-03
7.069308e-03
6.683830e-03
6.640004e-03
6.217338e-03
5.922529e-03
5.787784e-03
5.614565e-03
5.236624e-03
5.040422e-03
4.720527e-03
4.682961e-03
4.508271e-03
4.425054e-03
4.149177e-03
3.961468e-03
3.863952e-03
3.694425e-03
3.501589e-03
3.317297e-03
3.212502e-03
3.108260e-03
3.041524e-03
2.776904e-03
2.733305e-03
2.680356e-03
2.640726e-03
2.546448e-03
2.417269e-03
2.241079e-03
2.196310e-03
2.133233e-03
1.998479e-03
1.966606e-03
1.817284e-03
1.777400e-03
1.745269e-03
1.603651e-03
1.491605e-03
1.457050e-03
1.380494e-03
1.224986e-03
1.181565e-03
1.057413e-03
9.493456e-04
8.685922e-04
8.540208e-04
7.624417e-04
7.387059e-04
6.550006e-04
6.339919e-04
4.995652e-04
3.567829e-04
1.641902e-04
1.485528e-04
-1.079258e-04
-2.799710e-04
-5.586739e-04
-9.904886e-04
-1.102890e-03
-1.377704e-03
-1.536931e-03
-2.123675e-03
-2.634094e-03
-2.868195e-03
-3.141636e-03
-3.836967e-03
-4.176060e-03
-4.452371e-03
-6.029175e-03
-7.315326e-03
-8.128176e-03
-9.250752e-03
-1.047487e-02
-1.324452e-02
-1.489651e-02
-1.615621e-02
-1.716506e-02
-1.864697e-02
-2.338800e-02
-2.478602e-02
-2.914194e-02
-3.156599e-02
-3.237554e-02
-3.954315e-02
-4.854088e-02
-6.135180e-02
-7.409946e-02
