9.725417e+09
6.099258e+08
1.947956e+08
6.823295e+07
5.570400e+07
5.042468e+07
4.099156e+07
2.963470e+07
2.239075e+07
1.912700e+07
1.832358e+07
1.686616e+07
1.360754e+07
1.171014e+07
9.605920e+06
8.868206e+06
6.691555e+06
5.614411e+06
4.038626e+06
3.603746e+06
3.388060e+06
2.566579e+06
2.444820e+06
2.320908e+06
1.964215e+06
1.782516e+06
1.536027e+06
1.434335e+06
1.266839e+06
1.065542e+06
1.000393e+06
7.086870e+05
5.845644e+05
5.274206e+05
4.801797e+05
4.122447e+05
3.973789e+05
3.096567e+05
2.538288e+05
2.412540e+05
2.112251e+05
2.012323e+05
1.646142e+05
1.498177e+05
1.433032e+05
1.248885e+05
9.253874e+04
6.773721e+04
5.787732e+04
5.047459e+04
4.206823e+04
3.891955e+04
3.592552e+04
2.247304e+04
1.665154e+04
1.313546e+04
1.161916e+04
1.104144e+04
8.850556e+03
6.592380e+03
6.152883e+03
4.261802e+03
2.939399e+03
2.085483e+03
1.443308e+03
1.335096e+03
1.167021e+03
8.444390e+02
4.590247e+02
4.415153e+02
3.979081e+02
2.837844e+02
1.633099e+02
1.367340e+02
1.119663e+02
6.568246e+01
5.549239e+01
3.691235e+01
2.543022e+01
2.107408e+01
1.492263e+01
8.222889e+00
5.203407e+00
3.920004e+00
3.009525e+00
1.804099e+00
1.146632e+00
8.934948e-01
6.880562e-01
6.197856e-01
4.053293e-01
3.796394e-01
2.067217e-01
1.303938e-01
1.029644e-01
9.126127e-02
7.554532e-02
6.751751e-02
6.018802e-02
5.474513e-02
4.646330e-02
4.489783e-02
3.787091e-02
3.504374e-02
2.895463e-02
2.242899e-02
2.136002e-02
1.718622e-02
1.527836e-02
1.439799e-02
1.338244e-02
1.121029e-02
1.068045e-02
6.803679e-03
3.957752e-03
2.088397e-03
-1.728950e-03
-2.969063e-03
-5.134890e-03
-8.563741e-03
-9.741242e-03
-1.219191e-02
-1.492975e-02
-2.001662e-02
-2.283208e-02
-2.515573e-02
-4.652900e-02
-9.121077e-02
