2.545266e+12
1.941790e+12
1.553758e+12
1.485133e+12
1.323241e+12
1.239125e+12
1.190303e+12
1.126502e+12
1.080130e+12
1.015319e+12
9.488712e+11
8.466252e+11
8.373526e+11
8.095241e+11
7.784603e+11
7.416649e+11
6.785636e+11
6.600677e+11
6.205154e+11
6.128244e+11
5.703343e+11
5.562192e+11
5.449650e+11
5.144097e+11
5.025160e+11
4.773789e+11
4.632296e+11
4.471177e+11
4.357251e+11
4.306179e+11
4.071758e+11
3.904232e+11
3.815221e+11
3.738139e+11
3.460467e+11
3.283032e+11
3.215386e+11
3.154102e+11
3.021667e+11
2.850136e+11
2.752862e+11
2.703460e+11
2.670869e+11
2.558170e+11
2.493354e+11
2.471033e+11
2.351310e+11
2.270200e+11
2.198662e+11
2.133160e+11
2.092525e+11
1.990757e+11
1.948738e+11
1.916226e+11
1.878057e+11
1.864338e+11
1.776816e+11
1.745123e+11
1.688145e+11
1.669262e+11
1.598265e+11
1.546209e+11
1.507791e+11
1.468338e+11
1.418212e+11
1.415173e+11
1.389011e+11
1.339347e+11
1.312689e+11
1.295814e+11
1.272257e+11
1.207900e+11
1.193578e+11
1.168129e+11
1.148981e+11
1.135568e+11
1.114314e+11
1.070626e+11
1.062029e+11
1.023288e+11
1.012072e+11
9.900972e+10
9.549923e+10
9.301104e+10
8.952615e+10
8.877167e+10
8.768535e+10
8.641192e+10
8.502541e+10
8.331639e+10
8.242618e+10
8.069343e+10
7.955322e+10
7.664170e+10
7.592652e+10
7.318911e+10
7.300880e+10
7.201493e+10
6.989920e+10
6.928617e+10
6.813137e+10
6.710615e+10
6.514380e+10
6.434816e+10
6.336349e+10
6.106525e+10
6.017158e+10
5.888945e+10
5.825133e+10
5.769718e+10
5.555475e+10
5.425503e+10
5.338667e+10
5.238979e+10
5.207606e+10
5.107311e+10
4.988100e+10
4.791145e+10
4.686550e+10
4.632206e+10
4.493707e+10
4.414978e+10
4.200405e+10
3.774659e+10
3.602027e+10
2.092882e+10
1.739907e+10
1.667405e+10
