6.857148e+05
2.987590e+05
1.789844e+05
1.767824e+05
1.512173e+05
1.195596e+05
1.039617e+05
9.636873e+04
9.263107e+04
7.799167e+04
7.073180e+04
6.653658e+04
5.586592e+04
5.114745e+04
4.629001e+04
4.141596e+04
3.816620e+04
2.973695e+04
2.234017e+04
1.770089e+04
1.293797e+04
1.050025e+04
1.008324e+04
8.667078e+03
7.360738e+03
6.955526e+03
6.060085e+03
5.015684e+03
4.613173e+03
3.677645e+03
3.449633e+03
2.831675e+03
2.399478e+03
1.953914e+03
1.599274e+03
1.465204e+03
1.252191e+03
1.203674e+03
8.164675e+02
6.802908e+02
6.344474e+02
6.084120e+02
5.178742e+02
4.167820e+02
3.941323e+02
2.988249e+02
2.235461e+02
1.909580e+02
1.740127e+02
1.433137e+02
1.259885e+02
9.273270e+01
8.209857e+01
6.246915e+01
6.027822e+01
5.855178e+01
4.917259e+01
3.288969e+01
3.072909e+01
2.168038e+01
1.943774e+01
1.520689e+01
1.276466e+01
9.090423e+00
7.803919e+00
6.266277e+00
5.748998e+00
5.301518e+00
4.307951e+00
3.158379e+00
2.625926e+00
2.335305e+00
1.445112e+00
1.415335e+00
1.222942e+00
9.576643e-01
8.803221e-01
7.505922e-01
4.863881e-01
4.419102e-01
4.071592e-01
3.759522e-01
2.779392e-01
2.169030e-01
1.453285e-01
1.188672e-01
7.938642e-02
7.069521e-02
6.868763e-02
6.780978e-02
5.799345e-02
5.466851e-02
4.644503e-02
4.490987e-02
4.282532e-02
4.155963e-02
4.017874e-02
3.879420e-02
3.695815e-02
3.576413e-02
3.274834e-02
3.211146e-02
3.095822e-02
3.019243e-02
2.879717e-02
2.617267e-02
2.568665e-02
2.420334e-02
2.314606e-02
2.254744e-02
2.217468e-02
2.174918e-02
2.105644e-02
2.082583e-02
2.024410e-02
2.003428e-02
1.842292e-02
1.767748e-02
1.721451e-02
1.613860e-02
1.595632e-02
1.538114e-02
1.450101e-02
1.396538e-02
1.317680e-02
1.189716e-02
9.722679e-03
6.829921e-03
