2.897887e+10
1.345091e+10
6.906753e+09
4.677994e+09
4.488871e+09
4.210318e+09
3.711392e+09
3.302414e+09
2.739469e+09
2.696680e+09
2.396455e+09
2.318082e+09
2.200116e+09
2.019642e+09
1.872693e+09
1.783285e+09
1.699327e+09
1.599915e+09
1.539125e+09
1.442890e+09
1.372936e+09
1.352189e+09
1.294532e+09
1.243796e+09
1.197772e+09
1.177552e+09
1.113456e+09
1.083529e+09
1.053904e+09
1.016829e+09
1.008089e+09
9.507477e+08
9.300235e+08
9.135906e+08
8.672409e+08
8.489965e+08
8.100825e+08
7.795275e+08
7.454785e+08
7.334895e+08
7.099782e+08
6.960873e+08
6.859373e+08
6.461110e+08
6.352380e+08
6.278826e+08
6.205405e+08
5.910189e+08
5.800586e+08
5.740688e+08
5.429291e+08
5.347377e+08
5.261918e+08
5.152821e+08
5.076027e+08
5.037608e+08
4.751319e+08
4.659618e+08
4.544818e+08
4.317760e+08
4.242089e+08
4.152351e+08
4.110216e+08
4.036962e+08
3.958938e+08
3.809106e+08
3.707587e+08
3.638121e+08
3.600527e+08
3.454129e+08
3.304615e+08
3.262283e+08
3.196959e+08
3.149430e+08
3.079519e+08
2.954609e+08
2.867567e+08
2.854951e+08
2.733087e+08
2.691216e+08
2.566226e+08
2.479079e+08
2.430734e+08
2.351445e+08
2.330349e+08
2.307420e+08
2.192795e+08
2.106800e+08
2.042792e+08
2.010363e+08
1.914837e+08
1.880964e+08
1.841902e+08
1.812044e+08
1.773497e+08
1.711054e+08
1.582348e+08
1.472191e+08
1.415827e+08
1.366090e+08
1.357355e+08
1.291148e+08
1.256259e+08
1.227330e+08
1.160799e+08
1.112909e+08
1.021603e+08
9.623479e+07
9.514216e+07
8.684821e+07
7.511271e+07
6.940854e+07
6.830388e+07
6.460215e+07
6.163932e+07
5.987484e+07
4.350667e+07
3.839514e+07
3.672791e+07
3.592852e+07
3.312649e+07
3.036712e+07
2.885782e+07
2.304604e+07
1.994343e+07
1.080492e+07
3.273586e+06
4.073062e+05
