2.793564e+10
1.750664e+10
6.952630e+09
5.183807e+09
4.350374e+09
3.733879e+09
3.347131e+09
3.145271e+09
2.785887e+09
2.739227e+09
2.410261e+09
2.162814e+09
2.034250e+09
1.942525e+09
1.857848e+09
1.740672e+09
1.682909e+09
1.610840e+09
1.570718e+09
1.537888e+09
1.404114e+09
1.342769e+09
1.330999e+09
1.274726e+09
1.244172e+09
1.198292e+09
1.158802e+09
1.099629e+09
1.076371e+09
1.043034e+09
1.026773e+09
9.830769e+08
9.681727e+08
9.225385e+08
8.706133e+08
8.530598e+08
8.375661e+08
7.930339e+08
7.794385e+08
7.629610e+08
7.468787e+08
7.171024e+08
7.000657e+08
6.714498e+08
6.482724e+08
6.403651e+08
6.147795e+08
6.027461e+08
5.864700e+08
5.716584e+08
5.562617e+08
5.301470e+08
5.045993e+08
4.977213e+08
4.970841e+08
4.731364e+08
4.590549e+08
4.523382e+08
4.442224e+08
4.398916e+08
4.222308e+08
4.176783e+08
4.047534e+08
3.953417e+08
3.855565e+08
3.670447e+08
3.536670e+08
3.498697e+08
3.458250e+08
3.412712e+08
3.314119e+08
3.203447e+08
3.100537e+08
3.054088e+08
3.033093e+08
2.904232e+08
2.850563e+08
2.788970e+08
2.703478e+08
2.649610e+08
2.535627e+08
2.467329e+08
2.402344e+08
2.367716e+08
2.225530e+08
2.177931e+08
2.138306e+08
2.092212e+08
1.985044e+08
1.940299e+08
1.853352e+08
1.766540e+08
1.712008e+08
1.682552e+08
1.541356e+08
1.521531e+08
1.512451e+08
1.448510e+08
1.391327e+08
1.305155e+08
1.234228e+08
1.132016e+08
1.095566e+08
1.046518e+08
1.026397e+08
9.767731e+07
8.995445e+07
8.729201e+07
8.555286e+07
8.000556e+07
7.693860e+07
7.326245e+07
7.194100e+07
6.623520e+07
6.615982e+07
6.049147e+07
5.552756e+07
4.216854e+07
3.918990e+07
3.697186e+07
3.582170e+07
3.055180e+07
2.363774e+07
1.789507e+07
1.341409e+07
4.087511e+06
3.818964e+06
2.161244e+06
