5.967001e+04
1.020641e+04
6.836845e+03
1.589692e+03
8.172867e+02
6.428025e+02
5.915509e+02
3.005410e+02
2.371393e+02
2.022794e+02
1.486203e+02
1.223476e+02
8.347256e+01
7.346583e+01
6.379779e+01
4.007702e+01
3.846458e+01
3.236786e+01
2.296677e+01
1.830534e+01
1.642339e+01
1.587762e+01
1.335508e+01
1.260701e+01
1.090432e+01
8.094853e+00
7.103063e+00
5.956515e+00
5.549936e+00
4.789706e+00
4.306213e+00
3.100075e+00
2.495357e+00
2.026781e+00
1.737680e+00
1.011657e+00
9.137524e-01
6.364201e-01
5.703220e-01
3.808149e-01
3.478533e-01
3.005404e-01
1.906304e-01
1.371412e-01
1.133379e-01
8.405880e-02
6.205725e-02
5.092268e-02
3.546598e-02
2.779863e-02
2.601879e-02
2.227199e-02
2.121584e-02
1.360540e-02
1.197714e-02
1.063797e-02
8.060396e-03
5.381018e-03
4.982767e-03
4.436992e-03
4.273917e-03
2.468996e-03
2.016833e-03
1.704010e-03
1.632959e-03
1.505075e-03
1.121971e-03
1.078142e-03
1.032216e-03
9.790203e-04
8.267188e-04
8.246730e-04
7.891082e-04
7.799155e-04
7.573576e-04
7.392485e-04
6.982809e-04
6.850357e-04
6.591110e-04
6.471021e-04
6.314555e-04
6.088021e-04
5.963765e-04
5.868448e-04
5.647117e-04
5.625583e-04
5.482746e-04
5.253690e-04
5.139943e-04
5.061512e-04
4.992986e-04
4.873528e-04
4.773429e-04
4.736655e-04
4.694167e-04
4.646479e-04
4.539190e-04
4.460126e-04
4.406727e-04
4.368271e-04
4.255575e-04
4.173119e-04
4.143917e-04
4.097931e-04
4.001139e-04
3.959404e-04
3.894173e-04
3.889972e-04
3.823121e-04
3.806149e-04
3.767181e-04
3.677755e-04
3.628845e-04
3.598865e-04
3.544360e-04
3.469691e-04
3.439911e-04
3.417353e-04
3.379648e-04
3.302917e-04
3.290659e-04
3.220310e-04
3.182227e-04
3.167843e-04
3.160272e-04
3.104036e-04
3.071791e-04
3.005079e-04
2.999630e-04
2.941405e-04
2.866801e-04
2.855539e-04
2.807342e-04
2.803605e-04
2.747074e-04
2.700594e-04
2.681288e-04
2.667904e-04
2.638052e-04
2.611436e-04
2.575807e-04
2.522665e-04
2.477137e-04
2.459837e-04
2.419593e-04
2.414201e-04
2.404676e-04
2.358898e-04
2.337532e-04
2.316458e-04
2.309081e-04
2.290542e-04
2.263839e-04
2.210452e-04
2.151542e-04
2.149436e-04
2.108891e-04
2.083269e-04
2.069118e-04
2.038482e-04
2.005549e-04
1.995506e-04
1.973829e-04
1.908971e-04
1.881581e-04
1.871881e-04
1.850592e-04
1.830767e-04
1.796725e-04
1.794159e-04
1.761537e-04
1.723001e-04
1.688648e-04
1.679997e-04
1.653086e-04
1.610889e-04
1.588881e-04
1.558754e-04
1.549683e-04
1.531880e-04
1.521861e-04
1.492069e-04
1.485975e-04
1.416425e-04
1.396640e-04
1.386107e-04
1.365158e-04
1.335325e-04
1.309802e-04
1.297416e-04
1.240774e-04
1.236459e-04
1.231420e-04
1.190148e-04
1.178894e-04
1.131467e-04
1.106771e-04
1.077396e-04
1.069825e-04
1.050152e-04
1.032578e-04
1.009717e-04
9.845839e-05
9.380344e-05
9.217226e-05
9.022749e-05
8.940369e-05
8.705424e-05
8.412873e-05
8.198980e-05
8.023586e-05
7.700622e-05
7.545821e-05
7.325343e-05
7.091144e-05
6.926750e-05
6.649585e-05
6.379777e-05
6.199608e-05
6.067586e-05
5.730513e-05
5.612505e-05
5.257598e-05
4.835912e-05
4.827385e-05
4.643259e-05
4.369886e-05
4.182866e-05
4.056974e-05
3.690378e-05
3.523474e-05
3.444432e-05
3.222874e-05
2.940241e-05
2.888570e-05
2.673476e-05
2.493206e-05
2.177636e-05
2.030520e-05
1.812541e-05
1.668816e-05
1.581866e-05
8.242228e-06
6.464286e-06
5.078618e-06
3.217680e-06
1.895663e-06
7.167043e-14
-1.490613e-14
-8.290052e-07
-2.722583e-06
-4.308419e-06
-7.191631e-06
-9.124054e-06
-1.133647e-05
-1.297829e-05
-1.536124e-05
-1.603069e-05
-1.851054e-05
-2.012418e-05
-2.303800e-05
-2.580666e-05
-2.722050e-05
-2.778314e-05
-3.092496e-05
-3.273868e-05
-3.497525e-05
-3.711234e-05
-3.874410e-05
-4.117664e-05
-4.604136e-05
-4.931788e-05
-5.222600e-05
-5.385443e-05
-5.523172e-05
-5.580563e-05
-5.752521e-05
-5.958349e-05
-6.358216e-05
-6.643110e-05
-6.912752e-05
-7.003520e-05
-7.330537e-05
-7.509203e-05
-7.643941e-05
-7.843698e-05
-8.106499e-05
-8.303996e-05
-8.391817e-05
-8.829147e-05
-9.013541e-05
-9.115943e-05
-9.342190e-05
-9.461172e-05
-9.729296e-05
-1.010981e-04
-1.031348e-04
-1.069709e-04
-1.103587e-04
-1.133862e-04
-1.151244e-04
-1.166479e-04
-1.185653e-04
-1.210905e-04
-1.224196e-04
-1.249395e-04
-1.266976e-04
-1.308530e-04
-1.313300e-04
-1.345577e-04
-1.370274e-04
-1.386638e-04
-1.404615e-04
-1.452549e-04
-1.478256e-04
-1.491410e-04
-1.520532e-04
-1.537266e-04
-1.585662e-04
-1.610688e-04
-1.622283e-04
-1.638908e-04
-1.675327e-04
-1.731271e-04
-1.758183e-04
-1.796313e-04
-1.807323e-04
-1.840029e-04
-1.877051e-04
-1.882845e-04
-1.916438e-04
-1.928997e-04
-1.946836e-04
-1.996959e-04
-2.035922e-04
-2.059328e-04
-2.084577e-04
-2.103233e-04
-2.122035e-04
-2.200729e-04
-2.218953e-04
-2.229848e-04
-2.275875e-04
-2.314352e-04
-2.365140e-04
-2.399402e-04
-2.433882e-04
-2.485445e-04
-2.514291e-04
-2.525879e-04
-2.551434e-04
-2.625928e-04
-2.649172e-04
-2.662423e-04
-2.715703e-04
-2.780142e-04
-2.814661e-04
-2.832707e-04
-2.850794e-04
-2.906108e-04
-2.987660e-04
-3.005284e-04
-3.051572e-04
-3.094648e-04
-3.108578e-04
-3.208016e-04
-3.243657e-04
-3.280340e-04
-3.317642e-04
-3.356299e-04
-3.487612e-04
-3.526567e-04
-3.547233e-04
-3.589299e-04
-3.597323e-04
-3.949536e-04
-4.135144e-04
-4.363718e-04
-4.493054e-04
-4.804349e-04
-5.247649e-04
-5.568297e-04
-6.115790e-04
-1.113272e-03
