5.967018e+04
1.002630e+04
5.279421e+03
1.717025e+03
1.095609e+03
7.930709e+02
4.544030e+02
3.584735e+02
3.165684e+02
2.388327e+02
1.268742e+02
9.228211e+01
9.148205e+01
6.950322e+01
5.586212e+01
4.771610e+01
4.137720e+01
3.096959e+01
2.387286e+01
2.163828e+01
1.719401e+01
1.580148e+01
1.334143e+01
1.224693e+01
1.092838e+01
8.766859e+00
7.936058e+00
6.840700e+00
5.554762e+00
4.287664e+00
3.540969e+00
3.273731e+00
2.242571e+00
2.158681e+00
1.347085e+00
8.136505e-01
7.011512e-01
5.725219e-01
4.719700e-01
4.180983e-01
3.054990e-01
2.350645e-01
1.853324e-01
1.616402e-01
1.475850e-01
1.237864e-01
9.718940e-02
7.454748e-02
5.695550e-02
4.029739e-02
2.849546e-02
2.722299e-02
2.394379e-02
2.112784e-02
1.396701e-02
1.237958e-02
1.166185e-02
7.939180e-03
6.306915e-03
4.920392e-03
3.947904e-03
3.427773e-03
2.979817e-03
2.075597e-03
1.767511e-03
1.609553e-03
1.338210e-03
1.140856e-03
1.091343e-03
9.828438e-04
9.246087e-04
8.317919e-04
8.172716e-04
7.671727e-04
7.191307e-04
7.040438e-04
6.847560e-04
6.605736e-04
6.276767e-04
6.097902e-04
5.955157e-04
5.851770e-04
5.801970e-04
5.477372e-04
5.365239e-04
5.264601e-04
5.190615e-04
5.103861e-04
4.967490e-04
4.874399e-04
4.813235e-04
4.694882e-04
4.633814e-04
4.577061e-04
4.460302e-04
4.398155e-04
4.347862e-04
4.312430e-04
4.246528e-04
4.213224e-04
4.164141e-04
4.046559e-04
4.042714e-04
3.990451e-04
3.935405e-04
3.897812e-04
3.810971e-04
3.771168e-04
3.763122e-04
3.669984e-04
3.560916e-04
3.547831e-04
3.542143e-04
3.498855e-04
3.462475e-04
3.371753e-04
3.340445e-04
3.292203e-04
3.240142e-04
3.198620e-04
3.143261e-04
3.100113e-04
3.076525e-04
3.056750e-04
3.009569e-04
2.999132e-04
2.971736e-04
2.933135e-04
2.904072e-04
2.873747e-04
2.809643e-04
2.807632e-04
2.756052e-04
2.752819e-04
2.692973e-04
2.654467e-04
2.649543e-04
2.603387e-04
2.596530e-04
2.540965e-04
2.515031e-04
2.461158e-04
2.432291e-04
2.399991e-04
2.384749e-04
2.343761e-04
2.339746e-04
2.298585e-04
2.257911e-04
2.250222e-04
2.191553e-04
2.163292e-04
2.133062e-04
2.113279e-04
2.079094e-04
2.058123e-04
2.025895e-04
1.991862e-04
1.949242e-04
1.933291e-04
1.903971e-04
1.873160e-04
1.863943e-04
1.844293e-04
1.828808e-04
1.794293e-04
1.777608e-04
1.762890e-04
1.710930e-04
1.696048e-04
1.673679e-04
1.649500e-04
1.613788e-04
1.591321e-04
1.577297e-04
1.510707e-04
1.484334e-04
1.478218e-04
1.455873e-04
1.399055e-04
1.386506e-04
1.371535e-04
1.335649e-04
1.319900e-04
1.310811e-04
1.296394e-04
1.276204e-04
1.248171e-04
1.227153e-04
1.206248e-04
1.162568e-04
1.131857e-04
1.112312e-04
1.088872e-04
1.074863e-04
1.060249e-04
1.032737e-04
1.018979e-04
9.946147e-05
9.787171e-05
9.602771e-05
9.434615e-05
9.207293e-05
8.980757e-05
8.865941e-05
8.690809e-05
8.321770e-05
8.205210e-05
7.813918e-05
7.642296e-05
7.415442e-05
7.056081e-05
6.992512e-05
6.889267e-05
6.767639e-05
6.315893e-05
6.122566e-05
5.858257e-05
5.504113e-05
5.431398e-05
5.293047e-05
4.973981e-05
4.799962e-05
4.525285e-05
4.197120e-05
4.133480e-05
4.063691e-05
3.681326e-05
3.519437e-05
3.275133e-05
2.949893e-05
2.845011e-05
2.533086e-05
2.173304e-05
2.132036e-05
1.813063e-05
1.793392e-05
1.378281e-05
1.203959e-05
9.463592e-06
8.440406e-06
7.609389e-06
4.130618e-06
1.373797e-06
2.048143e-07
7.308355e-13
1.100734e-14
-2.193847e-14
-1.218744e-13
-2.138145e-06
-5.145471e-06
-7.021761e-06
-8.356609e-06
-1.109411e-05
-1.327037e-05
-1.571225e-05
-1.761340e-05
-2.035756e-05
-2.204210e-05
-2.371565e-05
-2.474828e-05
-2.684702e-05
-2.926474e-05
-3.209459e-05
-3.318060e-05
-3.493656e-05
-3.868809e-05
-4.025251e-05
-4.232978e-05
-4.493504e-05
-4.819225e-05
-5.120111e-05
-5.174409e-05
-5.539053e-05
-5.734979e-05
-5.964524e-05
-6.368786e-05
-6.408826e-05
-6.599224e-05
-6.870729e-05
-7.204305e-05
-7.399870e-05
-7.871485e-05
-8.106630e-05
-8.226333e-05
-8.434815e-05
-8.506465e-05
-8.815883e-05
-8.920205e-05
-9.050272e-05
-9.438321e-05
-9.476760e-05
-9.671575e-05
-1.002952e-04
-1.022442e-04
-1.054987e-04
-1.086716e-04
-1.116468e-04
-1.140772e-04
-1.180390e-04
-1.213847e-04
-1.218734e-04
-1.239211e-04
-1.261888e-04
-1.274781e-04
-1.309873e-04
-1.320681e-04
-1.367841e-04
-1.396308e-04
-1.417989e-04
-1.437781e-04
-1.457593e-04
-1.495187e-04
-1.520799e-04
-1.555167e-04
-1.597878e-04
-1.604336e-04
-1.645654e-04
-1.659362e-04
-1.685741e-04
-1.716992e-04
-1.745751e-04
-1.778214e-04
-1.807960e-04
-1.836848e-04
-1.845623e-04
-1.874950e-04
-1.898302e-04
-1.907826e-04
-1.947167e-04
-1.966711e-04
-2.002311e-04
-2.050451e-04
-2.055963e-04
-2.104821e-04
-2.145411e-04
-2.170675e-04
-2.208510e-04
-2.217819e-04
-2.254047e-04
-2.272401e-04
-2.341328e-04
-2.363366e-04
-2.380154e-04
-2.419399e-04
-2.461206e-04
-2.484730e-04
-2.536582e-04
-2.563916e-04
-2.613871e-04
-2.643222e-04
-2.722585e-04
-2.756178e-04
-2.762774e-04
-2.803768e-04
-2.838613e-04
-2.918474e-04
-2.957852e-04
-3.029930e-04
-3.056211e-04
-3.143598e-04
-3.181565e-04
-3.225114e-04
-3.287406e-04
-3.300167e-04
-3.375138e-04
-3.437907e-04
-3.486308e-04
-3.497782e-04
-3.650517e-04
-3.772335e-04
-3.883494e-04
-3.964586e-04
-4.159314e-04
-4.283004e-04
-4.331088e-04
-4.763938e-04
-4.879863e-04
-5.188980e-04
-5.726877e-04
-5.910788e-04
-6.737440e-04
-6.835283e-04
-1.103822e-03
