5.894709e+04
1.247269e+04
5.883409e+03
1.849003e+03
1.585795e+03
9.863922e+02
8.204246e+02
5.039777e+02
4.028501e+02
3.365928e+02
2.789216e+02
2.348177e+02
2.100591e+02
1.696164e+02
1.392539e+02
1.226809e+02
9.523122e+01
8.166290e+01
6.887017e+01
5.848253e+01
5.415154e+01
4.864763e+01
3.945670e+01
3.479734e+01
3.329601e+01
2.334752e+01
2.089359e+01
1.951467e+01
1.489385e+01
1.414717e+01
1.183702e+01
1.112838e+01
1.018797e+01
8.840166e+00
7.781540e+00
6.764927e+00
6.457085e+00
5.346961e+00
5.160187e+00
4.134445e+00
3.762673e+00
3.329139e+00
2.669795e+00
2.446523e+00
2.000096e+00
1.677455e+00
1.429787e+00
1.116636e+00
1.058704e+00
9.208219e-01
5.793284e-01
5.165408e-01
4.515703e-01
4.036129e-01
3.154041e-01
2.495421e-01
1.722352e-01
1.484632e-01
1.241619e-01
9.969001e-02
8.402111e-02
7.926925e-02
6.925101e-02
6.278940e-02
3.780710e-02
3.396575e-02
3.317192e-02
2.716541e-02
2.329323e-02
1.338051e-02
1.219920e-02
1.197403e-02
7.934167e-03
5.868278e-03
4.743352e-03
4.171196e-03
3.668971e-03
2.809907e-03
2.170477e-03
2.052783e-03
1.875117e-03
1.721561e-03
1.644864e-03
1.515926e-03
1.250152e-03
1.176198e-03
1.006411e-03
8.811599e-04
8.661735e-04
8.455651e-04
7.803180e-04
7.256614e-04
6.977273e-04
6.450888e-04
6.392295e-04
6.298012e-04
6.167202e-04
6.031172e-04
5.843410e-04
5.608503e-04
5.494604e-04
5.380036e-04
5.333895e-04
5.160789e-04
5.084909e-04
4.988451e-04
4.871415e-04
4.756127e-04
4.705383e-04
4.623889e-04
4.607990e-04
4.531959e-04
4.480763e-04
4.450975e-04
4.373845e-04
4.287770e-04
4.208050e-04
4.187574e-04
4.108825e-04
4.099644e-04
4.005411e-04
3.957714e-04
3.916485e-04
3.888552e-04
3.824151e-04
3.791994e-04
3.725682e-04
3.685151e-04
3.652058e-04
3.580296e-04
3.553427e-04
3.534422e-04
3.458174e-04
3.429138e-04
3.377967e-04
3.340299e-04
3.308373e-04
3.242684e-04
3.213607e-04
3.129450e-04
3.092090e-04
3.066648e-04
3.054187e-04
3.021318e-04
2.985642e-04
2.934149e-04
2.909931e-04
2.890547e-04
2.863453e-04
2.820188e-04
2.793461e-04
2.752690e-04
2.735106e-04
2.708688e-04
2.665191e-04
2.615148e-04
2.613637e-04
2.589555e-04
2.534769e-04
2.505713e-04
2.481796e-04
2.448452e-04
2.422884e-04
2.407173e-04
2.384199e-04
2.375527e-04
2.343776e-04
2.288279e-04
2.239590e-04
2.216947e-04
2.181210e-04
2.145552e-04
2.130259e-04
2.112577e-04
2.058244e-04
2.050705e-04
2.025607e-04
1.994974e-04
1.974768e-04
1.950837e-04
1.888060e-04
1.851398e-04
1.837423e-04
1.810144e-04
1.799386e-04
1.788181e-04
1.748077e-04
1.709629e-04
1.707754e-04
1.687742e-04
1.651010e-04
1.618849e-04
1.605649e-04
1.595511e-04
1.531404e-04
1.517679e-04
1.507558e-04
1.496004e-04
1.454837e-04
1.429690e-04
1.399185e-04
1.380159e-04
1.349079e-04
1.343859e-04
1.318684e-04
1.285766e-04
1.277234e-04
1.268392e-04
1.222411e-04
1.202404e-04
1.182904e-04
1.109697e-04
1.092105e-04
1.067658e-04
1.064082e-04
1.042452e-04
1.016359e-04
9.826240e-05
9.470974e-05
9.433641e-05
8.757470e-05
8.689442e-05
8.563389e-05
8.377621e-05
8.184098e-05
8.001657e-05
7.679468e-05
7.493600e-05
7.241251e-05
7.124020e-05
6.906025e-05
6.738734e-05
6.536164e-05
6.431009e-05
5.896371e-05
5.801719e-05
5.462553e-05
5.217990e-05
5.111026e-05
4.824133e-05
4.553089e-05
4.105112e-05
4.001212e-05
3.921799e-05
3.341660e-05
3.220957e-05
3.048092e-05
2.840264e-05
2.537144e-05
2.498334e-05
1.953757e-05
1.602449e-05
1.510436e-05
1.339504e-05
1.135886e-05
7.729095e-06
7.164413e-06
3.413739e-06
1.965544e-06
-1.600668e-14
-8.524242e-14
-1.544361e-13
-4.466822e-07
-3.121319e-06
-3.758803e-06
-8.623533e-06
-1.001111e-05
-1.310517e-05
-1.519834e-05
-1.624976e-05
-1.786260e-05
-1.998031e-05
-2.174508e-05
-2.421374e-05
-2.459788e-05
-3.076444e-05
-3.270015e-05
-3.463002e-05
-3.753681e-05
-3.889870e-05
-3.978162e-05
-4.321161e-05
-4.432563e-05
-4.692807e-05
-5.003993e-05
-5.297006e-05
-5.565514e-05
-6.173860e-05
-6.307817e-05
-6.519321e-05
-6.755121e-05
-6.971622e-05
-7.084593e-05
-7.491060e-05
-7.579254e-05
-7.903400e-05
-8.215009e-05
-8.571801e-05
-8.688594e-05
-8.811878e-05
-9.238106e-05
-9.340702e-05
-9.651114e-05
-9.940351e-05
-1.012032e-04
-1.030058e-04
-1.079923e-04
-1.103968e-04
-1.127084e-04
-1.152676e-04
-1.178906e-04
-1.187723e-04
-1.212640e-04
-1.257579e-04
-1.289770e-04
-1.315998e-04
-1.342451e-04
-1.385412e-04
-1.401892e-04
-1.428794e-04
-1.438796e-04
-1.456020e-04
-1.493273e-04
-1.507415e-04
-1.523543e-04
-1.560373e-04
-1.614501e-04
-1.660749e-04
-1.674612e-04
-1.685268e-04
-1.735147e-04
-1.760899e-04
-1.804910e-04
-1.813458e-04
-1.853590e-04
-1.870895e-04
-1.930247e-04
-1.949086e-04
-1.983374e-04
-2.001621e-04
-2.024950e-04
-2.047962e-04
-2.089182e-04
-2.122162e-04
-2.152262e-04
-2.182326e-04
-2.240538e-04
-2.254825e-04
-2.308637e-04
-2.334954e-04
-2.383209e-04
-2.400659e-04
-2.483708e-04
-2.509723e-04
-2.570265e-04
-2.581050e-04
-2.605809e-04
-2.662746e-04
-2.708290e-04
-2.763260e-04
-2.797590e-04
-2.893136e-04
-2.933584e-04
-3.018891e-04
-3.090241e-04
-3.135621e-04
-3.195027e-04
-3.255783e-04
-3.266172e-04
-3.290169e-04
-3.384686e-04
-3.460186e-04
-3.592407e-04
-3.726227e-04
-3.788220e-04
-3.885351e-04
-4.016159e-04
-4.123994e-04
-4.286789e-04
-4.531064e-04
-4.805939e-04
-5.869895e-04
-7.203745e-04
-9.418488e-04
