2.222824e+12
2.068800e+12
1.520823e+12
1.407238e+12
1.344997e+12
1.287979e+12
1.250531e+12
1.137457e+12
1.073843e+12
1.065907e+12
9.947616e+11
9.542892e+11
8.785075e+11
8.389823e+11
8.090362e+11
7.852681e+11
7.313547e+11
6.953476e+11
6.591415e+11
6.550948e+11
6.258474e+11
6.199930e+11
5.657347e+11
5.571255e+11
5.280969e+11
4.842844e+11
4.800543e+11
4.582629e+11
4.409655e+11
4.298051e+11
4.039405e+11
4.002001e+11
3.936745e+11
3.695372e+11
3.565813e+11
3.481447e+11
3.389349e+11
3.224140e+11
3.102575e+11
2.984647e+11
2.949226e+11
2.844756e+11
2.761792e+11
2.722322e+11
2.596488e+11
2.537438e+11
2.467545e+11
2.356422e+11
2.333480e+11
2.261935e+11
2.209075e+11
2.111307e+11
2.024911e+11
1.982176e+11
1.945685e+11
1.897154e+11
1.866416e+11
1.797428e+11
1.744322e+11
1.736164e+11
1.689102e+11
1.624078e+11
1.570178e+11
1.553010e+11
1.484383e+11
1.478134e+11
1.443042e+11
1.390009e+11
1.340248e+11
1.331857e+11
1.314108e+11
1.298337e+11
1.197243e+11
1.194931e+11
1.162300e+11
1.146869e+11
1.133840e+11
1.111931e+11
1.091560e+11
1.075552e+11
1.066054e+11
1.037782e+11
1.023244e+11
9.912603e+10
9.727622e+10
9.468132e+10
9.160792e+10
9.052899e+10
8.996132e+10
8.644902e+10
8.580443e+10
8.375423e+10
8.325435e+10
8.179764e+10
7.992250e+10
7.705865e+10
7.610447e+10
7.472386e+10
7.465460e+10
7.327488e+10
7.153614e+10
7.080088e+10
6.958971e+10
6.723927e+10
6.674546e+10
6.644129e+10
6.500296e+10
6.252338e+10
6.159818e+10
5.953103e+10
5.838879e+10
5.772578e+10
5.666229e+10
5.555126e+10
5.412333e+10
5.203013e+10
5.102088e+10
5.054046e+10
4.881381e+10
4.484559e+10
4.355740e+10
4.106000e+10
3.345628e+10
2.843746e+10
2.600579e+10
1.688475e+10
1.283581e+10
8.667806e+09
