8.729873e+04
3.403283e+03
2.365715e+03
1.703464e+03
1.068283e+03
7.266992e+02
5.735106e+02
4.264973e+02
2.927629e+02
2.698991e+02
2.404634e+02
2.135778e+02
1.894318e+02
1.733505e+02
1.601282e+02
1.545050e+02
1.381714e+02
1.319955e+02
1.193522e+02
1.159805e+02
1.015934e+02
9.797751e+01
9.637755e+01
8.530649e+01
8.256594e+01
8.027427e+01
7.097345e+01
6.962125e+01
6.265232e+01
6.009861e+01
5.724417e+01
5.319785e+01
5.111294e+01
4.593397e+01
4.160987e+01
4.029655e+01
3.845566e+01
3.648004e+01
3.560381e+01
3.035003e+01
2.762093e+01
2.674054e+01
2.587943e+01
2.501437e+01
2.112299e+01
2.065980e+01
1.896085e+01
1.789629e+01
1.673115e+01
1.563217e+01
1.461327e+01
1.374216e+01
1.271723e+01
1.242148e+01
1.144817e+01
1.062354e+01
1.034123e+01
9.757111e+00
8.887009e+00
7.770081e+00
7.537255e+00
7.365171e+00
7.070052e+00
6.494513e+00
6.456593e+00
5.740934e+00
5.020272e+00
4.844126e+00
4.728214e+00
4.339229e+00
3.601389e+00
3.398889e+00
3.289066e+00
3.071829e+00
2.551594e+00
2.387435e+00
2.255934e+00
1.973875e+00
1.865752e+00
1.837134e+00
1.704334e+00
1.639369e+00
1.611865e+00
1.525930e+00
1.399207e+00
1.329148e+00
1.265657e+00
1.156189e+00
1.072030e+00
1.012426e+00
9.949881e-01
9.438786e-01
8.984171e-01
8.043657e-01
7.869060e-01
7.370966e-01
7.118662e-01
6.909828e-01
6.635239e-01
6.136709e-01
5.595408e-01
5.372581e-01
5.037378e-01
4.731055e-01
4.600124e-01
4.262714e-01
3.999143e-01
3.699788e-01
3.629121e-01
3.436830e-01
3.336032e-01
3.167650e-01
3.015783e-01
2.847337e-01
2.670872e-01
2.418212e-01
2.246936e-01
2.190278e-01
2.107561e-01
1.977539e-01
1.848097e-01
1.718137e-01
1.607537e-01
1.600176e-01
1.386934e-01
1.310008e-01
1.219363e-01
1.154078e-01
1.131984e-01
1.088729e-01
1.057557e-01
8.641062e-02
8.375807e-02
8.030677e-02
7.699965e-02
7.162279e-02
6.892044e-02
6.628439e-02
5.859542e-02
5.657501e-02
5.476753e-02
5.169870e-02
4.751456e-02
4.692089e-02
4.225722e-02
3.762281e-02
3.728583e-02
3.404911e-02
3.270873e-02
3.042066e-02
2.903528e-02
2.825111e-02
2.617657e-02
2.529131e-02
2.451372e-02
2.311826e-02
2.221053e-02
2.066846e-02
1.951872e-02
1.912712e-02
1.778845e-02
1.681954e-02
1.593608e-02
1.487340e-02
1.460039e-02
1.389217e-02
1.341649e-02
1.236595e-02
1.178161e-02
1.037689e-02
9.660461e-03
9.092532e-03
8.831661e-03
8.141416e-03
7.595529e-03
6.990439e-03
6.572413e-03
5.975086e-03
5.501834e-03
5.105547e-03
5.037082e-03
4.822955e-03
4.455682e-03
4.271892e-03
4.080541e-03
3.950897e-03
3.790031e-03
3.319001e-03
3.251261e-03
3.173839e-03
2.844593e-03
2.727796e-03
2.562193e-03
2.427975e-03
2.281022e-03
2.207682e-03
2.130417e-03
2.038216e-03
1.914275e-03
1.869106e-03
1.811705e-03
1.769036e-03
1.707364e-03
1.666467e-03
1.620231e-03
1.565536e-03
1.532430e-03
1.458425e-03
1.443924e-03
1.397731e-03
1.363238e-03
1.334953e-03
1.293415e-03
1.254912e-03
1.228902e-03
1.188781e-03
1.176297e-03
1.163127e-03
1.152464e-03
1.117168e-03
1.105619e-03
1.085961e-03
1.073051e-03
1.067253e-03
1.051379e-03
1.031836e-03
1.007817e-03
9.897384e-04
9.813005e-04
9.668160e-04
9.381525e-04
9.294426e-04
9.271304e-04
9.106992e-04
9.063293e-04
8.964755e-04
8.880840e-04
8.648746e-04
8.566533e-04
8.481788e-04
8.237277e-04
8.202023e-04
8.065400e-04
8.042291e-04
7.778138e-04
7.706858e-04
7.529712e-04
7.502321e-04
7.422385e-04
7.282393e-04
7.164224e-04
7.092283e-04
7.015357e-04
6.737337e-04
6.714365e-04
6.697460e-04
6.632241e-04
6.526555e-04
6.467139e-04
6.362991e-04
6.194562e-04
6.143631e-04
5.979057e-04
5.913981e-04
5.772202e-04
5.685221e-04
5.602597e-04
5.468697e-04
5.360670e-04
5.325385e-04
5.250340e-04
5.106773e-04
5.048775e-04
4.882608e-04
4.848016e-04
4.729680e-04
4.609482e-04
4.560495e-04
4.483174e-04
4.373973e-04
4.333520e-04
4.170616e-04
4.085337e-04
3.888997e-04
3.866373e-04
3.679897e-04
3.606356e-04
3.547979e-04
3.377429e-04
3.343858e-04
3.239980e-04
3.199306e-04
3.125000e-04
3.006596e-04
2.884412e-04
2.794425e-04
2.767889e-04
2.585122e-04
2.570196e-04
2.376225e-04
2.301484e-04
2.209335e-04
2.199215e-04
2.036314e-04
1.947400e-04
1.847981e-04
1.797265e-04
1.757355e-04
1.575384e-04
1.532071e-04
1.412374e-04
1.340754e-04
1.288398e-04
1.171388e-04
1.123537e-04
1.050398e-04
8.056104e-05
7.676315e-05
6.370437e-05
5.912858e-05
5.196234e-05
3.752047e-05
3.398906e-05
2.614266e-05
9.102504e-06
4.373932e-06
1.338528e-13
1.012472e-13
7.595761e-14
1.731193e-14
-5.051001e-14
-1.186134e-13
-1.491147e-13
-1.575095e-06
-1.285226e-05
-3.253606e-05
-3.699790e-05
-4.577336e-05
-4.892566e-05
-5.471827e-05
-6.703451e-05
-8.226568e-05
-8.278861e-05
-1.007024e-04
-1.161934e-04
-1.232090e-04
-1.267818e-04
-1.363129e-04
-1.438820e-04
-1.615603e-04
-1.733527e-04
-1.830980e-04
-1.870799e-04
-2.139657e-04
-2.217165e-04
-2.362004e-04
-2.584453e-04
-2.588006e-04
-2.684577e-04
-2.746868e-04
-2.901878e-04
-3.016219e-04
-3.146536e-04
-3.217452e-04
-3.331158e-04
-3.534568e-04
-3.582609e-04
-3.688825e-04
-3.867655e-04
-4.023690e-04
-4.118982e-04
-4.289683e-04
-4.473984e-04
-4.614326e-04
-4.803460e-04
-4.877814e-04
-5.008443e-04
-5.120099e-04
-5.289658e-04
-5.469720e-04
-5.566717e-04
-5.906669e-04
-6.055561e-04
-6.396264e-04
