2.072677e+05
2.377555e+04
6.754987e+03
1.688330e+03
2.614784e+02
3.424667e+01
1.216552e+01
6.505632e+00
1.344298e+00
3.190684e-01
6.546140e-02
5.091267e-02
4.037378e-02
3.304862e-02
3.163771e-02
2.933065e-02
2.264446e-02
2.168723e-02
1.919286e-02
1.885616e-02
1.692968e-02
1.623952e-02
1.544110e-02
1.480817e-02
1.382644e-02
1.331050e-02
1.243216e-02
1.165002e-02
1.127130e-02
1.076389e-02
1.029742e-02
1.011474e-02
9.700003e-03
9.607701e-03
9.089918e-03
8.821693e-03
8.748298e-03
8.279872e-03
7.897606e-03
7.609665e-03
7.427888e-03
7.197664e-03
6.778994e-03
6.554080e-03
6.184067e-03
5.677102e-03
5.562166e-03
5.420769e-03
5.072344e-03
4.952577e-03
4.691008e-03
4.580977e-03
4.350312e-03
4.219560e-03
4.048812e-03
3.917634e-03
3.824955e-03
3.543692e-03
3.280981e-03
3.117068e-03
2.987341e-03
2.781905e-03
2.567172e-03
2.451925e-03
2.319401e-03
2.104089e-03
2.015276e-03
1.963409e-03
1.876462e-03
1.754987e-03
1.681694e-03
1.502925e-03
1.430389e-03
1.294569e-03
1.219403e-03
1.131476e-03
1.042466e-03
9.214824e-04
8.813841e-04
8.495636e-04
7.457173e-04
6.339219e-04
6.187246e-04
4.775870e-04
4.150947e-04
3.733391e-04
1.589936e-04
1.002045e-04
-2.690206e-06
-1.126854e-04
-2.608584e-04
-3.653218e-04
-6.567331e-04
-8.717428e-04
-1.303371e-03
-1.378373e-03
-1.587990e-03
-2.046592e-03
-2.389873e-03
-2.720813e-03
-3.245023e-03
-3.771134e-03
-3.905066e-03
-4.478935e-03
-5.469656e-03
-5.558800e-03
-6.038736e-03
-6.474101e-03
-7.131890e-03
-8.225916e-03
-8.479163e-03
-1.016051e-02
-1.112135e-02
-1.312866e-02
-1.343808e-02
-1.458636e-02
-1.515173e-02
-1.743656e-02
-1.979256e-02
-2.150042e-02
-2.565285e-02
-2.836254e-02
-3.217511e-02
-3.606115e-02
-4.190947e-02
-5.431088e-02
-7.619625e-02
-9.885167e-02
