5.919279e+04
1.070880e+04
5.407212e+03
1.709426e+03
8.759721e+02
7.163577e+02
5.973174e+02
3.225127e+02
2.684174e+02
2.182466e+02
1.687557e+02
1.443046e+02
9.489722e+01
8.895822e+01
7.265014e+01
6.420351e+01
6.333652e+01
5.089369e+01
4.892683e+01
3.810128e+01
2.931114e+01
2.644923e+01
2.321579e+01
1.822168e+01
1.594674e+01
1.398087e+01
1.219549e+01
1.062921e+01
9.065248e+00
8.861794e+00
7.276122e+00
6.918795e+00
4.903805e+00
4.768230e+00
4.497659e+00
4.224643e+00
3.048846e+00
2.614710e+00
2.343382e+00
1.659479e+00
1.329309e+00
1.053984e+00
8.728457e-01
7.893441e-01
6.806983e-01
5.691518e-01
4.879299e-01
4.469708e-01
3.384819e-01
3.172884e-01
2.351533e-01
1.754807e-01
1.429819e-01
1.027030e-01
8.881316e-02
8.332969e-02
6.954311e-02
6.218892e-02
4.069772e-02
3.722517e-02
3.089724e-02
1.957044e-02
1.745383e-02
1.211908e-02
1.075471e-02
7.671554e-03
6.786651e-03
6.151953e-03
5.698998e-03
4.851759e-03
3.584955e-03
3.492457e-03
2.544746e-03
2.446885e-03
2.224788e-03
1.749930e-03
1.590300e-03
1.439861e-03
1.309494e-03
1.087050e-03
1.034608e-03
9.559689e-04
8.913422e-04
8.449646e-04
7.953774e-04
7.767068e-04
7.044157e-04
6.449370e-04
6.194729e-04
6.173651e-04
6.064036e-04
5.725751e-04
5.536869e-04
5.442150e-04
5.334256e-04
5.148906e-04
5.139358e-04
5.046594e-04
4.948661e-04
4.828322e-04
4.796354e-04
4.767416e-04
4.690236e-04
4.611900e-04
4.567833e-04
4.451588e-04
4.420856e-04
4.369628e-04
4.331219e-04
4.301928e-04
4.196006e-04
4.190922e-04
4.107246e-04
4.007319e-04
3.978679e-04
3.942082e-04
3.904444e-04
3.862799e-04
3.851690e-04
3.790180e-04
3.742148e-04
3.677937e-04
3.626479e-04
3.601486e-04
3.537701e-04
3.503305e-04
3.480944e-04
3.424841e-04
3.375451e-04
3.336729e-04
3.279537e-04
3.267463e-04
3.210046e-04
3.176480e-04
3.102300e-04
3.092825e-04
3.040251e-04
3.015229e-04
2.996080e-04
2.924656e-04
2.876209e-04
2.831283e-04
2.803894e-04
2.799707e-04
2.776145e-04
2.771710e-04
2.712543e-04
2.671903e-04
2.656060e-04
2.603978e-04
2.577933e-04
2.551919e-04
2.523416e-04
2.499821e-04
2.493148e-04
2.445655e-04
2.420312e-04
2.411263e-04
2.370811e-04
2.326804e-04
2.305720e-04
2.259280e-04
2.238903e-04
2.204104e-04
2.186676e-04
2.138782e-04
2.121647e-04
2.091401e-04
2.043973e-04
2.023526e-04
2.006441e-04
1.980826e-04
1.962345e-04
1.938146e-04
1.888707e-04
1.860576e-04
1.829445e-04
1.822138e-04
1.787061e-04
1.764914e-04
1.688083e-04
1.672285e-04
1.659091e-04
1.629328e-04
1.611659e-04
1.602103e-04
1.587007e-04
1.562104e-04
1.528340e-04
1.512326e-04
1.497739e-04
1.414500e-04
1.394588e-04
1.384057e-04
1.361418e-04
1.333735e-04
1.313249e-04
1.298846e-04
1.272184e-04
1.255951e-04
1.227197e-04
1.211669e-04
1.192728e-04
1.174598e-04
1.168453e-04
1.140305e-04
1.113394e-04
1.089377e-04
1.068300e-04
1.017660e-04
9.966474e-05
9.668386e-05
9.411631e-05
9.131181e-05
8.848027e-05
8.731909e-05
8.496680e-05
8.103952e-05
7.952563e-05
7.755668e-05
7.629528e-05
7.373852e-05
6.868177e-05
6.701962e-05
6.613218e-05
6.380342e-05
6.241904e-05
5.982997e-05
5.704545e-05
5.537517e-05
5.178008e-05
4.981588e-05
4.784563e-05
4.711542e-05
4.608335e-05
4.239957e-05
4.193125e-05
3.714445e-05
3.521339e-05
3.176586e-05
2.953553e-05
2.636179e-05
2.274784e-05
2.039266e-05
2.019436e-05
1.779106e-05
1.383324e-05
1.085253e-05
8.196805e-06
7.442868e-06
2.902988e-06
2.125411e-06
1.257546e-06
5.396067e-14
4.885249e-15
-1.825519e-14
-6.849011e-14
-3.348129e-06
-3.955521e-06
-6.952082e-06
-1.119573e-05
-1.265984e-05
-1.420146e-05
-1.806637e-05
-1.967445e-05
-2.307511e-05
-2.464244e-05
-2.637124e-05
-2.944955e-05
-2.990675e-05
-3.241605e-05
-3.401046e-05
-3.776371e-05
-4.202467e-05
-4.419806e-05
-4.515481e-05
-4.734703e-05
-4.898563e-05
-5.194814e-05
-5.464027e-05
-5.772223e-05
-5.816163e-05
-6.038828e-05
-6.359718e-05
-6.553528e-05
-6.817457e-05
-7.145627e-05
-7.193955e-05
-7.331715e-05
-7.730017e-05
-7.976405e-05
-8.219265e-05
-8.406601e-05
-8.746878e-05
-8.827892e-05
-9.340949e-05
-9.586701e-05
-9.873453e-05
-1.018870e-04
-1.048978e-04
-1.050861e-04
-1.100905e-04
-1.126809e-04
-1.139925e-04
-1.163373e-04
-1.199192e-04
-1.205949e-04
-1.251233e-04
-1.257800e-04
-1.310826e-04
-1.322235e-04
-1.343902e-04
-1.379626e-04
-1.402554e-04
-1.431941e-04
-1.448215e-04
-1.516581e-04
-1.525892e-04
-1.550724e-04
-1.570432e-04
-1.595195e-04
-1.624902e-04
-1.669993e-04
-1.688572e-04
-1.713720e-04
-1.750586e-04
-1.754852e-04
-1.791048e-04
-1.838420e-04
-1.860178e-04
-1.868358e-04
-1.915729e-04
-1.922593e-04
-1.977837e-04
-1.994532e-04
-1.996367e-04
-2.047013e-04
-2.063998e-04
-2.083995e-04
-2.135083e-04
-2.160352e-04
-2.176889e-04
-2.238178e-04
-2.293587e-04
-2.320971e-04
-2.378970e-04
-2.409202e-04
-2.448283e-04
-2.481701e-04
-2.512056e-04
-2.537608e-04
-2.570601e-04
-2.628709e-04
-2.670160e-04
-2.716004e-04
-2.734198e-04
-2.769053e-04
-2.836057e-04
-2.875213e-04
-2.951323e-04
-2.978300e-04
-3.033405e-04
-3.078707e-04
-3.141989e-04
-3.196783e-04
-3.263969e-04
-3.308514e-04
-3.400527e-04
-3.406179e-04
-3.473786e-04
-3.535843e-04
-3.571031e-04
-3.697141e-04
-3.732864e-04
-3.872995e-04
-3.973015e-04
-4.189779e-04
-4.242370e-04
-4.359768e-04
-4.619907e-04
-5.571238e-04
-6.551414e-04
-8.640458e-04
-1.237081e-03
