9.072915e+09
1.094951e+09
3.152042e+08
1.469469e+08
1.247991e+08
9.179179e+07
7.280728e+07
5.024214e+07
4.856448e+07
3.535516e+07
3.242047e+07
2.973738e+07
2.005322e+07
1.876501e+07
1.759979e+07
1.734975e+07
1.186876e+07
1.119672e+07
1.025924e+07
9.211528e+06
7.695936e+06
6.934261e+06
5.463080e+06
5.047473e+06
4.598242e+06
4.058022e+06
3.834159e+06
3.342800e+06
2.998160e+06
2.961308e+06
2.387800e+06
2.034203e+06
1.881580e+06
1.852496e+06
1.409032e+06
1.307536e+06
1.148347e+06
1.080913e+06
9.323444e+05
8.519415e+05
6.832953e+05
6.678944e+05
6.341436e+05
6.224244e+05
5.743618e+05
5.061821e+05
4.696025e+05
4.073175e+05
3.838506e+05
3.245403e+05
2.952802e+05
2.256022e+05
2.065223e+05
1.793931e+05
1.705854e+05
1.537374e+05
1.432090e+05
1.204848e+05
1.135612e+05
8.994316e+04
8.557171e+04
7.100210e+04
6.164288e+04
5.149664e+04
4.828028e+04
4.166402e+04
3.709814e+04
3.443687e+04
2.864993e+04
2.362934e+04
2.106476e+04
1.740146e+04
1.402265e+04
1.154957e+04
1.129551e+04
9.588734e+03
7.948464e+03
6.445885e+03
4.941592e+03
3.134899e+03
1.943876e+03
1.510324e+03
1.198889e+03
1.121710e+03
1.039492e+03
9.295256e+02
6.296595e+02
5.032773e+02
3.324460e+02
2.979362e+02
2.495839e+02
1.965134e+02
1.357206e+02
1.182203e+02
1.010824e+02
5.411125e+01
3.358949e+01
3.013662e+01
2.142195e+01
1.923653e+01
1.286173e+01
9.835877e+00
7.098381e+00
5.099997e+00
4.386174e+00
3.796297e+00
2.692698e+00
2.119639e+00
1.518778e+00
6.697961e-01
5.232815e-01
4.379070e-01
3.492830e-01
3.306812e-01
2.664756e-01
2.062699e-01
1.786673e-01
1.557305e-01
1.052452e-01
8.610722e-02
3.409638e-02
9.402771e-03
-6.858592e-03
-5.205222e-02
-1.099159e-01
-1.462215e-01
-2.681609e-01
-4.559631e+01
