7.210067e+04
8.759990e+02
4.635998e+02
1.448363e+01
4.542716e+00
1.769316e+00
2.437659e-01
2.411553e-02
1.940808e-02
4.416912e-03
1.349735e-03
1.279246e-03
1.213095e-03
1.187369e-03
1.172122e-03
1.161350e-03
1.152452e-03
1.124757e-03
1.085186e-03
1.066067e-03
1.051426e-03
1.044270e-03
1.026446e-03
1.016885e-03
9.916518e-04
9.803746e-04
9.744407e-04
9.655267e-04
9.534205e-04
9.417392e-04
9.362399e-04
9.203015e-04
9.063880e-04
8.986530e-04
8.874749e-04
8.777367e-04
8.723882e-04
8.542521e-04
8.499178e-04
8.486481e-04
8.365259e-04
8.294331e-04
8.243556e-04
8.124747e-04
8.082447e-04
7.980989e-04
7.944563e-04
7.889410e-04
7.815089e-04
7.783049e-04
7.678695e-04
7.661271e-04
7.556790e-04
7.524135e-04
7.510007e-04
7.445178e-04
7.379086e-04
7.335866e-04
7.271148e-04
7.214814e-04
7.108488e-04
7.053367e-04
7.000322e-04
6.979482e-04
6.915967e-04
6.860208e-04
6.840554e-04
6.754440e-04
6.731763e-04
6.651129e-04
6.641969e-04
6.605792e-04
6.569976e-04
6.479108e-04
6.442604e-04
6.408623e-04
6.387958e-04
6.336020e-04
6.301423e-04
6.268315e-04
6.212028e-04
6.168943e-04
6.153579e-04
6.098553e-04
6.062593e-04
6.028427e-04
6.000130e-04
5.984395e-04
5.949650e-04
5.873001e-04
5.795449e-04
5.786443e-04
5.764381e-04
5.693146e-04
5.649229e-04
5.578214e-04
5.543982e-04
5.512056e-04
5.478613e-04
5.459344e-04
5.393453e-04
5.346519e-04
5.329560e-04
5.293285e-04
5.219607e-04
5.208020e-04
5.159300e-04
5.139141e-04
5.109363e-04
5.052770e-04
5.033357e-04
4.995095e-04
4.957046e-04
4.939982e-04
4.907486e-04
4.850482e-04
4.804266e-04
4.773947e-04
4.741775e-04
4.712687e-04
4.667022e-04
4.647117e-04
4.624689e-04
4.591087e-04
4.539080e-04
4.507415e-04
4.457451e-04
4.420766e-04
4.408597e-04
4.381554e-04
4.362145e-04
4.343803e-04
4.286338e-04
4.279336e-04
4.236439e-04
4.180208e-04
4.172124e-04
4.084927e-04
4.042711e-04
4.035807e-04
4.010068e-04
3.958470e-04
3.951538e-04
3.945457e-04
3.922841e-04
3.889634e-04
3.837573e-04
3.822424e-04
3.814964e-04
3.762912e-04
3.735322e-04
3.716697e-04
3.695075e-04
3.650276e-04
3.621651e-04
3.568658e-04
3.547065e-04
3.507965e-04
3.483848e-04
3.439180e-04
3.426799e-04
3.391771e-04
3.379686e-04
3.349243e-04
3.321769e-04
3.278144e-04
3.257979e-04
3.234803e-04
3.212151e-04
3.193223e-04
3.157863e-04
3.138436e-04
3.081461e-04
3.043237e-04
3.038919e-04
3.003257e-04
2.996812e-04
2.947116e-04
2.933945e-04
2.886219e-04
2.867051e-04
2.846296e-04
2.824657e-04
2.801020e-04
2.773648e-04
2.705129e-04
2.689926e-04
2.659216e-04
2.633540e-04
2.628230e-04
2.588501e-04
2.551528e-04
2.533636e-04
2.486463e-04
2.465054e-04
2.431563e-04
2.408434e-04
2.393533e-04
2.345547e-04
2.295717e-04
2.275834e-04
2.260823e-04
2.247588e-04
2.242249e-04
2.187892e-04
2.158504e-04
2.130543e-04
2.069019e-04
2.056294e-04
2.014552e-04
1.977295e-04
1.962386e-04
1.950574e-04
1.929643e-04
1.872257e-04
1.845842e-04
1.816670e-04
1.801339e-04
1.766781e-04
1.723474e-04
1.711252e-04
1.696530e-04
1.656449e-04
1.632290e-04
1.598035e-04
1.561450e-04
1.559640e-04
1.543424e-04
1.497656e-04
1.458788e-04
1.443357e-04
1.419243e-04
1.386162e-04
1.361883e-04
1.305736e-04
1.273473e-04
1.254102e-04
1.240458e-04
1.231272e-04
1.175400e-04
1.137125e-04
1.122667e-04
1.086273e-04
1.073937e-04
1.037534e-04
1.007258e-04
9.866033e-05
9.773148e-05
9.603409e-05
8.984361e-05
8.768602e-05
8.614565e-05
8.439762e-05
7.770089e-05
7.575794e-05
7.548475e-05
7.068375e-05
6.870505e-05
6.498369e-05
6.344335e-05
6.233887e-05
5.786053e-05
5.615721e-05
5.168181e-05
5.034134e-05
4.875422e-05
4.600188e-05
4.365407e-05
4.147573e-05
3.619762e-05
3.319541e-05
3.140671e-05
2.687168e-05
2.581001e-05
2.256314e-05
1.930594e-05
1.799220e-05
1.480879e-05
1.339370e-05
9.764660e-06
4.698300e-06
4.431410e-06
1.013902e-06
1.079971e-13
3.125405e-14
-2.590973e-14
-9.000708e-14
-1.370217e-13
-2.974388e-06
-4.622295e-06
-1.109041e-05
-1.151376e-05
-1.617362e-05
-1.695593e-05
-1.944362e-05
-2.344550e-05
-2.528294e-05
-2.793268e-05
-3.029545e-05
-3.277158e-05
-3.443871e-05
-4.097376e-05
-4.311574e-05
-4.709897e-05
-4.798621e-05
-5.183968e-05
-5.352673e-05
-5.505207e-05
-5.561320e-05
-6.429387e-05
-6.495186e-05
-6.652223e-05
-6.837334e-05
-7.226501e-05
-7.769203e-05
-7.995889e-05
-8.228854e-05
-8.375450e-05
-8.718485e-05
-8.997453e-05
-9.303692e-05
-9.873910e-05
-9.955521e-05
-1.013164e-04
-1.044861e-04
-1.101589e-04
-1.138827e-04
-1.173421e-04
-1.185961e-04
-1.209618e-04
-1.242102e-04
-1.276518e-04
-1.288501e-04
-1.339726e-04
-1.384885e-04
-1.411008e-04
-1.432971e-04
-1.491530e-04
-1.514408e-04
-1.543383e-04
-1.604474e-04
-1.618135e-04
-1.651486e-04
-1.681984e-04
-1.719800e-04
-1.741602e-04
-1.800224e-04
-1.859610e-04
-1.882412e-04
-1.904721e-04
-1.946235e-04
-1.996024e-04
-2.029971e-04
-2.082319e-04
-2.123273e-04
-2.147449e-04
-2.176468e-04
-2.239435e-04
-2.261750e-04
-2.304639e-04
-2.386407e-04
-2.416407e-04
-2.480861e-04
-2.539990e-04
-2.579622e-04
-2.632185e-04
-2.637971e-04
-2.697093e-04
-2.729977e-04
-2.749284e-04
-2.800909e-04
-2.858975e-04
-2.919055e-04
-2.946841e-04
-3.060061e-04
-3.147764e-04
-3.210149e-04
-3.246444e-04
-3.337809e-04
-3.543385e-04
-3.554494e-04
-3.618588e-04
-3.730395e-04
-4.265688e-04
