1.090139e+08
1.982940e+07
2.518467e+06
1.253964e+06
8.597902e+05
3.530539e+05
2.522034e+05
1.081361e+05
1.707787e+04
9.475741e+03
3.140959e+03
7.260848e+02
5.790339e+02
2.621669e+02
1.855839e+02
6.610373e+01
4.389202e+01
4.274492e+01
3.150259e+01
2.853199e+01
2.331589e+01
2.064008e+01
1.854574e+01
1.751057e+01
1.439602e+01
1.394457e+01
1.270459e+01
1.228112e+01
1.106751e+01
1.074779e+01
1.040005e+01
9.579761e+00
9.096825e+00
8.594695e+00
8.083352e+00
7.403256e+00
6.864950e+00
6.523610e+00
6.171949e+00
5.762907e+00
5.581606e+00
4.971710e+00
4.814218e+00
4.495102e+00
4.325008e+00
3.946618e+00
3.931725e+00
3.666959e+00
3.365732e+00
3.226796e+00
2.939777e+00
2.653609e+00
2.367951e+00
2.221826e+00
2.118091e+00
1.941207e+00
1.753983e+00
1.491788e+00
1.428692e+00
1.352589e+00
1.207967e+00
1.119301e+00
9.814200e-01
8.807775e-01
7.763105e-01
6.795141e-01
5.872442e-01
5.515008e-01
4.675622e-01
4.360390e-01
4.053534e-01
3.373924e-01
2.851419e-01
2.109276e-01
1.919637e-01
1.435087e-01
9.656493e-02
6.156918e-02
4.340628e-02
4.047446e-02
1.036232e-02
-3.440384e-02
-1.419908e-01
-1.612792e-01
-2.602968e-01
-2.788662e-01
-3.277633e-01
-3.692554e-01
-4.892656e-01
-5.367368e-01
-6.359408e-01
-6.925585e-01
-8.196943e-01
-9.758170e-01
-1.045879e+00
-1.377169e+00
-1.384105e+00
-1.615185e+00
-1.675075e+00
-1.874528e+00
-2.111913e+00
-2.248675e+00
-2.524819e+00
-2.833488e+00
-2.857731e+00
-3.515111e+00
-3.773291e+00
-4.241696e+00
-5.186196e+00
-5.575849e+00
-5.905746e+00
-6.405775e+00
-7.504987e+00
-8.140015e+00
-8.603278e+00
-9.074694e+00
-1.096753e+01
-1.135723e+01
-1.234404e+01
-1.322606e+01
-1.534921e+01
-1.781109e+01
-1.989285e+01
-3.065860e+01
-3.576067e+01
-4.128311e+01
-5.140374e+01
-7.124226e+01
