1.272639e+08
1.453073e+07
2.474020e+06
1.659576e+06
8.717846e+05
3.448171e+05
2.272274e+05
1.003340e+05
2.112431e+04
9.534718e+03
4.894740e+03
1.322276e+03
5.600717e+02
2.379881e+02
7.237404e+01
6.208105e+01
5.069553e+01
3.644891e+01
3.442118e+01
2.978673e+01
2.359094e+01
2.137753e+01
2.015567e+01
1.658249e+01
1.610277e+01
1.485728e+01
1.402060e+01
1.299016e+01
1.291737e+01
1.068964e+01
1.025323e+01
9.586057e+00
9.027575e+00
8.469049e+00
8.374201e+00
8.018576e+00
7.653975e+00
7.049206e+00
6.400503e+00
6.237839e+00
5.686303e+00
5.395229e+00
4.876468e+00
4.608808e+00
4.316127e+00
4.078544e+00
3.940861e+00
3.639996e+00
3.384594e+00
3.158097e+00
3.040751e+00
2.809506e+00
2.493593e+00
2.342186e+00
2.291633e+00
2.169341e+00
1.674182e+00
1.526632e+00
1.360489e+00
1.241763e+00
1.220518e+00
1.116094e+00
8.640769e-01
7.646039e-01
6.825099e-01
6.502717e-01
5.647470e-01
5.058033e-01
4.145753e-01
3.490717e-01
2.599779e-01
2.125019e-01
2.006798e-01
1.504471e-01
1.225588e-01
8.570190e-02
7.231908e-02
9.315822e-03
2.499697e-10
-1.194990e-02
-1.757448e-02
-6.236431e-02
-9.577031e-02
-1.207862e-01
-1.591545e-01
-1.897511e-01
-2.449447e-01
-3.147309e-01
-3.624049e-01
-4.174916e-01
-5.790992e-01
-6.473370e-01
-7.446614e-01
-7.909144e-01
-1.066608e+00
-1.222586e+00
-1.424367e+00
-1.614914e+00
-1.818475e+00
-2.041824e+00
-2.378180e+00
-2.513710e+00
-2.800101e+00
-3.126880e+00
-3.359194e+00
-3.564507e+00
-3.803366e+00
-3.868521e+00
-4.523110e+00
-5.071656e+00
-5.282396e+00
-5.764590e+00
-5.827689e+00
-7.285649e+00
-7.744347e+00
-8.635990e+00
-9.224457e+00
-1.032996e+01
-1.098703e+01
-1.423979e+01
-1.612758e+01
-2.073605e+01
-2.202257e+01
-2.338164e+01
-3.053020e+01
-4.041523e+01
-6.397659e+01
-6.907635e+01
