5.295082e+12
4.419426e+12
3.417564e+12
3.298238e+12
2.884036e+12
2.563050e+12
2.289241e+12
2.100192e+12
2.001415e+12
1.723303e+12
1.699340e+12
1.648420e+12
1.530252e+12
1.484709e+12
1.436105e+12
1.309372e+12
1.244562e+12
1.210540e+12
1.191690e+12
1.173406e+12
1.135392e+12
1.133612e+12
1.077493e+12
1.043422e+12
1.008544e+12
9.702672e+11
9.345324e+11
9.080044e+11
8.935976e+11
8.806986e+11
8.303995e+11
8.140051e+11
7.882669e+11
7.605539e+11
7.414278e+11
7.248278e+11
7.066314e+11
6.971561e+11
6.727542e+11
6.374147e+11
6.320655e+11
6.123129e+11
5.931711e+11
5.861876e+11
5.816053e+11
5.643093e+11
5.560176e+11
5.391669e+11
5.368949e+11
5.171264e+11
5.007951e+11
4.741557e+11
4.654507e+11
4.498464e+11
4.477150e+11
4.362470e+11
4.188805e+11
4.174489e+11
4.038026e+11
3.967137e+11
3.935923e+11
3.842284e+11
3.749327e+11
3.656932e+11
3.591595e+11
3.534822e+11
3.521471e+11
3.427721e+11
3.371585e+11
3.320445e+11
3.300255e+11
3.236763e+11
3.118890e+11
3.077935e+11
3.053169e+11
2.990689e+11
2.903084e+11
2.855019e+11
2.816249e+11
2.757688e+11
2.747865e+11
2.640058e+11
2.570624e+11
2.567869e+11
2.535166e+11
2.520613e+11
2.454138e+11
2.439422e+11
2.406385e+11
2.373358e+11
2.293295e+11
2.260613e+11
2.259258e+11
2.228583e+11
2.169279e+11
2.158783e+11
2.096336e+11
2.072350e+11
2.021095e+11
1.992624e+11
1.973156e+11
1.946558e+11
1.927278e+11
1.885864e+11
1.844220e+11
1.832767e+11
1.795918e+11
1.783143e+11
1.734503e+11
1.694102e+11
1.666607e+11
1.658347e+11
1.615276e+11
1.590565e+11
1.527966e+11
1.481777e+11
1.475239e+11
1.410844e+11
1.394730e+11
1.316532e+11
1.252120e+11
1.207468e+11
1.163701e+11
1.012896e+11
9.241968e+10
8.586924e+10
6.347624e+10
3.265526e+10
