2.298079e+05
2.511809e+04
4.162715e+03
1.249627e+03
2.072296e+02
2.759449e+01
1.032004e+01
4.471028e+00
1.100596e+00
1.889919e-01
6.342408e-02
5.214514e-02
4.425541e-02
3.555126e-02
3.524973e-02
2.787821e-02
2.550955e-02
2.339437e-02
2.305142e-02
2.081855e-02
1.927519e-02
1.820584e-02
1.665055e-02
1.617510e-02
1.559166e-02
1.476646e-02
1.402952e-02
1.287833e-02
1.262253e-02
1.238181e-02
1.207974e-02
1.149436e-02
1.103521e-02
1.066203e-02
1.008281e-02
9.706489e-03
9.347504e-03
8.541293e-03
8.292682e-03
8.104901e-03
7.852883e-03
7.528583e-03
7.207280e-03
6.889588e-03
6.723195e-03
6.443097e-03
6.307845e-03
6.062296e-03
5.999166e-03
5.699466e-03
5.388863e-03
5.001863e-03
4.991770e-03
4.876922e-03
4.551902e-03
4.454101e-03
4.345374e-03
4.303598e-03
4.127192e-03
4.007462e-03
3.652895e-03
3.468963e-03
3.377430e-03
3.099667e-03
2.966755e-03
2.826594e-03
2.667223e-03
2.463673e-03
2.367010e-03
2.228355e-03
1.886759e-03
1.789464e-03
1.681481e-03
1.619353e-03
1.518271e-03
1.295492e-03
1.284845e-03
1.174287e-03
1.074348e-03
9.197896e-04
8.145307e-04
7.086735e-04
5.909263e-04
4.172750e-04
1.053515e-04
7.611853e-05
-1.300965e-04
-1.701552e-04
-2.954897e-04
-7.257077e-04
-9.171155e-04
-9.552937e-04
-1.022653e-03
-1.352291e-03
-1.881528e-03
-2.254090e-03
-2.668815e-03
-2.781003e-03
-3.482312e-03
-3.587591e-03
-3.993633e-03
-4.352183e-03
-4.745461e-03
-4.927061e-03
-6.205329e-03
-6.431683e-03
-6.771951e-03
-7.407498e-03
-7.750020e-03
-8.676426e-03
-9.412502e-03
-1.033813e-02
-1.179564e-02
-1.261424e-02
-1.315589e-02
-1.377394e-02
-1.601273e-02
-1.991704e-02
-2.194629e-02
-2.496796e-02
-2.857341e-02
-3.278752e-02
-3.637677e-02
-3.804168e-02
-4.484532e-02
-5.376429e-02
-6.560090e-02
-9.617492e-02
