8.866054e+04
3.404888e+03
2.502204e+03
1.654724e+03
1.091562e+03
8.003125e+02
5.441890e+02
4.130352e+02
2.994791e+02
2.946721e+02
2.539355e+02
2.000654e+02
1.843476e+02
1.720730e+02
1.564987e+02
1.452964e+02
1.374969e+02
1.251700e+02
1.153290e+02
1.089121e+02
1.070615e+02
9.209350e+01
8.578908e+01
8.445533e+01
7.876046e+01
7.598333e+01
7.198814e+01
5.978287e+01
5.814489e+01
5.589221e+01
5.122541e+01
4.923266e+01
4.571988e+01
4.260642e+01
4.024636e+01
3.698869e+01
3.564894e+01
3.288461e+01
3.047714e+01
2.725780e+01
2.611247e+01
2.429049e+01
2.354944e+01
2.170677e+01
2.067546e+01
1.986833e+01
1.858159e+01
1.636122e+01
1.624648e+01
1.460315e+01
1.447166e+01
1.317531e+01
1.252997e+01
1.155310e+01
1.106817e+01
9.658059e+00
9.089397e+00
8.961151e+00
8.111712e+00
7.389250e+00
7.249297e+00
6.617326e+00
6.216596e+00
5.873663e+00
5.658242e+00
5.314377e+00
4.800936e+00
4.346291e+00
4.186462e+00
4.050227e+00
3.393713e+00
3.175838e+00
3.043082e+00
2.741432e+00
2.585994e+00
2.358254e+00
2.254087e+00
1.977736e+00
1.816854e+00
1.628565e+00
1.568648e+00
1.480672e+00
1.394862e+00
1.327192e+00
1.210587e+00
1.159466e+00
1.102024e+00
9.690795e-01
9.259315e-01
9.072062e-01
8.637766e-01
8.158629e-01
7.364569e-01
6.990097e-01
6.753735e-01
6.535481e-01
6.131781e-01
5.546460e-01
5.196314e-01
5.022976e-01
4.758906e-01
4.303921e-01
4.225753e-01
3.912861e-01
3.636021e-01
3.474147e-01
3.253300e-01
3.241157e-01
3.155560e-01
3.100994e-01
2.757656e-01
2.627885e-01
2.387254e-01
2.322306e-01
2.235978e-01
2.203119e-01
1.922594e-01
1.893126e-01
1.701745e-01
1.548194e-01
1.497445e-01
1.482660e-01
1.281875e-01
1.178331e-01
1.119196e-01
1.106950e-01
1.059449e-01
9.983656e-02
9.116562e-02
8.598857e-02
8.009911e-02
7.640404e-02
7.515207e-02
7.045148e-02
6.698561e-02
5.828852e-02
5.140508e-02
4.856911e-02
4.581118e-02
4.287674e-02
3.917585e-02
3.691888e-02
3.455218e-02
3.343931e-02
3.248641e-02
3.137004e-02
2.907572e-02
2.638296e-02
2.573571e-02
2.505863e-02
2.305937e-02
2.208711e-02
2.177395e-02
2.045578e-02
1.935419e-02
1.729070e-02
1.688814e-02
1.601351e-02
1.508201e-02
1.412843e-02
1.363350e-02
1.140738e-02
1.090211e-02
1.070307e-02
9.733035e-03
9.507522e-03
8.862671e-03
8.461640e-03
7.850132e-03
7.339967e-03
6.992386e-03
6.588693e-03
6.486890e-03
5.792774e-03
5.626789e-03
5.335479e-03
4.693184e-03
4.536609e-03
4.472908e-03
4.150838e-03
4.030301e-03
3.903157e-03
3.721223e-03
3.584723e-03
3.360503e-03
3.289874e-03
3.012933e-03
2.948010e-03
2.690338e-03
2.521892e-03
2.304995e-03
2.256020e-03
2.167746e-03
2.081653e-03
1.853856e-03
1.803021e-03
1.771363e-03
1.662255e-03
1.606756e-03
1.574972e-03
1.541374e-03
1.468790e-03
1.453964e-03
1.400564e-03
1.364084e-03
1.355709e-03
1.324397e-03
1.299037e-03
1.257996e-03
1.241794e-03
1.216153e-03
1.207489e-03
1.186961e-03
1.158429e-03
1.137088e-03
1.119164e-03
1.108910e-03
1.092121e-03
1.084644e-03
1.051621e-03
1.043252e-03
1.024182e-03
1.017537e-03
1.006127e-03
1.000561e-03
9.825452e-04
9.758355e-04
9.646396e-04
9.464000e-04
9.425549e-04
9.242091e-04
8.966403e-04
8.820803e-04
8.780736e-04
8.653068e-04
8.518501e-04
8.424446e-04
8.372423e-04
8.286579e-04
8.165910e-04
7.978994e-04
7.930265e-04
7.786995e-04
7.733700e-04
7.599061e-04
7.547082e-04
7.462249e-04
7.386755e-04
7.323649e-04
7.250307e-04
7.164629e-04
7.029514e-04
6.844177e-04
6.766685e-04
6.547439e-04
6.499116e-04
6.469814e-04
6.336488e-04
6.167313e-04
6.046600e-04
5.969484e-04
5.839955e-04
5.779668e-04
5.768625e-04
5.502318e-04
5.429554e-04
5.332758e-04
5.301859e-04
5.245806e-04
5.225262e-04
4.960832e-04
4.762045e-04
4.693203e-04
4.616851e-04
4.614663e-04
4.485805e-04
4.372502e-04
4.247779e-04
4.184542e-04
4.134857e-04
3.998905e-04
3.864219e-04
3.813417e-04
3.744156e-04
3.692558e-04
3.566893e-04
3.505559e-04
3.398630e-04
3.317206e-04
3.242850e-04
3.219146e-04
3.132406e-04
2.999695e-04
2.917824e-04
2.894907e-04
2.812431e-04
2.704200e-04
2.561152e-04
2.465330e-04
2.352097e-04
2.242498e-04
2.109128e-04
2.001632e-04
1.893202e-04
1.869468e-04
1.814585e-04
1.751775e-04
1.616167e-04
1.581155e-04
1.541734e-04
1.397557e-04
1.288284e-04
1.206288e-04
1.095227e-04
1.010932e-04
8.430509e-05
7.374911e-05
6.874892e-05
6.628890e-05
5.732183e-05
5.010173e-05
2.668073e-05
2.232381e-05
9.686688e-06
5.360137e-06
1.483141e-06
4.762687e-14
-8.398998e-14
-1.048648e-13
-6.743792e-06
-1.849018e-05
-2.876113e-05
-3.449567e-05
-4.587830e-05
-5.384958e-05
-7.960122e-05
-8.608171e-05
-8.853086e-05
-1.069563e-04
-1.243915e-04
-1.285029e-04
-1.321717e-04
-1.595377e-04
-1.689094e-04
-1.756365e-04
-1.804424e-04
-1.987815e-04
-2.048916e-04
-2.126055e-04
-2.217015e-04
-2.264321e-04
-2.395102e-04
-2.547951e-04
-2.554465e-04
-2.663903e-04
-2.795571e-04
-2.803024e-04
-2.965046e-04
-3.026880e-04
-3.124531e-04
-3.384843e-04
-3.456157e-04
-3.556200e-04
-3.644905e-04
-3.755909e-04
-3.850177e-04
-3.938172e-04
-4.027063e-04
-4.291929e-04
-4.386767e-04
-4.432363e-04
-4.549059e-04
-4.640118e-04
-4.789083e-04
-4.870328e-04
-5.281947e-04
-5.461603e-04
-5.569482e-04
-5.800439e-04
-5.987196e-04
-6.080396e-04
-6.314239e-04
-6.734897e-04
-6.904575e-04
