5.861793e+04
1.181597e+04
5.280136e+03
1.625422e+03
1.209013e+03
6.380938e+02
6.134597e+02
4.221559e+02
3.053293e+02
2.640123e+02
2.312248e+02
1.705080e+02
1.554394e+02
1.492757e+02
1.146808e+02
8.879201e+01
7.151649e+01
6.214529e+01
4.987561e+01
4.046366e+01
3.633454e+01
3.173600e+01
2.391654e+01
2.120450e+01
2.008135e+01
1.549488e+01
1.426084e+01
1.278266e+01
1.126104e+01
9.743737e+00
8.192543e+00
6.130894e+00
5.198749e+00
4.812832e+00
4.250378e+00
3.813977e+00
2.972222e+00
2.740704e+00
2.246806e+00
1.769475e+00
1.693395e+00
1.513155e+00
9.562473e-01
8.404102e-01
8.238605e-01
7.309175e-01
6.070618e-01
5.064276e-01
4.469412e-01
3.810064e-01
3.352582e-01
2.511699e-01
1.995686e-01
1.514214e-01
1.382248e-01
1.298980e-01
1.012732e-01
9.114227e-02
6.265640e-02
4.905373e-02
4.204078e-02
3.754289e-02
3.071296e-02
2.892291e-02
2.348217e-02
2.008965e-02
1.911630e-02
1.432459e-02
1.141760e-02
8.779057e-03
6.449686e-03
5.261519e-03
4.712092e-03
4.311855e-03
3.245046e-03
2.854522e-03
2.462709e-03
2.066670e-03
2.007452e-03
1.591382e-03
1.292288e-03
1.135723e-03
1.070312e-03
8.390982e-04
8.034908e-04
7.883837e-04
7.477314e-04
7.134181e-04
6.754673e-04
6.425573e-04
6.301558e-04
6.190636e-04
6.127548e-04
5.940571e-04
5.694442e-04
5.629336e-04
5.553499e-04
5.520261e-04
5.328527e-04
5.189010e-04
5.096680e-04
4.910574e-04
4.908905e-04
4.748533e-04
4.717150e-04
4.610461e-04
4.491864e-04
4.432322e-04
4.318070e-04
4.293553e-04
4.219498e-04
4.173337e-04
4.153522e-04
4.084108e-04
4.039427e-04
4.033187e-04
3.893428e-04
3.853894e-04
3.839294e-04
3.797795e-04
3.729211e-04
3.679563e-04
3.663187e-04
3.635824e-04
3.607629e-04
3.557063e-04
3.525113e-04
3.477304e-04
3.410859e-04
3.346448e-04
3.280852e-04
3.237760e-04
3.169123e-04
3.149162e-04
3.121310e-04
3.106394e-04
3.051196e-04
3.039780e-04
2.995467e-04
2.972749e-04
2.901892e-04
2.887409e-04
2.860989e-04
2.843713e-04
2.835084e-04
2.795621e-04
2.733654e-04
2.703082e-04
2.638005e-04
2.621526e-04
2.585960e-04
2.565594e-04
2.534451e-04
2.491959e-04
2.464921e-04
2.452506e-04
2.415389e-04
2.408057e-04
2.345756e-04
2.316450e-04
2.283853e-04
2.254262e-04
2.225322e-04
2.177544e-04
2.171822e-04
2.159167e-04
2.113706e-04
2.076710e-04
2.073553e-04
2.046308e-04
2.015616e-04
2.008035e-04
1.951956e-04
1.938872e-04
1.909459e-04
1.880686e-04
1.850244e-04
1.828352e-04
1.823750e-04
1.771852e-04
1.746416e-04
1.735865e-04
1.702146e-04
1.683383e-04
1.658832e-04
1.653022e-04
1.622242e-04
1.615082e-04
1.568721e-04
1.533268e-04
1.525112e-04
1.499398e-04
1.494484e-04
1.451642e-04
1.417445e-04
1.391791e-04
1.359030e-04
1.339613e-04
1.299884e-04
1.281380e-04
1.259972e-04
1.246742e-04
1.225766e-04
1.201654e-04
1.183146e-04
1.160426e-04
1.152955e-04
1.125807e-04
1.088694e-04
1.070604e-04
1.047731e-04
1.018098e-04
9.946868e-05
9.647739e-05
9.580926e-05
9.125811e-05
8.963006e-05
8.589251e-05
8.584856e-05
8.312109e-05
7.760645e-05
7.691989e-05
7.546921e-05
7.428575e-05
7.201527e-05
6.912959e-05
6.613007e-05
6.342927e-05
5.947110e-05
5.886172e-05
5.679212e-05
5.592837e-05
5.209471e-05
5.177140e-05
5.038564e-05
4.588508e-05
4.470790e-05
4.442805e-05
3.874979e-05
3.807221e-05
3.461278e-05
3.161923e-05
2.983964e-05
2.852060e-05
2.568593e-05
2.332651e-05
2.008884e-05
1.824113e-05
1.785569e-05
1.487862e-05
1.092116e-05
9.265956e-06
6.562980e-06
3.514396e-06
3.209076e-06
2.346630e-06
5.865949e-14
1.754787e-15
-6.025475e-14
-2.249159e-06
-4.778495e-06
-6.246483e-06
-8.492536e-06
-1.202073e-05
-1.343061e-05
-1.600636e-05
-1.871157e-05
-2.078487e-05
-2.196568e-05
-2.294118e-05
-2.771105e-05
-2.891386e-05
-2.948162e-05
-3.262613e-05
-3.650913e-05
-3.776770e-05
-4.075888e-05
-4.391424e-05
-4.506311e-05
-4.724370e-05
-5.052179e-05
-5.213117e-05
-5.520732e-05
-5.794632e-05
-6.049464e-05
-6.266771e-05
-6.471347e-05
-6.712483e-05
-6.755030e-05
-7.234345e-05
-7.445485e-05
-7.783295e-05
-8.040112e-05
-8.175476e-05
-8.303957e-05
-8.503375e-05
-8.701498e-05
-9.172025e-05
-9.639692e-05
-9.786356e-05
-1.028271e-04
-1.033182e-04
-1.050493e-04
-1.084109e-04
-1.104488e-04
-1.126779e-04
-1.165457e-04
-1.183046e-04
-1.217469e-04
-1.257221e-04
-1.263992e-04
-1.300376e-04
-1.314067e-04
-1.328242e-04
-1.366184e-04
-1.408507e-04
-1.432600e-04
-1.469613e-04
-1.478141e-04
-1.525298e-04
-1.537730e-04
-1.561103e-04
-1.594502e-04
-1.611022e-04
-1.655728e-04
-1.661820e-04
-1.690780e-04
-1.715159e-04
-1.722649e-04
-1.751423e-04
-1.792489e-04
-1.810104e-04
-1.879335e-04
-1.895207e-04
-1.899633e-04
-1.954594e-04
-2.004888e-04
-2.012808e-04
-2.038807e-04
-2.070148e-04
-2.113368e-04
-2.137044e-04
-2.170010e-04
-2.186585e-04
-2.223143e-04
-2.263746e-04
-2.266310e-04
-2.310949e-04
-2.360370e-04
-2.409532e-04
-2.479892e-04
-2.494144e-04
-2.514596e-04
-2.555479e-04
-2.615365e-04
-2.634118e-04
-2.643784e-04
-2.679846e-04
-2.699240e-04
-2.805655e-04
-2.875031e-04
-2.892299e-04
-2.950682e-04
-3.023271e-04
-3.039591e-04
-3.057397e-04
-3.141602e-04
-3.214153e-04
-3.229456e-04
-3.343303e-04
-3.381784e-04
-3.452741e-04
-3.576596e-04
-3.652585e-04
-3.670552e-04
-3.829187e-04
-3.897309e-04
-4.172898e-04
-4.356210e-04
-4.943602e-04
-5.138856e-04
-6.789300e-04
-7.232402e-04
-8.789527e-04
