4.347602e+05
2.760330e+05
1.507450e+05
1.488081e+05
1.336001e+05
9.854800e+04
9.172570e+04
8.697698e+04
7.490059e+04
6.972259e+04
6.300344e+04
5.799326e+04
5.300922e+04
4.586161e+04
4.277061e+04
3.591006e+04
3.266280e+04
2.866610e+04
1.803857e+04
1.342693e+04
1.280940e+04
1.104393e+04
7.825062e+03
7.320465e+03
6.355881e+03
5.823172e+03
5.444912e+03
4.645505e+03
3.891225e+03
2.942370e+03
2.504890e+03
2.228877e+03
2.107130e+03
1.801831e+03
1.525830e+03
1.295342e+03
1.041189e+03
8.617014e+02
7.785330e+02
6.200211e+02
5.111204e+02
4.788026e+02
3.655964e+02
3.244755e+02
2.892663e+02
2.252336e+02
2.052015e+02
1.895107e+02
1.259042e+02
1.131024e+02
9.521990e+01
7.042065e+01
6.460521e+01
5.933589e+01
4.823584e+01
3.751168e+01
3.504837e+01
3.164904e+01
2.501420e+01
2.037484e+01
1.638319e+01
1.412208e+01
1.266382e+01
9.138746e+00
8.263490e+00
6.181986e+00
5.624868e+00
4.787331e+00
3.936325e+00
2.872129e+00
2.463883e+00
2.190770e+00
1.772634e+00
1.496851e+00
1.084950e+00
9.784997e-01
9.605159e-01
7.949778e-01
5.482378e-01
4.913925e-01
2.862498e-01
2.093717e-01
1.267367e-01
1.020011e-01
9.255197e-02
8.080810e-02
6.809878e-02
6.721413e-02
6.006663e-02
5.301756e-02
4.423919e-02
4.038730e-02
3.861774e-02
3.745943e-02
3.310570e-02
3.125908e-02
2.986425e-02
2.865352e-02
2.774460e-02
2.479139e-02
2.348845e-02
2.211427e-02
2.111702e-02
2.023431e-02
1.996574e-02
1.881009e-02
1.837680e-02
1.769931e-02
1.675697e-02
1.663505e-02
1.626380e-02
1.556423e-02
1.521876e-02
1.466621e-02
1.422224e-02
1.390798e-02
1.372364e-02
1.331107e-02
1.301950e-02
1.268710e-02
1.248604e-02
1.148313e-02
1.123238e-02
1.089289e-02
1.036180e-02
1.024353e-02
8.498019e-03
-4.687926e-13
