1.112359e+10
5.560660e+08
1.915468e+08
8.532323e+07
7.137874e+07
4.701777e+07
4.403081e+07
3.764201e+07
3.050708e+07
2.998867e+07
1.968600e+07
1.939706e+07
1.223476e+07
1.065624e+07
7.140371e+06
7.035595e+06
5.442332e+06
4.662558e+06
3.548192e+06
3.353940e+06
3.172821e+06
2.725512e+06
2.409776e+06
2.205618e+06
2.044199e+06
1.549607e+06
1.218085e+06
1.148591e+06
9.766634e+05
8.775531e+05
7.952138e+05
6.416872e+05
5.378103e+05
5.129436e+05
4.109490e+05
3.930912e+05
3.288315e+05
2.515968e+05
2.419147e+05
2.034092e+05
1.970595e+05
1.610815e+05
1.477806e+05
1.408124e+05
1.069523e+05
9.020019e+04
8.059030e+04
5.716294e+04
4.180310e+04
2.821044e+04
2.550044e+04
2.055449e+04
1.773958e+04
1.504892e+04
1.122244e+04
1.094197e+04
7.482992e+03
5.987938e+03
3.442791e+03
3.316518e+03
2.343672e+03
1.748640e+03
1.259134e+03
8.931738e+02
6.747781e+02
6.006660e+02
5.040623e+02
2.626178e+02
2.269524e+02
1.570633e+02
1.222228e+02
9.091615e+01
5.525306e+01
4.644878e+01
3.460028e+01
3.038202e+01
2.632598e+01
1.369854e+01
1.032110e+01
5.116361e+00
3.927938e+00
2.881196e+00
2.308151e+00
1.903341e+00
1.010715e+00
6.252435e-01
4.686617e-01
3.748540e-01
3.298240e-01
2.642642e-01
2.056439e-01
1.114986e-01
9.676786e-02
9.166855e-02
7.742338e-02
7.547051e-02
5.991757e-02
5.207928e-02
5.065715e-02
4.602915e-02
4.399543e-02
3.896020e-02
3.380217e-02
3.188555e-02
2.942891e-02
2.493272e-02
2.255959e-02
1.519487e-02
1.403062e-02
1.097860e-02
6.582540e-03
6.371801e-03
4.066304e-03
5.749888e-04
-2.359889e-03
-5.030354e-03
-1.062859e-02
-1.356016e-02
-1.418898e-02
-1.967452e-02
-2.171924e-02
-2.376927e-02
-2.567446e-02
-2.902663e-02
-4.612672e-02
-6.255782e-02
-6.632613e-02
-7.598866e-02
