1.869878e+12
1.621332e+12
1.435228e+12
1.365768e+12
1.282166e+12
1.240037e+12
1.139173e+12
1.097170e+12
9.944340e+11
9.245599e+11
8.796849e+11
8.255341e+11
7.744217e+11
7.272015e+11
6.982828e+11
6.828872e+11
6.632925e+11
6.596386e+11
6.100610e+11
5.569658e+11
5.497309e+11
5.309487e+11
5.154025e+11
4.812997e+11
4.536979e+11
4.333769e+11
4.296103e+11
4.208577e+11
4.009041e+11
3.834583e+11
3.824141e+11
3.635030e+11
3.576426e+11
3.514265e+11
3.374470e+11
3.124221e+11
3.082944e+11
2.984950e+11
2.930012e+11
2.805386e+11
2.671625e+11
2.581102e+11
2.553440e+11
2.439164e+11
2.335860e+11
2.257971e+11
2.227015e+11
2.165769e+11
2.107086e+11
2.033920e+11
1.933336e+11
1.900371e+11
1.895185e+11
1.841254e+11
1.831100e+11
1.779629e+11
1.748526e+11
1.660863e+11
1.606542e+11
1.580473e+11
1.560384e+11
1.535052e+11
1.485514e+11
1.440802e+11
1.407332e+11
1.373308e+11
1.356181e+11
1.315484e+11
1.278960e+11
1.231342e+11
1.208127e+11
1.195871e+11
1.169431e+11
1.137897e+11
1.100298e+11
1.078075e+11
1.061668e+11
1.053506e+11
1.039512e+11
1.010727e+11
9.967938e+10
9.834675e+10
9.448935e+10
9.272309e+10
9.151447e+10
9.110702e+10
8.947189e+10
8.684832e+10
8.550147e+10
8.507418e+10
8.380641e+10
8.027174e+10
8.001587e+10
7.783470e+10
7.478682e+10
7.410234e+10
7.319223e+10
7.153477e+10
7.030773e+10
6.872136e+10
6.769883e+10
6.615209e+10
6.594495e+10
6.497255e+10
6.423910e+10
6.345857e+10
6.148744e+10
5.946407e+10
5.928389e+10
5.811635e+10
5.700502e+10
5.562517e+10
5.527871e+10
5.450161e+10
5.379778e+10
5.238689e+10
5.180115e+10
5.122475e+10
4.968309e+10
4.728437e+10
4.661547e+10
4.578523e+10
4.403966e+10
4.240101e+10
3.967307e+10
3.838909e+10
3.164326e+10
2.187257e+10
