8.886474e+04
4.208976e+03
2.344412e+03
1.810105e+03
1.040449e+03
7.484409e+02
5.515948e+02
4.387651e+02
3.062113e+02
2.682724e+02
2.205580e+02
1.967531e+02
1.853217e+02
1.607396e+02
1.566431e+02
1.539454e+02
1.430530e+02
1.274106e+02
1.208550e+02
1.120388e+02
1.034501e+02
9.737056e+01
8.836233e+01
8.502194e+01
7.728739e+01
7.466427e+01
6.964960e+01
6.396510e+01
5.892019e+01
5.762574e+01
5.574876e+01
5.187623e+01
4.886467e+01
4.492645e+01
4.346149e+01
3.932192e+01
3.718137e+01
3.482948e+01
3.388730e+01
3.172295e+01
2.857730e+01
2.772947e+01
2.598201e+01
2.285249e+01
2.197896e+01
2.060472e+01
1.955422e+01
1.674923e+01
1.624157e+01
1.487303e+01
1.449375e+01
1.263051e+01
1.192199e+01
1.179608e+01
1.144498e+01
1.019433e+01
9.677869e+00
9.343801e+00
8.714561e+00
7.893976e+00
7.527291e+00
6.975881e+00
6.442791e+00
5.615983e+00
5.434462e+00
5.217312e+00
4.889953e+00
4.486650e+00
4.292766e+00
4.051184e+00
3.649700e+00
3.262999e+00
3.124201e+00
2.845587e+00
2.616075e+00
2.373673e+00
2.324462e+00
2.106121e+00
1.961890e+00
1.774113e+00
1.702013e+00
1.648258e+00
1.599030e+00
1.466056e+00
1.393359e+00
1.282475e+00
1.187710e+00
1.159835e+00
1.090380e+00
1.052826e+00
9.891343e-01
9.399745e-01
8.486671e-01
8.336620e-01
7.734287e-01
7.097654e-01
6.460984e-01
6.334739e-01
5.850670e-01
5.406969e-01
5.002394e-01
4.678597e-01
4.209666e-01
3.931435e-01
3.781537e-01
3.618888e-01
3.486256e-01
3.148254e-01
3.076743e-01
2.924655e-01
2.676780e-01
2.499453e-01
2.432049e-01
2.320120e-01
2.111017e-01
2.019769e-01
1.862771e-01
1.756015e-01
1.680691e-01
1.550527e-01
1.467790e-01
1.426138e-01
1.286710e-01
1.175535e-01
1.138978e-01
1.050034e-01
1.009171e-01
9.555255e-02
9.068283e-02
8.392561e-02
8.004367e-02
7.702779e-02
6.969933e-02
6.735436e-02
6.603869e-02
6.291254e-02
5.917531e-02
5.505188e-02
5.137417e-02
4.933548e-02
4.532972e-02
4.381761e-02
4.039511e-02
3.679258e-02
3.392145e-02
3.234869e-02
3.190478e-02
3.038797e-02
2.717394e-02
2.673990e-02
2.321526e-02
2.198916e-02
2.022011e-02
1.883783e-02
1.839498e-02
1.816344e-02
1.603681e-02
1.479675e-02
1.373386e-02
1.308775e-02
1.200651e-02
1.167429e-02
1.162127e-02
1.057528e-02
1.041628e-02
1.017035e-02
9.846481e-03
9.088844e-03
9.050703e-03
8.269351e-03
8.093678e-03
7.878275e-03
7.190208e-03
6.508371e-03
5.980771e-03
4.897948e-03
4.734072e-03
4.611762e-03
4.472633e-03
4.181153e-03
4.133303e-03
3.866213e-03
3.542696e-03
3.276802e-03
3.085238e-03
3.018270e-03
2.922809e-03
2.778374e-03
2.667793e-03
2.616957e-03
2.461709e-03
2.407235e-03
2.280387e-03
2.241219e-03
2.146623e-03
1.950475e-03
1.861426e-03
1.778688e-03
1.662372e-03
1.627539e-03
1.593117e-03
1.573283e-03
1.519081e-03
1.453289e-03
1.433081e-03
1.381238e-03
1.346391e-03
1.308526e-03
1.297102e-03
1.271411e-03
1.264453e-03
1.227818e-03
1.204887e-03
1.202362e-03
1.171772e-03
1.148221e-03
1.130436e-03
1.114643e-03
1.102594e-03
1.086485e-03
1.064617e-03
1.046637e-03
1.034892e-03
1.019867e-03
1.000847e-03
9.897074e-04
9.658090e-04
9.431722e-04
9.349237e-04
9.184920e-04
9.059926e-04
8.858575e-04
8.688463e-04
8.644214e-04
8.593835e-04
8.504046e-04
8.464832e-04
8.309080e-04
8.134423e-04
8.069062e-04
7.917267e-04
7.823989e-04
7.718649e-04
7.541692e-04
7.491187e-04
7.392842e-04
7.352509e-04
7.155922e-04
7.085879e-04
6.893317e-04
6.863271e-04
6.779837e-04
6.688078e-04
6.515683e-04
6.429325e-04
6.345696e-04
6.275279e-04
6.160724e-04
6.069734e-04
5.969441e-04
5.867805e-04
5.848102e-04
5.794765e-04
5.625963e-04
5.574666e-04
5.508633e-04
5.288415e-04
5.093830e-04
5.056951e-04
4.934514e-04
4.848474e-04
4.783837e-04
4.676233e-04
4.585314e-04
4.459995e-04
4.366524e-04
4.254848e-04
4.199465e-04
4.170458e-04
4.073626e-04
3.997183e-04
3.907226e-04
3.789275e-04
3.641651e-04
3.470726e-04
3.396670e-04
3.333188e-04
3.227972e-04
3.103447e-04
3.066557e-04
3.015606e-04
2.969689e-04
2.925875e-04
2.793401e-04
2.694043e-04
2.583560e-04
2.466555e-04
2.376154e-04
2.256742e-04
2.170754e-04
2.115804e-04
2.033407e-04
1.909866e-04
1.828825e-04
1.692878e-04
1.618130e-04
1.524113e-04
1.401528e-04
1.296154e-04
1.225499e-04
1.124328e-04
9.883880e-05
9.402428e-05
7.556242e-05
6.712606e-05
6.107757e-05
5.625392e-05
4.183519e-05
4.042745e-05
2.867081e-05
2.115745e-05
7.714133e-06
4.876488e-06
3.042394e-13
2.071648e-13
1.390521e-13
1.052424e-13
-1.865802e-14
-5.728045e-14
-8.543153e-14
-2.982637e-13
-8.602912e-06
-1.531110e-05
-2.417925e-05
-3.398674e-05
-4.437933e-05
-4.724695e-05
-5.771381e-05
-6.122481e-05
-7.538907e-05
-9.071816e-05
-9.456227e-05
-1.055008e-04
-1.077009e-04
-1.204175e-04
-1.305936e-04
-1.475365e-04
-1.502140e-04
-1.779123e-04
-1.803171e-04
-1.931788e-04
-1.948347e-04
-1.969298e-04
-2.013562e-04
-2.250839e-04
-2.298474e-04
-2.342550e-04
-2.486937e-04
-2.597231e-04
-2.698236e-04
-3.049295e-04
-3.154241e-04
-3.219210e-04
-3.367022e-04
-3.528143e-04
-3.563422e-04
-3.742534e-04
-3.898261e-04
-4.060390e-04
-4.085971e-04
-4.161758e-04
-4.368630e-04
-4.552031e-04
-4.768497e-04
-4.815333e-04
-4.880721e-04
-5.219472e-04
-5.361701e-04
-5.636874e-04
-5.748690e-04
-5.941127e-04
-5.996972e-04
-6.110482e-04
-6.769070e-04
