1.154693e+08
2.035955e+07
2.083515e+06
1.434489e+06
9.183526e+05
2.982011e+05
2.435561e+05
1.187883e+05
1.684821e+04
1.083346e+04
3.272751e+03
9.764721e+02
5.649506e+02
4.128371e+02
1.956867e+02
4.609848e+01
4.258307e+01
3.745239e+01
3.464089e+01
2.648859e+01
2.285952e+01
2.070804e+01
1.784787e+01
1.744348e+01
1.495128e+01
1.380285e+01
1.293885e+01
1.229682e+01
1.172533e+01
1.068651e+01
1.016126e+01
9.392987e+00
8.938791e+00
8.775520e+00
8.144624e+00
7.505235e+00
7.011944e+00
6.857805e+00
6.352895e+00
6.153049e+00
5.443807e+00
5.115535e+00
4.708970e+00
4.571469e+00
4.331557e+00
4.105657e+00
3.584170e+00
3.493041e+00
3.215098e+00
2.984871e+00
2.853727e+00
2.655745e+00
2.310738e+00
1.999736e+00
1.932438e+00
1.802774e+00
1.656463e+00
1.478119e+00
1.294876e+00
1.194420e+00
1.043443e+00
1.000597e+00
9.398801e-01
7.383109e-01
6.617883e-01
6.187884e-01
4.641250e-01
3.683612e-01
3.134578e-01
2.294674e-01
1.645050e-01
1.491640e-01
8.591291e-02
6.736878e-02
6.606446e-02
2.425268e-02
1.014917e-09
-3.031913e-10
-5.510200e-10
-2.996186e-02
-1.042716e-01
-1.215080e-01
-1.703234e-01
-1.860264e-01
-2.532578e-01
-3.383313e-01
-4.469722e-01
-4.983666e-01
-6.040529e-01
-6.543027e-01
-7.048464e-01
-7.844435e-01
-8.895326e-01
-1.001945e+00
-1.167334e+00
-1.373569e+00
-1.423312e+00
-1.565003e+00
-1.946460e+00
-2.061156e+00
-2.180661e+00
-2.395676e+00
-2.582017e+00
-2.862357e+00
-3.055122e+00
-3.178628e+00
-3.528149e+00
-4.121119e+00
-4.259538e+00
-4.531567e+00
-5.595321e+00
-5.975882e+00
-6.170609e+00
-7.113919e+00
-8.624064e+00
-9.029570e+00
-1.077381e+01
-1.155763e+01
-1.265821e+01
-1.353762e+01
-1.482385e+01
-1.778284e+01
-2.023483e+01
-2.407726e+01
-3.350220e+01
-3.788632e+01
-4.647712e+01
-6.053867e+01
