3.099761e+10
1.466735e+10
7.583916e+09
5.170801e+09
4.570288e+09
3.680978e+09
3.466639e+09
3.008616e+09
2.962733e+09
2.838136e+09
2.604905e+09
2.569131e+09
2.370214e+09
2.181928e+09
2.135419e+09
2.000650e+09
1.849741e+09
1.712012e+09
1.629471e+09
1.532909e+09
1.471674e+09
1.469285e+09
1.382266e+09
1.295710e+09
1.237857e+09
1.227656e+09
1.184237e+09
1.166368e+09
1.128103e+09
1.079905e+09
1.045975e+09
9.948077e+08
9.710932e+08
9.184561e+08
8.834282e+08
8.747549e+08
8.481924e+08
8.166696e+08
7.823401e+08
7.550350e+08
7.492585e+08
7.346638e+08
6.940432e+08
6.884437e+08
6.734380e+08
6.559921e+08
6.407228e+08
6.192173e+08
6.122442e+08
5.818246e+08
5.612102e+08
5.577176e+08
5.476804e+08
5.361107e+08
5.257993e+08
4.910085e+08
4.852343e+08
4.644896e+08
4.579299e+08
4.444765e+08
4.399667e+08
4.172428e+08
4.127694e+08
4.046747e+08
3.968319e+08
3.815688e+08
3.706931e+08
3.663530e+08
3.543563e+08
3.486631e+08
3.381394e+08
3.216256e+08
3.192128e+08
3.090814e+08
3.021279e+08
2.938374e+08
2.840495e+08
2.809855e+08
2.719661e+08
2.662828e+08
2.593428e+08
2.525401e+08
2.505046e+08
2.407220e+08
2.342450e+08
2.307021e+08
2.239486e+08
2.178757e+08
2.070527e+08
2.033223e+08
1.971404e+08
1.937145e+08
1.888646e+08
1.861540e+08
1.801296e+08
1.745961e+08
1.648453e+08
1.630569e+08
1.600715e+08
1.492932e+08
1.430677e+08
1.404767e+08
1.327740e+08
1.295401e+08
1.242565e+08
1.181984e+08
1.135644e+08
1.104700e+08
1.076823e+08
1.026020e+08
9.575945e+07
9.282159e+07
8.863754e+07
8.395839e+07
7.071710e+07
6.955538e+07
6.421533e+07
6.086094e+07
5.209865e+07
4.210462e+07
3.894524e+07
2.548920e+07
2.304587e+07
1.940785e+07
1.587640e+07
1.206623e+07
4.042106e+06
4.677412e+05
