6.373506e+05
2.748598e+05
1.981833e+05
1.522243e+05
1.381754e+05
1.196989e+05
1.079017e+05
8.721712e+04
8.448833e+04
7.264618e+04
6.674062e+04
5.827752e+04
4.980602e+04
4.109027e+04
3.566221e+04
3.208118e+04
2.738889e+04
2.509439e+04
1.967219e+04
1.327928e+04
1.146056e+04
9.895845e+03
9.375636e+03
8.335104e+03
7.472151e+03
6.769150e+03
5.495480e+03
5.178751e+03
4.882193e+03
4.009613e+03
3.748486e+03
2.954567e+03
2.476413e+03
2.191730e+03
1.805069e+03
1.408751e+03
1.163716e+03
9.377435e+02
8.966789e+02
6.417339e+02
5.881005e+02
4.443721e+02
3.621739e+02
3.302918e+02
2.650576e+02
2.437082e+02
2.242684e+02
1.756720e+02
1.686831e+02
1.618714e+02
1.227676e+02
1.019499e+02
6.538940e+01
5.782854e+01
5.100960e+01
4.512559e+01
3.886737e+01
3.471924e+01
3.206095e+01
2.621861e+01
1.911401e+01
1.644543e+01
1.429482e+01
1.064915e+01
9.879254e+00
9.640479e+00
6.479373e+00
5.570062e+00
3.793885e+00
2.648027e+00
2.588261e+00
2.230585e+00
1.546700e+00
1.377842e+00
1.315511e+00
1.202421e+00
1.113528e+00
8.692337e-01
8.368075e-01
4.017008e-01
3.050199e-01
2.318964e-01
2.168991e-01
2.050989e-01
1.853122e-01
1.469473e-01
1.128521e-01
9.317274e-02
6.390926e-02
5.732863e-02
5.600046e-02
4.633730e-02
4.362526e-02
4.188140e-02
4.060436e-02
3.943430e-02
3.760206e-02
3.554052e-02
3.373114e-02
3.147938e-02
3.097517e-02
2.868599e-02
2.808898e-02
2.753793e-02
2.515709e-02
2.465257e-02
2.141365e-02
2.107609e-02
2.034567e-02
1.964493e-02
1.880687e-02
1.814402e-02
1.774231e-02
1.735925e-02
1.690369e-02
1.663523e-02
1.611999e-02
1.541435e-02
1.501857e-02
1.458012e-02
1.432612e-02
1.425386e-02
1.411913e-02
1.310629e-02
1.143999e-02
1.111030e-02
6.164415e-12
3.054689e-12
