1.381099e+08
2.209896e+07
1.992338e+06
1.422172e+06
8.508852e+05
3.110600e+05
2.809718e+05
9.483840e+04
1.922065e+04
9.219542e+03
3.942686e+03
1.326240e+03
6.166624e+02
2.594905e+02
6.422761e+01
5.237724e+01
4.954642e+01
3.399356e+01
2.826989e+01
2.476551e+01
2.240505e+01
1.760514e+01
1.639767e+01
1.522512e+01
1.395652e+01
1.329583e+01
1.277042e+01
1.228983e+01
1.184873e+01
1.106959e+01
1.055653e+01
1.009894e+01
9.627461e+00
8.929457e+00
8.652584e+00
7.984711e+00
7.455264e+00
7.231480e+00
7.022299e+00
6.541482e+00
6.173065e+00
6.045027e+00
5.557017e+00
5.187292e+00
5.046973e+00
4.810023e+00
4.364369e+00
4.159678e+00
3.869685e+00
3.692846e+00
3.487777e+00
3.361815e+00
2.686497e+00
2.413593e+00
2.305648e+00
2.163732e+00
1.902925e+00
1.848131e+00
1.763762e+00
1.625087e+00
1.516942e+00
1.370238e+00
1.110044e+00
8.784207e-01
7.175589e-01
5.618169e-01
4.616686e-01
3.862137e-01
3.728161e-01
1.931884e-01
1.774069e-01
1.279936e-01
1.235822e-01
9.212083e-02
7.189596e-02
5.657859e-02
4.837443e-02
2.770369e-02
1.396984e-09
-6.056031e-02
-1.311298e-01
-1.453037e-01
-2.185371e-01
-2.247093e-01
-3.043396e-01
-3.748254e-01
-5.430275e-01
-5.696700e-01
-6.841288e-01
-6.978775e-01
-8.531432e-01
-1.031448e+00
-1.087476e+00
-1.273167e+00
-1.295918e+00
-1.632130e+00
-1.837392e+00
-1.984792e+00
-2.075188e+00
-2.141805e+00
-2.397641e+00
-2.671900e+00
-3.091794e+00
-3.457034e+00
-3.874010e+00
-4.181839e+00
-4.492902e+00
-4.730417e+00
-4.853055e+00
-5.386897e+00
-5.668262e+00
-6.263731e+00
-6.969812e+00
-7.379842e+00
-8.730268e+00
-9.741186e+00
-1.031470e+01
-1.156850e+01
-1.196216e+01
-1.566873e+01
-1.728415e+01
-1.764759e+01
-2.064820e+01
-2.614653e+01
-3.283712e+01
-3.591737e+01
-4.715551e+01
-5.931408e+01
