2.171604e+05
2.416777e+04
4.153329e+03
1.707013e+03
2.191584e+02
2.427941e+01
9.670052e+00
6.316584e+00
1.700355e+00
2.252465e-01
6.923448e-02
4.952886e-02
4.041064e-02
3.869805e-02
3.015661e-02
2.525599e-02
2.435090e-02
2.205990e-02
2.139093e-02
2.022174e-02
1.942303e-02
1.828692e-02
1.636297e-02
1.545772e-02
1.472427e-02
1.405033e-02
1.310624e-02
1.260442e-02
1.192227e-02
1.169883e-02
1.118572e-02
1.053322e-02
9.917757e-03
9.581680e-03
9.373735e-03
9.335978e-03
8.828266e-03
8.443852e-03
8.220088e-03
8.077238e-03
7.835470e-03
7.225120e-03
6.876322e-03
6.397190e-03
6.291566e-03
5.894426e-03
5.731263e-03
5.476503e-03
5.022859e-03
4.887038e-03
4.800174e-03
4.595208e-03
4.347962e-03
4.290866e-03
4.115475e-03
3.731633e-03
3.532533e-03
3.481297e-03
3.220560e-03
3.076475e-03
3.027752e-03
2.766675e-03
2.598572e-03
2.388592e-03
2.335724e-03
2.041634e-03
2.002543e-03
1.973612e-03
1.619603e-03
1.609790e-03
1.427319e-03
1.324666e-03
1.287225e-03
1.177852e-03
1.057720e-03
9.840843e-04
9.292180e-04
7.976462e-04
7.384100e-04
6.711878e-04
5.712758e-04
5.273494e-04
4.921949e-04
3.669169e-04
2.193515e-04
2.038553e-04
6.309713e-05
-3.873843e-05
-2.720137e-04
-3.315539e-04
-4.825901e-04
-7.600111e-04
-1.005674e-03
-1.066047e-03
-1.323109e-03
-1.661155e-03
-1.816556e-03
-2.298908e-03
-2.452014e-03
-2.714344e-03
-3.210640e-03
-3.969499e-03
-4.343354e-03
-4.586869e-03
-5.431969e-03
-5.812415e-03
-6.671276e-03
-7.001872e-03
-7.485049e-03
-8.187426e-03
-8.685430e-03
-9.735595e-03
-1.096665e-02
-1.164989e-02
-1.260286e-02
-1.633187e-02
-1.700078e-02
-2.031059e-02
-2.131184e-02
-2.466435e-02
-2.898030e-02
-3.148111e-02
-3.336071e-02
-3.681391e-02
-4.741278e-02
-5.034106e-02
-6.038594e-02
-1.188462e-01
