8.894242e+04
3.737266e+03
2.382491e+03
1.872139e+03
1.063956e+03
7.972347e+02
5.200025e+02
4.417231e+02
3.229688e+02
2.778964e+02
2.383261e+02
2.250277e+02
1.848892e+02
1.567658e+02
1.541205e+02
1.466432e+02
1.365523e+02
1.341163e+02
1.178250e+02
1.019331e+02
9.816290e+01
8.800877e+01
8.650211e+01
8.312833e+01
7.572752e+01
6.992041e+01
6.837043e+01
6.416026e+01
6.154294e+01
6.018991e+01
5.318421e+01
4.748384e+01
4.656695e+01
4.438374e+01
4.228775e+01
3.978309e+01
3.541177e+01
3.407325e+01
3.338996e+01
2.989258e+01
2.956782e+01
2.807546e+01
2.461192e+01
2.299332e+01
2.135914e+01
2.033829e+01
1.885438e+01
1.703549e+01
1.584098e+01
1.552705e+01
1.361274e+01
1.287538e+01
1.246526e+01
1.166971e+01
1.086115e+01
1.014919e+01
9.613122e+00
8.295073e+00
7.895661e+00
7.421543e+00
7.108160e+00
7.076425e+00
6.316885e+00
5.558507e+00
5.106922e+00
4.987618e+00
4.740382e+00
4.533922e+00
4.169391e+00
3.472730e+00
3.296665e+00
2.704891e+00
2.653659e+00
2.531490e+00
2.236557e+00
2.182973e+00
2.125524e+00
2.058286e+00
1.892949e+00
1.807988e+00
1.699566e+00
1.597473e+00
1.497697e+00
1.436051e+00
1.393885e+00
1.261501e+00
1.212943e+00
1.136817e+00
1.108016e+00
1.013436e+00
9.555421e-01
8.434038e-01
8.351160e-01
8.247908e-01
7.468507e-01
7.029722e-01
6.813897e-01
6.370886e-01
5.677082e-01
5.584773e-01
5.442907e-01
4.850569e-01
4.526610e-01
4.311141e-01
4.001577e-01
3.765546e-01
3.568006e-01
3.525183e-01
3.300314e-01
3.085552e-01
3.079857e-01
2.927802e-01
2.663795e-01
2.408836e-01
2.364083e-01
2.249988e-01
2.099147e-01
1.991468e-01
1.792521e-01
1.713759e-01
1.652067e-01
1.568337e-01
1.497408e-01
1.432356e-01
1.270191e-01
1.253698e-01
1.206350e-01
1.135688e-01
1.007440e-01
9.222388e-02
8.904389e-02
8.086663e-02
7.752004e-02
7.215911e-02
7.063191e-02
6.830008e-02
6.474885e-02
6.058120e-02
5.945323e-02
5.537736e-02
5.289679e-02
4.863732e-02
4.624418e-02
3.980851e-02
3.813772e-02
3.608057e-02
3.488462e-02
3.092659e-02
2.858276e-02
2.731822e-02
2.627080e-02
2.543554e-02
2.291285e-02
2.138333e-02
1.933941e-02
1.849911e-02
1.735726e-02
1.636949e-02
1.568759e-02
1.547388e-02
1.410584e-02
1.374954e-02
1.309884e-02
1.227978e-02
1.133273e-02
1.074632e-02
9.757045e-03
9.489830e-03
9.066394e-03
8.378728e-03
8.256102e-03
7.770056e-03
7.296029e-03
6.717216e-03
6.342703e-03
5.918868e-03
5.869261e-03
5.118853e-03
4.899864e-03
4.755823e-03
4.720395e-03
4.533619e-03
4.248585e-03
3.988776e-03
3.954621e-03
3.596034e-03
3.380958e-03
3.260084e-03
3.177394e-03
2.976483e-03
2.863802e-03
2.471870e-03
2.434853e-03
2.133165e-03
2.089433e-03
1.960685e-03
1.864651e-03
1.838495e-03
1.821062e-03
1.813044e-03
1.626210e-03
1.610269e-03
1.499412e-03
1.490575e-03
1.448005e-03
1.438326e-03
1.399383e-03
1.359882e-03
1.316769e-03
1.305171e-03
1.273398e-03
1.226126e-03
1.210795e-03
1.204436e-03
1.181321e-03
1.161113e-03
1.147804e-03
1.134807e-03
1.130631e-03
1.103396e-03
1.100158e-03
1.072767e-03
1.049345e-03
1.039125e-03
1.031238e-03
1.002860e-03
9.944763e-04
9.803711e-04
9.689807e-04
9.534834e-04
9.348994e-04
9.292701e-04
9.192813e-04
9.164985e-04
8.997436e-04
8.840416e-04
8.709793e-04
8.605124e-04
8.534226e-04
8.396719e-04
8.199220e-04
8.192280e-04
8.054118e-04
7.889097e-04
7.779533e-04
7.712124e-04
7.634931e-04
7.577983e-04
7.516600e-04
7.308519e-04
7.184048e-04
7.057044e-04
7.037505e-04
6.925254e-04
6.789890e-04
6.715260e-04
6.616144e-04
6.471848e-04
6.400279e-04
6.319309e-04
6.261896e-04
6.157735e-04
6.027953e-04
5.935078e-04
5.880373e-04
5.816738e-04
5.714165e-04
5.492243e-04
5.383464e-04
5.233321e-04
5.117752e-04
5.045831e-04
5.015976e-04
4.762278e-04
4.740701e-04
4.716477e-04
4.602406e-04
4.483542e-04
4.399100e-04
4.296450e-04
4.175691e-04
4.074649e-04
3.977037e-04
3.898914e-04
3.755881e-04
3.613707e-04
3.565464e-04
3.529036e-04
3.398853e-04
3.307811e-04
3.247604e-04
3.156569e-04
3.055430e-04
3.015692e-04
2.898317e-04
2.788698e-04
2.745757e-04
2.621304e-04
2.573537e-04
2.492855e-04
2.418610e-04
2.287232e-04
2.265325e-04
2.138840e-04
2.084405e-04
1.947330e-04
1.852929e-04
1.688293e-04
1.625894e-04
1.516733e-04
1.418669e-04
1.387198e-04
1.246436e-04
1.217837e-04
1.178609e-04
1.112517e-04
9.965982e-05
9.388212e-05
8.125601e-05
7.334282e-05
6.355548e-05
5.269933e-05
5.072218e-05
3.392765e-05
2.577004e-05
1.758600e-05
1.372742e-05
1.326386e-14
-6.439670e-14
-1.770145e-13
-5.673887e-07
-1.082429e-05
-2.706340e-05
-3.042058e-05
-4.712954e-05
-5.836682e-05
-7.265115e-05
-8.999002e-05
-9.671801e-05
-1.034738e-04
-1.156467e-04
-1.233233e-04
-1.308648e-04
-1.333167e-04
-1.458525e-04
-1.670290e-04
-1.712214e-04
-1.785226e-04
-1.853074e-04
-2.006934e-04
-2.049351e-04
-2.170623e-04
-2.267845e-04
-2.371253e-04
-2.386241e-04
-2.491672e-04
-2.718573e-04
-2.959270e-04
-3.063040e-04
-3.108437e-04
-3.208348e-04
-3.346380e-04
-3.494743e-04
-3.596421e-04
-3.730933e-04
-3.869505e-04
-3.906816e-04
-4.111044e-04
-4.217731e-04
-4.365434e-04
-4.498809e-04
-4.540310e-04
-4.660957e-04
-4.794328e-04
-4.887186e-04
-5.264623e-04
-5.429988e-04
-5.587331e-04
-5.729252e-04
-5.940819e-04
-6.207193e-04
-6.462572e-04
-6.539625e-04
-6.873865e-04
