1.288040e+05
5.983694e+03
3.248338e+03
2.702882e+03
2.063310e+03
1.604384e+03
1.419211e+03
9.770916e+02
9.065102e+02
8.274470e+02
6.353185e+02
5.497861e+02
3.152332e+02
2.894579e+02
2.241315e+02
1.948869e+02
1.800890e+02
1.390787e+02
1.304282e+02
1.205452e+02
1.081878e+02
9.727251e+01
8.018105e+01
7.460101e+01
7.137223e+01
6.684898e+01
6.071418e+01
5.835672e+01
5.434997e+01
5.159039e+01
4.328464e+01
4.002604e+01
3.719530e+01
3.512911e+01
3.216357e+01
3.093522e+01
2.847801e+01
2.838965e+01
2.491150e+01
2.286247e+01
2.172569e+01
2.156372e+01
1.907051e+01
1.767316e+01
1.645803e+01
1.577196e+01
1.489264e+01
1.302079e+01
1.142267e+01
1.099767e+01
1.051106e+01
9.212919e+00
8.706608e+00
8.616180e+00
8.109306e+00
6.847187e+00
6.487417e+00
5.899648e+00
5.287448e+00
5.129329e+00
4.638953e+00
4.361128e+00
4.207907e+00
3.660748e+00
3.617380e+00
3.507380e+00
2.767574e+00
2.725221e+00
2.656193e+00
2.421302e+00
2.344369e+00
2.152846e+00
1.960634e+00
1.856029e+00
1.813194e+00
1.652996e+00
1.557371e+00
1.445818e+00
1.317774e+00
1.179435e+00
1.101506e+00
1.074087e+00
9.993820e-01
9.860755e-01
9.372293e-01
8.722349e-01
8.105741e-01
7.701320e-01
7.465552e-01
6.846249e-01
6.564092e-01
6.158551e-01
5.701222e-01
5.078052e-01
4.868952e-01
4.650343e-01
4.142223e-01
3.988947e-01
3.847871e-01
3.530101e-01
3.302687e-01
3.061951e-01
2.910849e-01
2.638102e-01
2.464482e-01
2.153464e-01
2.119362e-01
2.037961e-01
1.850042e-01
1.712395e-01
1.608695e-01
1.541087e-01
1.241423e-01
1.215962e-01
1.139058e-01
1.126978e-01
9.986982e-02
9.788985e-02
9.471475e-02
7.575390e-02
6.977394e-02
6.790476e-02
6.263351e-02
5.871248e-02
5.473980e-02
5.341036e-02
5.040066e-02
4.747201e-02
4.284933e-02
4.219239e-02
3.833111e-02
3.601262e-02
3.384884e-02
3.223080e-02
3.121489e-02
2.955048e-02
2.773013e-02
2.682394e-02
2.385944e-02
2.279451e-02
1.860519e-02
1.789816e-02
1.700062e-02
1.579066e-02
1.435389e-02
1.431053e-02
1.224008e-02
1.172186e-02
1.112710e-02
1.054068e-02
8.720193e-03
8.226912e-03
7.572121e-03
7.370504e-03
6.093105e-03
5.935983e-03
5.662299e-03
5.221577e-03
4.996462e-03
4.711537e-03
4.123079e-03
3.795846e-03
3.668825e-03
2.979598e-03
2.904605e-03
2.866259e-03
2.603200e-03
2.417952e-03
2.343622e-03
2.290748e-03
2.131369e-03
2.010078e-03
1.834664e-03
1.744623e-03
1.723442e-03
1.649364e-03
1.584102e-03
1.533297e-03
1.503223e-03
1.451179e-03
1.442871e-03
1.422237e-03
1.383580e-03
1.366668e-03
1.349104e-03
1.305673e-03
1.279098e-03
1.248271e-03
1.244805e-03
1.238208e-03
1.201040e-03
1.195243e-03
1.177506e-03
1.168501e-03
1.146161e-03
1.128151e-03
1.111303e-03
1.097395e-03
1.088799e-03
1.069984e-03
1.062670e-03
1.060494e-03
1.047252e-03
1.038283e-03
1.014887e-03
1.001598e-03
9.892022e-04
9.871739e-04
9.552373e-04
9.321153e-04
9.299500e-04
9.235446e-04
9.023756e-04
8.979139e-04
8.799616e-04
8.686369e-04
8.626612e-04
8.502540e-04
8.349016e-04
8.133571e-04
8.100437e-04
8.000139e-04
7.771787e-04
7.734824e-04
7.622261e-04
7.569345e-04
7.449114e-04
7.389576e-04
7.291603e-04
7.135568e-04
7.019266e-04
6.955119e-04
6.867501e-04
6.731079e-04
6.586318e-04
6.511360e-04
6.350974e-04
6.335523e-04
6.259904e-04
6.102723e-04
5.982895e-04
5.933152e-04
5.798301e-04
5.699037e-04
5.680815e-04
5.525474e-04
5.450324e-04
5.408252e-04
5.292034e-04
5.256489e-04
5.074393e-04
5.036109e-04
4.917603e-04
4.813291e-04
4.726470e-04
4.504996e-04
4.357745e-04
4.317237e-04
4.269351e-04
4.174060e-04
4.168742e-04
4.011233e-04
3.963801e-04
3.926821e-04
3.791085e-04
3.663088e-04
3.491166e-04
3.457873e-04
3.330104e-04
3.216703e-04
3.206760e-04
3.158373e-04
3.000104e-04
2.951946e-04
2.833624e-04
2.709739e-04
2.677695e-04
2.498532e-04
2.467347e-04
2.353379e-04
2.299469e-04
2.183061e-04
2.156054e-04
2.063397e-04
2.039870e-04
1.927594e-04
1.777723e-04
1.702264e-04
1.632936e-04
1.509395e-04
1.447674e-04
1.360290e-04
1.229280e-04
1.145502e-04
1.095128e-04
9.703251e-05
8.169310e-05
7.308045e-05
6.892448e-05
5.844593e-05
5.363874e-05
4.669125e-05
3.331617e-05
3.011781e-05
1.628197e-05
6.166091e-06
-5.459631e-06
-1.366886e-05
-1.532682e-05
-3.230308e-05
-4.646793e-05
-4.974568e-05
-6.516585e-05
-7.018504e-05
-8.429681e-05
-9.331850e-05
-1.079232e-04
-1.137140e-04
-1.192674e-04
-1.307379e-04
-1.333081e-04
-1.507983e-04
-1.563113e-04
-1.761475e-04
-1.854191e-04
-1.932427e-04
-1.993088e-04
-2.137528e-04
-2.179684e-04
-2.273320e-04
-2.348222e-04
-2.497465e-04
-2.567557e-04
-2.733063e-04
-2.755187e-04
-2.963297e-04
-2.992126e-04
-3.077768e-04
-3.182208e-04
-3.251210e-04
-3.375110e-04
-3.492457e-04
-3.598463e-04
-3.635934e-04
-3.775556e-04
-3.865398e-04
-3.995390e-04
-4.021151e-04
-4.187686e-04
-4.289832e-04
-4.322807e-04
-4.531174e-04
-4.569220e-04
-4.716686e-04
-4.732214e-04
-4.970080e-04
-5.068797e-04
-5.231748e-04
-5.434369e-04
-5.477563e-04
-5.595713e-04
-5.818229e-04
-5.879876e-04
-5.943789e-04
-6.046831e-04
-6.416232e-04
-6.472235e-04
-6.659229e-04
-6.765289e-04
-6.888612e-04
-7.025818e-04
-7.293173e-04
-7.352156e-04
-7.391277e-04
-7.694039e-04
-7.881917e-04
-7.916102e-04
-8.124810e-04
-8.341418e-04
-8.649920e-04
-8.793101e-04
-9.286272e-04
-9.353260e-04
-1.023279e-03
