5.852364e+04
1.215029e+04
7.082737e+03
2.044742e+03
1.381419e+03
1.050124e+03
8.169909e+02
5.157390e+02
4.078459e+02
2.937588e+02
2.618656e+02
2.065697e+02
1.979436e+02
1.496276e+02
1.190872e+02
1.023663e+02
8.708149e+01
6.730826e+01
6.517647e+01
5.800983e+01
4.654169e+01
4.209325e+01
3.493312e+01
2.992742e+01
2.820771e+01
2.616632e+01
1.929337e+01
1.697254e+01
1.385356e+01
1.231584e+01
1.083478e+01
9.543665e+00
7.997552e+00
6.763793e+00
6.327220e+00
5.782124e+00
4.823993e+00
4.449966e+00
3.807240e+00
3.231148e+00
2.832846e+00
2.193660e+00
2.091065e+00
1.874927e+00
1.716951e+00
1.278960e+00
1.241658e+00
1.110483e+00
8.384688e-01
7.430576e-01
6.157358e-01
5.090538e-01
4.878576e-01
4.252780e-01
3.019929e-01
2.302210e-01
2.049181e-01
1.561985e-01
1.341501e-01
1.171629e-01
8.738143e-02
8.225838e-02
6.127072e-02
4.435229e-02
3.355943e-02
3.165551e-02
2.584286e-02
2.112685e-02
1.880179e-02
1.679140e-02
1.291755e-02
1.231073e-02
1.059709e-02
9.552455e-03
7.207633e-03
6.905469e-03
4.530142e-03
4.082841e-03
3.312098e-03
2.263387e-03
2.008346e-03
1.698934e-03
1.448436e-03
1.260901e-03
1.204659e-03
1.148938e-03
1.028372e-03
1.024449e-03
9.349723e-04
8.993429e-04
8.457865e-04
7.814287e-04
7.124383e-04
6.932215e-04
6.758158e-04
6.470354e-04
6.269184e-04
6.162252e-04
6.018119e-04
5.946406e-04
5.829270e-04
5.653929e-04
5.522223e-04
5.448684e-04
5.401692e-04
5.113598e-04
5.018984e-04
4.953741e-04
4.862438e-04
4.806931e-04
4.693697e-04
4.638867e-04
4.561739e-04
4.550604e-04
4.400544e-04
4.343957e-04
4.257073e-04
4.207431e-04
4.186727e-04
4.175839e-04
4.122189e-04
4.042156e-04
4.011247e-04
3.912927e-04
3.886209e-04
3.837204e-04
3.807489e-04
3.775257e-04
3.714283e-04
3.673100e-04
3.664914e-04
3.588469e-04
3.539546e-04
3.477047e-04
3.420014e-04
3.398657e-04
3.372261e-04
3.361579e-04
3.299940e-04
3.285062e-04
3.196405e-04
3.173796e-04
3.141026e-04
3.081567e-04
3.063556e-04
2.999844e-04
2.976877e-04
2.948263e-04
2.923650e-04
2.882719e-04
2.864365e-04
2.824079e-04
2.775116e-04
2.731204e-04
2.709722e-04
2.675785e-04
2.652624e-04
2.583082e-04
2.559905e-04
2.528807e-04
2.498259e-04
2.451038e-04
2.413506e-04
2.401428e-04
2.389750e-04
2.360947e-04
2.338519e-04
2.334260e-04
2.264898e-04
2.251354e-04
2.240584e-04
2.172761e-04
2.169929e-04
2.117373e-04
2.096409e-04
2.082568e-04
2.044322e-04
2.013615e-04
2.009565e-04
1.969430e-04
1.965573e-04
1.901816e-04
1.872095e-04
1.859611e-04
1.847104e-04
1.823792e-04
1.774662e-04
1.740381e-04
1.738041e-04
1.684132e-04
1.681759e-04
1.646711e-04
1.636706e-04
1.582160e-04
1.547791e-04
1.515913e-04
1.496408e-04
1.481816e-04
1.474902e-04
1.426924e-04
1.391988e-04
1.353185e-04
1.335259e-04
1.317847e-04
1.296095e-04
1.263679e-04
1.244174e-04
1.202153e-04
1.187340e-04
1.150268e-04
1.124731e-04
1.119510e-04
1.098309e-04
1.064297e-04
1.050255e-04
1.008646e-04
9.963354e-05
9.684850e-05
9.526630e-05
9.068089e-05
9.020757e-05
8.779255e-05
8.466659e-05
8.421257e-05
8.132833e-05
7.756338e-05
7.692820e-05
7.311677e-05
7.119164e-05
6.858762e-05
6.749819e-05
6.432788e-05
6.255475e-05
5.793979e-05
5.694013e-05
5.460664e-05
4.992184e-05
4.890157e-05
4.820401e-05
4.748990e-05
4.267237e-05
4.039996e-05
3.779335e-05
3.577126e-05
3.247857e-05
3.099220e-05
2.887006e-05
2.649924e-05
2.437330e-05
2.365911e-05
2.034067e-05
1.832869e-05
1.574753e-05
1.305186e-05
1.104566e-05
7.588074e-06
2.508700e-06
1.382145e-06
8.699453e-14
2.893640e-14
2.347632e-14
-1.427314e-14
-6.355756e-14
-1.185883e-13
-1.739835e-06
-4.741826e-06
-5.474930e-06
-8.322903e-06
-1.072221e-05
-1.262256e-05
-1.482389e-05
-1.971070e-05
-2.008043e-05
-2.120404e-05
-2.532447e-05
-2.697777e-05
-2.810845e-05
-3.144034e-05
-3.490284e-05
-3.714066e-05
-3.904602e-05
-4.289047e-05
-4.629847e-05
-4.822018e-05
-5.042210e-05
-5.209298e-05
-5.551280e-05
-5.682700e-05
-5.864979e-05
-6.222249e-05
-6.282454e-05
-6.440249e-05
-6.854159e-05
-7.068994e-05
-7.433417e-05
-7.738888e-05
-7.963519e-05
-8.092991e-05
-8.261102e-05
-8.813132e-05
-9.071853e-05
-9.129343e-05
-9.439704e-05
-9.505345e-05
-9.653140e-05
-1.022268e-04
-1.045760e-04
-1.051665e-04
-1.090609e-04
-1.096772e-04
-1.157817e-04
-1.170167e-04
-1.229347e-04
-1.234607e-04
-1.281974e-04
-1.289677e-04
-1.326014e-04
-1.359175e-04
-1.373139e-04
-1.423549e-04
-1.474847e-04
-1.479525e-04
-1.516485e-04
-1.546399e-04
-1.560494e-04
-1.585487e-04
-1.624562e-04
-1.642149e-04
-1.678842e-04
-1.715325e-04
-1.735247e-04
-1.762489e-04
-1.771489e-04
-1.794504e-04
-1.821820e-04
-1.884059e-04
-1.945422e-04
-1.949406e-04
-1.966519e-04
-1.976427e-04
-2.037089e-04
-2.073438e-04
-2.135001e-04
-2.155166e-04
-2.202453e-04
-2.216563e-04
-2.228633e-04
-2.269376e-04
-2.294462e-04
-2.353514e-04
-2.395677e-04
-2.407399e-04
-2.432674e-04
-2.496840e-04
-2.515037e-04
-2.542347e-04
-2.626130e-04
-2.665151e-04
-2.685787e-04
-2.736856e-04
-2.782591e-04
-2.827208e-04
-2.870508e-04
-2.916421e-04
-2.968166e-04
-3.057133e-04
-3.143373e-04
-3.203920e-04
-3.236673e-04
-3.249825e-04
-3.401292e-04
-3.493978e-04
-3.559571e-04
-3.630337e-04
-3.736684e-04
-3.780842e-04
-3.948998e-04
-4.190447e-04
-4.810191e-04
-5.190891e-04
-6.126597e-04
-7.870826e-04
-9.050566e-04
-1.300058e-03
