1.276846e+05
6.691715e+03
2.883707e+03
2.619671e+03
1.776653e+03
1.661350e+03
1.396620e+03
1.042759e+03
8.843265e+02
6.442381e+02
5.913680e+02
4.127543e+02
2.905891e+02
2.646705e+02
2.126898e+02
1.921312e+02
1.706317e+02
1.637600e+02
1.533233e+02
1.257531e+02
1.117383e+02
9.672224e+01
9.103751e+01
8.461997e+01
7.890487e+01
7.095196e+01
6.634860e+01
6.409252e+01
5.835418e+01
5.359825e+01
5.145414e+01
4.671414e+01
4.412920e+01
4.165735e+01
3.967319e+01
3.418824e+01
3.321977e+01
3.008977e+01
2.889431e+01
2.659223e+01
2.379974e+01
2.309112e+01
2.087624e+01
1.985705e+01
1.822310e+01
1.789748e+01
1.492442e+01
1.480255e+01
1.368013e+01
1.252180e+01
1.162478e+01
1.088496e+01
1.055196e+01
9.547060e+00
8.984555e+00
7.726169e+00
7.279387e+00
6.993945e+00
6.480134e+00
5.852258e+00
5.310753e+00
5.139481e+00
4.840675e+00
4.729462e+00
4.331936e+00
4.189109e+00
3.579406e+00
3.203937e+00
3.085975e+00
2.929845e+00
2.913301e+00
2.663015e+00
2.445922e+00
2.268167e+00
2.115398e+00
2.013174e+00
1.864183e+00
1.623695e+00
1.595048e+00
1.515309e+00
1.388150e+00
1.321158e+00
1.179806e+00
1.135985e+00
1.059936e+00
9.655070e-01
9.574501e-01
8.663462e-01
8.215032e-01
7.523119e-01
7.431405e-01
7.131121e-01
6.352777e-01
6.123428e-01
5.587342e-01
5.467349e-01
5.086215e-01
4.759659e-01
4.298004e-01
4.176855e-01
3.919861e-01
3.883446e-01
3.419068e-01
3.195859e-01
2.991239e-01
2.879126e-01
2.671437e-01
2.486751e-01
2.337464e-01
2.231093e-01
2.090849e-01
1.988655e-01
1.832033e-01
1.762721e-01
1.582758e-01
1.534300e-01
1.412016e-01
1.391140e-01
1.218477e-01
1.130591e-01
1.047596e-01
8.955546e-02
8.198164e-02
7.624689e-02
7.048685e-02
6.730204e-02
6.448301e-02
5.819666e-02
5.380081e-02
4.687472e-02
4.512129e-02
4.157446e-02
3.628618e-02
3.447270e-02
3.243659e-02
3.137577e-02
3.048773e-02
2.756412e-02
2.646091e-02
2.425329e-02
2.194103e-02
1.954357e-02
1.934720e-02
1.742324e-02
1.635108e-02
1.595583e-02
1.425200e-02
1.332309e-02
1.173905e-02
1.145891e-02
1.014982e-02
9.967640e-03
9.314149e-03
9.163298e-03
8.574720e-03
7.596411e-03
7.224856e-03
6.901649e-03
6.683187e-03
5.700847e-03
5.452331e-03
4.869109e-03
4.643795e-03
4.398439e-03
4.266633e-03
3.909500e-03
3.454561e-03
3.288881e-03
3.105756e-03
3.018976e-03
2.769000e-03
2.640034e-03
2.539129e-03
2.322084e-03
2.104876e-03
1.958237e-03
1.763569e-03
1.720944e-03
1.647555e-03
1.605433e-03
1.590046e-03
1.550471e-03
1.481618e-03
1.438283e-03
1.412770e-03
1.383877e-03
1.365197e-03
1.318799e-03
1.305373e-03
1.290264e-03
1.269857e-03
1.266670e-03
1.232336e-03
1.208994e-03
1.203008e-03
1.183140e-03
1.176891e-03
1.160578e-03
1.146140e-03
1.142761e-03
1.106929e-03
1.101002e-03
1.082834e-03
1.068379e-03
1.048704e-03
1.043151e-03
1.026514e-03
1.015864e-03
1.012151e-03
1.002226e-03
9.700558e-04
9.606090e-04
9.327568e-04
9.268877e-04
9.143242e-04
8.882572e-04
8.846658e-04
8.593667e-04
8.529393e-04
8.437635e-04
8.321084e-04
8.230531e-04
8.200714e-04
8.125583e-04
7.930351e-04
7.826135e-04
7.789237e-04
7.696708e-04
7.442693e-04
7.329002e-04
7.292842e-04
7.170372e-04
7.048058e-04
7.009035e-04
6.857729e-04
6.693166e-04
6.621232e-04
6.561059e-04
6.411463e-04
6.336521e-04
6.216824e-04
6.091832e-04
6.020841e-04
5.901059e-04
5.842401e-04
5.752156e-04
5.711986e-04
5.584334e-04
5.408083e-04
5.395874e-04
5.352857e-04
5.169460e-04
5.082856e-04
5.000361e-04
4.927808e-04
4.852540e-04
4.803518e-04
4.714043e-04
4.649418e-04
4.579704e-04
4.450243e-04
4.313626e-04
4.249701e-04
4.101625e-04
3.950117e-04
3.878216e-04
3.804064e-04
3.705534e-04
3.576705e-04
3.489316e-04
3.388608e-04
3.352428e-04
3.258470e-04
3.150088e-04
2.953167e-04
2.801915e-04
2.785238e-04
2.653813e-04
2.564648e-04
2.493227e-04
2.373410e-04
2.305018e-04
2.167251e-04
2.105180e-04
1.950626e-04
1.827063e-04
1.758339e-04
1.695294e-04
1.654857e-04
1.483299e-04
1.446891e-04
1.324241e-04
1.232340e-04
1.186291e-04
1.106265e-04
1.057551e-04
1.014226e-04
8.467257e-05
7.966202e-05
7.524967e-05
5.788116e-05
4.498448e-05
3.633900e-05
3.133032e-05
1.772620e-05
1.344585e-05
7.075799e-06
-7.385687e-06
-1.384533e-05
-2.259833e-05
-3.133568e-05
-4.352115e-05
-5.036637e-05
-5.838125e-05
-6.298577e-05
-7.167923e-05
-8.352447e-05
-1.010376e-04
-1.086210e-04
-1.253123e-04
-1.308559e-04
-1.411357e-04
-1.540761e-04
-1.697264e-04
-1.791637e-04
-1.855543e-04
-1.932370e-04
-1.959619e-04
-2.088154e-04
-2.155242e-04
-2.297572e-04
-2.377286e-04
-2.420833e-04
-2.592268e-04
-2.687540e-04
-2.861898e-04
-2.913995e-04
-2.995678e-04
-3.089632e-04
-3.212246e-04
-3.247014e-04
-3.301828e-04
-3.366078e-04
-3.484331e-04
-3.556013e-04
-3.747919e-04
-3.815224e-04
-3.862852e-04
-4.112179e-04
-4.216155e-04
-4.314590e-04
-4.372142e-04
-4.474227e-04
-4.619361e-04
-4.720768e-04
-4.858495e-04
-4.871871e-04
-5.004157e-04
-5.087969e-04
-5.344774e-04
-5.500941e-04
-5.614424e-04
-5.740442e-04
-5.753421e-04
-6.048741e-04
-6.126962e-04
-6.159612e-04
-6.215468e-04
-6.414988e-04
-6.604341e-04
-6.725627e-04
-6.881105e-04
-7.070967e-04
-7.314180e-04
-7.336932e-04
-7.521725e-04
-7.618135e-04
-7.948175e-04
-8.039298e-04
-8.304254e-04
-8.449789e-04
-8.714341e-04
-9.029458e-04
-9.458156e-04
