1.291039e+08
2.280532e+07
1.937333e+06
1.305379e+06
7.815941e+05
3.380051e+05
2.682952e+05
1.037139e+05
1.923577e+04
9.889555e+03
2.285895e+03
9.005714e+02
6.426859e+02
3.575846e+02
2.427273e+02
8.389011e+01
5.777383e+01
3.981245e+01
3.569501e+01
2.585133e+01
2.250274e+01
2.004062e+01
1.790855e+01
1.548014e+01
1.452541e+01
1.358859e+01
1.273940e+01
1.165606e+01
1.101931e+01
1.070680e+01
1.033597e+01
9.932228e+00
9.748427e+00
8.965400e+00
8.565519e+00
8.047029e+00
7.725389e+00
7.171891e+00
6.579336e+00
6.062760e+00
5.640052e+00
5.522948e+00
5.171739e+00
4.846984e+00
4.572120e+00
4.470338e+00
4.228887e+00
4.058589e+00
3.719075e+00
3.370487e+00
3.028188e+00
2.992217e+00
2.725899e+00
2.490752e+00
2.169949e+00
2.114640e+00
1.978974e+00
1.746361e+00
1.467085e+00
1.454449e+00
1.402572e+00
1.118259e+00
9.747518e-01
8.714942e-01
8.198788e-01
6.411390e-01
5.396776e-01
4.726107e-01
3.707402e-01
3.344896e-01
2.885321e-01
1.581286e-01
1.130420e-01
9.202091e-02
7.564840e-02
7.018397e-02
5.139284e-02
4.309107e-02
1.134729e-09
1.557529e-10
-9.687674e-11
-8.646648e-03
-1.691352e-02
-7.442023e-02
-1.187005e-01
-1.714935e-01
-2.123735e-01
-2.790000e-01
-3.689531e-01
-4.103448e-01
-4.742948e-01
-5.296187e-01
-6.226134e-01
-6.786278e-01
-7.969828e-01
-9.355186e-01
-9.658118e-01
-1.139736e+00
-1.326478e+00
-1.413764e+00
-1.533172e+00
-1.878025e+00
-1.947670e+00
-2.293622e+00
-2.711319e+00
-2.831545e+00
-2.929685e+00
-3.417553e+00
-3.843011e+00
-4.250477e+00
-4.731685e+00
-5.146147e+00
-5.781884e+00
-5.946723e+00
-6.215378e+00
-6.951063e+00
-7.946770e+00
-8.104767e+00
-9.978873e+00
-1.132793e+01
-1.326803e+01
-1.540026e+01
-1.849659e+01
-2.385065e+01
-2.464676e+01
-3.847124e+01
-4.402946e+01
-5.392617e+01
