2.213625e+12
1.734608e+12
1.607877e+12
1.455357e+12
1.274196e+12
1.144678e+12
1.099620e+12
9.942984e+11
9.553721e+11
9.400945e+11
8.752645e+11
8.445985e+11
7.872097e+11
7.740191e+11
7.034797e+11
6.848668e+11
6.573817e+11
6.372605e+11
6.127666e+11
5.909698e+11
5.569620e+11
5.476816e+11
5.346735e+11
5.107383e+11
4.722360e+11
4.653032e+11
4.495473e+11
4.359221e+11
4.311043e+11
4.020646e+11
4.004588e+11
3.601135e+11
3.583302e+11
3.444750e+11
3.347850e+11
3.273949e+11
3.067068e+11
3.013497e+11
2.895102e+11
2.828573e+11
2.726161e+11
2.678587e+11
2.647687e+11
2.566104e+11
2.482130e+11
2.431935e+11
2.337909e+11
2.304157e+11
2.209899e+11
2.140247e+11
2.055059e+11
2.009511e+11
1.973602e+11
1.921709e+11
1.835276e+11
1.805542e+11
1.777925e+11
1.700762e+11
1.637019e+11
1.616020e+11
1.552716e+11
1.530083e+11
1.518429e+11
1.495418e+11
1.484575e+11
1.413002e+11
1.382793e+11
1.353006e+11
1.329516e+11
1.322059e+11
1.262072e+11
1.230651e+11
1.201025e+11
1.165071e+11
1.146509e+11
1.130421e+11
1.081037e+11
1.054681e+11
1.040921e+11
1.032954e+11
1.014658e+11
1.010886e+11
9.776531e+10
9.605704e+10
9.356180e+10
9.278549e+10
8.910632e+10
8.827648e+10
8.680271e+10
8.526439e+10
8.313625e+10
8.202898e+10
7.976124e+10
7.848178e+10
7.782062e+10
7.508342e+10
7.376900e+10
7.307250e+10
7.275179e+10
7.083567e+10
6.871717e+10
6.771701e+10
6.641777e+10
6.522389e+10
6.390070e+10
6.232574e+10
6.104382e+10
6.014022e+10
5.923712e+10
5.876074e+10
5.807801e+10
5.699472e+10
5.620905e+10
5.545631e+10
5.414981e+10
5.282642e+10
5.166452e+10
5.065053e+10
4.962360e+10
4.786464e+10
4.690568e+10
4.435892e+10
4.315059e+10
4.080238e+10
3.845226e+10
3.437215e+10
2.537636e+10
2.472708e+10
