1.926925e+06
4.868097e+05
9.518780e+04
5.363420e+04
8.279760e+03
1.748858e+03
6.755063e+02
1.939931e+02
6.903653e+01
2.204847e+01
6.416501e+00
1.706885e+00
7.144290e-01
2.095173e-01
1.359596e-01
1.274972e-01
1.127834e-01
1.102633e-01
1.078898e-01
1.063161e-01
1.020399e-01
1.006645e-01
9.896987e-02
9.722472e-02
9.619007e-02
9.289087e-02
9.140675e-02
8.970656e-02
8.888894e-02
8.697974e-02
8.660717e-02
8.512165e-02
8.391399e-02
8.261731e-02
8.212889e-02
8.028033e-02
7.942030e-02
7.880885e-02
7.793084e-02
7.716402e-02
7.556853e-02
7.528587e-02
7.443304e-02
7.316523e-02
7.259251e-02
7.212258e-02
7.107985e-02
7.011679e-02
6.970592e-02
6.913610e-02
6.784100e-02
6.731298e-02
6.694915e-02
6.608097e-02
6.564575e-02
6.423756e-02
6.326655e-02
6.296391e-02
6.219172e-02
6.105348e-02
6.015106e-02
5.956060e-02
5.887583e-02
5.812106e-02
5.736553e-02
5.687312e-02
5.571457e-02
5.505659e-02
5.492999e-02
5.445788e-02
5.336649e-02
5.259614e-02
5.186622e-02
5.117709e-02
5.057495e-02
5.043225e-02
4.970843e-02
4.899924e-02
4.798459e-02
4.683788e-02
4.650817e-02
4.520684e-02
4.469485e-02
4.436962e-02
4.351332e-02
4.303413e-02
4.254624e-02
4.125877e-02
4.105340e-02
3.979025e-02
3.860521e-02
3.829295e-02
3.767432e-02
3.666989e-02
3.629359e-02
3.578855e-02
3.389941e-02
3.337210e-02
3.296100e-02
3.262633e-02
3.166838e-02
3.054598e-02
2.925000e-02
2.819022e-02
2.779701e-02
2.734132e-02
2.655361e-02
2.547652e-02
2.496638e-02
2.455910e-02
2.320156e-02
2.221113e-02
2.044846e-02
2.014228e-02
1.824011e-02
1.686791e-02
1.528844e-02
1.278504e-02
1.048897e-02
9.986115e-03
5.191622e-03
2.423451e-03
1.256704e-03
-3.994039e-03
-1.178321e-02
-2.496793e-02
-3.658937e-02
-7.829232e-02
