2.716785e+05
8.062771e+04
2.525540e+04
2.962550e+03
6.477129e+02
9.171026e+01
3.061454e+01
1.100487e+01
1.621702e+00
4.589391e-01
1.184069e-01
9.209020e-02
4.818882e-02
3.947083e-02
3.638528e-02
3.243798e-02
2.959772e-02
2.570815e-02
2.425084e-02
2.219006e-02
2.153876e-02
2.114124e-02
1.912634e-02
1.879117e-02
1.871401e-02
1.798455e-02
1.756619e-02
1.692069e-02
1.640400e-02
1.563327e-02
1.549015e-02
1.530638e-02
1.502596e-02
1.447137e-02
1.403657e-02
1.373533e-02
1.315470e-02
1.300941e-02
1.279559e-02
1.240691e-02
1.203770e-02
1.181611e-02
1.122397e-02
1.083737e-02
1.061206e-02
1.038619e-02
1.022056e-02
1.002634e-02
9.737547e-03
9.615734e-03
9.334291e-03
9.128278e-03
8.756549e-03
8.547438e-03
8.408009e-03
8.096353e-03
7.667875e-03
7.626833e-03
7.346768e-03
7.218681e-03
7.055249e-03
6.883471e-03
6.790127e-03
6.423649e-03
6.248428e-03
5.847639e-03
5.698336e-03
5.561744e-03
5.314489e-03
5.294303e-03
5.208991e-03
4.859847e-03
4.734421e-03
4.547840e-03
4.374543e-03
4.244206e-03
4.163996e-03
4.094109e-03
3.969186e-03
3.829851e-03
3.745046e-03
3.679737e-03
3.468208e-03
3.360040e-03
3.275781e-03
3.126688e-03
2.912516e-03
2.770365e-03
2.708579e-03
2.564898e-03
2.398257e-03
2.245539e-03
2.045797e-03
1.842124e-03
1.788674e-03
1.454917e-03
1.251161e-03
1.158566e-03
1.002670e-03
6.696816e-04
3.504656e-04
1.765654e-04
-3.267393e-04
-5.985806e-04
-1.401590e-03
-1.677468e-03
-1.785288e-03
-2.201498e-03
-2.588984e-03
-3.383593e-03
-4.022063e-03
-5.803170e-03
-6.801536e-03
-7.209175e-03
-9.805808e-03
-1.034858e-02
-1.293232e-02
-1.568932e-02
-1.736829e-02
-1.972601e-02
-2.235523e-02
-2.392962e-02
-3.095722e-02
-3.566293e-02
-5.008737e-02
-5.788495e-02
-9.178416e-02
-1.226306e-01
