1.297714e+08
2.236457e+07
2.435382e+06
1.098506e+06
6.038726e+05
3.116197e+05
1.708270e+05
1.126765e+05
1.773734e+04
1.095374e+04
3.734550e+03
1.158730e+03
4.407887e+02
1.838664e+02
7.564155e+01
6.601998e+01
5.718442e+01
4.850284e+01
4.173566e+01
3.745317e+01
2.708604e+01
2.647350e+01
2.281516e+01
2.097803e+01
1.629732e+01
1.565389e+01
1.464720e+01
1.349642e+01
1.303334e+01
1.233180e+01
1.147312e+01
1.111869e+01
1.059348e+01
9.801158e+00
9.004452e+00
8.601354e+00
7.816425e+00
7.789172e+00
7.638438e+00
7.173104e+00
6.847261e+00
6.540149e+00
6.251291e+00
5.423451e+00
5.187462e+00
4.736144e+00
4.657420e+00
4.539327e+00
4.275054e+00
4.141494e+00
3.869385e+00
3.506461e+00
3.297419e+00
2.926646e+00
2.850173e+00
2.685420e+00
2.435951e+00
2.199965e+00
2.165188e+00
2.066709e+00
1.704890e+00
1.622193e+00
1.293566e+00
1.140963e+00
1.075979e+00
1.008412e+00
8.255942e-01
7.161514e-01
6.121418e-01
4.470342e-01
3.944950e-01
3.627103e-01
2.930472e-01
1.877263e-01
1.153217e-01
1.018760e-01
8.479732e-02
3.457608e-02
1.013447e-02
2.101153e-10
-3.265319e-10
-2.395920e-02
-8.186561e-02
-1.262613e-01
-1.972456e-01
-2.476580e-01
-3.476917e-01
-4.329492e-01
-4.811747e-01
-6.075802e-01
-7.837982e-01
-8.158197e-01
-9.368743e-01
-1.127725e+00
-1.338448e+00
-1.534450e+00
-1.723038e+00
-1.760019e+00
-1.833902e+00
-2.123439e+00
-2.554106e+00
-3.003867e+00
-3.021723e+00
-3.359423e+00
-3.494748e+00
-3.833158e+00
-4.233504e+00
-4.359807e+00
-4.581440e+00
-5.207616e+00
-5.984277e+00
-6.441410e+00
-6.836928e+00
-7.365942e+00
-8.756949e+00
-9.324918e+00
-1.098785e+01
-1.121282e+01
-1.215766e+01
-1.498542e+01
-1.842069e+01
-2.105157e+01
-2.443204e+01
-3.009463e+01
-3.488122e+01
-3.536132e+01
-5.449072e+01
-8.724202e+01
