8.451138e+04
3.603622e+03
2.074862e+03
1.922402e+03
1.213008e+03
7.942910e+02
6.395395e+02
4.433447e+02
3.565264e+02
3.267489e+02
2.981057e+02
2.855195e+02
2.364583e+02
2.327648e+02
2.013889e+02
2.000974e+02
1.758148e+02
1.577017e+02
1.513203e+02
1.480511e+02
1.425746e+02
1.280505e+02
1.241702e+02
1.222413e+02
1.095812e+02
1.068119e+02
1.027454e+02
9.833658e+01
9.639000e+01
9.036040e+01
8.600510e+01
7.637663e+01
7.000169e+01
6.926491e+01
6.706235e+01
6.265385e+01
6.153991e+01
5.688102e+01
5.494115e+01
5.149347e+01
4.914166e+01
4.627896e+01
4.380094e+01
3.780328e+01
3.754481e+01
3.684657e+01
3.399929e+01
3.096685e+01
3.007275e+01
2.823091e+01
2.664179e+01
2.462764e+01
2.305664e+01
2.194050e+01
2.137358e+01
1.966512e+01
1.813938e+01
1.736720e+01
1.693582e+01
1.642581e+01
1.411575e+01
1.295375e+01
1.191553e+01
1.085628e+01
1.024353e+01
9.718657e+00
9.170762e+00
8.543764e+00
7.971303e+00
7.372213e+00
6.938537e+00
6.758280e+00
6.106094e+00
5.753321e+00
4.955686e+00
4.775438e+00
4.704031e+00
4.573735e+00
4.446574e+00
4.056056e+00
3.671541e+00
3.479805e+00
3.249580e+00
3.052222e+00
2.829452e+00
2.753303e+00
2.638030e+00
2.483454e+00
2.318923e+00
2.030242e+00
1.981591e+00
1.852582e+00
1.739004e+00
1.623012e+00
1.504990e+00
1.460831e+00
1.376817e+00
1.342142e+00
1.217962e+00
1.147823e+00
1.104470e+00
9.968407e-01
9.923921e-01
9.693990e-01
8.964369e-01
8.500265e-01
7.978005e-01
7.383568e-01
7.019975e-01
6.654893e-01
6.466532e-01
6.213079e-01
5.804821e-01
5.710013e-01
5.207497e-01
5.077531e-01
4.944068e-01
4.805579e-01
4.433586e-01
4.267681e-01
4.045638e-01
3.901145e-01
3.714046e-01
3.464647e-01
3.278652e-01
2.997129e-01
2.787080e-01
2.746385e-01
2.685733e-01
2.417165e-01
2.255108e-01
2.089500e-01
2.029268e-01
1.958734e-01
1.896798e-01
1.835199e-01
1.773244e-01
1.553181e-01
1.494726e-01
1.470425e-01
1.388951e-01
1.274890e-01
1.228400e-01
1.169662e-01
1.138189e-01
1.060451e-01
1.010587e-01
9.711555e-02
8.400271e-02
8.276138e-02
7.075027e-02
6.905960e-02
6.790324e-02
6.620666e-02
5.473346e-02
5.154610e-02
4.926581e-02
4.732670e-02
4.400101e-02
4.260336e-02
4.098973e-02
3.820698e-02
3.600517e-02
3.531170e-02
3.136033e-02
2.896324e-02
2.851746e-02
2.564467e-02
2.432373e-02
2.284456e-02
2.240123e-02
2.089464e-02
1.914517e-02
1.879353e-02
1.787456e-02
1.728771e-02
1.576168e-02
1.458441e-02
1.427907e-02
1.347977e-02
1.342379e-02
1.269669e-02
1.230343e-02
1.165108e-02
1.127202e-02
1.096860e-02
1.021340e-02
9.851100e-03
9.369643e-03
8.288662e-03
7.745311e-03
7.525736e-03
7.419963e-03
6.676116e-03
6.527653e-03
5.702455e-03
5.642065e-03
4.981462e-03
4.818383e-03
4.640843e-03
4.351275e-03
4.048465e-03
4.004723e-03
3.843078e-03
3.731936e-03
3.611682e-03
3.175400e-03
3.071232e-03
2.721915e-03
2.676124e-03
2.568922e-03
2.540289e-03
2.417247e-03
2.358881e-03
2.261778e-03
2.228952e-03
2.014447e-03
1.944267e-03
1.849220e-03
1.779024e-03
1.687249e-03
1.606581e-03
1.579099e-03
1.497362e-03
1.466335e-03
1.433801e-03
1.391475e-03
1.324500e-03
1.285060e-03
1.263320e-03
1.245682e-03
1.212753e-03
1.196123e-03
1.171880e-03
1.136433e-03
1.128327e-03
1.092516e-03
1.074121e-03
1.047332e-03
1.040745e-03
1.019259e-03
1.008412e-03
9.962243e-04
9.691125e-04
9.615856e-04
9.546924e-04
9.374431e-04
9.135359e-04
8.961195e-04
8.861084e-04
8.770839e-04
8.558656e-04
8.516687e-04
8.383065e-04
8.260131e-04
8.120136e-04
7.998716e-04
7.906406e-04
7.820544e-04
7.646053e-04
7.491595e-04
7.432588e-04
7.425719e-04
7.263189e-04
7.181889e-04
7.039401e-04
6.988070e-04
6.875975e-04
6.771247e-04
6.537125e-04
6.439778e-04
6.418629e-04
6.357675e-04
6.293924e-04
6.089232e-04
6.042381e-04
5.947340e-04
5.851541e-04
5.817603e-04
5.732013e-04
5.547646e-04
5.445016e-04
5.313607e-04
5.259340e-04
5.210802e-04
5.093463e-04
5.040043e-04
4.895038e-04
4.820068e-04
4.728759e-04
4.675524e-04
4.457493e-04
4.354320e-04
4.250159e-04
4.163914e-04
4.003758e-04
3.964336e-04
3.878100e-04
3.811636e-04
3.727651e-04
3.517350e-04
3.467853e-04
3.367581e-04
3.278783e-04
3.176844e-04
3.017978e-04
2.932713e-04
2.795868e-04
2.718828e-04
2.583578e-04
2.570616e-04
2.480062e-04
2.413589e-04
2.349254e-04
2.261077e-04
2.141569e-04
2.109012e-04
1.900527e-04
1.835512e-04
1.767821e-04
1.594413e-04
1.551461e-04
1.503802e-04
1.353771e-04
1.195856e-04
1.111161e-04
9.968949e-05
9.457986e-05
8.081937e-05
6.939776e-05
6.675674e-05
5.289680e-05
4.979602e-05
2.809931e-05
2.103902e-05
1.359410e-05
7.925416e-06
6.817425e-07
4.797890e-13
1.089427e-13
5.455692e-14
3.245322e-14
-6.623723e-14
-1.098344e-13
-1.655935e-13
-1.223712e-05
-2.946267e-05
-4.205982e-05
-4.707469e-05
-5.053905e-05
-6.192771e-05
-6.870478e-05
-7.939963e-05
-8.882422e-05
-9.541125e-05
-1.061191e-04
-1.264705e-04
-1.506714e-04
-1.550315e-04
-1.724832e-04
-1.780438e-04
-1.853064e-04
-2.067144e-04
-2.182114e-04
-2.344821e-04
-2.374474e-04
-2.572807e-04
-2.645252e-04
-2.856126e-04
-2.898090e-04
-3.040208e-04
-3.145092e-04
-3.483486e-04
-3.570091e-04
-3.693321e-04
-3.727124e-04
-3.826612e-04
-3.999154e-04
-4.285507e-04
-4.572761e-04
-4.739573e-04
-4.991713e-04
-5.071604e-04
-5.740136e-04
