1.168276e+08
2.343072e+07
2.511698e+06
9.961901e+05
7.758426e+05
2.776493e+05
2.650947e+05
1.083661e+05
1.699870e+04
1.227952e+04
4.220902e+03
1.046870e+03
3.984097e+02
1.862249e+02
6.755553e+01
5.452132e+01
4.508041e+01
3.333463e+01
2.898940e+01
2.675749e+01
2.185657e+01
1.838427e+01
1.683935e+01
1.510145e+01
1.421221e+01
1.351038e+01
1.180345e+01
1.078275e+01
1.010050e+01
9.348685e+00
9.086152e+00
8.616676e+00
8.119410e+00
7.708243e+00
7.171831e+00
6.845907e+00
6.599216e+00
6.243162e+00
5.913347e+00
5.730988e+00
5.100472e+00
4.432083e+00
4.378211e+00
4.176498e+00
3.854991e+00
3.732408e+00
3.444764e+00
3.416127e+00
3.109587e+00
3.001981e+00
2.841646e+00
2.615025e+00
2.436152e+00
1.953000e+00
1.940553e+00
1.808293e+00
1.627203e+00
1.196885e+00
1.112296e+00
1.003591e+00
8.500305e-01
7.419822e-01
5.752764e-01
4.586557e-01
3.930264e-01
3.205430e-01
2.761766e-01
2.331012e-01
1.968687e-01
1.594383e-01
1.368595e-01
1.260259e-01
1.037741e-01
8.938296e-02
6.336558e-02
4.946763e-02
2.279417e-02
2.756771e-03
1.173402e-09
3.399960e-10
-1.664387e-03
-4.032690e-02
-7.409553e-02
-9.529089e-02
-1.862183e-01
-2.102986e-01
-2.954929e-01
-3.299796e-01
-4.065070e-01
-4.576756e-01
-5.647369e-01
-7.384937e-01
-9.042493e-01
-9.850324e-01
-1.004262e+00
-1.069452e+00
-1.256057e+00
-1.545782e+00
-1.635991e+00
-1.854794e+00
-2.070700e+00
-2.204155e+00
-2.370127e+00
-3.051450e+00
-3.144548e+00
-3.382646e+00
-4.025774e+00
-4.324345e+00
-4.575591e+00
-5.015671e+00
-5.348801e+00
-5.735137e+00
-6.912474e+00
-7.536358e+00
-7.755703e+00
-8.888780e+00
-1.064851e+01
-1.152978e+01
-1.309635e+01
-1.463326e+01
-1.596907e+01
-1.779507e+01
-1.947834e+01
-2.234174e+01
-2.910719e+01
-3.320604e+01
-4.411203e+01
-5.830945e+01
