1.181248e+08
2.045260e+07
2.150948e+06
1.049764e+06
5.612156e+05
3.470292e+05
2.312058e+05
1.372787e+05
1.261222e+04
6.282070e+03
3.111470e+03
7.715969e+02
5.772606e+02
2.336665e+02
6.759090e+01
5.640850e+01
4.654956e+01
3.966468e+01
3.443975e+01
2.469030e+01
2.440137e+01
2.343381e+01
1.907290e+01
1.666838e+01
1.627702e+01
1.357999e+01
1.296394e+01
1.244151e+01
1.205291e+01
1.149993e+01
1.055701e+01
9.857979e+00
9.400679e+00
8.965331e+00
8.338158e+00
8.044232e+00
7.573232e+00
7.350912e+00
6.876939e+00
6.229976e+00
6.080642e+00
5.981087e+00
5.355837e+00
4.955192e+00
4.734978e+00
4.514353e+00
4.144273e+00
3.920952e+00
3.840617e+00
3.700349e+00
3.528797e+00
3.468187e+00
3.188552e+00
3.044999e+00
2.654797e+00
2.378366e+00
2.184901e+00
2.067000e+00
1.953190e+00
1.806101e+00
1.758737e+00
1.563595e+00
1.523125e+00
1.318254e+00
1.022046e+00
1.017357e+00
9.477711e-01
8.589019e-01
7.295513e-01
6.373680e-01
5.690404e-01
4.888882e-01
4.303144e-01
3.114944e-01
2.341660e-01
1.832205e-01
9.151545e-02
6.032392e-02
4.606145e-02
-3.359337e-10
-6.536468e-02
-8.078834e-02
-1.541931e-01
-1.758735e-01
-2.310619e-01
-3.037733e-01
-3.896657e-01
-4.908229e-01
-6.090043e-01
-6.565943e-01
-8.776029e-01
-1.013653e+00
-1.161781e+00
-1.210522e+00
-1.346363e+00
-1.435557e+00
-1.717628e+00
-1.906215e+00
-1.969869e+00
-2.138340e+00
-2.217500e+00
-2.399184e+00
-2.731438e+00
-2.823712e+00
-3.097903e+00
-3.793226e+00
-3.886668e+00
-4.369414e+00
-4.622591e+00
-5.055824e+00
-5.209590e+00
-5.559855e+00
-6.572007e+00
-6.756355e+00
-7.969186e+00
-9.468576e+00
-1.026367e+01
-1.101554e+01
-1.253950e+01
-1.306975e+01
-1.605343e+01
-1.702954e+01
-2.254560e+01
-2.543513e+01
-3.042374e+01
-3.417429e+01
-4.678479e+01
-6.659702e+01
