5.860414e+04
1.240408e+04
5.908325e+03
1.503909e+03
1.299824e+03
7.452023e+02
4.666581e+02
3.727023e+02
2.768515e+02
2.746446e+02
1.903778e+02
1.659573e+02
1.339397e+02
9.411888e+01
9.114446e+01
8.283648e+01
7.581369e+01
6.969007e+01
6.078839e+01
5.685799e+01
4.379486e+01
3.566825e+01
3.031672e+01
2.583725e+01
2.371909e+01
1.986918e+01
1.738834e+01
1.520049e+01
1.199207e+01
1.088920e+01
9.151071e+00
8.026960e+00
7.210839e+00
6.011944e+00
5.262864e+00
4.600694e+00
4.348455e+00
3.452257e+00
3.079950e+00
2.844061e+00
2.407048e+00
2.225130e+00
1.854261e+00
1.677508e+00
1.244475e+00
1.111576e+00
8.552684e-01
7.368562e-01
7.029738e-01
6.748427e-01
6.110250e-01
3.957412e-01
3.121949e-01
2.761168e-01
2.530521e-01
1.704556e-01
1.513993e-01
1.370256e-01
1.195089e-01
8.720560e-02
6.108384e-02
3.816593e-02
3.023347e-02
2.874146e-02
2.340860e-02
1.848623e-02
1.666092e-02
1.495899e-02
1.337170e-02
1.028118e-02
9.558852e-03
8.145730e-03
7.162378e-03
5.041324e-03
3.724870e-03
3.188934e-03
3.085249e-03
2.566049e-03
2.297727e-03
1.989560e-03
1.459344e-03
1.291007e-03
1.226919e-03
1.196239e-03
1.152051e-03
1.041808e-03
9.081793e-04
8.387586e-04
7.975871e-04
7.684095e-04
7.407087e-04
6.670170e-04
6.452104e-04
6.330677e-04
6.087878e-04
5.794814e-04
5.669847e-04
5.537346e-04
5.484835e-04
5.321304e-04
5.184453e-04
5.016821e-04
4.961491e-04
4.883560e-04
4.857123e-04
4.667025e-04
4.612739e-04
4.491799e-04
4.463235e-04
4.382473e-04
4.335733e-04
4.289747e-04
4.119411e-04
4.107415e-04
4.043730e-04
4.006191e-04
3.919014e-04
3.879523e-04
3.812315e-04
3.780112e-04
3.768071e-04
3.724621e-04
3.672527e-04
3.606038e-04
3.548336e-04
3.517369e-04
3.446761e-04
3.433486e-04
3.426439e-04
3.374928e-04
3.337075e-04
3.307463e-04
3.276140e-04
3.210529e-04
3.205307e-04
3.163746e-04
3.148974e-04
3.074445e-04
3.069377e-04
3.035635e-04
3.017202e-04
2.996502e-04
2.916593e-04
2.907731e-04
2.874714e-04
2.853147e-04
2.812444e-04
2.768307e-04
2.765326e-04
2.696108e-04
2.667072e-04
2.639173e-04
2.613403e-04
2.591095e-04
2.542529e-04
2.491777e-04
2.466135e-04
2.434306e-04
2.417448e-04
2.381024e-04
2.352353e-04
2.316463e-04
2.271646e-04
2.249986e-04
2.240632e-04
2.212628e-04
2.194454e-04
2.167898e-04
2.147039e-04
2.127695e-04
2.094957e-04
2.049288e-04
2.040261e-04
2.013899e-04
1.983077e-04
1.947802e-04
1.916489e-04
1.891396e-04
1.871507e-04
1.828249e-04
1.788126e-04
1.785207e-04
1.742742e-04
1.721844e-04
1.701569e-04
1.650573e-04
1.636184e-04
1.632511e-04
1.600435e-04
1.553797e-04
1.538020e-04
1.529448e-04
1.520036e-04
1.488322e-04
1.455739e-04
1.404065e-04
1.399703e-04
1.368348e-04
1.365405e-04
1.295603e-04
1.284609e-04
1.244584e-04
1.233225e-04
1.225929e-04
1.205674e-04
1.171873e-04
1.142567e-04
1.112257e-04
1.082736e-04
1.075765e-04
1.056242e-04
1.031561e-04
1.024259e-04
1.004363e-04
9.590085e-05
9.366134e-05
9.199486e-05
8.824927e-05
8.695312e-05
8.573812e-05
8.167081e-05
8.002298e-05
7.744417e-05
7.669511e-05
7.526258e-05
7.193633e-05
7.097841e-05
6.850778e-05
6.635956e-05
6.371475e-05
6.252722e-05
5.872692e-05
5.712325e-05
5.556216e-05
5.496738e-05
5.070466e-05
4.907639e-05
4.523902e-05
4.289331e-05
4.261769e-05
3.946015e-05
3.626120e-05
3.470882e-05
3.106373e-05
2.826408e-05
2.635540e-05
2.293516e-05
2.247729e-05
2.003771e-05
1.804008e-05
1.467198e-05
1.328326e-05
9.851626e-06
7.182060e-06
5.357752e-06
1.653391e-06
8.307368e-07
1.197896e-14
-2.635984e-14
-3.932412e-07
-3.689907e-06
-6.129784e-06
-8.496485e-06
-9.759386e-06
-1.116356e-05
-1.426686e-05
-1.686067e-05
-2.039937e-05
-2.254328e-05
-2.430840e-05
-2.744807e-05
-2.990277e-05
-3.090072e-05
-3.258959e-05
-3.385383e-05
-3.509409e-05
-3.977767e-05
-4.156286e-05
-4.400196e-05
-4.791577e-05
-5.055286e-05
-5.414600e-05
-5.476124e-05
-5.642998e-05
-5.863934e-05
-6.211355e-05
-6.271004e-05
-6.405423e-05
-6.880682e-05
-6.921109e-05
-7.360781e-05
-7.423961e-05
-8.133457e-05
-8.310585e-05
-8.614789e-05
-8.776470e-05
-9.216000e-05
-9.421355e-05
-9.477380e-05
-9.735634e-05
-1.019379e-04
-1.035877e-04
-1.072630e-04
-1.104282e-04
-1.106318e-04
-1.143746e-04
-1.164953e-04
-1.186428e-04
-1.200578e-04
-1.209072e-04
-1.251030e-04
-1.280360e-04
-1.290824e-04
-1.309945e-04
-1.330319e-04
-1.392579e-04
-1.409403e-04
-1.448251e-04
-1.504562e-04
-1.518063e-04
-1.547063e-04
-1.590011e-04
-1.597414e-04
-1.602672e-04
-1.649949e-04
-1.670913e-04
-1.696725e-04
-1.731378e-04
-1.758102e-04
-1.806784e-04
-1.847390e-04
-1.870207e-04
-1.900028e-04
-1.916792e-04
-1.944738e-04
-1.958532e-04
-2.012845e-04
-2.043731e-04
-2.052792e-04
-2.101547e-04
-2.110226e-04
-2.161726e-04
-2.214416e-04
-2.221293e-04
-2.277020e-04
-2.301429e-04
-2.332696e-04
-2.358050e-04
-2.395744e-04
-2.473356e-04
-2.491046e-04
-2.538867e-04
-2.555642e-04
-2.610735e-04
-2.621693e-04
-2.719454e-04
-2.778880e-04
-2.803293e-04
-2.870249e-04
-2.905492e-04
-2.911039e-04
-2.957153e-04
-3.041761e-04
-3.076919e-04
-3.106088e-04
-3.233957e-04
-3.271535e-04
-3.348915e-04
-3.370593e-04
-3.415080e-04
-3.481966e-04
-3.545192e-04
-3.585079e-04
-3.676923e-04
-3.754846e-04
-3.871235e-04
-3.922489e-04
-4.008200e-04
-4.138177e-04
-4.568126e-04
-5.418179e-04
-7.378393e-04
-9.722435e-04
-1.093073e-03
