1.233607e+08
1.814999e+07
2.149086e+06
1.788904e+06
9.156593e+05
3.179926e+05
1.573180e+05
1.185908e+05
2.283902e+04
1.033228e+04
2.895099e+03
1.135719e+03
4.708409e+02
2.635035e+02
1.507824e+02
6.611020e+01
5.255834e+01
4.178271e+01
4.019809e+01
3.911932e+01
3.064017e+01
2.326019e+01
2.094724e+01
1.915901e+01
1.762913e+01
1.631575e+01
1.539280e+01
1.387428e+01
1.238290e+01
1.147385e+01
1.065837e+01
1.058153e+01
1.019121e+01
9.578314e+00
8.729120e+00
8.274971e+00
8.213061e+00
7.527896e+00
7.017958e+00
6.775316e+00
6.385252e+00
6.048242e+00
5.791643e+00
5.578620e+00
5.297924e+00
4.792902e+00
4.395917e+00
4.011189e+00
3.702171e+00
3.510847e+00
3.253156e+00
2.862010e+00
2.831152e+00
2.677046e+00
2.561540e+00
2.031047e+00
2.002800e+00
1.784700e+00
1.720271e+00
1.320182e+00
1.215734e+00
1.155624e+00
1.041961e+00
8.013631e-01
6.996856e-01
6.552427e-01
5.790710e-01
4.735257e-01
4.114848e-01
3.197556e-01
1.832788e-01
1.777101e-01
1.691628e-01
1.312665e-01
1.163264e-01
8.276658e-02
6.354618e-02
2.972601e-02
-1.944220e-10
-2.155992e-02
-7.862665e-02
-1.665356e-01
-2.207280e-01
-2.779772e-01
-3.776759e-01
-4.257893e-01
-5.585870e-01
-5.677909e-01
-6.547527e-01
-6.762715e-01
-7.615303e-01
-9.536094e-01
-1.117228e+00
-1.227207e+00
-1.425370e+00
-1.617725e+00
-1.718389e+00
-2.068414e+00
-2.163746e+00
-2.405349e+00
-2.648588e+00
-2.994828e+00
-3.120162e+00
-3.443256e+00
-3.480699e+00
-4.012798e+00
-4.218821e+00
-4.501262e+00
-5.470739e+00
-5.714627e+00
-5.899646e+00
-6.073538e+00
-6.638338e+00
-7.400569e+00
-8.540188e+00
-9.755554e+00
-1.083030e+01
-1.200578e+01
-1.326728e+01
-1.457732e+01
-1.597153e+01
-1.983707e+01
-2.256240e+01
-2.721871e+01
-3.358677e+01
-4.117323e+01
-4.634031e+01
-6.433276e+01
