1.278661e+05
6.051079e+03
3.075823e+03
2.355055e+03
1.871782e+03
1.715838e+03
1.424136e+03
9.104907e+02
8.197495e+02
7.366757e+02
6.270630e+02
4.744943e+02
3.544733e+02
2.717333e+02
2.312903e+02
2.099542e+02
1.870261e+02
1.577875e+02
1.387590e+02
1.312574e+02
1.189847e+02
1.082662e+02
1.050736e+02
8.948695e+01
8.178477e+01
7.534286e+01
6.449493e+01
5.798528e+01
5.216287e+01
5.018937e+01
4.914487e+01
4.565589e+01
4.019361e+01
3.670618e+01
3.550032e+01
3.272203e+01
2.858202e+01
2.738683e+01
2.601066e+01
2.423328e+01
2.188010e+01
2.046810e+01
1.868406e+01
1.685593e+01
1.654687e+01
1.444546e+01
1.353685e+01
1.250809e+01
1.171297e+01
1.142505e+01
1.113353e+01
1.026219e+01
9.610274e+00
9.032342e+00
8.453146e+00
7.896044e+00
6.737498e+00
6.347075e+00
6.013560e+00
5.700130e+00
4.911877e+00
4.553452e+00
4.400493e+00
3.975587e+00
3.893131e+00
3.276157e+00
2.945789e+00
2.868309e+00
2.738583e+00
2.586757e+00
2.461826e+00
2.222538e+00
2.112923e+00
1.878039e+00
1.784403e+00
1.739799e+00
1.574953e+00
1.492236e+00
1.440758e+00
1.321985e+00
1.265988e+00
1.139545e+00
1.037064e+00
1.010260e+00
9.013432e-01
8.921847e-01
8.800895e-01
8.365737e-01
7.244078e-01
6.713650e-01
6.631214e-01
6.024773e-01
5.775490e-01
5.133433e-01
5.072379e-01
4.523895e-01
4.299425e-01
3.999420e-01
3.743207e-01
3.678036e-01
3.151987e-01
3.100309e-01
2.834935e-01
2.763234e-01
2.564474e-01
2.442710e-01
2.089878e-01
2.060060e-01
1.928386e-01
1.756724e-01
1.686406e-01
1.528420e-01
1.437964e-01
1.398779e-01
1.320284e-01
1.229987e-01
1.129855e-01
1.058180e-01
1.016315e-01
9.467281e-02
9.254349e-02
8.442527e-02
7.878274e-02
7.216670e-02
6.353500e-02
5.900520e-02
5.498202e-02
4.873122e-02
4.527379e-02
4.451153e-02
4.204565e-02
4.004608e-02
3.371570e-02
3.128958e-02
2.780635e-02
2.578632e-02
2.426201e-02
2.318566e-02
2.203594e-02
2.073727e-02
1.949979e-02
1.803684e-02
1.645957e-02
1.489898e-02
1.413407e-02
1.373394e-02
1.226182e-02
1.177702e-02
1.115340e-02
9.966378e-03
9.472731e-03
8.619422e-03
7.941701e-03
7.456113e-03
6.720126e-03
6.562074e-03
5.796972e-03
5.542622e-03
5.293603e-03
5.036511e-03
4.936778e-03
4.614103e-03
3.874456e-03
3.567024e-03
3.414520e-03
3.058505e-03
3.011523e-03
2.810450e-03
2.567443e-03
2.309069e-03
2.181092e-03
2.068589e-03
2.000151e-03
1.798484e-03
1.721969e-03
1.649843e-03
1.604103e-03
1.546633e-03
1.517814e-03
1.479526e-03
1.438881e-03
1.408764e-03
1.394509e-03
1.377145e-03
1.313913e-03
1.312997e-03
1.286796e-03
1.269711e-03
1.262163e-03
1.249708e-03
1.235550e-03
1.205622e-03
1.187076e-03
1.172087e-03
1.161683e-03
1.144548e-03
1.134576e-03
1.123453e-03
1.100203e-03
1.094508e-03
1.084880e-03
1.059036e-03
1.047926e-03
1.040776e-03
1.021363e-03
1.002893e-03
9.984542e-04
9.702610e-04
9.614151e-04
9.571749e-04
9.375990e-04
9.299033e-04
9.095932e-04
8.990429e-04
8.955112e-04
8.824323e-04
8.805155e-04
8.569768e-04
8.394750e-04
8.361046e-04
8.254906e-04
8.187031e-04
8.123806e-04
7.970151e-04
7.740395e-04
7.639282e-04
7.574931e-04
7.533095e-04
7.478285e-04
7.235214e-04
7.113614e-04
7.001983e-04
6.962127e-04
6.809023e-04
6.788067e-04
6.569042e-04
6.421493e-04
6.341352e-04
6.286046e-04
6.162855e-04
6.024729e-04
5.970348e-04
5.851081e-04
5.834320e-04
5.627038e-04
5.537050e-04
5.395925e-04
5.344665e-04
5.254869e-04
5.184662e-04
5.067359e-04
4.956801e-04
4.878568e-04
4.798433e-04
4.777854e-04
4.689067e-04
4.633163e-04
4.553536e-04
4.474431e-04
4.333626e-04
4.256902e-04
4.119590e-04
4.085046e-04
3.878270e-04
3.852171e-04
3.711261e-04
3.607528e-04
3.542579e-04
3.428350e-04
3.414809e-04
3.354819e-04
3.268615e-04
3.102293e-04
2.959055e-04
2.909573e-04
2.805269e-04
2.699179e-04
2.536718e-04
2.489085e-04
2.446422e-04
2.328683e-04
2.305121e-04
2.157735e-04
2.109270e-04
2.021214e-04
1.951966e-04
1.736106e-04
1.692127e-04
1.592372e-04
1.506214e-04
1.399924e-04
1.374237e-04
1.318657e-04
1.263035e-04
1.172063e-04
1.051481e-04
9.366559e-05
8.719987e-05
7.048505e-05
5.424818e-05
5.169938e-05
3.414688e-05
3.140271e-05
1.908706e-05
1.110122e-05
6.016837e-06
-1.617674e-06
-9.484182e-06
-1.529879e-05
-2.622830e-05
-3.387979e-05
-4.054674e-05
-5.938045e-05
-7.345987e-05
-8.066538e-05
-8.832028e-05
-9.186388e-05
-9.967070e-05
-1.176999e-04
-1.225144e-04
-1.319278e-04
-1.406795e-04
-1.511917e-04
-1.624301e-04
-1.813271e-04
-1.886699e-04
-2.026467e-04
-2.060244e-04
-2.110567e-04
-2.358001e-04
-2.528507e-04
-2.557347e-04
-2.642498e-04
-2.737862e-04
-2.805153e-04
-2.869724e-04
-3.018561e-04
-3.101442e-04
-3.262405e-04
-3.279909e-04
-3.424810e-04
-3.521680e-04
-3.556540e-04
-3.687293e-04
-3.865625e-04
-3.980936e-04
-4.001697e-04
-4.067024e-04
-4.199587e-04
-4.352181e-04
-4.552784e-04
-4.635491e-04
-4.673468e-04
-4.733296e-04
-4.900155e-04
-5.011536e-04
-5.039399e-04
-5.178069e-04
-5.353846e-04
-5.549313e-04
-5.643169e-04
-5.736095e-04
-5.920706e-04
-5.943292e-04
-6.118669e-04
-6.237995e-04
-6.400012e-04
-6.479881e-04
-6.588412e-04
-6.756741e-04
-6.802008e-04
-6.922722e-04
-7.106559e-04
-7.242946e-04
-7.452472e-04
-7.641175e-04
-8.015828e-04
-8.069860e-04
-8.402329e-04
-8.431933e-04
-8.719247e-04
-8.914623e-04
-9.506347e-04
-9.970065e-04
