1.382522e+10
7.756625e+08
2.596660e+08
9.434914e+07
8.871552e+07
6.879759e+07
5.981647e+07
5.244440e+07
4.319258e+07
3.123276e+07
2.861562e+07
2.385082e+07
1.975965e+07
1.775664e+07
1.570646e+07
1.292896e+07
1.078320e+07
1.004375e+07
7.820666e+06
7.370660e+06
6.676034e+06
5.543250e+06
4.880940e+06
4.242126e+06
3.663475e+06
3.539450e+06
3.087526e+06
2.864717e+06
2.480366e+06
2.366089e+06
2.281487e+06
2.020981e+06
1.954019e+06
1.728323e+06
1.583330e+06
1.391081e+06
1.349418e+06
1.158254e+06
1.027106e+06
9.896710e+05
8.653923e+05
7.824504e+05
7.411198e+05
6.244378e+05
5.557495e+05
4.826766e+05
4.432609e+05
3.923409e+05
3.706242e+05
3.574841e+05
2.682615e+05
2.431187e+05
2.180460e+05
2.090589e+05
1.986263e+05
1.718205e+05
1.445338e+05
1.099776e+05
1.029893e+05
9.243353e+04
8.340486e+04
6.140163e+04
5.718174e+04
4.576712e+04
3.505980e+04
2.062476e+04
2.038330e+04
1.786595e+04
1.405449e+04
1.352604e+04
9.041098e+03
7.747340e+03
7.316876e+03
5.296590e+03
4.303385e+03
3.477506e+03
2.939531e+03
2.453495e+03
2.029339e+03
1.608468e+03
1.551237e+03
1.097112e+03
7.760606e+02
5.830088e+02
5.453505e+02
5.075227e+02
3.943256e+02
3.120511e+02
2.117231e+02
2.026098e+02
1.523526e+02
1.111080e+02
6.822511e+01
5.448203e+01
3.489667e+01
2.389137e+01
2.239084e+01
1.429886e+01
1.366089e+01
1.086765e+01
7.395039e+00
4.800121e+00
2.586203e+00
2.225226e+00
1.888091e+00
1.469071e+00
8.865518e-01
4.978999e-01
3.626080e-01
1.963228e-01
1.754365e-01
1.305494e-01
9.964739e-02
9.589107e-02
7.461119e-02
4.879024e-02
4.686274e-02
3.756672e-02
3.309382e-02
2.796661e-02
2.080670e-02
9.444040e-03
3.632794e-03
-6.078072e-03
-1.280025e-02
-2.796581e-02
-4.810494e-02
-5.385842e-02
