2.593711e+12
1.669416e+12
1.456367e+12
1.267327e+12
1.192766e+12
1.141553e+12
1.101299e+12
1.072418e+12
9.804011e+11
9.325272e+11
8.738084e+11
8.148854e+11
7.998724e+11
7.340057e+11
7.050396e+11
6.814509e+11
6.736061e+11
6.541130e+11
6.012606e+11
5.732416e+11
5.546319e+11
5.390952e+11
5.108931e+11
5.061453e+11
4.653624e+11
4.547603e+11
4.350249e+11
4.203679e+11
4.040341e+11
3.841280e+11
3.819662e+11
3.791440e+11
3.643017e+11
3.437646e+11
3.255267e+11
3.187043e+11
3.160750e+11
2.986611e+11
2.902408e+11
2.819584e+11
2.691589e+11
2.572860e+11
2.537238e+11
2.450207e+11
2.419190e+11
2.302029e+11
2.235282e+11
2.190043e+11
2.164663e+11
2.088761e+11
2.018645e+11
1.994421e+11
1.945327e+11
1.894238e+11
1.824170e+11
1.779402e+11
1.727788e+11
1.704174e+11
1.695504e+11
1.585761e+11
1.578059e+11
1.511390e+11
1.473382e+11
1.438190e+11
1.423074e+11
1.410570e+11
1.369492e+11
1.342678e+11
1.330873e+11
1.289561e+11
1.237782e+11
1.231073e+11
1.198761e+11
1.183488e+11
1.160493e+11
1.138608e+11
1.126657e+11
1.103207e+11
1.087836e+11
1.057783e+11
1.028701e+11
1.016220e+11
1.000314e+11
9.783892e+10
9.516553e+10
9.486863e+10
9.325224e+10
8.890023e+10
8.758198e+10
8.641059e+10
8.416326e+10
8.379939e+10
8.203091e+10
7.858641e+10
7.749553e+10
7.631403e+10
7.541129e+10
7.507764e+10
7.237109e+10
7.190109e+10
7.125361e+10
6.881308e+10
6.721333e+10
6.700086e+10
6.679908e+10
6.406492e+10
6.275672e+10
6.097802e+10
5.988504e+10
5.789539e+10
5.687688e+10
5.591058e+10
5.492532e+10
5.322170e+10
5.319541e+10
5.215966e+10
5.008860e+10
4.843475e+10
4.777356e+10
4.679788e+10
4.500926e+10
4.393270e+10
4.194417e+10
4.090647e+10
2.526877e+10
2.377584e+10
1.643380e+10
6.452326e+09
