4.943215e+05
3.227252e+05
2.640710e+05
2.501198e+05
1.897904e+05
1.687451e+05
1.503400e+05
1.272774e+05
1.148464e+05
1.091791e+05
9.670640e+04
8.079373e+04
7.328677e+04
7.104216e+04
6.672973e+04
5.602129e+04
4.938760e+04
4.412083e+04
3.649357e+04
3.292350e+04
2.724804e+04
2.545259e+04
2.156650e+04
1.880418e+04
1.577281e+04
1.429533e+04
1.299656e+04
1.207837e+04
1.090878e+04
8.904369e+03
8.621204e+03
7.261920e+03
6.403614e+03
6.062530e+03
4.938580e+03
4.615750e+03
3.549807e+03
3.032715e+03
2.413922e+03
2.212901e+03
1.902011e+03
1.429968e+03
1.301921e+03
1.150564e+03
1.000922e+03
8.655375e+02
7.494498e+02
6.259625e+02
4.970605e+02
4.572290e+02
4.468372e+02
3.724786e+02
3.389284e+02
2.705970e+02
2.575450e+02
2.183310e+02
1.879898e+02
1.511039e+02
1.252549e+02
9.587041e+01
8.583913e+01
7.631691e+01
6.956142e+01
6.363352e+01
4.775439e+01
4.382557e+01
3.807277e+01
2.342695e+01
2.111357e+01
2.019150e+01
1.916138e+01
9.952849e+00
9.087827e+00
7.517032e+00
6.576397e+00
6.340421e+00
5.328928e+00
4.833835e+00
4.031907e+00
3.314747e+00
3.198927e+00
1.965091e+00
1.667451e+00
1.315445e+00
1.216751e+00
1.112270e+00
7.018743e-01
5.407785e-01
4.651384e-01
4.280635e-01
3.579959e-01
2.009009e-01
1.860754e-01
9.924684e-02
7.546823e-02
6.222288e-02
5.751505e-02
5.552090e-02
5.375786e-02
4.984795e-02
4.830305e-02
4.378874e-02
4.306328e-02
4.256760e-02
4.207683e-02
4.036563e-02
3.961201e-02
3.898109e-02
3.870994e-02
3.820002e-02
3.772137e-02
3.698377e-02
3.666445e-02
3.552728e-02
3.459403e-02
3.454661e-02
3.151805e-02
3.079236e-02
3.008407e-02
2.941515e-02
2.744379e-02
2.666678e-02
2.520847e-02
2.454205e-02
2.211033e-02
1.402753e-02
-4.187292e-12
-5.412132e-12
