1.276733e+08
2.109986e+07
1.907393e+06
9.319877e+05
6.507446e+05
3.745275e+05
3.071603e+05
1.266057e+05
1.288035e+04
8.627675e+03
3.839519e+03
6.580434e+02
5.710244e+02
3.787980e+02
1.212321e+02
6.143944e+01
4.270712e+01
3.078246e+01
2.779589e+01
2.459020e+01
2.229424e+01
1.887574e+01
1.757256e+01
1.562666e+01
1.452296e+01
1.320296e+01
1.204556e+01
1.179594e+01
1.138890e+01
1.051142e+01
1.015941e+01
9.449748e+00
9.231682e+00
8.581980e+00
8.088068e+00
7.802869e+00
7.290640e+00
6.780649e+00
6.513613e+00
6.078669e+00
5.725414e+00
5.553028e+00
5.065077e+00
4.855444e+00
4.467463e+00
4.281199e+00
4.172759e+00
4.071811e+00
3.813448e+00
3.529358e+00
3.299952e+00
3.029783e+00
2.893435e+00
2.545171e+00
2.515558e+00
2.325171e+00
2.250289e+00
1.998297e+00
1.762747e+00
1.575821e+00
1.360443e+00
1.323775e+00
1.195329e+00
1.162324e+00
9.896725e-01
8.020260e-01
7.222440e-01
6.761329e-01
5.649189e-01
5.053510e-01
4.131494e-01
3.266832e-01
2.871769e-01
2.141827e-01
1.813723e-01
1.257050e-01
9.133649e-02
5.908639e-02
8.529449e-03
1.632050e-09
1.141793e-10
-4.819236e-03
-1.100449e-01
-1.215069e-01
-1.764852e-01
-2.125479e-01
-3.081103e-01
-3.387840e-01
-4.403699e-01
-5.028375e-01
-7.210546e-01
-7.731355e-01
-8.944876e-01
-9.766544e-01
-1.059210e+00
-1.203528e+00
-1.340204e+00
-1.546136e+00
-1.762119e+00
-1.848307e+00
-1.942384e+00
-2.204581e+00
-2.290832e+00
-2.641543e+00
-2.848819e+00
-2.991553e+00
-3.301780e+00
-3.679251e+00
-3.946422e+00
-4.189189e+00
-4.540774e+00
-5.067797e+00
-5.816790e+00
-6.096534e+00
-7.142701e+00
-8.043864e+00
-8.967090e+00
-1.064499e+01
-1.139815e+01
-1.296741e+01
-1.621482e+01
-1.807575e+01
-1.863955e+01
-2.322985e+01
-2.990016e+01
-3.957271e+01
-4.321992e+01
-5.704430e+01
