2.135155e+05
2.270353e+04
4.636599e+03
1.890098e+03
2.081231e+02
2.286786e+01
1.062321e+01
5.651458e+00
1.862307e+00
2.223320e-01
5.140289e-02
4.962164e-02
4.147118e-02
3.742350e-02
2.938855e-02
2.577624e-02
2.475321e-02
2.095240e-02
1.969350e-02
1.868006e-02
1.766787e-02
1.617498e-02
1.563785e-02
1.513141e-02
1.474107e-02
1.424865e-02
1.343499e-02
1.261499e-02
1.228752e-02
1.171642e-02
1.119676e-02
1.094513e-02
1.022278e-02
1.006572e-02
9.347344e-03
9.079921e-03
8.926828e-03
8.449671e-03
8.273877e-03
8.071776e-03
7.978592e-03
7.543706e-03
7.104671e-03
7.000620e-03
6.670568e-03
6.474091e-03
6.256134e-03
6.013156e-03
5.960204e-03
5.748172e-03
5.476718e-03
5.285788e-03
5.037106e-03
4.922213e-03
4.518157e-03
4.268968e-03
4.051721e-03
3.852650e-03
3.764688e-03
3.483394e-03
3.200466e-03
3.023854e-03
2.932554e-03
2.692999e-03
2.513185e-03
2.251983e-03
2.011780e-03
1.937448e-03
1.733036e-03
1.604305e-03
1.507258e-03
1.401498e-03
1.136892e-03
1.093491e-03
1.024676e-03
8.859463e-04
8.095724e-04
7.733024e-04
5.656698e-04
5.232181e-04
4.418207e-04
2.922458e-04
1.731231e-04
8.702569e-05
-5.227786e-05
-2.103915e-04
-2.549574e-04
-6.330130e-04
-8.599072e-04
-9.840019e-04
-1.352609e-03
-1.860464e-03
-1.998510e-03
-2.280040e-03
-2.621511e-03
-2.910258e-03
-3.293906e-03
-3.633983e-03
-3.921481e-03
-4.205566e-03
-4.499446e-03
-4.857955e-03
-5.645687e-03
-6.243525e-03
-6.664017e-03
-7.266961e-03
-7.993746e-03
-8.473072e-03
-9.024002e-03
-9.396398e-03
-1.019961e-02
-1.126104e-02
-1.246144e-02
-1.336968e-02
-1.490505e-02
-1.549808e-02
-1.763299e-02
-1.899402e-02
-2.057602e-02
-2.183248e-02
-2.380827e-02
-2.756900e-02
-3.131611e-02
-3.162469e-02
-4.759619e-02
-5.386879e-02
-6.478050e-02
-1.241612e-01
