4.665396e+05
2.818220e+05
1.879842e+05
1.409115e+05
1.212120e+05
1.086000e+05
9.942284e+04
8.933719e+04
7.731069e+04
7.626869e+04
6.439474e+04
5.822676e+04
4.950296e+04
4.391614e+04
4.145179e+04
3.585970e+04
3.179297e+04
2.267251e+04
1.624423e+04
1.187787e+04
1.117058e+04
9.278246e+03
7.876483e+03
7.023934e+03
6.342482e+03
5.775289e+03
4.604835e+03
4.500728e+03
4.132372e+03
3.869106e+03
2.955191e+03
2.551588e+03
2.039079e+03
1.733337e+03
1.463950e+03
1.277244e+03
9.712129e+02
8.585193e+02
6.768403e+02
5.831161e+02
5.803063e+02
4.121604e+02
3.507997e+02
3.196017e+02
2.649864e+02
2.056642e+02
2.009348e+02
1.828328e+02
1.272240e+02
1.096232e+02
1.068808e+02
9.628504e+01
6.263491e+01
6.001806e+01
4.981026e+01
4.302481e+01
2.841234e+01
2.633160e+01
2.188857e+01
1.649512e+01
1.556323e+01
1.422683e+01
8.501099e+00
8.135887e+00
6.157000e+00
3.701507e+00
3.076755e+00
2.592040e+00
2.221430e+00
1.706334e+00
1.570696e+00
9.630621e-01
8.000616e-01
6.347469e-01
5.397902e-01
3.238303e-01
2.835400e-01
2.550562e-01
1.947491e-01
1.777709e-01
1.432528e-01
9.312577e-02
8.379196e-02
7.445931e-02
7.242226e-02
7.024617e-02
6.213845e-02
4.729421e-02
4.432239e-02
4.074603e-02
3.617838e-02
2.977056e-02
2.776699e-02
2.705228e-02
2.400204e-02
2.342514e-02
2.143531e-02
2.104658e-02
1.978466e-02
1.916127e-02
1.854078e-02
1.813605e-02
1.766077e-02
1.696988e-02
1.659278e-02
1.613299e-02
1.591993e-02
1.574330e-02
1.504099e-02
1.501963e-02
1.492301e-02
1.439845e-02
1.381983e-02
1.370105e-02
1.350752e-02
1.297176e-02
1.232313e-02
1.200267e-02
1.134735e-02
1.048642e-02
1.013941e-02
9.783677e-03
9.042234e-03
8.708320e-03
6.962028e-03
6.151992e-03
4.371754e-03
8.524851e-13
