4.778849e+12
3.709423e+12
2.957435e+12
2.544495e+12
2.202274e+12
2.010999e+12
1.899062e+12
1.777744e+12
1.678472e+12
1.633268e+12
1.556575e+12
1.455386e+12
1.414786e+12
1.383752e+12
1.341630e+12
1.186443e+12
1.166264e+12
1.130166e+12
1.077192e+12
1.018250e+12
9.818531e+11
9.595739e+11
9.371588e+11
9.070465e+11
8.673555e+11
8.165888e+11
8.025278e+11
7.790394e+11
7.614420e+11
7.449698e+11
7.022295e+11
6.882772e+11
6.643640e+11
6.529037e+11
6.450187e+11
6.228097e+11
5.983348e+11
5.744881e+11
5.664757e+11
5.543557e+11
5.469896e+11
5.335301e+11
5.272147e+11
5.124665e+11
4.914664e+11
4.593904e+11
4.504508e+11
4.434759e+11
4.369019e+11
4.303700e+11
4.142030e+11
3.980411e+11
3.960992e+11
3.833510e+11
3.772765e+11
3.677900e+11
3.601990e+11
3.560136e+11
3.441944e+11
3.404489e+11
3.335214e+11
3.274694e+11
3.195258e+11
3.154879e+11
3.112707e+11
3.019350e+11
2.927605e+11
2.886121e+11
2.867854e+11
2.801185e+11
2.730424e+11
2.698095e+11
2.638513e+11
2.632988e+11
2.541721e+11
2.532031e+11
2.482123e+11
2.444583e+11
2.412743e+11
2.403551e+11
2.287977e+11
2.240380e+11
2.225621e+11
2.190053e+11
2.170547e+11
2.137477e+11
2.100477e+11
2.037943e+11
2.026520e+11
2.005429e+11
1.984562e+11
1.933083e+11
1.901887e+11
1.883514e+11
1.871827e+11
1.842789e+11
1.778980e+11
1.764154e+11
1.739138e+11
1.700337e+11
1.681065e+11
1.662802e+11
1.653943e+11
1.605088e+11
1.579629e+11
1.558389e+11
1.521090e+11
1.499400e+11
1.456499e+11
1.443462e+11
1.373238e+11
1.352704e+11
1.323340e+11
1.300450e+11
1.273410e+11
1.251360e+11
1.234976e+11
1.221361e+11
1.192218e+11
1.146437e+11
1.132028e+11
1.074797e+11
1.061169e+11
8.419527e+10
7.813452e+10
6.776381e+10
6.253736e+10
1.763554e+10
