8.853510e+04
3.437876e+03
2.372688e+03
1.788458e+03
1.041319e+03
7.922798e+02
4.943962e+02
4.195421e+02
2.913166e+02
2.725159e+02
2.413106e+02
2.079164e+02
1.862361e+02
1.591257e+02
1.469306e+02
1.401730e+02
1.299373e+02
1.291656e+02
1.177003e+02
1.097150e+02
1.048450e+02
9.507896e+01
8.471960e+01
8.227390e+01
7.607420e+01
7.397295e+01
6.808499e+01
6.347020e+01
5.901950e+01
5.774715e+01
5.051521e+01
4.750936e+01
4.716504e+01
4.225771e+01
4.085238e+01
3.801696e+01
3.763440e+01
3.644594e+01
3.198195e+01
2.852982e+01
2.659969e+01
2.455499e+01
2.435913e+01
2.346928e+01
2.167249e+01
1.909192e+01
1.844226e+01
1.762325e+01
1.642787e+01
1.546001e+01
1.490522e+01
1.408310e+01
1.218173e+01
1.169663e+01
1.124156e+01
1.026346e+01
9.946102e+00
9.137213e+00
7.962637e+00
7.638715e+00
7.012625e+00
6.474144e+00
6.292947e+00
6.115322e+00
5.761602e+00
5.037853e+00
4.720825e+00
4.308228e+00
4.086574e+00
3.733826e+00
3.239968e+00
2.924793e+00
2.741728e+00
2.447395e+00
2.307478e+00
2.110596e+00
2.011291e+00
1.925926e+00
1.678900e+00
1.562574e+00
1.497007e+00
1.431567e+00
1.393851e+00
1.272207e+00
1.244480e+00
1.164729e+00
1.110980e+00
1.026664e+00
9.471989e-01
8.881212e-01
8.574854e-01
8.043473e-01
7.323945e-01
6.830474e-01
6.512040e-01
6.138101e-01
5.934790e-01
5.620985e-01
5.058641e-01
4.755977e-01
4.613634e-01
4.273307e-01
4.215761e-01
4.071108e-01
3.845229e-01
3.482117e-01
3.220389e-01
3.179567e-01
2.970336e-01
2.694281e-01
2.557741e-01
2.462225e-01
2.414592e-01
2.311672e-01
2.079029e-01
1.934411e-01
1.910425e-01
1.775441e-01
1.730980e-01
1.623942e-01
1.469028e-01
1.365802e-01
1.263077e-01
1.228039e-01
1.098778e-01
1.067597e-01
1.025813e-01
9.550796e-02
9.236877e-02
8.888826e-02
7.915795e-02
7.778670e-02
7.186075e-02
6.877512e-02
6.510521e-02
6.044184e-02
5.956696e-02
5.851042e-02
5.499792e-02
5.116596e-02
4.743298e-02
4.693282e-02
4.526480e-02
4.259595e-02
3.945193e-02
3.717333e-02
3.446548e-02
3.339174e-02
3.102952e-02
2.951644e-02
2.879152e-02
2.640294e-02
2.596652e-02
2.399495e-02
2.365928e-02
2.170239e-02
1.927759e-02
1.808511e-02
1.684736e-02
1.456575e-02
1.447486e-02
1.409182e-02
1.310870e-02
1.178685e-02
1.121778e-02
1.048482e-02
1.036444e-02
9.876180e-03
9.571064e-03
8.971122e-03
8.632173e-03
8.247131e-03
7.775999e-03
7.167968e-03
6.562877e-03
5.916063e-03
5.735720e-03
5.504350e-03
5.320422e-03
5.131147e-03
4.538591e-03
4.263239e-03
4.184709e-03
3.868996e-03
3.164584e-03
2.721713e-03
2.698184e-03
2.642418e-03
2.508413e-03
2.361928e-03
2.283583e-03
2.163857e-03
2.070840e-03
1.967025e-03
1.924183e-03
1.805799e-03
1.708121e-03
1.660823e-03
1.613162e-03
1.606889e-03
1.562616e-03
1.487048e-03
1.473693e-03
1.455156e-03
1.435868e-03
1.411664e-03
1.337463e-03
1.296905e-03
1.276437e-03
1.272262e-03
1.238397e-03
1.231501e-03
1.212564e-03
1.165109e-03
1.156567e-03
1.133376e-03
1.121504e-03
1.099272e-03
1.086859e-03
1.066617e-03
1.054592e-03
1.040168e-03
1.035584e-03
1.021476e-03
1.017118e-03
9.844237e-04
9.818383e-04
9.697105e-04
9.644892e-04
9.437914e-04
9.283859e-04
9.161375e-04
8.956519e-04
8.903418e-04
8.808243e-04
8.766077e-04
8.550617e-04
8.466542e-04
8.414955e-04
8.304549e-04
8.226805e-04
7.995317e-04
7.906075e-04
7.803240e-04
7.702833e-04
7.589133e-04
7.546624e-04
7.421991e-04
7.176167e-04
7.096517e-04
7.077915e-04
6.929711e-04
6.845175e-04
6.779701e-04
6.624656e-04
6.554888e-04
6.388183e-04
6.319419e-04
6.159280e-04
6.103887e-04
6.003522e-04
5.845532e-04
5.795060e-04
5.717254e-04
5.559576e-04
5.473464e-04
5.424742e-04
5.364339e-04
5.226124e-04
5.138664e-04
5.103425e-04
4.988618e-04
4.889719e-04
4.759160e-04
4.704747e-04
4.561126e-04
4.484167e-04
4.315437e-04
4.184220e-04
4.161543e-04
4.075592e-04
4.007359e-04
3.887583e-04
3.834955e-04
3.735789e-04
3.673031e-04
3.588170e-04
3.513338e-04
3.378092e-04
3.130449e-04
3.100250e-04
2.980831e-04
2.909530e-04
2.804117e-04
2.720671e-04
2.633892e-04
2.559910e-04
2.494496e-04
2.377070e-04
2.209079e-04
2.186519e-04
2.097965e-04
2.084708e-04
1.925406e-04
1.877845e-04
1.665223e-04
1.609300e-04
1.503853e-04
1.432658e-04
1.396700e-04
1.221308e-04
1.209494e-04
1.050047e-04
9.720105e-05
8.509477e-05
7.507425e-05
6.862458e-05
5.811298e-05
5.329384e-05
4.656515e-05
4.109009e-05
2.239224e-05
1.882803e-05
3.517567e-06
1.113632e-13
7.711099e-14
1.277585e-14
-5.040032e-14
-8.917119e-14
-6.295813e-06
-1.507641e-05
-1.690723e-05
-3.198201e-05
-4.223748e-05
-6.102092e-05
-6.331586e-05
-7.873636e-05
-7.924080e-05
-9.702885e-05
-1.028878e-04
-1.078962e-04
-1.172948e-04
-1.318687e-04
-1.342738e-04
-1.440901e-04
-1.605816e-04
-1.696399e-04
-1.755612e-04
-1.888952e-04
-1.928017e-04
-2.131520e-04
-2.239651e-04
-2.336068e-04
-2.436197e-04
-2.489306e-04
-2.645295e-04
-2.762922e-04
-2.818686e-04
-2.924312e-04
-3.102725e-04
-3.170765e-04
-3.289065e-04
-3.479774e-04
-3.541312e-04
-3.605502e-04
-3.758818e-04
-3.865610e-04
-3.955332e-04
-4.180613e-04
-4.379615e-04
-4.426042e-04
-4.645828e-04
-4.820924e-04
-5.071503e-04
-5.132479e-04
-5.216700e-04
-5.427264e-04
-5.691425e-04
-5.737528e-04
-6.046295e-04
-6.209664e-04
-6.274419e-04
-6.586972e-04
-6.721665e-04
