2.309150e+05
2.182618e+04
4.329506e+03
1.460586e+03
2.111168e+02
2.183900e+01
8.899261e+00
4.530215e+00
1.231227e+00
2.088152e-01
5.335648e-02
4.347438e-02
3.254741e-02
2.884775e-02
2.642468e-02
2.424502e-02
2.243639e-02
2.100429e-02
1.957006e-02
1.902742e-02
1.847021e-02
1.616242e-02
1.558700e-02
1.449016e-02
1.411135e-02
1.366656e-02
1.311290e-02
1.303764e-02
1.217583e-02
1.198564e-02
1.155543e-02
1.122764e-02
1.039732e-02
9.941776e-03
9.799486e-03
9.157722e-03
8.905096e-03
8.479943e-03
8.378235e-03
8.063220e-03
7.880388e-03
7.749544e-03
7.417317e-03
6.839219e-03
6.408449e-03
6.226148e-03
5.988176e-03
5.820621e-03
5.420034e-03
5.210356e-03
5.170074e-03
4.719440e-03
4.609040e-03
4.482664e-03
4.269009e-03
4.026988e-03
3.693002e-03
3.434686e-03
3.426338e-03
3.234743e-03
3.054145e-03
2.751926e-03
2.584829e-03
2.531726e-03
2.342383e-03
2.317568e-03
2.270283e-03
2.051256e-03
1.902568e-03
1.643423e-03
1.580629e-03
1.443179e-03
1.408836e-03
1.329237e-03
1.172157e-03
1.103485e-03
9.647349e-04
9.160097e-04
7.943946e-04
7.500770e-04
6.196512e-04
5.137812e-04
4.420707e-04
3.071684e-04
1.854552e-04
1.140424e-04
-8.151004e-05
-2.564344e-04
-4.672058e-04
-5.280858e-04
-6.972030e-04
-1.054523e-03
-1.136277e-03
-1.414397e-03
-1.614335e-03
-1.831377e-03
-2.052755e-03
-2.229220e-03
-2.643371e-03
-3.154787e-03
-3.772546e-03
-3.990388e-03
-4.398625e-03
-5.065389e-03
-5.273269e-03
-6.461470e-03
-6.658961e-03
-7.898549e-03
-8.733416e-03
-9.483938e-03
-1.036986e-02
-1.121193e-02
-1.210634e-02
-1.305763e-02
-1.510525e-02
-1.634865e-02
-1.978138e-02
-2.040529e-02
-2.143158e-02
-2.559386e-02
-2.833400e-02
-3.161013e-02
-3.569948e-02
-3.850592e-02
-3.964639e-02
-5.014908e-02
-5.441651e-02
-1.110284e-01
