2.203420e+12
1.923075e+12
1.645043e+12
1.454854e+12
1.427010e+12
1.255173e+12
1.190093e+12
1.115822e+12
1.041084e+12
9.991469e+11
9.485209e+11
8.601362e+11
8.140881e+11
7.880258e+11
7.403958e+11
7.136653e+11
6.786148e+11
6.718647e+11
6.452681e+11
6.111302e+11
5.761972e+11
5.653107e+11
5.145323e+11
5.034246e+11
4.677406e+11
4.633311e+11
4.315985e+11
4.165610e+11
4.088141e+11
3.909569e+11
3.815950e+11
3.712454e+11
3.626004e+11
3.496049e+11
3.360946e+11
3.186332e+11
3.094031e+11
2.965570e+11
2.903507e+11
2.833471e+11
2.760734e+11
2.702026e+11
2.671373e+11
2.574456e+11
2.507038e+11
2.405719e+11
2.270106e+11
2.238808e+11
2.202212e+11
2.182415e+11
2.046492e+11
1.987536e+11
1.868425e+11
1.862560e+11
1.801597e+11
1.740419e+11
1.706356e+11
1.677213e+11
1.656109e+11
1.608266e+11
1.583218e+11
1.552424e+11
1.494642e+11
1.456723e+11
1.403593e+11
1.394602e+11
1.358031e+11
1.294559e+11
1.258207e+11
1.242638e+11
1.185885e+11
1.157221e+11
1.127399e+11
1.105658e+11
1.100086e+11
1.077395e+11
1.049611e+11
1.044933e+11
1.012954e+11
9.692076e+10
9.415205e+10
9.350768e+10
9.253892e+10
9.137476e+10
8.926635e+10
8.748637e+10
8.672307e+10
8.583197e+10
8.112735e+10
7.914561e+10
7.811425e+10
7.705503e+10
7.479715e+10
7.310912e+10
7.192846e+10
7.115366e+10
7.006464e+10
6.873605e+10
6.739518e+10
6.695642e+10
6.463985e+10
6.366485e+10
6.209812e+10
6.132027e+10
6.039613e+10
5.830278e+10
5.728417e+10
5.651513e+10
5.561592e+10
5.481649e+10
5.401842e+10
5.286022e+10
5.175244e+10
5.062781e+10
4.984743e+10
4.691799e+10
4.575338e+10
4.502717e+10
4.279837e+10
4.154765e+10
3.934808e+10
3.881441e+10
3.594164e+10
2.451224e+10
1.995604e+10
1.724489e+10
1.497814e+10
1.361831e+10
