5.813414e+05
2.820380e+05
1.975313e+05
1.657561e+05
1.316921e+05
1.151834e+05
1.022982e+05
9.314935e+04
8.648299e+04
7.120447e+04
6.410347e+04
6.110391e+04
5.109624e+04
4.539907e+04
3.785750e+04
3.365657e+04
3.074281e+04
2.840115e+04
1.927363e+04
1.362541e+04
1.245733e+04
1.014876e+04
9.576485e+03
7.653186e+03
6.006528e+03
5.775632e+03
5.121552e+03
4.828002e+03
3.885230e+03
3.285429e+03
3.212177e+03
2.989632e+03
2.726741e+03
2.239663e+03
1.685911e+03
1.486686e+03
9.315514e+02
8.368432e+02
7.497102e+02
5.934688e+02
5.804589e+02
4.893273e+02
4.018803e+02
3.767050e+02
2.412154e+02
2.093142e+02
1.781922e+02
1.607585e+02
1.406421e+02
1.111411e+02
9.053957e+01
8.547478e+01
7.462709e+01
6.852872e+01
5.346675e+01
4.827517e+01
3.640820e+01
3.420210e+01
2.540974e+01
2.129016e+01
1.998765e+01
1.809533e+01
1.304874e+01
1.187386e+01
9.649022e+00
8.943257e+00
7.992292e+00
6.887821e+00
4.934793e+00
3.912275e+00
2.797776e+00
1.888787e+00
1.389072e+00
1.235113e+00
1.111308e+00
9.127722e-01
8.857003e-01
7.554317e-01
5.618454e-01
3.458094e-01
2.897531e-01
2.687052e-01
2.600792e-01
1.896817e-01
1.690929e-01
1.337635e-01
1.277097e-01
9.413361e-02
7.370120e-02
6.869467e-02
6.797142e-02
5.535990e-02
4.438587e-02
4.106877e-02
4.087560e-02
4.022289e-02
3.665875e-02
3.564516e-02
3.470788e-02
3.283933e-02
3.016595e-02
2.873115e-02
2.532384e-02
2.520699e-02
2.427375e-02
2.176618e-02
2.135933e-02
2.023614e-02
2.019374e-02
1.931141e-02
1.844721e-02
1.828635e-02
1.806800e-02
1.733933e-02
1.708527e-02
1.667229e-02
1.658436e-02
1.597413e-02
1.555858e-02
1.538529e-02
1.499254e-02
1.458425e-02
1.413257e-02
1.308483e-02
1.264440e-02
1.141568e-02
1.110888e-02
9.849845e-03
