1.288340e+05
5.944428e+03
2.963135e+03
2.617645e+03
1.838313e+03
1.588777e+03
1.472843e+03
1.016714e+03
9.528922e+02
6.498466e+02
5.984066e+02
5.249392e+02
3.124000e+02
2.271877e+02
2.198964e+02
2.120131e+02
1.987012e+02
1.739895e+02
1.455682e+02
1.243907e+02
1.180063e+02
1.138966e+02
8.594482e+01
8.362060e+01
7.828652e+01
7.227866e+01
6.405334e+01
5.768633e+01
5.340494e+01
5.107615e+01
4.655405e+01
4.283961e+01
3.732779e+01
3.612909e+01
3.302506e+01
3.212300e+01
2.802417e+01
2.779904e+01
2.541717e+01
2.467854e+01
2.351695e+01
2.213225e+01
1.827872e+01
1.737571e+01
1.690455e+01
1.640009e+01
1.607039e+01
1.324446e+01
1.181684e+01
1.104206e+01
1.101708e+01
1.028265e+01
1.025083e+01
8.611300e+00
7.962116e+00
7.733135e+00
6.810855e+00
6.201739e+00
5.979524e+00
5.129887e+00
4.826878e+00
4.769492e+00
4.471110e+00
4.184592e+00
3.727226e+00
3.340038e+00
3.111057e+00
2.992645e+00
2.808938e+00
2.508183e+00
2.304704e+00
2.133283e+00
1.997840e+00
1.946730e+00
1.785478e+00
1.725809e+00
1.658446e+00
1.434253e+00
1.354751e+00
1.291532e+00
1.176331e+00
1.049387e+00
9.699556e-01
9.212143e-01
8.657252e-01
8.189185e-01
7.492178e-01
7.076434e-01
6.689377e-01
6.114073e-01
5.777904e-01
5.486612e-01
5.268613e-01
4.809358e-01
4.218747e-01
4.143437e-01
3.756911e-01
3.581754e-01
3.348849e-01
3.252123e-01
2.824871e-01
2.750747e-01
2.504510e-01
2.403101e-01
2.357113e-01
2.046987e-01
1.936321e-01
1.873470e-01
1.684131e-01
1.583606e-01
1.426166e-01
1.384829e-01
1.288864e-01
1.274060e-01
1.234888e-01
1.054121e-01
9.691513e-02
9.065700e-02
8.722704e-02
8.238374e-02
8.100040e-02
7.561705e-02
7.323236e-02
6.614332e-02
6.184023e-02
5.432166e-02
5.122553e-02
4.518170e-02
4.350262e-02
3.926311e-02
3.890980e-02
3.588476e-02
3.108417e-02
2.900210e-02
2.754938e-02
2.624119e-02
2.465950e-02
2.327233e-02
2.182043e-02
2.016297e-02
1.940222e-02
1.549523e-02
1.391605e-02
1.383123e-02
1.241762e-02
1.137545e-02
1.025901e-02
9.864611e-03
9.118045e-03
8.156154e-03
7.840807e-03
7.598829e-03
6.993170e-03
6.029618e-03
5.359843e-03
5.089748e-03
4.305982e-03
3.765438e-03
3.565127e-03
3.285269e-03
3.224761e-03
3.042611e-03
2.935972e-03
2.746799e-03
2.496890e-03
2.358256e-03
2.314169e-03
2.261536e-03
2.160911e-03
2.017365e-03
1.903708e-03
1.882237e-03
1.840210e-03
1.682968e-03
1.591707e-03
1.531984e-03
1.492582e-03
1.444400e-03
1.403812e-03
1.384421e-03
1.378344e-03
1.364749e-03
1.352515e-03
1.311390e-03
1.280853e-03
1.273478e-03
1.244419e-03
1.220012e-03
1.218638e-03
1.207769e-03
1.184088e-03
1.164304e-03
1.155791e-03
1.130614e-03
1.125529e-03
1.109430e-03
1.095153e-03
1.072385e-03
1.054148e-03
1.050311e-03
1.038514e-03
1.004626e-03
1.000038e-03
9.900964e-04
9.815010e-04
9.640570e-04
9.625326e-04
9.490465e-04
9.398546e-04
9.225356e-04
9.172824e-04
9.061444e-04
8.903857e-04
8.709157e-04
8.647047e-04
8.492677e-04
8.249321e-04
8.222897e-04
8.106285e-04
7.984100e-04
7.914836e-04
7.864863e-04
7.778678e-04
7.608623e-04
7.548232e-04
7.397417e-04
7.337930e-04
7.225334e-04
7.063592e-04
6.955789e-04
6.751972e-04
6.611401e-04
6.590381e-04
6.426035e-04
6.347469e-04
6.339684e-04
6.204960e-04
6.188315e-04
6.082350e-04
6.037109e-04
5.939231e-04
5.859989e-04
5.788294e-04
5.639610e-04
5.546719e-04
5.499268e-04
5.382852e-04
5.358846e-04
5.187261e-04
5.159149e-04
4.945835e-04
4.862544e-04
4.770977e-04
4.600468e-04
4.566940e-04
4.511328e-04
4.391810e-04
4.342990e-04
4.244827e-04
4.117389e-04
4.032481e-04
3.986284e-04
3.840666e-04
3.704180e-04
3.669372e-04
3.578612e-04
3.518395e-04
3.427456e-04
3.219527e-04
3.159036e-04
3.048032e-04
2.981882e-04
2.927132e-04
2.883577e-04
2.841173e-04
2.644839e-04
2.558894e-04
2.451729e-04
2.290982e-04
2.252573e-04
2.200254e-04
2.075691e-04
2.032104e-04
1.953857e-04
1.746091e-04
1.705751e-04
1.701901e-04
1.601826e-04
1.540389e-04
1.466350e-04
1.279963e-04
1.150555e-04
1.063081e-04
1.012945e-04
8.709606e-05
8.114371e-05
7.563610e-05
7.281296e-05
4.868576e-05
4.283217e-05
3.276833e-05
2.812921e-05
1.679612e-05
1.229887e-05
1.049863e-05
3.286051e-06
-2.167620e-06
-1.964651e-05
-2.836884e-05
-3.415608e-05
-4.259970e-05
-6.162749e-05
-6.497917e-05
-7.016736e-05
-8.658798e-05
-1.041116e-04
-1.060935e-04
-1.162824e-04
-1.221321e-04
-1.245047e-04
-1.347907e-04
-1.504460e-04
-1.585111e-04
-1.647402e-04
-1.727902e-04
-1.902237e-04
-1.985179e-04
-2.132828e-04
-2.243710e-04
-2.333135e-04
-2.362395e-04
-2.477828e-04
-2.560950e-04
-2.607361e-04
-2.658736e-04
-2.841340e-04
-3.048252e-04
-3.116098e-04
-3.212791e-04
-3.259595e-04
-3.451740e-04
-3.592908e-04
-3.619963e-04
-3.721389e-04
-3.790574e-04
-4.023118e-04
-4.051990e-04
-4.153600e-04
-4.219065e-04
-4.422891e-04
-4.458819e-04
-4.524277e-04
-4.670586e-04
-4.829390e-04
-4.840733e-04
-4.910998e-04
-5.134803e-04
-5.244157e-04
-5.320689e-04
-5.475480e-04
-5.572795e-04
-5.719161e-04
-5.871637e-04
-5.935713e-04
-6.061429e-04
-6.216082e-04
-6.242625e-04
-6.358218e-04
-6.546527e-04
-6.791267e-04
-7.015477e-04
-7.052651e-04
-7.409272e-04
-7.452579e-04
-7.740398e-04
-7.908953e-04
-7.975170e-04
-8.234980e-04
-8.323563e-04
-8.510267e-04
-8.788966e-04
-9.026555e-04
-9.482779e-04
-1.008729e-03
