8.791604e+04
3.407906e+03
2.454542e+03
1.639649e+03
1.082520e+03
7.465312e+02
5.553782e+02
4.611353e+02
2.909205e+02
2.586008e+02
2.304320e+02
1.924200e+02
1.860957e+02
1.737046e+02
1.556320e+02
1.458229e+02
1.278102e+02
1.250813e+02
1.190049e+02
1.137919e+02
1.049963e+02
9.556752e+01
8.944559e+01
7.499240e+01
7.384596e+01
7.166802e+01
6.769172e+01
6.393757e+01
6.257060e+01
5.737574e+01
5.215949e+01
4.633846e+01
4.403110e+01
4.149730e+01
3.916878e+01
3.864162e+01
3.732611e+01
3.313646e+01
3.198583e+01
2.913076e+01
2.857382e+01
2.524140e+01
2.413759e+01
2.345829e+01
2.173512e+01
2.030006e+01
1.912545e+01
1.695771e+01
1.646486e+01
1.567393e+01
1.453202e+01
1.350336e+01
1.261338e+01
1.223038e+01
1.142422e+01
1.044744e+01
9.534060e+00
9.319396e+00
8.623518e+00
7.890210e+00
7.176946e+00
6.900513e+00
6.324129e+00
6.193708e+00
6.004223e+00
5.534039e+00
5.130261e+00
4.372278e+00
4.340403e+00
3.931504e+00
3.687522e+00
3.273675e+00
3.037554e+00
2.673143e+00
2.568669e+00
2.468566e+00
2.149457e+00
2.072360e+00
1.974084e+00
1.763605e+00
1.609404e+00
1.570501e+00
1.511763e+00
1.413625e+00
1.341909e+00
1.334203e+00
1.216761e+00
1.184971e+00
1.090698e+00
1.014273e+00
9.255765e-01
8.674178e-01
8.354128e-01
7.522027e-01
7.225519e-01
6.809801e-01
6.640533e-01
6.285702e-01
6.122722e-01
5.413440e-01
5.271565e-01
5.202870e-01
4.966585e-01
4.788163e-01
4.217571e-01
3.968333e-01
3.620778e-01
3.399269e-01
3.227517e-01
2.928913e-01
2.857338e-01
2.623270e-01
2.547136e-01
2.326646e-01
2.198915e-01
2.064705e-01
1.944991e-01
1.829561e-01
1.765077e-01
1.672102e-01
1.477437e-01
1.466840e-01
1.384324e-01
1.322372e-01
1.294343e-01
1.158266e-01
1.129125e-01
1.020513e-01
9.839758e-02
9.336273e-02
8.589497e-02
8.469310e-02
7.439288e-02
7.296611e-02
7.039659e-02
6.169861e-02
5.943006e-02
5.493928e-02
5.317774e-02
5.177269e-02
4.600301e-02
4.562014e-02
4.195154e-02
3.930360e-02
3.829319e-02
3.500907e-02
3.370190e-02
3.192648e-02
2.986928e-02
2.765066e-02
2.743030e-02
2.445659e-02
2.387633e-02
2.313217e-02
2.269727e-02
2.117918e-02
2.106339e-02
1.922919e-02
1.680278e-02
1.628189e-02
1.551929e-02
1.467328e-02
1.282908e-02
1.261322e-02
1.125740e-02
1.043642e-02
9.990900e-03
8.948462e-03
8.592449e-03
8.261190e-03
7.355844e-03
6.743305e-03
6.575108e-03
6.415582e-03
5.657741e-03
5.452857e-03
5.249911e-03
5.070486e-03
4.797579e-03
4.560926e-03
4.259346e-03
4.044737e-03
3.955980e-03
3.761680e-03
3.672374e-03
3.406760e-03
3.160187e-03
3.135229e-03
3.078553e-03
2.975954e-03
2.811204e-03
2.621802e-03
2.580505e-03
2.404355e-03
2.349682e-03
2.223923e-03
2.020629e-03
1.993041e-03
1.922397e-03
1.720102e-03
1.655674e-03
1.557740e-03
1.532399e-03
1.511958e-03
1.482086e-03
1.449998e-03
1.416257e-03
1.403191e-03
1.372266e-03
1.353928e-03
1.323684e-03
1.273488e-03
1.256389e-03
1.213360e-03
1.199301e-03
1.176076e-03
1.155875e-03
1.148673e-03
1.137142e-03
1.102286e-03
1.088717e-03
1.071294e-03
1.040989e-03
1.039293e-03
1.013649e-03
1.002764e-03
9.936339e-04
9.757170e-04
9.672920e-04
9.558107e-04
9.429159e-04
9.235638e-04
9.138475e-04
9.106732e-04
9.031213e-04
8.871544e-04
8.789779e-04
8.609301e-04
8.388111e-04
8.354194e-04
8.282144e-04
8.113601e-04
7.955356e-04
7.876856e-04
7.840761e-04
7.718046e-04
7.635518e-04
7.610387e-04
7.517563e-04
7.057118e-04
7.037933e-04
6.965464e-04
6.933186e-04
6.694421e-04
6.603232e-04
6.527858e-04
6.413909e-04
6.307145e-04
6.216815e-04
6.117871e-04
5.982696e-04
5.914732e-04
5.868843e-04
5.760040e-04
5.671402e-04
5.593899e-04
5.487400e-04
5.371494e-04
5.272197e-04
5.213032e-04
5.078508e-04
5.010605e-04
4.968679e-04
4.631740e-04
4.608203e-04
4.551175e-04
4.351815e-04
4.326266e-04
4.261351e-04
4.243946e-04
4.090170e-04
4.074406e-04
3.962427e-04
3.862975e-04
3.804480e-04
3.753064e-04
3.688197e-04
3.533684e-04
3.474089e-04
3.250168e-04
3.219698e-04
3.105667e-04
2.997432e-04
2.913886e-04
2.887915e-04
2.741978e-04
2.693016e-04
2.593110e-04
2.528475e-04
2.459575e-04
2.369814e-04
2.343784e-04
2.206171e-04
2.142294e-04
2.006279e-04
1.935026e-04
1.844522e-04
1.835283e-04
1.571825e-04
1.529056e-04
1.366336e-04
1.283146e-04
1.135852e-04
1.055434e-04
9.995265e-05
9.381181e-05
9.339317e-05
8.363729e-05
7.529477e-05
6.376607e-05
5.313217e-05
4.530514e-05
4.035025e-05
2.728429e-05
1.825236e-05
1.426243e-05
5.068139e-06
9.559024e-14
-1.787209e-14
-1.522963e-13
-2.181534e-13
-9.196922e-06
-1.163818e-05
-3.111570e-05
-3.311384e-05
-3.610890e-05
-4.940220e-05
-5.603302e-05
-7.472452e-05
-8.162228e-05
-1.036987e-04
-1.073479e-04
-1.154789e-04
-1.330404e-04
-1.500431e-04
-1.540607e-04
-1.632053e-04
-1.754164e-04
-1.912078e-04
-2.030242e-04
-2.061735e-04
-2.143284e-04
-2.192710e-04
-2.350967e-04
-2.378055e-04
-2.492398e-04
-2.640746e-04
-2.780416e-04
-2.927460e-04
-3.150919e-04
-3.188065e-04
-3.219198e-04
-3.432077e-04
-3.579812e-04
-3.662168e-04
-3.689936e-04
-3.842223e-04
-4.085173e-04
-4.116587e-04
-4.392170e-04
-4.438623e-04
-4.625433e-04
-4.758284e-04
-4.849565e-04
-4.908659e-04
-5.066579e-04
-5.136795e-04
-5.210451e-04
-5.712068e-04
-5.802591e-04
-5.944658e-04
-6.271991e-04
-6.363689e-04
-6.716824e-04
