2.900713e+10
7.774845e+09
6.270213e+09
5.197712e+09
4.959970e+09
4.553351e+09
3.587287e+09
3.134228e+09
2.753562e+09
2.585801e+09
2.563601e+09
2.384806e+09
2.009680e+09
1.817125e+09
1.750824e+09
1.591522e+09
1.516308e+09
1.446129e+09
1.312333e+09
1.284109e+09
1.207086e+09
1.177846e+09
1.099268e+09
1.057458e+09
1.035667e+09
9.706857e+08
9.366209e+08
9.176421e+08
8.915183e+08
8.641330e+08
8.268092e+08
8.044206e+08
7.739258e+08
7.397744e+08
7.114549e+08
6.820173e+08
6.459706e+08
6.284840e+08
6.066760e+08
5.895945e+08
5.666088e+08
5.385834e+08
5.261632e+08
5.106249e+08
4.968897e+08
4.828787e+08
4.670035e+08
4.539617e+08
4.496468e+08
4.362319e+08
4.308746e+08
4.178958e+08
4.006486e+08
3.785530e+08
3.725596e+08
3.714865e+08
3.597270e+08
3.476770e+08
3.409072e+08
3.309841e+08
3.220042e+08
3.184528e+08
3.114712e+08
2.949725e+08
2.900883e+08
2.721784e+08
2.689551e+08
2.641476e+08
2.588011e+08
2.398783e+08
2.353547e+08
2.295828e+08
2.265076e+08
2.247992e+08
2.190867e+08
2.090512e+08
2.045749e+08
1.978521e+08
1.957417e+08
1.872609e+08
1.820641e+08
1.757696e+08
1.734288e+08
1.679408e+08
1.643097e+08
1.593920e+08
1.564314e+08
1.463806e+08
1.461168e+08
1.405108e+08
1.359272e+08
1.317801e+08
1.276544e+08
1.232849e+08
1.214294e+08
1.142657e+08
1.104248e+08
1.083948e+08
1.033740e+08
1.010332e+08
9.942885e+07
9.065422e+07
8.743772e+07
7.941121e+07
7.352804e+07
7.022182e+07
6.464187e+07
6.405061e+07
5.662847e+07
5.457427e+07
4.939051e+07
4.529625e+07
4.174080e+07
3.564501e+07
3.358576e+07
2.645610e+07
2.392955e+07
1.830731e+07
1.303985e+07
1.083553e+07
9.888332e+06
9.050180e+06
6.960341e+06
3.842410e+06
3.398146e+06
2.429415e+06
1.790583e+06
5.995246e+04
