8.422191e+04
3.252439e+03
2.184688e+03
1.919202e+03
1.231750e+03
8.001303e+02
6.385314e+02
4.765109e+02
3.675943e+02
3.495925e+02
3.138951e+02
2.897694e+02
2.663184e+02
2.344272e+02
2.198727e+02
2.108790e+02
1.885506e+02
1.808345e+02
1.741453e+02
1.666931e+02
1.593841e+02
1.497392e+02
1.436123e+02
1.314211e+02
1.232682e+02
1.172320e+02
1.086270e+02
1.004650e+02
9.819671e+01
9.580434e+01
8.712357e+01
8.527201e+01
8.282923e+01
7.539186e+01
7.062946e+01
6.624318e+01
6.397649e+01
6.228543e+01
5.930467e+01
5.522982e+01
5.170350e+01
5.110721e+01
4.662403e+01
4.509513e+01
4.351425e+01
4.028107e+01
3.816594e+01
3.508019e+01
3.173250e+01
3.119503e+01
2.942045e+01
2.693101e+01
2.535008e+01
2.469145e+01
2.339322e+01
2.309296e+01
2.172506e+01
2.009176e+01
1.938751e+01
1.823578e+01
1.731186e+01
1.587148e+01
1.427521e+01
1.354031e+01
1.260425e+01
1.160856e+01
1.072812e+01
9.559305e+00
9.008964e+00
8.100660e+00
7.822346e+00
7.011747e+00
6.793607e+00
6.255151e+00
5.953324e+00
5.551792e+00
5.080815e+00
4.593645e+00
4.324210e+00
4.092570e+00
3.985148e+00
3.804921e+00
3.566464e+00
3.240982e+00
3.189466e+00
3.114655e+00
2.961441e+00
2.886594e+00
2.675322e+00
2.657248e+00
2.430314e+00
2.371480e+00
2.261422e+00
2.083852e+00
1.930554e+00
1.906772e+00
1.766145e+00
1.656936e+00
1.644345e+00
1.570591e+00
1.442326e+00
1.369842e+00
1.278660e+00
1.221383e+00
1.207800e+00
1.166636e+00
1.104342e+00
1.045890e+00
9.771551e-01
9.346950e-01
8.566314e-01
8.158126e-01
7.563921e-01
7.304594e-01
7.146612e-01
6.721590e-01
5.930521e-01
5.853902e-01
5.703948e-01
5.366587e-01
5.115908e-01
4.979824e-01
4.740020e-01
4.649880e-01
4.301146e-01
4.179292e-01
3.884901e-01
3.737047e-01
3.500139e-01
3.383819e-01
3.301386e-01
2.916959e-01
2.773837e-01
2.525919e-01
2.437137e-01
2.386110e-01
2.318116e-01
2.237392e-01
2.144366e-01
2.024487e-01
1.871254e-01
1.835271e-01
1.826091e-01
1.730532e-01
1.603531e-01
1.499791e-01
1.393123e-01
1.320964e-01
1.238605e-01
1.196438e-01
1.112379e-01
1.051512e-01
9.567975e-02
8.970561e-02
8.599439e-02
8.219189e-02
8.052266e-02
7.487290e-02
7.342038e-02
7.021557e-02
6.304567e-02
6.229731e-02
6.006239e-02
5.471196e-02
5.154974e-02
4.898850e-02
4.096978e-02
3.856305e-02
3.737734e-02
3.599191e-02
3.365064e-02
3.183985e-02
3.086200e-02
2.903825e-02
2.738117e-02
2.627438e-02
2.612953e-02
2.462726e-02
2.152671e-02
2.099529e-02
1.842678e-02
1.734930e-02
1.704415e-02
1.648414e-02
1.625018e-02
1.507763e-02
1.416733e-02
1.352664e-02
1.339863e-02
1.323898e-02
1.126094e-02
1.115262e-02
1.095088e-02
1.043952e-02
9.804180e-03
9.245330e-03
9.099148e-03
8.568494e-03
7.530673e-03
7.329969e-03
6.781353e-03
6.387967e-03
5.745016e-03
5.452284e-03
4.582635e-03
4.360216e-03
4.093019e-03
3.858480e-03
3.826151e-03
3.600423e-03
3.404984e-03
3.398213e-03
3.234009e-03
3.036617e-03
2.904500e-03
2.663764e-03
2.658550e-03
2.554948e-03
2.378936e-03
2.192678e-03
2.111968e-03
2.016157e-03
1.953373e-03
1.848353e-03
1.819744e-03
1.793712e-03
1.703112e-03
1.697218e-03
1.664114e-03
1.520902e-03
1.488094e-03
1.432628e-03
1.399113e-03
1.362379e-03
1.348017e-03
1.310644e-03
1.268043e-03
1.230391e-03
1.227247e-03
1.205216e-03
1.190763e-03
1.165160e-03
1.128089e-03
1.106729e-03
1.083033e-03
1.053252e-03
1.049291e-03
1.032308e-03
1.027731e-03
1.004573e-03
9.805574e-04
9.686666e-04
9.600570e-04
9.466339e-04
9.368378e-04
9.167456e-04
9.025380e-04
8.872645e-04
8.816621e-04
8.731555e-04
8.588711e-04
8.518875e-04
8.356749e-04
8.238237e-04
8.049563e-04
8.001128e-04
7.865939e-04
7.822906e-04
7.592650e-04
7.440025e-04
7.311816e-04
7.135998e-04
7.052650e-04
6.902019e-04
6.856541e-04
6.757572e-04
6.637465e-04
6.451094e-04
6.340248e-04
6.244456e-04
6.132357e-04
6.028458e-04
5.832752e-04
5.736098e-04
5.644498e-04
5.559979e-04
5.535834e-04
5.409566e-04
5.229304e-04
5.188002e-04
5.124600e-04
4.937281e-04
4.849493e-04
4.683208e-04
4.656455e-04
4.468655e-04
4.448296e-04
4.287609e-04
4.210360e-04
4.081177e-04
3.928251e-04
3.876011e-04
3.816071e-04
3.605020e-04
3.553767e-04
3.424429e-04
3.340580e-04
3.239868e-04
3.216388e-04
3.076988e-04
3.035362e-04
2.828436e-04
2.808996e-04
2.751334e-04
2.648945e-04
2.551366e-04
2.412382e-04
2.349008e-04
2.213801e-04
2.092553e-04
2.008192e-04
1.894208e-04
1.815970e-04
1.792089e-04
1.678204e-04
1.505107e-04
1.466290e-04
1.265202e-04
1.220123e-04
1.124941e-04
1.034774e-04
9.694206e-05
9.288365e-05
6.385824e-05
5.824123e-05
4.814513e-05
4.334682e-05
2.902667e-05
2.031739e-05
1.054819e-05
2.889257e-13
1.353546e-13
2.966997e-14
-5.703564e-14
-1.885830e-13
-2.635547e-13
-5.389011e-06
-1.540045e-05
-1.787897e-05
-3.683131e-05
-3.915815e-05
-5.604029e-05
-7.353101e-05
-7.875347e-05
-8.184600e-05
-9.763203e-05
-1.153535e-04
-1.240856e-04
-1.356795e-04
-1.530869e-04
-1.607373e-04
-1.769404e-04
-1.796623e-04
-1.996398e-04
-2.036590e-04
-2.120277e-04
-2.249270e-04
-2.291128e-04
-2.478816e-04
-2.673587e-04
-2.853219e-04
-2.914148e-04
-3.036141e-04
-3.228877e-04
-3.268790e-04
-3.381373e-04
-3.433606e-04
-3.703733e-04
-3.739330e-04
-4.011672e-04
-4.233710e-04
-4.598751e-04
-4.723217e-04
-4.811473e-04
