1.979728e+05
2.143934e+04
4.984662e+03
1.445835e+03
2.066180e+02
2.564395e+01
1.045951e+01
4.917869e+00
1.268912e+00
1.722960e-01
7.708607e-02
4.334403e-02
3.460624e-02
3.140992e-02
2.801639e-02
2.416213e-02
2.102026e-02
2.079490e-02
2.053718e-02
1.897661e-02
1.721708e-02
1.549410e-02
1.495150e-02
1.434053e-02
1.293954e-02
1.279037e-02
1.168830e-02
1.135523e-02
1.085258e-02
1.071340e-02
1.033984e-02
9.323209e-03
9.003729e-03
8.665918e-03
7.954288e-03
7.864411e-03
7.760175e-03
7.223269e-03
7.025723e-03
6.614857e-03
6.505617e-03
6.396386e-03
6.120679e-03
5.991659e-03
5.780302e-03
5.691095e-03
5.281818e-03
5.088035e-03
4.968870e-03
4.764279e-03
4.701689e-03
4.547112e-03
4.204886e-03
4.097854e-03
4.014178e-03
3.726085e-03
3.454617e-03
3.402457e-03
3.173212e-03
3.149636e-03
2.981439e-03
2.902041e-03
2.824334e-03
2.687136e-03
2.484113e-03
2.396475e-03
2.181906e-03
2.034943e-03
1.964814e-03
1.811264e-03
1.629181e-03
1.513084e-03
1.352217e-03
1.293249e-03
1.186343e-03
1.091509e-03
9.728462e-04
8.296673e-04
7.702543e-04
7.630724e-04
7.550303e-04
5.889909e-04
4.928563e-04
4.706648e-04
2.722066e-04
1.848545e-04
1.062281e-04
-4.670775e-05
-1.158708e-04
-4.691658e-04
-5.544337e-04
-7.234863e-04
-8.639820e-04
-9.016374e-04
-1.141556e-03
-1.466856e-03
-1.600564e-03
-1.917118e-03
-2.077478e-03
-2.203070e-03
-2.875694e-03
-2.962552e-03
-3.442916e-03
-4.225923e-03
-4.339319e-03
-4.718140e-03
-5.259309e-03
-5.782715e-03
-6.115530e-03
-6.894495e-03
-7.864036e-03
-8.497028e-03
-9.773904e-03
-1.067026e-02
-1.145125e-02
-1.282482e-02
-1.347378e-02
-1.922424e-02
-2.282079e-02
-2.540710e-02
-2.717622e-02
-2.875602e-02
-3.224120e-02
-3.723910e-02
-4.530389e-02
-5.204490e-02
-6.385511e-02
-8.383485e-02
