8.417587e+04
3.289049e+03
2.207181e+03
1.787962e+03
1.249304e+03
8.420535e+02
6.665706e+02
4.745020e+02
3.364397e+02
3.260727e+02
3.194821e+02
3.026529e+02
2.627242e+02
2.347906e+02
2.194720e+02
2.104056e+02
2.016809e+02
1.821251e+02
1.778954e+02
1.671542e+02
1.587483e+02
1.517396e+02
1.468038e+02
1.285935e+02
1.196963e+02
1.155500e+02
1.146484e+02
1.109479e+02
1.011427e+02
9.943817e+01
9.649950e+01
8.666252e+01
7.949213e+01
7.872498e+01
7.284174e+01
6.757629e+01
6.591369e+01
6.374348e+01
5.995181e+01
5.524615e+01
5.152647e+01
5.075211e+01
4.827773e+01
4.686324e+01
4.459153e+01
4.037740e+01
3.912272e+01
3.622017e+01
3.426884e+01
3.209967e+01
3.029701e+01
2.936064e+01
2.731286e+01
2.663365e+01
2.375713e+01
2.284928e+01
2.149744e+01
1.886298e+01
1.804466e+01
1.783179e+01
1.657603e+01
1.496903e+01
1.371003e+01
1.335123e+01
1.251185e+01
1.166439e+01
1.092930e+01
1.014404e+01
9.716233e+00
8.353054e+00
7.931103e+00
7.332321e+00
6.450493e+00
5.764440e+00
5.361432e+00
5.172691e+00
4.919022e+00
4.863662e+00
4.486422e+00
4.303959e+00
4.152817e+00
3.982326e+00
3.690761e+00
3.535926e+00
3.298716e+00
3.060571e+00
2.979799e+00
2.772255e+00
2.696618e+00
2.643095e+00
2.546425e+00
2.389283e+00
2.306887e+00
2.188280e+00
2.102850e+00
1.904275e+00
1.793157e+00
1.646926e+00
1.611179e+00
1.418660e+00
1.377914e+00
1.324118e+00
1.265367e+00
1.216597e+00
1.173657e+00
1.081075e+00
1.060909e+00
9.849141e-01
9.496954e-01
9.165685e-01
8.700211e-01
7.445381e-01
6.839782e-01
6.336825e-01
5.998882e-01
5.636730e-01
5.373476e-01
5.111172e-01
5.060675e-01
4.811167e-01
4.780339e-01
4.491045e-01
4.364459e-01
4.132318e-01
4.011343e-01
3.904788e-01
3.474631e-01
3.360108e-01
3.305889e-01
3.119888e-01
2.893556e-01
2.701275e-01
2.585310e-01
2.582108e-01
2.459914e-01
2.095171e-01
1.952379e-01
1.868963e-01
1.803665e-01
1.706209e-01
1.656236e-01
1.568251e-01
1.522107e-01
1.428535e-01
1.348341e-01
1.263149e-01
1.171222e-01
1.143513e-01
1.062025e-01
9.829870e-02
9.534308e-02
9.015688e-02
8.419577e-02
7.728704e-02
7.342203e-02
6.846022e-02
6.640562e-02
6.283006e-02
5.692805e-02
5.399594e-02
5.198926e-02
4.891498e-02
4.704205e-02
4.529982e-02
4.282863e-02
3.860974e-02
3.734722e-02
3.499650e-02
3.409314e-02
2.981583e-02
2.883581e-02
2.710855e-02
2.606369e-02
2.566442e-02
2.222533e-02
2.088669e-02
1.908155e-02
1.856469e-02
1.683151e-02
1.635144e-02
1.558653e-02
1.454054e-02
1.362518e-02
1.344030e-02
1.198800e-02
1.193792e-02
1.170007e-02
1.120333e-02
1.075549e-02
1.021841e-02
9.550310e-03
9.152402e-03
8.522262e-03
8.397029e-03
7.680673e-03
6.635040e-03
5.308493e-03
5.127038e-03
4.958026e-03
4.674932e-03
4.510901e-03
4.331446e-03
4.084127e-03
4.038736e-03
3.845438e-03
3.556878e-03
3.288439e-03
3.121617e-03
3.014416e-03
2.951978e-03
2.805177e-03
2.616366e-03
2.592858e-03
2.494765e-03
2.484486e-03
2.253713e-03
2.165467e-03
2.065816e-03
1.991942e-03
1.937598e-03
1.829932e-03
1.797539e-03
1.686512e-03
1.630184e-03
1.587948e-03
1.525181e-03
1.442783e-03
1.422842e-03
1.362847e-03
1.340235e-03
1.290438e-03
1.261836e-03
1.245282e-03
1.228980e-03
1.200408e-03
1.166896e-03
1.148148e-03
1.126890e-03
1.109201e-03
1.073843e-03
1.070824e-03
1.055814e-03
1.043144e-03
1.021238e-03
1.014270e-03
9.905403e-04
9.843307e-04
9.769561e-04
9.586880e-04
9.378786e-04
9.325737e-04
9.211394e-04
9.058150e-04
8.766754e-04
8.720515e-04
8.670786e-04
8.527418e-04
8.416461e-04
8.355292e-04
8.194852e-04
8.137035e-04
7.894611e-04
7.829139e-04
7.746389e-04
7.580007e-04
7.532366e-04
7.322318e-04
7.279683e-04
7.184905e-04
6.949930e-04
6.804499e-04
6.788063e-04
6.710554e-04
6.617510e-04
6.493662e-04
6.391568e-04
6.177756e-04
6.151365e-04
6.039987e-04
5.905777e-04
5.888120e-04
5.858736e-04
5.739664e-04
5.713428e-04
5.461397e-04
5.436419e-04
5.326139e-04
5.253282e-04
5.140390e-04
4.950830e-04
4.901911e-04
4.850649e-04
4.736369e-04
4.725157e-04
4.542075e-04
4.407100e-04
4.330095e-04
4.277903e-04
4.179622e-04
4.095469e-04
3.897691e-04
3.828967e-04
3.673452e-04
3.654329e-04
3.429210e-04
3.386120e-04
3.360485e-04
3.203143e-04
3.126834e-04
3.014425e-04
2.969934e-04
2.843625e-04
2.768237e-04
2.639189e-04
2.554828e-04
2.482036e-04
2.370699e-04
2.247458e-04
2.160521e-04
2.062327e-04
2.008549e-04
1.832501e-04
1.789300e-04
1.633795e-04
1.532114e-04
1.470532e-04
1.393035e-04
1.249789e-04
1.147954e-04
1.005731e-04
9.157045e-05
8.803498e-05
7.648019e-05
6.725103e-05
5.743570e-05
5.679870e-05
3.926073e-05
3.628771e-05
1.667749e-05
1.456472e-05
2.177080e-06
1.495139e-13
8.205405e-14
-1.801464e-15
-6.529430e-06
-1.968858e-05
-2.393725e-05
-3.381371e-05
-4.250536e-05
-4.385141e-05
-5.699804e-05
-6.481423e-05
-9.337358e-05
-9.896245e-05
-1.160064e-04
-1.272890e-04
-1.345096e-04
-1.395970e-04
-1.517657e-04
-1.603363e-04
-1.689558e-04
-1.808059e-04
-2.080651e-04
-2.202475e-04
-2.274778e-04
-2.314673e-04
-2.393154e-04
-2.546046e-04
-2.738169e-04
-2.841619e-04
-2.904229e-04
-3.252940e-04
-3.318434e-04
-3.353941e-04
-3.483386e-04
-3.636164e-04
-3.677658e-04
-3.923276e-04
-4.278256e-04
-4.464663e-04
-4.513583e-04
-4.644827e-04
-4.925722e-04
-5.092733e-04
