1.421986e+08
2.256462e+07
1.953113e+06
1.494234e+06
8.156598e+05
2.825125e+05
1.435546e+05
9.876705e+04
1.642000e+04
1.029850e+04
3.650795e+03
1.123746e+03
4.055411e+02
2.554038e+02
6.051268e+01
5.072083e+01
4.462309e+01
3.929659e+01
3.265716e+01
2.624642e+01
2.106886e+01
2.050223e+01
1.884251e+01
1.623250e+01
1.601572e+01
1.422372e+01
1.324848e+01
1.272375e+01
1.175209e+01
1.120516e+01
1.085821e+01
1.016298e+01
9.527720e+00
8.936060e+00
8.623579e+00
8.109067e+00
8.103827e+00
8.022613e+00
7.554053e+00
7.462761e+00
6.827844e+00
6.500506e+00
6.349207e+00
5.996622e+00
5.652770e+00
5.120291e+00
4.913676e+00
4.839985e+00
4.464064e+00
4.430369e+00
4.202743e+00
3.979813e+00
3.499367e+00
3.305254e+00
3.097618e+00
2.820803e+00
2.817062e+00
2.593779e+00
2.125191e+00
1.852894e+00
1.705316e+00
1.632803e+00
1.426539e+00
1.324420e+00
1.150440e+00
9.816188e-01
9.574960e-01
8.233501e-01
6.470931e-01
5.508791e-01
4.568964e-01
3.854539e-01
3.104378e-01
2.232302e-01
1.443445e-01
1.177370e-01
8.923641e-02
6.480421e-02
1.680052e-10
-2.229260e-10
-1.964873e-02
-2.892390e-02
-7.597006e-02
-1.530395e-01
-2.040902e-01
-3.253620e-01
-3.487960e-01
-5.153943e-01
-5.252409e-01
-6.738451e-01
-7.528591e-01
-9.645153e-01
-1.106385e+00
-1.241510e+00
-1.312051e+00
-1.398959e+00
-1.802297e+00
-1.876458e+00
-2.076737e+00
-2.141151e+00
-2.398961e+00
-2.463185e+00
-2.606112e+00
-3.309084e+00
-3.603857e+00
-3.861296e+00
-4.283580e+00
-4.557248e+00
-4.774883e+00
-5.004323e+00
-5.724288e+00
-6.007354e+00
-7.076542e+00
-7.741451e+00
-8.510397e+00
-8.939742e+00
-1.021787e+01
-1.166809e+01
-1.196425e+01
-1.361216e+01
-1.649288e+01
-1.812031e+01
-2.302586e+01
-2.568201e+01
-3.103636e+01
-3.261419e+01
-5.592155e+01
-7.040126e+01
