2.187204e+12
1.752571e+12
1.628715e+12
1.499429e+12
1.364602e+12
1.265117e+12
1.159870e+12
1.108372e+12
1.099532e+12
1.080823e+12
9.476743e+11
9.022561e+11
8.756361e+11
8.366075e+11
7.614401e+11
7.352921e+11
7.151498e+11
6.444407e+11
6.339632e+11
5.854008e+11
5.537215e+11
5.392190e+11
5.307240e+11
4.942814e+11
4.729921e+11
4.646659e+11
4.416208e+11
4.182239e+11
4.057523e+11
3.972136e+11
3.853162e+11
3.727953e+11
3.561642e+11
3.507071e+11
3.440413e+11
3.317576e+11
3.132391e+11
3.107243e+11
2.945000e+11
2.907663e+11
2.858921e+11
2.650292e+11
2.591365e+11
2.514858e+11
2.484021e+11
2.355777e+11
2.342540e+11
2.289233e+11
2.207513e+11
2.119910e+11
2.114304e+11
2.013687e+11
1.990282e+11
1.947488e+11
1.890210e+11
1.804360e+11
1.772053e+11
1.730120e+11
1.654785e+11
1.603697e+11
1.568547e+11
1.525112e+11
1.492088e+11
1.479353e+11
1.450814e+11
1.400185e+11
1.390839e+11
1.375501e+11
1.352680e+11
1.310447e+11
1.254497e+11
1.248328e+11
1.227290e+11
1.178970e+11
1.163959e+11
1.136079e+11
1.119518e+11
1.076524e+11
1.032188e+11
1.002308e+11
9.908055e+10
9.844129e+10
9.642856e+10
9.408297e+10
9.228495e+10
9.102094e+10
9.053714e+10
8.880905e+10
8.618055e+10
8.551668e+10
8.195082e+10
8.124746e+10
7.867168e+10
7.810211e+10
7.708502e+10
7.514925e+10
7.331919e+10
7.231074e+10
7.170071e+10
7.014196e+10
6.945545e+10
6.697291e+10
6.571154e+10
6.473516e+10
6.335425e+10
6.202643e+10
5.917373e+10
5.862077e+10
5.759236e+10
5.659317e+10
5.559494e+10
5.536654e+10
5.383990e+10
5.238010e+10
5.156734e+10
4.956172e+10
4.888226e+10
4.761784e+10
4.390763e+10
4.262391e+10
4.123804e+10
3.821755e+10
3.685866e+10
3.317114e+10
3.151016e+10
2.638305e+10
2.620839e+10
1.390482e+10
