5.538255e+09
8.104710e+08
1.078891e+08
8.716928e+07
7.723906e+07
4.135836e+07
4.030455e+07
3.511494e+07
2.943509e+07
2.425679e+07
2.163204e+07
1.664097e+07
1.371553e+07
1.257671e+07
9.487946e+06
8.627145e+06
7.794216e+06
6.210943e+06
5.981167e+06
4.143952e+06
4.022440e+06
3.470711e+06
3.142640e+06
2.523533e+06
2.183385e+06
2.079215e+06
1.597246e+06
1.394608e+06
1.164493e+06
1.049656e+06
9.109652e+05
8.834934e+05
7.842782e+05
6.899804e+05
6.061287e+05
5.137999e+05
4.613817e+05
3.925432e+05
3.107691e+05
2.752589e+05
2.512772e+05
2.373737e+05
2.021324e+05
1.508190e+05
1.365665e+05
1.237574e+05
1.056491e+05
9.065692e+04
8.562666e+04
6.107278e+04
5.459000e+04
4.587084e+04
4.166640e+04
3.219361e+04
2.934507e+04
1.890272e+04
1.442442e+04
1.181262e+04
9.394479e+03
5.448954e+03
4.801364e+03
3.791102e+03
2.392666e+03
2.167914e+03
1.288325e+03
8.534196e+02
6.809415e+02
4.878556e+02
2.969763e+02
1.963458e+02
1.657204e+02
1.023735e+02
5.180613e+01
5.056602e+01
4.362401e+01
1.707263e+01
1.255908e+01
6.767558e+00
6.012655e+00
3.393752e+00
1.884993e+00
1.717192e+00
1.316031e+00
7.413961e-01
5.321079e-01
3.915521e-01
2.605412e-01
2.421292e-01
1.357826e-01
1.019676e-01
5.687196e-02
4.142333e-02
3.297318e-02
2.441507e-02
2.120505e-02
1.900942e-02
1.216746e-02
1.122844e-02
1.070873e-02
1.043228e-02
8.990761e-03
6.649788e-03
5.872382e-03
5.528814e-03
5.190270e-03
4.589150e-03
3.617681e-03
3.054910e-03
2.904820e-03
2.086726e-03
1.562465e-03
7.563896e-04
-1.353858e-04
-6.849801e-04
-1.044394e-03
-1.861952e-03
-2.288582e-03
-2.718213e-03
-3.919080e-03
-4.441739e-03
-5.193449e-03
-6.237170e-03
-7.248686e-03
-8.120284e-03
-9.678354e-03
-1.301388e-02
-5.955810e-02
-3.275565e-01
