8.897131e+04
3.867734e+03
2.414890e+03
1.833557e+03
1.094987e+03
8.256428e+02
5.133790e+02
4.365276e+02
3.050645e+02
2.799893e+02
2.628200e+02
2.016691e+02
1.946986e+02
1.832828e+02
1.554527e+02
1.501992e+02
1.335711e+02
1.194424e+02
1.150604e+02
1.081693e+02
1.069870e+02
9.902717e+01
8.992420e+01
8.323855e+01
7.439633e+01
7.061047e+01
6.919839e+01
6.613517e+01
6.110733e+01
5.775880e+01
5.369789e+01
5.243317e+01
4.652948e+01
4.285333e+01
3.944951e+01
3.798383e+01
3.568304e+01
3.450477e+01
3.186740e+01
2.968879e+01
2.918460e+01
2.629863e+01
2.503717e+01
2.239000e+01
2.211031e+01
2.028591e+01
1.988572e+01
1.714744e+01
1.670223e+01
1.540805e+01
1.474054e+01
1.307273e+01
1.231819e+01
1.197094e+01
1.093038e+01
1.050066e+01
1.036569e+01
9.530744e+00
8.878932e+00
7.954708e+00
7.154659e+00
6.887155e+00
6.655968e+00
6.288255e+00
5.805949e+00
5.428619e+00
5.256473e+00
4.922444e+00
4.519374e+00
4.037558e+00
3.921766e+00
3.537915e+00
3.116014e+00
2.819696e+00
2.635663e+00
2.450180e+00
2.397182e+00
2.067555e+00
1.840664e+00
1.800227e+00
1.655665e+00
1.627347e+00
1.511267e+00
1.489144e+00
1.415956e+00
1.333295e+00
1.264363e+00
1.196875e+00
1.120790e+00
1.056421e+00
1.051525e+00
9.315705e-01
8.944799e-01
8.475767e-01
8.012668e-01
7.805235e-01
7.022478e-01
6.566499e-01
6.022797e-01
5.934659e-01
5.525928e-01
5.293677e-01
5.047823e-01
4.561469e-01
4.351906e-01
4.142836e-01
3.932153e-01
3.443277e-01
3.330974e-01
3.030402e-01
2.879564e-01
2.730292e-01
2.551773e-01
2.413258e-01
2.235129e-01
2.213356e-01
2.076262e-01
2.008026e-01
1.831091e-01
1.706507e-01
1.679506e-01
1.611413e-01
1.548004e-01
1.389958e-01
1.368380e-01
1.301406e-01
1.145959e-01
1.073356e-01
1.009138e-01
9.600769e-02
9.465776e-02
8.983151e-02
8.203939e-02
8.104127e-02
7.558106e-02
6.884319e-02
6.290153e-02
6.072709e-02
6.044516e-02
5.245170e-02
4.770539e-02
4.576265e-02
4.233105e-02
3.891480e-02
3.763158e-02
3.370688e-02
3.309564e-02
3.061342e-02
2.826870e-02
2.673861e-02
2.522635e-02
2.438778e-02
2.320656e-02
2.246408e-02
2.177590e-02
1.963820e-02
1.701902e-02
1.677662e-02
1.570643e-02
1.434990e-02
1.362025e-02
1.347102e-02
1.169362e-02
1.160072e-02
1.091177e-02
1.049897e-02
9.770956e-03
9.518114e-03
9.227146e-03
8.766972e-03
8.143382e-03
7.554949e-03
7.366982e-03
7.135331e-03
6.353084e-03
5.989091e-03
5.639983e-03
5.465517e-03
5.090042e-03
4.283695e-03
4.153335e-03
3.703400e-03
3.604242e-03
3.504443e-03
3.314002e-03
3.225064e-03
3.131354e-03
2.845465e-03
2.791177e-03
2.670055e-03
2.591966e-03
2.481770e-03
2.319958e-03
2.287588e-03
2.196347e-03
2.059710e-03
2.030814e-03
1.888628e-03
1.836242e-03
1.833631e-03
1.741196e-03
1.663352e-03
1.637355e-03
1.588461e-03
1.532383e-03
1.486654e-03
1.476931e-03
1.419930e-03
1.364575e-03
1.332796e-03
1.292596e-03
1.273201e-03
1.262418e-03
1.232551e-03
1.220580e-03
1.188370e-03
1.170365e-03
1.146769e-03
1.145024e-03
1.136708e-03
1.115626e-03
1.091322e-03
1.087993e-03
1.069452e-03
1.054481e-03
1.044344e-03
1.030741e-03
1.021620e-03
1.001619e-03
9.939959e-04
9.777893e-04
9.625115e-04
9.391662e-04
9.278461e-04
9.218068e-04
9.106895e-04
9.040046e-04
8.844040e-04
8.576726e-04
8.463040e-04
8.421927e-04
8.301757e-04
8.261192e-04
8.082853e-04
7.963573e-04
7.887806e-04
7.818378e-04
7.690692e-04
7.530853e-04
7.522750e-04
7.350396e-04
7.214637e-04
7.130413e-04
6.981240e-04
6.892001e-04
6.695689e-04
6.637193e-04
6.626831e-04
6.561610e-04
6.437908e-04
6.362596e-04
6.120277e-04
5.935326e-04
5.913701e-04
5.762276e-04
5.667052e-04
5.616872e-04
5.580547e-04
5.371295e-04
5.323472e-04
5.294107e-04
5.158252e-04
4.870647e-04
4.817332e-04
4.781379e-04
4.643932e-04
4.592837e-04
4.556469e-04
4.512709e-04
4.374159e-04
4.223528e-04
4.159478e-04
4.154025e-04
4.047801e-04
3.962329e-04
3.868965e-04
3.714245e-04
3.643359e-04
3.575184e-04
3.533031e-04
3.453292e-04
3.354277e-04
3.338461e-04
3.265761e-04
3.143843e-04
3.026582e-04
2.930906e-04
2.822833e-04
2.670470e-04
2.620130e-04
2.417707e-04
2.412847e-04
2.390486e-04
2.275666e-04
2.106689e-04
1.970047e-04
1.907809e-04
1.754400e-04
1.677371e-04
1.641728e-04
1.619598e-04
1.480030e-04
1.408839e-04
1.250138e-04
1.191709e-04
1.059223e-04
1.033133e-04
8.992880e-05
8.243410e-05
7.433659e-05
5.908849e-05
5.485060e-05
4.277489e-05
3.322595e-05
1.939760e-05
9.476129e-06
1.639659e-06
8.863352e-14
5.366843e-15
-1.962940e-14
-7.493877e-14
-9.667116e-06
-1.437401e-05
-2.526966e-05
-3.092919e-05
-4.444672e-05
-6.116606e-05
-6.946667e-05
-7.198707e-05
-8.243736e-05
-1.003849e-04
-1.028135e-04
-1.047686e-04
-1.064203e-04
-1.147892e-04
-1.267087e-04
-1.475225e-04
-1.664255e-04
-1.717251e-04
-1.859163e-04
-1.885800e-04
-2.088621e-04
-2.164769e-04
-2.275250e-04
-2.393629e-04
-2.487629e-04
-2.541900e-04
-2.609293e-04
-2.684093e-04
-2.806399e-04
-2.939474e-04
-3.172694e-04
-3.443778e-04
-3.511038e-04
-3.634628e-04
-3.763358e-04
-3.927620e-04
-3.978219e-04
-4.081714e-04
-4.191910e-04
-4.361149e-04
-4.509676e-04
-4.701265e-04
-4.837479e-04
-4.947036e-04
-5.121679e-04
-5.254712e-04
-5.307501e-04
-5.512280e-04
-5.906924e-04
-5.969640e-04
-6.196040e-04
-6.716299e-04
-6.849538e-04
