2.608389e+10
1.144934e+10
5.558164e+09
5.068836e+09
3.683360e+09
3.318046e+09
3.128158e+09
2.821166e+09
2.631604e+09
2.496692e+09
2.224795e+09
2.118803e+09
1.969556e+09
1.944340e+09
1.802623e+09
1.660399e+09
1.594217e+09
1.552420e+09
1.476392e+09
1.409730e+09
1.307491e+09
1.293490e+09
1.211936e+09
1.184401e+09
1.135204e+09
1.100071e+09
1.054544e+09
1.010095e+09
9.734586e+08
9.521641e+08
9.053324e+08
8.779129e+08
8.387268e+08
8.209111e+08
8.090679e+08
7.592411e+08
7.568966e+08
7.343014e+08
7.313376e+08
7.193594e+08
6.900152e+08
6.683140e+08
6.558231e+08
6.380996e+08
6.304006e+08
6.072063e+08
6.004497e+08
5.773942e+08
5.657834e+08
5.580962e+08
5.395282e+08
5.272484e+08
5.205215e+08
5.059242e+08
4.962084e+08
4.760159e+08
4.600725e+08
4.502615e+08
4.434689e+08
4.360146e+08
4.289700e+08
4.087539e+08
4.021763e+08
3.888166e+08
3.801342e+08
3.690324e+08
3.620000e+08
3.515214e+08
3.491971e+08
3.433702e+08
3.214332e+08
3.119521e+08
3.048492e+08
2.989786e+08
2.887129e+08
2.828886e+08
2.806894e+08
2.696957e+08
2.659025e+08
2.567602e+08
2.514428e+08
2.455035e+08
2.397897e+08
2.305214e+08
2.251368e+08
2.198084e+08
2.161428e+08
2.140960e+08
2.065667e+08
2.017035e+08
1.908677e+08
1.845141e+08
1.816775e+08
1.782823e+08
1.746242e+08
1.677246e+08
1.605161e+08
1.593714e+08
1.536886e+08
1.449673e+08
1.435037e+08
1.362632e+08
1.285993e+08
1.242273e+08
1.183744e+08
1.108078e+08
1.082295e+08
9.659746e+07
9.191050e+07
8.609646e+07
7.956615e+07
7.653513e+07
7.455999e+07
6.642563e+07
6.322789e+07
6.115176e+07
4.702159e+07
4.032962e+07
3.640292e+07
3.409761e+07
2.623725e+07
2.176417e+07
2.068241e+07
1.926203e+07
1.759940e+07
1.117562e+07
9.065685e+06
2.429893e+06
