1.283620e+05
6.433782e+03
3.079636e+03
2.724913e+03
1.793125e+03
1.640319e+03
1.241707e+03
1.008334e+03
8.889768e+02
6.690109e+02
6.432996e+02
5.171177e+02
2.807100e+02
2.622565e+02
2.374724e+02
2.215192e+02
1.912968e+02
1.660171e+02
1.286342e+02
1.242779e+02
1.190959e+02
9.396634e+01
9.058389e+01
8.150372e+01
7.449767e+01
7.045115e+01
6.592338e+01
5.907635e+01
5.760742e+01
5.528872e+01
4.561974e+01
4.073269e+01
3.996779e+01
3.903493e+01
3.609782e+01
3.251444e+01
2.983286e+01
2.947371e+01
2.756215e+01
2.566359e+01
2.345089e+01
2.162434e+01
2.038795e+01
1.891288e+01
1.728680e+01
1.456177e+01
1.441000e+01
1.391542e+01
1.324164e+01
1.182883e+01
1.134456e+01
1.043906e+01
9.161031e+00
8.884439e+00
7.829969e+00
7.459950e+00
7.240505e+00
6.393930e+00
5.712536e+00
5.537106e+00
5.379452e+00
4.968406e+00
4.300716e+00
4.101612e+00
3.688010e+00
3.283515e+00
3.177469e+00
3.017397e+00
2.680075e+00
2.584177e+00
2.462602e+00
2.343869e+00
2.271945e+00
2.082671e+00
1.915325e+00
1.658486e+00
1.530461e+00
1.443984e+00
1.398707e+00
1.351865e+00
1.295249e+00
1.134529e+00
1.077857e+00
1.010271e+00
9.548886e-01
8.403028e-01
8.228242e-01
7.793545e-01
7.232929e-01
6.366508e-01
6.063075e-01
5.693544e-01
5.452800e-01
5.287133e-01
5.121260e-01
4.873924e-01
4.385588e-01
4.264834e-01
4.164959e-01
3.783120e-01
3.650504e-01
3.381915e-01
3.240072e-01
2.980956e-01
2.856518e-01
2.696998e-01
2.434279e-01
2.354537e-01
2.176786e-01
2.105836e-01
1.830753e-01
1.706799e-01
1.599628e-01
1.460441e-01
1.343092e-01
1.271279e-01
1.094261e-01
1.064842e-01
1.026163e-01
9.622226e-02
8.593881e-02
8.161654e-02
7.707617e-02
7.041752e-02
6.823397e-02
6.278989e-02
5.271197e-02
5.113904e-02
4.810369e-02
4.412699e-02
4.194451e-02
4.072020e-02
3.356262e-02
3.192295e-02
2.889599e-02
2.652337e-02
2.461795e-02
2.166989e-02
2.093031e-02
1.913435e-02
1.859383e-02
1.661153e-02
1.566498e-02
1.481370e-02
1.442418e-02
1.369898e-02
1.226979e-02
1.159261e-02
1.112586e-02
1.019561e-02
9.612518e-03
9.417153e-03
8.564168e-03
7.023547e-03
6.549668e-03
5.813914e-03
5.580977e-03
5.258814e-03
4.367985e-03
4.215282e-03
3.961762e-03
3.871387e-03
3.741175e-03
3.439713e-03
3.168723e-03
3.048253e-03
2.748720e-03
2.706924e-03
2.456546e-03
2.296779e-03
1.995249e-03
1.905460e-03
1.855608e-03
1.786749e-03
1.734937e-03
1.659514e-03
1.549123e-03
1.528611e-03
1.492179e-03
1.461826e-03
1.417569e-03
1.396575e-03
1.384559e-03
1.366182e-03
1.350041e-03
1.306385e-03
1.277536e-03
1.275537e-03
1.239805e-03
1.232704e-03
1.199131e-03
1.177890e-03
1.170750e-03
1.154446e-03
1.146111e-03
1.126208e-03
1.106980e-03
1.096497e-03
1.094956e-03
1.083463e-03
1.058998e-03
1.046524e-03
1.034051e-03
1.016225e-03
1.007478e-03
9.925746e-04
9.692083e-04
9.547265e-04
9.247924e-04
9.156626e-04
9.093406e-04
9.029403e-04
8.961884e-04
8.685858e-04
8.644941e-04
8.638892e-04
8.561818e-04
8.368326e-04
8.266827e-04
8.229332e-04
8.100760e-04
7.989075e-04
7.911463e-04
7.849255e-04
7.809435e-04
7.522892e-04
7.470180e-04
7.308832e-04
7.278757e-04
7.173359e-04
7.070896e-04
6.939986e-04
6.831378e-04
6.742013e-04
6.616256e-04
6.578832e-04
6.474461e-04
6.339367e-04
6.258187e-04
6.179514e-04
6.127804e-04
5.907825e-04
5.893115e-04
5.770058e-04
5.547578e-04
5.428118e-04
5.384473e-04
5.286434e-04
5.220878e-04
5.125061e-04
5.087976e-04
5.023752e-04
4.950176e-04
4.904998e-04
4.790473e-04
4.651861e-04
4.593870e-04
4.487728e-04
4.404857e-04
4.217599e-04
4.211169e-04
3.994718e-04
3.917303e-04
3.790769e-04
3.741221e-04
3.688399e-04
3.621638e-04
3.492417e-04
3.452698e-04
3.255226e-04
3.205901e-04
3.123938e-04
2.977816e-04
2.950717e-04
2.891894e-04
2.764774e-04
2.701409e-04
2.557123e-04
2.546860e-04
2.405210e-04
2.257245e-04
2.195180e-04
2.120916e-04
1.993810e-04
1.960329e-04
1.879112e-04
1.781730e-04
1.721395e-04
1.704722e-04
1.575943e-04
1.475449e-04
1.342250e-04
1.285401e-04
1.199298e-04
1.090995e-04
9.943121e-05
9.010018e-05
8.452030e-05
7.301020e-05
5.638165e-05
4.449414e-05
3.258771e-05
2.036145e-05
1.586756e-05
8.924599e-06
4.777538e-06
-9.066672e-06
-2.043944e-05
-3.110827e-05
-3.779618e-05
-4.663030e-05
-5.641597e-05
-7.070690e-05
-8.053570e-05
-8.781177e-05
-9.271322e-05
-1.052621e-04
-1.139745e-04
-1.277204e-04
-1.292175e-04
-1.328583e-04
-1.433968e-04
-1.507503e-04
-1.600377e-04
-1.807159e-04
-1.928661e-04
-2.041529e-04
-2.113338e-04
-2.149059e-04
-2.210743e-04
-2.418209e-04
-2.438787e-04
-2.519041e-04
-2.571841e-04
-2.836120e-04
-2.847421e-04
-2.923486e-04
-3.023689e-04
-3.179559e-04
-3.253644e-04
-3.353569e-04
-3.428374e-04
-3.620176e-04
-3.676793e-04
-3.824357e-04
-3.954289e-04
-4.099570e-04
-4.248542e-04
-4.290589e-04
-4.403127e-04
-4.411988e-04
-4.596788e-04
-4.686283e-04
-4.755268e-04
-4.934572e-04
-5.054495e-04
-5.174426e-04
-5.326174e-04
-5.447189e-04
-5.473558e-04
-5.596115e-04
-5.756482e-04
-5.831654e-04
-5.925910e-04
-5.992413e-04
-6.294257e-04
-6.315956e-04
-6.436365e-04
-6.568556e-04
-6.620436e-04
-6.912367e-04
-7.061572e-04
-7.185157e-04
-7.201516e-04
-7.527564e-04
-7.583572e-04
-7.970908e-04
-8.079697e-04
-8.229972e-04
-8.487008e-04
-8.533571e-04
-8.850277e-04
-9.134265e-04
-9.810458e-04
