2.199737e+05
2.012795e+04
4.803081e+03
1.803504e+03
1.906104e+02
2.369968e+01
1.023011e+01
5.763043e+00
1.043405e+00
1.988316e-01
7.397223e-02
5.700456e-02
4.341319e-02
3.713854e-02
3.182390e-02
3.004167e-02
2.597855e-02
2.510152e-02
2.334916e-02
2.221704e-02
1.884289e-02
1.819711e-02
1.752522e-02
1.662220e-02
1.518760e-02
1.387445e-02
1.289328e-02
1.259775e-02
1.236617e-02
1.137963e-02
1.119620e-02
1.083505e-02
1.034641e-02
9.815374e-03
9.340066e-03
8.847431e-03
8.647709e-03
8.236284e-03
7.845604e-03
7.291010e-03
7.174785e-03
7.002647e-03
6.874872e-03
6.352051e-03
6.236207e-03
5.783439e-03
5.660277e-03
5.338487e-03
5.225381e-03
4.939208e-03
4.792168e-03
4.640503e-03
4.499558e-03
4.429395e-03
3.973224e-03
3.820859e-03
3.552787e-03
3.447945e-03
3.105431e-03
3.075405e-03
2.907196e-03
2.774820e-03
2.599192e-03
2.527986e-03
2.308849e-03
2.092359e-03
1.941611e-03
1.796191e-03
1.740786e-03
1.661285e-03
1.601694e-03
1.506341e-03
1.376209e-03
1.204637e-03
1.099499e-03
1.055985e-03
8.805537e-04
6.505458e-04
6.384645e-04
5.719193e-04
4.945709e-04
3.765440e-04
3.383271e-04
2.336794e-04
1.209117e-04
-9.648210e-05
-2.636754e-04
-4.833232e-04
-5.701187e-04
-7.517831e-04
-8.793171e-04
-1.099224e-03
-1.141820e-03
-1.945854e-03
-1.992384e-03
-2.297838e-03
-2.668875e-03
-2.895454e-03
-3.083422e-03
-3.895632e-03
-4.225919e-03
-4.360729e-03
-4.677260e-03
-4.905488e-03
-5.983721e-03
-6.504699e-03
-7.413864e-03
-7.888117e-03
-8.340782e-03
-9.383601e-03
-1.043770e-02
-1.102112e-02
-1.217090e-02
-1.278721e-02
-1.300369e-02
-1.357565e-02
-1.550243e-02
-1.853427e-02
-2.132462e-02
-2.491835e-02
-2.845743e-02
-3.368717e-02
-3.959364e-02
-4.238674e-02
-4.670681e-02
-5.780004e-02
-6.451203e-02
-1.011337e-01
