3.106327e+10
1.453200e+10
7.292188e+09
4.676178e+09
4.255612e+09
3.719635e+09
3.349583e+09
2.982241e+09
2.716976e+09
2.646710e+09
2.468449e+09
2.406769e+09
2.116353e+09
1.914986e+09
1.839695e+09
1.755859e+09
1.645651e+09
1.587092e+09
1.545660e+09
1.497415e+09
1.431454e+09
1.370906e+09
1.248019e+09
1.219434e+09
1.188158e+09
1.142381e+09
1.099789e+09
1.086322e+09
1.032874e+09
1.021084e+09
9.909429e+08
9.518552e+08
9.379142e+08
9.078372e+08
8.459825e+08
8.335724e+08
8.271537e+08
8.102567e+08
7.827375e+08
7.605172e+08
7.530294e+08
7.207116e+08
6.967044e+08
6.735896e+08
6.597405e+08
6.522017e+08
6.288221e+08
6.264908e+08
6.123483e+08
6.020941e+08
5.813914e+08
5.608970e+08
5.445913e+08
5.319428e+08
5.293623e+08
5.088009e+08
4.976500e+08
4.763609e+08
4.686472e+08
4.524624e+08
4.494971e+08
4.384571e+08
4.207476e+08
4.097263e+08
4.027663e+08
3.846578e+08
3.815315e+08
3.674956e+08
3.595657e+08
3.474526e+08
3.359161e+08
3.301169e+08
3.165190e+08
3.142919e+08
3.047339e+08
3.020494e+08
2.911670e+08
2.898904e+08
2.797372e+08
2.757202e+08
2.646580e+08
2.562371e+08
2.475309e+08
2.399428e+08
2.265735e+08
2.232739e+08
2.136879e+08
2.102984e+08
2.064175e+08
1.993400e+08
1.942190e+08
1.873554e+08
1.782747e+08
1.736776e+08
1.724029e+08
1.662674e+08
1.560359e+08
1.497806e+08
1.461155e+08
1.365363e+08
1.351057e+08
1.260787e+08
1.202962e+08
1.152955e+08
1.116120e+08
1.074728e+08
1.024966e+08
1.003329e+08
9.379830e+07
9.173787e+07
8.449534e+07
8.033870e+07
7.489770e+07
6.978349e+07
6.538710e+07
6.331494e+07
5.471358e+07
4.804858e+07
4.372236e+07
4.013782e+07
3.767096e+07
3.203246e+07
2.963365e+07
1.180478e+07
1.102011e+07
1.075261e+07
6.255371e+06
1.709495e+06
