5.869380e+04
1.254933e+04
6.636752e+03
1.735850e+03
1.234768e+03
8.536463e+02
8.241193e+02
4.000700e+02
3.421064e+02
2.602982e+02
2.206813e+02
1.911140e+02
1.577151e+02
1.373582e+02
1.216433e+02
1.163028e+02
8.502513e+01
7.542394e+01
7.125800e+01
5.525778e+01
4.935235e+01
4.254525e+01
3.918898e+01
2.846484e+01
2.540893e+01
2.218427e+01
1.835956e+01
1.498806e+01
1.403003e+01
1.359669e+01
1.091787e+01
9.698005e+00
9.106003e+00
6.505316e+00
5.993308e+00
5.498393e+00
5.099787e+00
4.629977e+00
4.386858e+00
3.832757e+00
3.370556e+00
2.922935e+00
2.464465e+00
2.104657e+00
1.634058e+00
1.240471e+00
1.026583e+00
8.572033e-01
8.027157e-01
7.403418e-01
6.900489e-01
5.796956e-01
4.839311e-01
4.018631e-01
3.024170e-01
2.892139e-01
2.358934e-01
2.106651e-01
1.617399e-01
1.192513e-01
8.414700e-02
7.069197e-02
5.923294e-02
4.906570e-02
3.617753e-02
3.434855e-02
2.819546e-02
2.148874e-02
1.831197e-02
1.669873e-02
1.545031e-02
1.220392e-02
9.584716e-03
8.620790e-03
6.707316e-03
5.808797e-03
4.973273e-03
4.758596e-03
3.749638e-03
3.376961e-03
2.346860e-03
1.685753e-03
1.432165e-03
1.428825e-03
1.399941e-03
1.202995e-03
1.070558e-03
9.679310e-04
9.415002e-04
8.401268e-04
8.140067e-04
7.649083e-04
7.100203e-04
6.552894e-04
6.343981e-04
6.261183e-04
6.118391e-04
5.877360e-04
5.798083e-04
5.704975e-04
5.549294e-04
5.450915e-04
5.325875e-04
5.271743e-04
5.225831e-04
5.031105e-04
4.989011e-04
4.857873e-04
4.784063e-04
4.711665e-04
4.649555e-04
4.569387e-04
4.509319e-04
4.464554e-04
4.392037e-04
4.334599e-04
4.307738e-04
4.207486e-04
4.138494e-04
4.117989e-04
4.033372e-04
3.960100e-04
3.941969e-04
3.818811e-04
3.814034e-04
3.759991e-04
3.719727e-04
3.693510e-04
3.641410e-04
3.610234e-04
3.566047e-04
3.548950e-04
3.507092e-04
3.483968e-04
3.466739e-04
3.409026e-04
3.388293e-04
3.327154e-04
3.294096e-04
3.238584e-04
3.210991e-04
3.178518e-04
3.151048e-04
3.127457e-04
3.070445e-04
3.052450e-04
3.022943e-04
2.990815e-04
2.915346e-04
2.876421e-04
2.855483e-04
2.807694e-04
2.801674e-04
2.761352e-04
2.752537e-04
2.724111e-04
2.675657e-04
2.636219e-04
2.606773e-04
2.572981e-04
2.569725e-04
2.535349e-04
2.464959e-04
2.454784e-04
2.430886e-04
2.403272e-04
2.382944e-04
2.354868e-04
2.344228e-04
2.267743e-04
2.254672e-04
2.232596e-04
2.207351e-04
2.189027e-04
2.162999e-04
2.146232e-04
2.110790e-04
2.092612e-04
2.051119e-04
2.032769e-04
2.003993e-04
1.964852e-04
1.957282e-04
1.916599e-04
1.873081e-04
1.865317e-04
1.820629e-04
1.780578e-04
1.768945e-04
1.735198e-04
1.709584e-04
1.676105e-04
1.648382e-04
1.638400e-04
1.620323e-04
1.603939e-04
1.547810e-04
1.535688e-04
1.512679e-04
1.487450e-04
1.460005e-04
1.454107e-04
1.428115e-04
1.389453e-04
1.378250e-04
1.350470e-04
1.316543e-04
1.310620e-04
1.261925e-04
1.252383e-04
1.227249e-04
1.205916e-04
1.180314e-04
1.138208e-04
1.123917e-04
1.107742e-04
1.047106e-04
1.027699e-04
1.019161e-04
1.003287e-04
9.370442e-05
9.269889e-05
9.155808e-05
8.814169e-05
8.735067e-05
8.464412e-05
7.981950e-05
7.820089e-05
7.772514e-05
7.592996e-05
7.448753e-05
6.830999e-05
6.662379e-05
6.346769e-05
6.262301e-05
5.954363e-05
5.681625e-05
5.553060e-05
5.288967e-05
5.101240e-05
4.675913e-05
4.547651e-05
4.280707e-05
4.034786e-05
3.618416e-05
3.606778e-05
3.331748e-05
3.236715e-05
2.951145e-05
2.593025e-05
2.006956e-05
1.802895e-05
1.712687e-05
1.485143e-05
1.278671e-05
1.194169e-05
7.648096e-06
6.924437e-06
3.764523e-06
3.651478e-06
1.441395e-06
9.303700e-14
6.577313e-15
-2.939937e-06
-4.351742e-06
-5.754543e-06
-8.909103e-06
-1.248156e-05
-1.565320e-05
-1.860157e-05
-2.204230e-05
-2.305023e-05
-2.571131e-05
-2.900276e-05
-3.168328e-05
-3.229887e-05
-3.529664e-05
-3.779362e-05
-3.966305e-05
-4.251572e-05
-4.572914e-05
-4.653596e-05
-4.996124e-05
-5.356783e-05
-5.558470e-05
-5.726289e-05
-6.087311e-05
-6.128323e-05
-6.439212e-05
-6.808469e-05
-6.961141e-05
-7.248839e-05
-7.596036e-05
-7.690267e-05
-7.796247e-05
-7.918778e-05
-8.134521e-05
-8.239941e-05
-8.690100e-05
-8.769801e-05
-9.177184e-05
-9.389006e-05
-9.606719e-05
-9.764765e-05
-1.022787e-04
-1.039022e-04
-1.081072e-04
-1.121155e-04
-1.131708e-04
-1.155457e-04
-1.183472e-04
-1.203437e-04
-1.229698e-04
-1.252409e-04
-1.258197e-04
-1.284126e-04
-1.347654e-04
-1.360664e-04
-1.375351e-04
-1.399674e-04
-1.426432e-04
-1.456523e-04
-1.506104e-04
-1.529475e-04
-1.551175e-04
-1.574865e-04
-1.602911e-04
-1.625014e-04
-1.655037e-04
-1.707164e-04
-1.726658e-04
-1.755859e-04
-1.787417e-04
-1.840631e-04
-1.870434e-04
-1.904918e-04
-1.930512e-04
-1.947330e-04
-1.994117e-04
-2.027744e-04
-2.057693e-04
-2.091335e-04
-2.124736e-04
-2.131241e-04
-2.199805e-04
-2.228004e-04
-2.270386e-04
-2.300211e-04
-2.332826e-04
-2.372278e-04
-2.422590e-04
-2.442182e-04
-2.460945e-04
-2.529082e-04
-2.551299e-04
-2.577624e-04
-2.606256e-04
-2.683515e-04
-2.698515e-04
-2.771162e-04
-2.795737e-04
-2.827336e-04
-2.876966e-04
-2.913635e-04
-2.954906e-04
-3.002789e-04
-3.087701e-04
-3.157179e-04
-3.228446e-04
-3.310107e-04
-3.330435e-04
-3.448668e-04
-3.501959e-04
-3.595770e-04
-3.674374e-04
-3.745417e-04
-3.890498e-04
-4.061798e-04
-4.531255e-04
-5.705415e-04
-5.975026e-04
-6.713858e-04
-7.994957e-04
-9.762662e-04
