2.129820e+12
1.651537e+12
1.510030e+12
1.479144e+12
1.271660e+12
1.246945e+12
1.158670e+12
1.083302e+12
9.980761e+11
8.916959e+11
8.567718e+11
8.117595e+11
7.720033e+11
7.486230e+11
7.003045e+11
6.805646e+11
6.660168e+11
6.328302e+11
6.013466e+11
5.748150e+11
5.462977e+11
5.048307e+11
4.974562e+11
4.535282e+11
4.346198e+11
4.238289e+11
4.151532e+11
4.055544e+11
4.034160e+11
3.832591e+11
3.679249e+11
3.558527e+11
3.448510e+11
3.396135e+11
3.297049e+11
3.160181e+11
3.121291e+11
3.048321e+11
2.826707e+11
2.721481e+11
2.705972e+11
2.611066e+11
2.600685e+11
2.428368e+11
2.331472e+11
2.226500e+11
2.163217e+11
2.082881e+11
2.049668e+11
1.988430e+11
1.969350e+11
1.907190e+11
1.860479e+11
1.812719e+11
1.774665e+11
1.740956e+11
1.649209e+11
1.645448e+11
1.631832e+11
1.555768e+11
1.520711e+11
1.500594e+11
1.434745e+11
1.412781e+11
1.370815e+11
1.364995e+11
1.332566e+11
1.281094e+11
1.235825e+11
1.213108e+11
1.197448e+11
1.168606e+11
1.133682e+11
1.113681e+11
1.074560e+11
1.071469e+11
1.042770e+11
1.025422e+11
1.002729e+11
9.744132e+10
9.489220e+10
9.323091e+10
9.220896e+10
9.048028e+10
8.989497e+10
8.847802e+10
8.552320e+10
8.534048e+10
8.278344e+10
8.072326e+10
7.950354e+10
7.843899e+10
7.638619e+10
7.486919e+10
7.411964e+10
7.319392e+10
7.291765e+10
7.207921e+10
7.186818e+10
6.881724e+10
6.682206e+10
6.470769e+10
6.360920e+10
6.266454e+10
6.208689e+10
6.075411e+10
5.950976e+10
5.911789e+10
5.891768e+10
5.707508e+10
5.582245e+10
5.566855e+10
5.396668e+10
5.274692e+10
5.214283e+10
5.003820e+10
4.934015e+10
4.916182e+10
4.708973e+10
4.535016e+10
4.394630e+10
4.302945e+10
4.140211e+10
3.908042e+10
3.840065e+10
3.762408e+10
3.672990e+10
1.280175e+10
