1.207902e+08
2.236739e+07
1.449773e+06
1.178612e+06
7.749125e+05
3.930526e+05
2.814612e+05
1.094119e+05
1.411186e+04
9.402029e+03
2.857216e+03
7.311318e+02
5.695269e+02
3.304705e+02
9.875560e+01
5.087656e+01
4.758206e+01
3.505650e+01
2.974030e+01
2.283834e+01
2.251122e+01
1.828975e+01
1.658560e+01
1.551947e+01
1.410162e+01
1.251403e+01
1.224241e+01
1.148366e+01
1.094166e+01
1.056102e+01
9.910639e+00
9.086806e+00
9.009412e+00
8.294744e+00
8.041498e+00
7.681923e+00
7.256430e+00
7.240342e+00
6.407506e+00
6.194818e+00
5.786376e+00
5.409271e+00
5.305704e+00
5.064358e+00
4.689312e+00
4.414486e+00
4.197401e+00
3.922726e+00
3.676769e+00
3.555434e+00
3.451091e+00
3.248294e+00
3.194201e+00
2.694516e+00
2.618431e+00
2.476581e+00
2.209929e+00
2.161142e+00
1.981341e+00
1.883476e+00
1.679336e+00
1.607629e+00
1.324670e+00
1.307500e+00
1.093831e+00
8.928903e-01
8.372576e-01
6.467052e-01
6.273180e-01
5.590739e-01
4.016942e-01
3.360108e-01
2.830518e-01
2.212009e-01
7.724763e-02
1.544125e-02
-9.851642e-11
-2.950085e-10
-2.261428e-02
-8.095485e-02
-9.779370e-02
-1.187678e-01
-1.857650e-01
-1.965692e-01
-2.660489e-01
-3.606473e-01
-3.900294e-01
-4.948615e-01
-5.196305e-01
-6.243307e-01
-7.477433e-01
-8.180810e-01
-1.008783e+00
-1.028160e+00
-1.205195e+00
-1.393238e+00
-1.560373e+00
-1.608300e+00
-1.831553e+00
-1.943335e+00
-2.000166e+00
-2.351576e+00
-2.402296e+00
-2.619521e+00
-3.054263e+00
-3.300404e+00
-3.428731e+00
-3.629745e+00
-3.952100e+00
-4.369367e+00
-5.020265e+00
-5.285149e+00
-5.665996e+00
-6.261932e+00
-7.215410e+00
-7.516562e+00
-8.114577e+00
-9.184658e+00
-1.027337e+01
-1.153525e+01
-1.210670e+01
-1.766302e+01
-1.981600e+01
-2.185641e+01
-2.451573e+01
-3.144827e+01
-5.706572e+01
-6.850200e+01
