5.880430e+04
1.291719e+04
8.037852e+03
1.807246e+03
1.170064e+03
9.079722e+02
6.574903e+02
4.390112e+02
3.733069e+02
3.587465e+02
2.809481e+02
2.034358e+02
1.868625e+02
1.376316e+02
1.184325e+02
1.121853e+02
1.017448e+02
8.681163e+01
8.319384e+01
6.555605e+01
6.099863e+01
4.946797e+01
4.194061e+01
3.658168e+01
2.864999e+01
2.350493e+01
1.903927e+01
1.830231e+01
1.550015e+01
1.386830e+01
1.291867e+01
1.132637e+01
1.079946e+01
9.863781e+00
7.866731e+00
7.362207e+00
6.650136e+00
5.655933e+00
5.261580e+00
4.451012e+00
3.996675e+00
3.746556e+00
3.454981e+00
2.525247e+00
2.431705e+00
1.847660e+00
1.308928e+00
1.112122e+00
8.955154e-01
8.480769e-01
7.746676e-01
5.807075e-01
4.661306e-01
3.718990e-01
3.283408e-01
2.848465e-01
2.349501e-01
1.786564e-01
1.717571e-01
1.645511e-01
1.283146e-01
8.662009e-02
7.155382e-02
6.486735e-02
6.108916e-02
3.829392e-02
3.346127e-02
2.794910e-02
2.605686e-02
2.340066e-02
2.088104e-02
1.478165e-02
1.290960e-02
9.245073e-03
8.576305e-03
7.366011e-03
6.233097e-03
5.006575e-03
4.315421e-03
3.258093e-03
3.029708e-03
2.901515e-03
2.291444e-03
1.889294e-03
1.563673e-03
1.318457e-03
1.295729e-03
1.190541e-03
1.170646e-03
1.036916e-03
1.001476e-03
9.120909e-04
8.095781e-04
7.955156e-04
7.898032e-04
7.429323e-04
7.297979e-04
7.164787e-04
6.734794e-04
6.586990e-04
6.428638e-04
6.138801e-04
5.995531e-04
5.891481e-04
5.670533e-04
5.618291e-04
5.470324e-04
5.422283e-04
5.330638e-04
5.268421e-04
5.168004e-04
5.164615e-04
5.034956e-04
4.858981e-04
4.815328e-04
4.725567e-04
4.694615e-04
4.680704e-04
4.554057e-04
4.520037e-04
4.453055e-04
4.370550e-04
4.332051e-04
4.281797e-04
4.196165e-04
4.122262e-04
4.037474e-04
3.991541e-04
3.956028e-04
3.926497e-04
3.918129e-04
3.838096e-04
3.821862e-04
3.779925e-04
3.746346e-04
3.727773e-04
3.636077e-04
3.593218e-04
3.560418e-04
3.481813e-04
3.457515e-04
3.375883e-04
3.345480e-04
3.308763e-04
3.244274e-04
3.217695e-04
3.188201e-04
3.156805e-04
3.144495e-04
3.105258e-04
3.085529e-04
3.032408e-04
2.982506e-04
2.962651e-04
2.953823e-04
2.923623e-04
2.854607e-04
2.785594e-04
2.768474e-04
2.729274e-04
2.700209e-04
2.688828e-04
2.658759e-04
2.639504e-04
2.606724e-04
2.543383e-04
2.525623e-04
2.474347e-04
2.450534e-04
2.427093e-04
2.394454e-04
2.387735e-04
2.344225e-04
2.317838e-04
2.313665e-04
2.249600e-04
2.224360e-04
2.210454e-04
2.146148e-04
2.128393e-04
2.108974e-04
2.078579e-04
2.048162e-04
2.012006e-04
1.990168e-04
1.952083e-04
1.942894e-04
1.914671e-04
1.879344e-04
1.869085e-04
1.822819e-04
1.774639e-04
1.745408e-04
1.737934e-04
1.725546e-04
1.684031e-04
1.682604e-04
1.652725e-04
1.620299e-04
1.574833e-04
1.527756e-04
1.514219e-04
1.498583e-04
1.477974e-04
1.441985e-04
1.437961e-04
1.415315e-04
1.370053e-04
1.358681e-04
1.332697e-04
1.303420e-04
1.291489e-04
1.253374e-04
1.224882e-04
1.196885e-04
1.163870e-04
1.137012e-04
1.118982e-04
1.098447e-04
1.073186e-04
1.046654e-04
1.000821e-04
9.945686e-05
9.626596e-05
9.019612e-05
8.656710e-05
8.448555e-05
8.369493e-05
8.220283e-05
7.948781e-05
7.825144e-05
7.600577e-05
7.377574e-05
7.012503e-05
6.846526e-05
6.744533e-05
6.483684e-05
6.267600e-05
6.190159e-05
5.539555e-05
5.423521e-05
5.127614e-05
4.867057e-05
4.536718e-05
4.428089e-05
4.128766e-05
3.904950e-05
3.714644e-05
3.555909e-05
3.274983e-05
3.037085e-05
2.639562e-05
2.629306e-05
2.348364e-05
1.745431e-05
1.687399e-05
1.526467e-05
1.281259e-05
9.173700e-06
8.855023e-06
7.005679e-06
5.097508e-06
2.783539e-06
5.451906e-07
8.333793e-14
2.015644e-14
-1.697518e-14
-1.946205e-06
-3.173905e-06
-1.073749e-05
-1.221448e-05
-1.433239e-05
-1.477300e-05
-2.045928e-05
-2.207293e-05
-2.435148e-05
-2.539998e-05
-2.862781e-05
-3.277714e-05
-3.461019e-05
-3.497789e-05
-3.778728e-05
-4.073430e-05
-4.441923e-05
-4.620837e-05
-4.808392e-05
-4.972071e-05
-5.312219e-05
-5.484282e-05
-5.535831e-05
-5.925827e-05
-6.185169e-05
-6.530743e-05
-6.655664e-05
-6.891588e-05
-7.355132e-05
-7.523833e-05
-7.915917e-05
-8.018615e-05
-8.519131e-05
-8.642620e-05
-8.790544e-05
-8.986484e-05
-9.230989e-05
-9.364968e-05
-9.768696e-05
-1.002318e-04
-1.050818e-04
-1.061550e-04
-1.092007e-04
-1.124185e-04
-1.171265e-04
-1.181001e-04
-1.221345e-04
-1.235084e-04
-1.260011e-04
-1.307328e-04
-1.316867e-04
-1.371282e-04
-1.420612e-04
-1.431913e-04
-1.447594e-04
-1.475199e-04
-1.487125e-04
-1.518804e-04
-1.544539e-04
-1.574424e-04
-1.605453e-04
-1.648779e-04
-1.691753e-04
-1.706799e-04
-1.746116e-04
-1.771886e-04
-1.819089e-04
-1.859759e-04
-1.901645e-04
-1.947202e-04
-1.970865e-04
-2.002072e-04
-2.018136e-04
-2.040049e-04
-2.071410e-04
-2.140472e-04
-2.169782e-04
-2.244521e-04
-2.269900e-04
-2.277341e-04
-2.291347e-04
-2.307833e-04
-2.375293e-04
-2.389283e-04
-2.420198e-04
-2.480586e-04
-2.499644e-04
-2.594214e-04
-2.628741e-04
-2.672309e-04
-2.718713e-04
-2.747259e-04
-2.775411e-04
-2.807919e-04
-2.850437e-04
-2.876776e-04
-2.977647e-04
-3.009993e-04
-3.049425e-04
-3.119108e-04
-3.193898e-04
-3.269194e-04
-3.317369e-04
-3.441477e-04
-3.506488e-04
-3.571315e-04
-3.710836e-04
-3.744822e-04
-3.850569e-04
-4.009660e-04
-4.127087e-04
-4.481461e-04
-5.698457e-04
-6.261095e-04
-7.440497e-04
-9.162179e-04
-1.239478e-03
