8.761568e+04
3.428778e+03
2.312316e+03
1.770935e+03
1.057769e+03
7.129274e+02
5.528710e+02
4.323584e+02
2.795146e+02
2.683090e+02
2.477268e+02
2.156491e+02
1.852966e+02
1.681593e+02
1.583142e+02
1.491152e+02
1.461544e+02
1.248671e+02
1.177039e+02
1.064898e+02
9.996181e+01
9.748482e+01
8.407024e+01
8.281150e+01
7.904775e+01
7.674023e+01
6.985825e+01
6.413348e+01
6.239276e+01
5.956929e+01
5.683437e+01
5.052735e+01
4.844962e+01
4.606773e+01
4.223769e+01
4.119592e+01
3.960025e+01
3.718781e+01
3.388643e+01
3.165999e+01
2.867921e+01
2.753741e+01
2.590902e+01
2.277471e+01
2.220938e+01
2.072684e+01
1.862655e+01
1.821689e+01
1.690994e+01
1.646128e+01
1.541545e+01
1.493764e+01
1.330267e+01
1.256357e+01
1.173744e+01
1.171592e+01
1.018155e+01
9.026963e+00
8.578173e+00
7.897446e+00
7.690438e+00
6.843728e+00
6.254385e+00
5.784767e+00
5.718662e+00
5.363417e+00
5.193109e+00
4.781493e+00
4.317326e+00
3.943243e+00
3.634054e+00
3.225490e+00
2.983082e+00
2.721149e+00
2.536011e+00
2.416069e+00
2.204340e+00
2.194254e+00
1.872699e+00
1.756523e+00
1.712605e+00
1.601257e+00
1.480772e+00
1.385530e+00
1.282220e+00
1.244508e+00
1.172114e+00
1.094770e+00
1.074730e+00
1.020943e+00
9.910720e-01
9.022914e-01
8.182014e-01
7.959954e-01
7.583368e-01
7.422477e-01
6.930215e-01
6.265550e-01
6.026875e-01
5.927140e-01
5.316782e-01
4.969736e-01
4.683031e-01
4.566872e-01
4.378476e-01
4.157810e-01
4.087266e-01
3.816410e-01
3.610162e-01
3.323289e-01
3.198643e-01
3.122112e-01
2.770695e-01
2.539978e-01
2.414746e-01
2.248667e-01
2.151524e-01
2.044758e-01
1.761497e-01
1.711790e-01
1.636685e-01
1.603977e-01
1.481740e-01
1.354778e-01
1.290317e-01
1.213771e-01
1.192861e-01
1.091341e-01
1.061176e-01
1.013992e-01
9.205782e-02
8.784655e-02
8.067429e-02
7.822555e-02
7.358495e-02
6.932669e-02
6.700908e-02
6.512862e-02
5.908906e-02
5.737469e-02
5.488037e-02
5.252317e-02
4.772109e-02
4.656418e-02
4.238721e-02
3.843957e-02
3.722729e-02
3.446162e-02
3.226998e-02
2.885098e-02
2.817404e-02
2.594937e-02
2.401306e-02
2.183241e-02
2.174898e-02
1.861051e-02
1.830379e-02
1.795609e-02
1.622807e-02
1.574325e-02
1.491420e-02
1.445136e-02
1.414320e-02
1.318982e-02
1.282102e-02
1.212112e-02
1.152730e-02
1.075845e-02
9.910082e-03
9.431059e-03
8.696786e-03
8.531587e-03
8.155319e-03
7.123275e-03
6.851438e-03
6.040103e-03
5.705738e-03
5.225114e-03
5.093512e-03
4.810146e-03
4.652625e-03
4.609359e-03
4.275584e-03
4.112788e-03
3.974182e-03
3.568726e-03
3.448468e-03
3.366867e-03
3.183976e-03
3.119225e-03
2.998827e-03
2.832457e-03
2.780833e-03
2.590672e-03
2.501582e-03
2.443469e-03
2.292379e-03
2.158347e-03
2.042411e-03
1.913097e-03
1.875633e-03
1.697158e-03
1.671951e-03
1.593990e-03
1.519268e-03
1.454018e-03
1.435998e-03
1.412733e-03
1.350996e-03
1.332332e-03
1.286258e-03
1.275059e-03
1.246119e-03
1.222106e-03
1.197726e-03
1.183841e-03
1.172857e-03
1.133371e-03
1.117370e-03
1.084517e-03
1.070194e-03
1.065366e-03
1.052462e-03
1.046379e-03
1.037981e-03
1.015327e-03
9.909178e-04
9.724700e-04
9.569707e-04
9.485309e-04
9.315564e-04
9.256961e-04
9.201171e-04
9.112113e-04
8.963098e-04
8.722895e-04
8.605613e-04
8.500898e-04
8.331576e-04
8.247989e-04
8.162915e-04
8.035824e-04
7.980761e-04
7.811119e-04
7.775728e-04
7.621755e-04
7.534426e-04
7.477884e-04
7.389177e-04
7.321963e-04
7.245459e-04
7.106845e-04
7.055799e-04
6.910784e-04
6.838766e-04
6.731585e-04
6.564479e-04
6.456351e-04
6.275221e-04
6.238518e-04
6.110244e-04
6.053055e-04
5.931669e-04
5.846114e-04
5.819148e-04
5.771513e-04
5.721882e-04
5.572333e-04
5.450743e-04
5.377217e-04
5.238593e-04
5.194359e-04
5.051233e-04
4.971827e-04
4.849414e-04
4.726099e-04
4.694836e-04
4.514970e-04
4.341671e-04
4.309255e-04
4.154451e-04
4.114107e-04
4.065227e-04
3.990057e-04
3.868837e-04
3.809005e-04
3.709887e-04
3.648840e-04
3.560121e-04
3.443764e-04
3.347316e-04
3.247856e-04
3.165787e-04
3.043970e-04
2.968135e-04
2.888181e-04
2.712934e-04
2.655151e-04
2.598308e-04
2.455913e-04
2.411765e-04
2.401834e-04
2.203010e-04
2.126835e-04
2.081198e-04
1.992163e-04
1.917693e-04
1.859818e-04
1.705919e-04
1.602578e-04
1.464588e-04
1.398753e-04
1.352924e-04
1.225363e-04
1.165802e-04
1.081810e-04
1.011340e-04
9.755909e-05
7.689218e-05
6.286144e-05
5.814824e-05
5.359307e-05
3.525903e-05
2.339800e-05
1.118289e-05
7.418125e-06
5.254786e-14
-1.087817e-13
-2.942369e-06
-7.405045e-06
-1.232825e-05
-2.936784e-05
-4.835962e-05
-5.742708e-05
-6.085604e-05
-6.904345e-05
-7.860392e-05
-8.576098e-05
-9.505830e-05
-1.039499e-04
-1.081982e-04
-1.223424e-04
-1.321192e-04
-1.439006e-04
-1.506708e-04
-1.786319e-04
-1.875008e-04
-1.920102e-04
-2.067304e-04
-2.160909e-04
-2.221401e-04
-2.269573e-04
-2.452708e-04
-2.519638e-04
-2.628860e-04
-2.689833e-04
-2.861911e-04
-2.892539e-04
-3.115237e-04
-3.163302e-04
-3.280579e-04
-3.331198e-04
-3.434946e-04
-3.582361e-04
-3.716568e-04
-3.843975e-04
-3.952840e-04
-4.102383e-04
-4.185942e-04
-4.367830e-04
-4.482391e-04
-4.610572e-04
-4.772344e-04
-4.816624e-04
-4.860875e-04
-5.187626e-04
-5.256805e-04
-5.360178e-04
-5.630564e-04
-5.718407e-04
-5.867596e-04
-6.093470e-04
-6.143169e-04
-6.425506e-04
