3.960305e+09
2.020285e+08
5.713736e+07
3.849483e+07
2.011409e+07
1.492973e+07
1.042519e+07
7.482385e+06
5.762153e+06
3.625603e+06
3.566214e+06
2.796584e+06
2.084028e+06
1.820969e+06
1.294279e+06
1.199506e+06
8.634190e+05
8.130964e+05
6.391931e+05
5.050226e+05
4.005529e+05
3.356310e+05
2.734365e+05
2.182212e+05
1.869092e+05
1.367666e+05
8.432544e+04
5.003296e+04
3.942954e+04
2.327141e+04
1.542554e+04
1.190340e+04
1.004524e+04
6.764600e+03
5.328827e+03
4.172278e+03
3.156231e+03
1.369933e+03
1.333512e+03
9.559919e+02
6.278239e+02
4.263651e+02
2.054769e+02
1.250278e+02
1.045143e+02
8.310946e+01
6.654699e+01
5.282890e+01
3.554170e+01
3.265214e+01
1.853393e+01
1.308906e+01
8.296295e+00
3.598618e+00
2.882591e+00
2.148665e+00
1.708119e+00
1.267632e+00
1.096628e+00
8.634019e-01
6.214307e-01
2.788838e-01
1.813547e-01
1.359105e-01
8.100330e-02
7.946129e-02
4.189526e-02
3.106682e-02
1.946147e-02
1.682474e-02
1.387587e-02
1.296455e-02
1.183592e-02
1.051662e-02
9.457738e-03
8.689521e-03
7.161680e-03
6.663635e-03
5.776605e-03
5.337544e-03
4.830697e-03
4.788897e-03
3.991946e-03
3.300170e-03
2.820099e-03
2.585844e-03
2.346095e-03
2.082432e-03
1.899865e-03
1.775730e-03
1.647316e-03
1.350728e-03
1.330892e-03
1.046202e-03
7.650580e-04
6.380446e-04
4.631729e-04
3.746372e-04
1.890866e-04
1.495366e-04
4.151297e-05
-2.089987e-04
-2.240652e-04
-4.257213e-04
-5.232943e-04
-8.198963e-04
-1.273103e-03
-1.320698e-03
-1.461644e-03
-1.660146e-03
-2.021451e-03
-2.212669e-03
-2.312541e-03
-2.859611e-03
-3.168623e-03
-3.520617e-03
-3.902605e-03
-4.309371e-03
-5.364682e-03
-6.002726e-03
-6.510318e-03
-8.025854e-03
-8.940717e-03
-9.569528e-03
-1.113274e-02
-1.469980e-02
-1.835699e-02
-3.133285e-02
