2.778930e+10
1.400317e+10
6.397444e+09
4.393482e+09
3.955860e+09
3.816766e+09
3.656450e+09
3.128236e+09
3.019748e+09
2.807907e+09
2.654164e+09
2.255385e+09
2.141574e+09
2.071179e+09
1.941181e+09
1.892406e+09
1.820547e+09
1.684818e+09
1.644709e+09
1.526812e+09
1.496397e+09
1.386785e+09
1.313435e+09
1.299084e+09
1.247641e+09
1.155735e+09
1.089732e+09
1.071436e+09
1.055193e+09
1.008587e+09
9.943002e+08
9.561565e+08
9.066492e+08
8.816210e+08
8.529670e+08
8.373726e+08
8.257701e+08
7.995745e+08
7.580149e+08
7.422751e+08
7.338831e+08
6.969733e+08
6.864886e+08
6.483034e+08
6.390689e+08
6.295210e+08
6.093735e+08
5.994303e+08
5.661635e+08
5.580552e+08
5.507546e+08
5.284148e+08
5.166264e+08
5.099833e+08
4.926389e+08
4.681285e+08
4.590449e+08
4.438990e+08
4.321429e+08
4.271944e+08
4.104342e+08
4.030272e+08
3.924109e+08
3.816345e+08
3.730638e+08
3.715245e+08
3.561026e+08
3.518718e+08
3.413776e+08
3.330443e+08
3.285996e+08
3.182441e+08
3.114200e+08
3.090658e+08
2.966706e+08
2.907051e+08
2.833333e+08
2.795267e+08
2.683541e+08
2.553138e+08
2.489868e+08
2.455683e+08
2.406455e+08
2.331808e+08
2.252260e+08
2.213868e+08
2.114447e+08
2.101253e+08
2.052518e+08
2.010045e+08
1.902585e+08
1.880781e+08
1.821752e+08
1.781526e+08
1.682937e+08
1.601677e+08
1.553435e+08
1.492507e+08
1.465604e+08
1.367258e+08
1.342555e+08
1.220801e+08
1.207834e+08
1.181893e+08
1.090766e+08
1.065316e+08
9.940201e+07
8.833628e+07
8.551408e+07
8.165058e+07
7.336482e+07
7.195631e+07
6.728144e+07
6.155314e+07
6.053358e+07
5.596491e+07
5.095842e+07
4.831487e+07
4.477446e+07
4.207949e+07
3.739809e+07
3.415197e+07
3.212533e+07
2.841141e+07
2.786248e+07
2.188250e+07
6.266449e+06
5.806732e+06
