1.287964e+05
6.378096e+03
3.034488e+03
2.895241e+03
2.034872e+03
1.511564e+03
1.458698e+03
1.089558e+03
8.808254e+02
6.660721e+02
6.296968e+02
5.258273e+02
3.052346e+02
2.583692e+02
2.160093e+02
2.069468e+02
1.822235e+02
1.528913e+02
1.307127e+02
1.204385e+02
1.067506e+02
9.109942e+01
8.490540e+01
8.002034e+01
7.482066e+01
6.499142e+01
6.164899e+01
5.949703e+01
5.686473e+01
4.953546e+01
4.531591e+01
4.245320e+01
3.643777e+01
3.385229e+01
3.144295e+01
2.918451e+01
2.835462e+01
2.659555e+01
2.607296e+01
2.356424e+01
2.216460e+01
2.103299e+01
2.036550e+01
1.841066e+01
1.613241e+01
1.579076e+01
1.459375e+01
1.313986e+01
1.223276e+01
1.199722e+01
1.107785e+01
1.003521e+01
9.167396e+00
8.622154e+00
8.227921e+00
7.717290e+00
7.035904e+00
6.880637e+00
6.267116e+00
5.995238e+00
5.145196e+00
4.952166e+00
4.499772e+00
4.161357e+00
3.906661e+00
3.346531e+00
3.214945e+00
2.906272e+00
2.830789e+00
2.717670e+00
2.645513e+00
2.311731e+00
2.159574e+00
1.976085e+00
1.906881e+00
1.821435e+00
1.787577e+00
1.677488e+00
1.558568e+00
1.359599e+00
1.247689e+00
1.111866e+00
1.090739e+00
9.512925e-01
9.335281e-01
8.781633e-01
8.431266e-01
7.635830e-01
7.211668e-01
6.911159e-01
6.521646e-01
6.016197e-01
5.693485e-01
5.389320e-01
5.005921e-01
4.585176e-01
4.406994e-01
3.934645e-01
3.849567e-01
3.318609e-01
3.246271e-01
3.122538e-01
2.870760e-01
2.649211e-01
2.374430e-01
2.257119e-01
2.164450e-01
1.968051e-01
1.833176e-01
1.626098e-01
1.517460e-01
1.435185e-01
1.186631e-01
1.147413e-01
1.055317e-01
9.530223e-02
8.819190e-02
8.587197e-02
8.558028e-02
8.434764e-02
7.702579e-02
7.384811e-02
7.085621e-02
6.243962e-02
5.948545e-02
5.530328e-02
5.330441e-02
4.888081e-02
4.450526e-02
4.263645e-02
3.989672e-02
3.568707e-02
3.459304e-02
3.262627e-02
3.035154e-02
2.888475e-02
2.422673e-02
2.288715e-02
2.175613e-02
1.862651e-02
1.734970e-02
1.645997e-02
1.557359e-02
1.440412e-02
1.414593e-02
1.189896e-02
1.116628e-02
1.065241e-02
1.035855e-02
9.425378e-03
8.903988e-03
8.350807e-03
7.960798e-03
7.647113e-03
7.121693e-03
6.671168e-03
6.210449e-03
5.347303e-03
4.526503e-03
4.152994e-03
3.776085e-03
3.471431e-03
3.160008e-03
3.047254e-03
2.784588e-03
2.606163e-03
2.516064e-03
2.357176e-03
2.287376e-03
2.216060e-03
2.081693e-03
1.906703e-03
1.807710e-03
1.650551e-03
1.592541e-03
1.545950e-03
1.521919e-03
1.454783e-03
1.426543e-03
1.398286e-03
1.376536e-03
1.363505e-03
1.336718e-03
1.310005e-03
1.301095e-03
1.266897e-03
1.243621e-03
1.236156e-03
1.223973e-03
1.218635e-03
1.188375e-03
1.163831e-03
1.141356e-03
1.133569e-03
1.123443e-03
1.108862e-03
1.100111e-03
1.091954e-03
1.071627e-03
1.054648e-03
1.043008e-03
1.038666e-03
1.017605e-03
1.001215e-03
9.860870e-04
9.788430e-04
9.676073e-04
9.580788e-04
9.459434e-04
9.329586e-04
9.238992e-04
9.213836e-04
9.097057e-04
9.043302e-04
8.763421e-04
8.644600e-04
8.586609e-04
8.539704e-04
8.291898e-04
8.196842e-04
8.111664e-04
8.031795e-04
7.958991e-04
7.780296e-04
7.774588e-04
7.707094e-04
7.587473e-04
7.399059e-04
7.259154e-04
7.162117e-04
7.051916e-04
6.805627e-04
6.723571e-04
6.625940e-04
6.591527e-04
6.538641e-04
6.455715e-04
6.338634e-04
6.237180e-04
6.196617e-04
5.946496e-04
5.936013e-04
5.838760e-04
5.791443e-04
5.761161e-04
5.660259e-04
5.430357e-04
5.341187e-04
5.237703e-04
5.126832e-04
5.030822e-04
4.982927e-04
4.889444e-04
4.852956e-04
4.760548e-04
4.634464e-04
4.547750e-04
4.424025e-04
4.343243e-04
4.314607e-04
4.231425e-04
4.114292e-04
4.006174e-04
3.922856e-04
3.843980e-04
3.747872e-04
3.656813e-04
3.541364e-04
3.449602e-04
3.213772e-04
3.160094e-04
3.110780e-04
2.945975e-04
2.807191e-04
2.750487e-04
2.642733e-04
2.610986e-04
2.509286e-04
2.430077e-04
2.413072e-04
2.224285e-04
2.098862e-04
1.977705e-04
1.950427e-04
1.869643e-04
1.825174e-04
1.730364e-04
1.670142e-04
1.522053e-04
1.395210e-04
1.356094e-04
1.275773e-04
1.133507e-04
1.045875e-04
1.034704e-04
9.499898e-05
9.158173e-05
8.186351e-05
7.819010e-05
6.867618e-05
5.102597e-05
4.697563e-05
4.491692e-05
3.209166e-05
2.291493e-05
9.314464e-06
-1.700109e-08
-8.104914e-06
-2.069776e-05
-2.694916e-05
-4.085186e-05
-5.133984e-05
-5.674233e-05
-6.776670e-05
-6.843305e-05
-9.465042e-05
-1.042203e-04
-1.098348e-04
-1.115422e-04
-1.301680e-04
-1.433587e-04
-1.440418e-04
-1.546433e-04
-1.578427e-04
-1.712486e-04
-1.756556e-04
-1.844542e-04
-1.967941e-04
-2.032411e-04
-2.110548e-04
-2.360628e-04
-2.450422e-04
-2.489828e-04
-2.638883e-04
-2.737666e-04
-2.896856e-04
-2.954200e-04
-3.068600e-04
-3.142109e-04
-3.322655e-04
-3.355262e-04
-3.420497e-04
-3.474795e-04
-3.570454e-04
-3.642310e-04
-3.848819e-04
-3.955902e-04
-4.160036e-04
-4.228482e-04
-4.382274e-04
-4.489051e-04
-4.582805e-04
-4.610912e-04
-4.750308e-04
-4.885693e-04
-5.070395e-04
-5.153629e-04
-5.261717e-04
-5.308729e-04
-5.535937e-04
-5.767923e-04
-5.909730e-04
-5.946459e-04
-6.034109e-04
-6.115279e-04
-6.259256e-04
-6.434778e-04
-6.461749e-04
-6.778055e-04
-6.858965e-04
-7.016935e-04
-7.210668e-04
-7.302247e-04
-7.322758e-04
-7.675326e-04
-7.881172e-04
-8.138175e-04
-8.238704e-04
-8.490249e-04
-8.773233e-04
-8.879538e-04
-9.181661e-04
-9.727403e-04
-1.021830e-03
