8.887141e+04
4.064007e+03
2.555800e+03
1.856876e+03
1.064091e+03
7.811332e+02
4.920317e+02
3.867628e+02
3.015897e+02
2.958928e+02
2.553823e+02
2.201153e+02
1.851094e+02
1.684121e+02
1.464213e+02
1.348400e+02
1.221299e+02
1.150183e+02
1.116070e+02
1.080684e+02
1.013845e+02
9.064149e+01
8.451522e+01
8.073956e+01
7.803022e+01
7.136189e+01
6.623259e+01
6.204115e+01
5.720382e+01
5.521219e+01
5.330141e+01
5.200928e+01
4.717381e+01
4.293290e+01
4.098141e+01
3.852459e+01
3.713142e+01
3.476665e+01
3.252401e+01
3.128040e+01
2.836905e+01
2.781264e+01
2.630556e+01
2.376259e+01
2.287686e+01
1.996382e+01
1.980130e+01
1.855341e+01
1.726575e+01
1.624944e+01
1.391627e+01
1.352439e+01
1.285833e+01
1.226885e+01
1.030043e+01
1.017864e+01
9.859527e+00
8.690470e+00
8.263493e+00
7.630262e+00
7.023837e+00
6.719571e+00
6.430615e+00
5.786001e+00
5.440623e+00
5.228316e+00
5.059600e+00
4.812769e+00
4.650811e+00
3.870871e+00
3.679241e+00
2.909712e+00
2.769505e+00
2.617318e+00
2.314429e+00
2.173443e+00
2.126250e+00
2.002173e+00
1.980850e+00
1.792137e+00
1.704512e+00
1.616136e+00
1.560445e+00
1.441566e+00
1.365540e+00
1.321884e+00
1.205932e+00
1.134329e+00
1.065676e+00
1.057762e+00
1.001239e+00
9.751483e-01
9.199692e-01
8.045745e-01
7.562916e-01
7.145713e-01
6.944290e-01
6.842545e-01
6.089848e-01
5.535684e-01
5.477873e-01
5.171273e-01
4.871311e-01
4.606899e-01
4.359278e-01
4.021701e-01
3.694043e-01
3.542678e-01
3.217506e-01
3.076852e-01
2.890740e-01
2.787915e-01
2.695839e-01
2.458120e-01
2.447568e-01
2.326515e-01
2.108148e-01
1.936444e-01
1.819110e-01
1.640944e-01
1.614989e-01
1.449193e-01
1.364811e-01
1.329863e-01
1.262130e-01
1.125432e-01
1.039530e-01
9.041739e-02
8.894216e-02
8.409265e-02
7.941686e-02
7.892000e-02
7.401840e-02
6.808160e-02
6.448999e-02
6.154523e-02
5.603215e-02
5.268714e-02
5.046920e-02
4.852836e-02
4.484042e-02
4.400715e-02
4.336831e-02
4.013858e-02
4.007834e-02
3.522772e-02
3.437109e-02
3.363387e-02
3.107432e-02
2.937611e-02
2.843651e-02
2.573583e-02
2.409030e-02
2.178323e-02
2.081736e-02
2.012882e-02
1.751690e-02
1.727131e-02
1.655398e-02
1.526586e-02
1.335251e-02
1.236464e-02
1.161749e-02
1.064021e-02
1.021681e-02
1.018051e-02
9.382268e-03
9.043820e-03
8.726913e-03
8.087412e-03
7.908481e-03
7.361950e-03
7.029794e-03
6.769476e-03
6.382881e-03
6.186035e-03
6.030349e-03
5.186918e-03
4.770008e-03
4.593093e-03
4.172218e-03
3.979655e-03
3.916726e-03
3.756322e-03
3.484549e-03
3.355626e-03
3.288202e-03
3.191810e-03
2.911325e-03
2.876838e-03
2.691169e-03
2.519210e-03
2.377827e-03
2.291937e-03
2.156243e-03
2.011382e-03
1.976119e-03
1.891920e-03
1.844250e-03
1.764766e-03
1.684241e-03
1.642124e-03
1.476622e-03
1.454578e-03
1.396794e-03
1.389607e-03
1.368033e-03
1.326810e-03
1.306650e-03
1.275168e-03
1.238004e-03
1.221726e-03
1.199301e-03
1.172400e-03
1.155287e-03
1.132409e-03
1.126084e-03
1.120841e-03
1.105305e-03
1.082695e-03
1.066233e-03
1.057242e-03
1.041952e-03
1.034705e-03
1.013457e-03
9.952297e-04
9.877372e-04
9.767631e-04
9.613785e-04
9.459999e-04
9.362269e-04
9.310626e-04
9.139421e-04
8.946179e-04
8.838372e-04
8.734667e-04
8.656710e-04
8.546852e-04
8.467933e-04
8.332206e-04
8.182870e-04
8.070095e-04
7.999312e-04
7.813590e-04
7.643020e-04
7.604897e-04
7.538190e-04
7.436251e-04
7.265526e-04
7.237575e-04
7.143699e-04
7.067306e-04
6.861789e-04
6.761060e-04
6.668792e-04
6.568261e-04
6.442298e-04
6.360197e-04
6.288994e-04
6.198753e-04
6.094740e-04
6.006336e-04
5.985283e-04
5.790184e-04
5.709117e-04
5.602318e-04
5.447331e-04
5.386904e-04
5.353606e-04
5.283800e-04
5.144952e-04
4.939398e-04
4.854854e-04
4.724987e-04
4.702392e-04
4.662181e-04
4.624976e-04
4.396714e-04
4.381730e-04
4.347441e-04
4.187065e-04
4.121716e-04
4.056988e-04
3.968796e-04
3.941844e-04
3.823680e-04
3.657331e-04
3.635095e-04
3.374654e-04
3.289930e-04
3.262513e-04
3.113789e-04
3.017931e-04
2.913540e-04
2.838449e-04
2.749515e-04
2.709811e-04
2.524352e-04
2.477863e-04
2.396284e-04
2.292979e-04
2.224559e-04
2.155269e-04
1.995642e-04
1.913961e-04
1.828297e-04
1.746441e-04
1.697408e-04
1.582097e-04
1.538276e-04
1.361581e-04
1.236893e-04
1.119105e-04
1.062699e-04
1.037583e-04
9.844544e-05
8.384581e-05
6.927942e-05
6.501008e-05
5.564539e-05
3.933316e-05
3.756404e-05
2.333050e-05
9.637734e-06
3.831919e-06
7.441937e-14
7.510401e-15
-8.943171e-15
-2.573129e-14
-1.154671e-13
-1.593036e-13
-1.719968e-06
-2.414949e-05
-2.837060e-05
-4.392684e-05
-5.641424e-05
-5.820866e-05
-7.079354e-05
-7.834150e-05
-8.297689e-05
-9.639013e-05
-1.057835e-04
-1.176272e-04
-1.250399e-04
-1.352341e-04
-1.462744e-04
-1.578678e-04
-1.630137e-04
-1.693899e-04
-1.782158e-04
-1.989100e-04
-2.025545e-04
-2.114794e-04
-2.277500e-04
-2.396675e-04
-2.468424e-04
-2.549629e-04
-2.639820e-04
-2.769354e-04
-2.899252e-04
-2.984084e-04
-3.085876e-04
-3.375700e-04
-3.409934e-04
-3.548184e-04
-3.732531e-04
-3.794758e-04
-3.872775e-04
-3.936503e-04
-4.168781e-04
-4.240060e-04
-4.430304e-04
-4.518881e-04
-4.588165e-04
-4.814881e-04
-5.109258e-04
-5.345673e-04
-5.482883e-04
-5.663039e-04
-5.827176e-04
-5.959047e-04
-6.356917e-04
-6.742085e-04
-6.957705e-04
