6.286361e+05
2.973321e+05
2.014516e+05
1.650864e+05
1.370720e+05
1.124389e+05
1.073679e+05
1.031056e+05
8.287702e+04
7.200426e+04
6.313542e+04
6.021601e+04
4.996847e+04
4.671568e+04
4.249222e+04
3.857300e+04
3.721404e+04
2.947504e+04
2.200531e+04
1.368851e+04
1.070887e+04
9.282446e+03
8.879729e+03
8.256759e+03
7.809701e+03
6.224128e+03
5.674404e+03
5.387548e+03
4.187458e+03
3.864183e+03
3.275627e+03
3.026120e+03
2.290567e+03
2.039853e+03
1.771036e+03
1.419311e+03
1.039957e+03
9.611467e+02
9.273225e+02
7.656902e+02
5.683638e+02
4.923382e+02
4.372653e+02
3.547847e+02
3.072672e+02
2.507320e+02
2.370523e+02
2.225114e+02
2.093117e+02
1.521565e+02
1.214631e+02
8.759908e+01
7.604023e+01
6.661005e+01
6.255548e+01
5.334311e+01
4.075552e+01
3.971564e+01
3.711598e+01
3.039513e+01
2.179266e+01
1.499261e+01
1.432098e+01
1.105802e+01
9.606399e+00
8.761551e+00
5.417036e+00
4.883338e+00
4.251048e+00
3.926059e+00
3.176880e+00
2.650116e+00
2.179497e+00
1.797967e+00
1.178267e+00
9.726858e-01
9.122984e-01
8.531362e-01
6.010404e-01
5.693780e-01
3.993123e-01
3.488232e-01
2.780798e-01
2.680839e-01
2.068308e-01
1.671230e-01
1.468815e-01
1.303600e-01
9.877995e-02
9.563235e-02
6.181210e-02
6.029179e-02
5.137971e-02
4.867235e-02
4.253247e-02
4.151593e-02
3.948054e-02
3.707255e-02
3.589306e-02
3.307608e-02
3.171360e-02
3.143232e-02
2.845632e-02
2.760575e-02
2.633543e-02
2.559240e-02
2.429030e-02
2.346779e-02
2.289904e-02
2.229600e-02
2.187677e-02
2.114855e-02
2.030053e-02
1.875186e-02
1.862733e-02
1.842103e-02
1.790957e-02
1.738896e-02
1.676191e-02
1.613356e-02
1.544054e-02
1.431792e-02
1.356362e-02
1.302367e-02
1.214357e-02
9.787234e-03
8.120018e-03
5.090729e-03
