3.139226e+10
1.248480e+10
7.085808e+09
4.040061e+09
3.668358e+09
3.607124e+09
3.152915e+09
2.904158e+09
2.882592e+09
2.555158e+09
2.401155e+09
2.205602e+09
2.077011e+09
1.950278e+09
1.857285e+09
1.789745e+09
1.667142e+09
1.600554e+09
1.503885e+09
1.414463e+09
1.356335e+09
1.318205e+09
1.279327e+09
1.268198e+09
1.181987e+09
1.153192e+09
1.079846e+09
1.069034e+09
1.031351e+09
1.022611e+09
9.935068e+08
9.713172e+08
8.721213e+08
8.565232e+08
8.326886e+08
7.995041e+08
7.922124e+08
7.843045e+08
7.679372e+08
7.491978e+08
7.208797e+08
7.186302e+08
6.668344e+08
6.525544e+08
6.284209e+08
6.159508e+08
6.022423e+08
5.861621e+08
5.762102e+08
5.545635e+08
5.424114e+08
5.368554e+08
5.359284e+08
5.090760e+08
5.051402e+08
4.903269e+08
4.761367e+08
4.602805e+08
4.478163e+08
4.272896e+08
4.208506e+08
4.115768e+08
4.040954e+08
3.894681e+08
3.807314e+08
3.731266e+08
3.689279e+08
3.501660e+08
3.438643e+08
3.406275e+08
3.230156e+08
3.118836e+08
3.033103e+08
2.986734e+08
2.970277e+08
2.882832e+08
2.806755e+08
2.758847e+08
2.690924e+08
2.658192e+08
2.575020e+08
2.480975e+08
2.464639e+08
2.406762e+08
2.332663e+08
2.261782e+08
2.246351e+08
2.219519e+08
2.101360e+08
2.070936e+08
2.036307e+08
1.938444e+08
1.908904e+08
1.850795e+08
1.759791e+08
1.730163e+08
1.682377e+08
1.611466e+08
1.582652e+08
1.485020e+08
1.440737e+08
1.393491e+08
1.324338e+08
1.282623e+08
1.260221e+08
1.213820e+08
1.113006e+08
1.107808e+08
1.037242e+08
1.016811e+08
9.481608e+07
9.097964e+07
7.969598e+07
7.382022e+07
6.701945e+07
5.985162e+07
5.449495e+07
5.056805e+07
4.655506e+07
4.211112e+07
2.596249e+07
1.971802e+07
1.119951e+07
1.019258e+07
7.649394e+06
5.951799e+06
5.421156e+06
4.252971e+05
