2.617348e+10
1.369893e+10
6.189662e+09
4.819146e+09
3.980448e+09
3.501921e+09
3.321533e+09
2.879153e+09
2.781449e+09
2.443966e+09
2.350051e+09
2.218744e+09
2.147745e+09
2.062804e+09
1.919134e+09
1.880726e+09
1.685794e+09
1.668457e+09
1.576684e+09
1.565108e+09
1.436459e+09
1.362545e+09
1.316056e+09
1.253306e+09
1.214871e+09
1.207675e+09
1.146712e+09
1.114221e+09
1.091034e+09
1.035526e+09
9.948092e+08
9.788769e+08
9.697494e+08
9.214259e+08
8.987894e+08
8.652540e+08
8.389254e+08
8.329053e+08
7.727283e+08
7.405404e+08
7.312316e+08
7.093657e+08
6.868569e+08
6.539963e+08
6.373142e+08
6.240892e+08
5.966586e+08
5.808626e+08
5.644276e+08
5.323832e+08
5.257715e+08
5.167648e+08
5.000697e+08
4.862977e+08
4.822830e+08
4.712386e+08
4.613097e+08
4.456375e+08
4.254221e+08
4.214949e+08
4.095594e+08
4.038105e+08
3.921267e+08
3.806969e+08
3.758677e+08
3.659913e+08
3.624703e+08
3.522437e+08
3.473850e+08
3.389315e+08
3.260460e+08
3.136627e+08
3.093233e+08
3.055769e+08
2.936475e+08
2.900083e+08
2.779676e+08
2.757819e+08
2.613842e+08
2.590732e+08
2.524622e+08
2.457747e+08
2.409150e+08
2.244910e+08
2.207319e+08
2.147405e+08
2.087716e+08
1.958047e+08
1.909621e+08
1.863844e+08
1.861470e+08
1.779585e+08
1.695409e+08
1.643250e+08
1.590498e+08
1.537385e+08
1.434060e+08
1.422664e+08
1.361905e+08
1.341685e+08
1.279243e+08
1.221356e+08
1.178911e+08
1.095833e+08
1.038106e+08
1.005697e+08
9.747760e+07
9.279622e+07
8.875551e+07
8.343335e+07
7.668068e+07
7.414690e+07
6.840252e+07
6.132585e+07
6.021397e+07
5.610057e+07
5.442800e+07
4.828844e+07
4.740211e+07
4.410953e+07
4.189186e+07
3.860802e+07
3.655052e+07
3.379998e+07
3.071997e+07
1.986329e+07
1.877009e+07
7.274801e+06
