6.939622e+05
3.165486e+05
2.028510e+05
1.828421e+05
1.444738e+05
1.348361e+05
1.047452e+05
9.688013e+04
7.837205e+04
7.385453e+04
6.344896e+04
5.917073e+04
5.233050e+04
4.832746e+04
4.664427e+04
3.663416e+04
3.246200e+04
2.845427e+04
2.088586e+04
1.422271e+04
1.206129e+04
1.039608e+04
9.720795e+03
8.682119e+03
7.701894e+03
7.001241e+03
6.449872e+03
4.743809e+03
4.247475e+03
3.672908e+03
3.358370e+03
2.910447e+03
2.347578e+03
1.445105e+03
1.337666e+03
1.247603e+03
9.925512e+02
8.615783e+02
7.548265e+02
5.079909e+02
4.597034e+02
4.089388e+02
3.656884e+02
3.447516e+02
2.564933e+02
2.441328e+02
1.911642e+02
1.374818e+02
1.227370e+02
9.288888e+01
8.364312e+01
7.393983e+01
6.889781e+01
5.540674e+01
4.244938e+01
3.805503e+01
2.995713e+01
2.220151e+01
1.977672e+01
1.769263e+01
1.539752e+01
1.109982e+01
8.879066e+00
7.476626e+00
6.568741e+00
5.972257e+00
5.672081e+00
3.621499e+00
3.325751e+00
3.028099e+00
2.352929e+00
2.178920e+00
1.878213e+00
1.610989e+00
1.132558e+00
9.285536e-01
7.593031e-01
5.142290e-01
4.841871e-01
3.576180e-01
2.647939e-01
2.446512e-01
2.272713e-01
2.096622e-01
1.252130e-01
1.030811e-01
6.912382e-02
5.992907e-02
5.686398e-02
4.930807e-02
4.841993e-02
4.787670e-02
4.669087e-02
4.603161e-02
4.304473e-02
3.898943e-02
3.837529e-02
3.623569e-02
3.550070e-02
3.465625e-02
3.302357e-02
3.153091e-02
3.029565e-02
2.866650e-02
2.794212e-02
2.687805e-02
2.540015e-02
2.479842e-02
2.427037e-02
2.368266e-02
2.248166e-02
1.999831e-02
1.953690e-02
1.898590e-02
1.881444e-02
1.835077e-02
1.769013e-02
1.708169e-02
1.612260e-02
1.582345e-02
1.451245e-02
1.360395e-02
1.320550e-02
1.158479e-02
7.439808e-03
6.882448e-03
4.542122e-12
1.828388e-12
