8.618927e+04
5.219630e+02
7.062756e+01
4.920609e+01
3.958660e+01
2.322624e+01
1.881067e+01
1.599734e+01
1.149446e+01
1.057558e+01
9.784307e+00
7.570251e+00
6.742260e+00
6.210822e+00
5.199738e+00
4.479864e+00
4.345697e+00
3.300189e+00
2.885634e+00
2.603466e+00
2.424228e+00
1.974079e+00
1.922933e+00
1.517910e+00
1.424101e+00
1.278264e+00
1.115185e+00
1.043748e+00
9.573267e-01
8.797159e-01
7.752538e-01
7.496579e-01
6.578923e-01
6.007978e-01
5.196878e-01
5.108157e-01
4.336106e-01
4.254102e-01
3.692256e-01
3.240957e-01
3.125870e-01
2.672230e-01
2.306822e-01
2.263443e-01
2.175309e-01
1.991533e-01
1.750655e-01
1.514120e-01
1.332500e-01
1.113832e-01
9.647825e-02
9.020327e-02
8.684367e-02
7.748401e-02
6.484574e-02
6.104418e-02
5.356919e-02
4.742328e-02
4.346396e-02
3.988944e-02
3.559226e-02
3.461676e-02
3.122259e-02
2.836424e-02
2.358128e-02
2.228048e-02
2.128774e-02
1.826197e-02
1.632875e-02
1.604380e-02
1.442644e-02
1.347911e-02
1.192282e-02
1.127707e-02
8.973754e-03
8.278782e-03
6.906411e-03
6.442513e-03
5.212581e-03
4.742465e-03
4.281665e-03
4.012582e-03
3.820896e-03
3.121520e-03
2.639855e-03
2.392134e-03
2.105016e-03
1.913530e-03
1.681813e-03
1.579006e-03
1.368460e-03
1.291989e-03
1.201611e-03
1.134159e-03
1.096297e-03
1.069818e-03
1.030844e-03
1.009770e-03
9.924193e-04
9.177427e-04
9.053760e-04
8.879608e-04
8.312516e-04
8.220272e-04
8.188027e-04
7.933222e-04
7.579746e-04
7.370429e-04
7.101992e-04
6.993407e-04
6.823449e-04
6.535354e-04
6.316816e-04
6.166830e-04
5.969895e-04
5.780601e-04
5.549460e-04
5.411335e-04
5.271888e-04
5.228578e-04
4.852320e-04
4.716419e-04
4.571903e-04
4.510946e-04
4.245015e-04
4.104373e-04
3.899235e-04
3.798557e-04
3.567974e-04
3.399909e-04
3.339402e-04
3.177493e-04
3.069362e-04
2.830734e-04
2.702111e-04
2.608575e-04
2.339237e-04
2.121106e-04
2.106129e-04
1.878389e-04
1.805111e-04
1.642405e-04
1.523587e-04
1.396554e-04
1.230122e-04
1.192540e-04
1.030220e-04
8.300276e-05
7.650470e-05
6.345975e-05
5.604938e-05
3.801426e-05
2.669057e-05
1.013861e-05
5.108813e-06
-1.046113e-05
-3.050606e-05
-3.928343e-05
-6.209634e-05
-6.841375e-05
-8.761436e-05
-9.630700e-05
-1.160932e-04
-1.442178e-04
-1.568613e-04
-1.748269e-04
-1.772744e-04
-1.921038e-04
-2.152492e-04
-2.325212e-04
-2.432276e-04
-2.675150e-04
-2.841340e-04
-3.009832e-04
-3.150310e-04
-3.361423e-04
-3.496974e-04
-3.786386e-04
-3.839337e-04
-4.065768e-04
-4.319762e-04
-4.476144e-04
-4.812947e-04
-4.991139e-04
-5.201180e-04
-5.448115e-04
-5.621918e-04
-5.785891e-04
-5.949294e-04
-6.111965e-04
-6.566057e-04
-7.158920e-04
