2.907173e+10
8.673264e+09
5.262861e+09
4.252244e+09
4.030353e+09
3.587004e+09
3.331170e+09
3.172766e+09
2.585751e+09
2.290474e+09
2.126515e+09
2.016636e+09
1.932748e+09
1.859645e+09
1.688241e+09
1.652534e+09
1.553193e+09
1.474934e+09
1.409486e+09
1.377005e+09
1.304661e+09
1.283132e+09
1.226078e+09
1.218413e+09
1.158313e+09
1.060377e+09
1.050260e+09
9.753515e+08
9.363610e+08
9.142940e+08
8.725337e+08
8.459810e+08
8.341757e+08
7.966334e+08
7.703138e+08
7.537039e+08
7.277626e+08
7.179546e+08
6.895270e+08
6.618676e+08
6.588762e+08
6.320369e+08
6.117071e+08
5.961301e+08
5.914547e+08
5.640662e+08
5.633510e+08
5.458952e+08
5.341822e+08
5.159677e+08
5.031923e+08
4.862329e+08
4.722300e+08
4.551797e+08
4.523500e+08
4.416867e+08
4.346397e+08
4.200610e+08
3.999993e+08
3.891182e+08
3.792408e+08
3.738204e+08
3.648191e+08
3.562065e+08
3.523704e+08
3.410842e+08
3.339410e+08
3.303114e+08
3.201205e+08
3.097173e+08
2.965457e+08
2.951362e+08
2.891631e+08
2.822485e+08
2.741536e+08
2.688999e+08
2.604845e+08
2.520950e+08
2.490419e+08
2.425303e+08
2.382929e+08
2.326522e+08
2.251981e+08
2.210684e+08
2.165536e+08
2.144060e+08
2.012817e+08
1.955966e+08
1.923116e+08
1.855636e+08
1.834987e+08
1.774846e+08
1.696164e+08
1.648165e+08
1.554323e+08
1.531772e+08
1.495761e+08
1.360876e+08
1.316858e+08
1.292036e+08
1.196390e+08
1.139344e+08
1.110983e+08
1.038818e+08
9.946638e+07
9.505678e+07
9.199614e+07
9.002322e+07
8.766254e+07
8.374796e+07
7.437060e+07
6.521973e+07
6.097830e+07
5.455493e+07
5.388623e+07
4.551384e+07
4.168293e+07
3.061460e+07
2.121348e+07
1.926213e+07
1.792357e+07
1.706868e+07
1.376309e+07
1.260860e+07
1.115046e+07
9.826151e+06
5.807292e+06
4.479806e+06
