2.096189e+12
1.810780e+12
1.733249e+12
1.440827e+12
1.281619e+12
1.254223e+12
1.180663e+12
1.061179e+12
1.030599e+12
1.023058e+12
9.156289e+11
8.523210e+11
8.054095e+11
7.680849e+11
7.426106e+11
6.704280e+11
6.410117e+11
6.112968e+11
5.845141e+11
5.639572e+11
5.515284e+11
5.174731e+11
4.933654e+11
4.765194e+11
4.670121e+11
4.637809e+11
4.326213e+11
4.287304e+11
4.228763e+11
4.115325e+11
3.795795e+11
3.756515e+11
3.620455e+11
3.537376e+11
3.374790e+11
3.251118e+11
3.159786e+11
3.057312e+11
2.988634e+11
2.885089e+11
2.840555e+11
2.822525e+11
2.738942e+11
2.661423e+11
2.524415e+11
2.462629e+11
2.306482e+11
2.248101e+11
2.180172e+11
2.093843e+11
2.074556e+11
2.058745e+11
1.996066e+11
1.955750e+11
1.841479e+11
1.794781e+11
1.744614e+11
1.699431e+11
1.641615e+11
1.628429e+11
1.595049e+11
1.565839e+11
1.546422e+11
1.498821e+11
1.465905e+11
1.429805e+11
1.370423e+11
1.325638e+11
1.304009e+11
1.292732e+11
1.253318e+11
1.235295e+11
1.205397e+11
1.168746e+11
1.154492e+11
1.125854e+11
1.088739e+11
1.083999e+11
1.072509e+11
1.056038e+11
1.027502e+11
1.000584e+11
9.972909e+10
9.538024e+10
9.453321e+10
9.359078e+10
9.151979e+10
8.942314e+10
8.793317e+10
8.676907e+10
8.567903e+10
8.314914e+10
8.180288e+10
8.011805e+10
7.863498e+10
7.658975e+10
7.579923e+10
7.537001e+10
7.422514e+10
7.195451e+10
6.882352e+10
6.770553e+10
6.574336e+10
6.538337e+10
6.424237e+10
6.322731e+10
6.267309e+10
6.080681e+10
5.907719e+10
5.821901e+10
5.762694e+10
5.610356e+10
5.505457e+10
5.286088e+10
5.131368e+10
4.972107e+10
4.940750e+10
4.759183e+10
4.610314e+10
4.541137e+10
4.492376e+10
4.208605e+10
4.039236e+10
3.780203e+10
3.544197e+10
2.167702e+10
2.084668e+10
3.073756e+09
