1.201271e+08
1.944606e+07
2.385571e+06
1.651583e+06
9.357859e+05
2.960651e+05
2.282489e+05
1.111684e+05
1.726146e+04
1.066246e+04
4.675752e+03
1.076719e+03
3.714108e+02
2.336261e+02
7.636892e+01
6.932533e+01
5.470803e+01
4.062601e+01
3.136973e+01
2.923452e+01
2.772827e+01
2.503927e+01
2.164793e+01
2.132395e+01
1.890764e+01
1.554978e+01
1.545905e+01
1.401017e+01
1.252929e+01
1.172550e+01
1.073654e+01
1.021853e+01
9.776711e+00
8.938004e+00
8.790792e+00
8.349249e+00
7.727683e+00
7.440995e+00
6.614967e+00
6.396049e+00
6.245713e+00
5.779322e+00
5.229615e+00
4.986600e+00
4.719900e+00
4.509190e+00
4.136414e+00
3.964437e+00
3.453393e+00
3.381769e+00
2.949843e+00
2.945479e+00
2.774136e+00
2.507617e+00
2.371582e+00
2.147981e+00
1.830447e+00
1.652743e+00
1.370472e+00
1.227596e+00
1.137336e+00
1.124623e+00
9.773993e-01
8.708344e-01
7.876449e-01
6.602798e-01
5.335406e-01
4.275400e-01
3.504171e-01
3.369411e-01
2.766130e-01
2.378565e-01
2.160842e-01
1.782569e-01
1.105268e-01
6.755178e-02
6.544076e-02
6.107833e-02
3.676095e-02
-3.291819e-04
-4.741362e-02
-7.678885e-02
-1.391852e-01
-1.951917e-01
-2.425433e-01
-2.998326e-01
-3.554650e-01
-5.365728e-01
-5.900816e-01
-7.193403e-01
-7.910532e-01
-8.514556e-01
-9.619851e-01
-1.171137e+00
-1.335846e+00
-1.500313e+00
-1.652742e+00
-1.742856e+00
-1.790155e+00
-1.973756e+00
-2.249308e+00
-2.469989e+00
-2.672506e+00
-2.871668e+00
-3.311250e+00
-4.088705e+00
-4.316092e+00
-4.645295e+00
-5.468694e+00
-5.676190e+00
-6.258335e+00
-6.733433e+00
-7.319299e+00
-8.148670e+00
-8.982235e+00
-1.072297e+01
-1.152276e+01
-1.202652e+01
-1.303374e+01
-1.545946e+01
-1.785891e+01
-1.928097e+01
-2.161116e+01
-2.662674e+01
-3.128878e+01
-4.043079e+01
-5.176723e+01
-5.658529e+01
