2.089177e+05
3.979309e+04
1.230785e+04
2.235688e+03
3.835797e+02
5.969897e+01
2.112577e+01
9.500003e+00
1.450815e+00
3.796583e-01
1.054015e-01
6.697804e-02
5.079531e-02
4.026452e-02
3.549498e-02
3.127009e-02
2.862773e-02
2.706579e-02
2.470537e-02
2.346583e-02
2.093104e-02
2.018506e-02
1.966893e-02
1.945887e-02
1.720728e-02
1.669986e-02
1.476086e-02
1.412097e-02
1.384790e-02
1.315962e-02
1.245934e-02
1.176480e-02
1.135076e-02
1.110246e-02
1.048578e-02
1.003266e-02
9.878388e-03
9.669236e-03
9.265635e-03
8.946884e-03
8.647261e-03
8.390279e-03
8.188116e-03
7.725809e-03
7.282436e-03
7.063138e-03
6.747740e-03
6.654973e-03
6.184501e-03
6.041754e-03
5.672460e-03
5.592798e-03
5.459606e-03
5.202337e-03
5.056964e-03
4.780767e-03
4.621603e-03
4.393607e-03
4.249763e-03
4.118550e-03
3.720860e-03
3.552677e-03
3.473750e-03
3.333500e-03
3.321141e-03
3.224366e-03
3.112090e-03
2.908983e-03
2.745962e-03
2.701794e-03
2.475311e-03
2.419723e-03
2.323724e-03
2.128233e-03
2.013602e-03
1.950291e-03
1.797579e-03
1.737121e-03
1.664247e-03
1.598544e-03
1.493490e-03
1.445789e-03
1.351196e-03
1.302614e-03
1.188312e-03
1.080326e-03
9.532381e-04
8.323913e-04
7.438532e-04
6.823431e-04
4.771239e-04
2.443238e-04
1.868325e-04
-2.070438e-04
-3.875396e-04
-5.641417e-04
-6.838103e-04
-1.023737e-03
-1.507998e-03
-1.793495e-03
-2.175847e-03
-2.669096e-03
-2.762848e-03
-3.289426e-03
-3.864801e-03
-4.392079e-03
-4.684951e-03
-4.923313e-03
-5.906031e-03
-6.709943e-03
-7.614295e-03
-8.808456e-03
-9.166387e-03
-1.028821e-02
-1.113976e-02
-1.276230e-02
-1.392982e-02
-1.938098e-02
-2.046363e-02
-2.214601e-02
-2.662683e-02
-2.932317e-02
-3.199251e-02
-3.701028e-02
-4.169606e-02
-4.581621e-02
-6.208906e-02
-8.966516e-02
