5.847219e+04
1.214964e+04
5.643155e+03
1.684703e+03
1.271309e+03
7.789551e+02
5.866608e+02
3.250416e+02
2.857938e+02
2.651050e+02
2.576022e+02
2.188908e+02
1.737646e+02
1.366080e+02
1.155806e+02
1.017829e+02
9.143792e+01
8.176911e+01
6.527211e+01
6.136129e+01
4.483401e+01
4.383736e+01
3.598522e+01
3.168850e+01
2.780292e+01
2.353405e+01
2.021729e+01
1.500066e+01
1.119983e+01
1.055385e+01
9.146536e+00
8.826286e+00
8.404250e+00
7.130453e+00
6.323384e+00
5.564985e+00
5.300884e+00
4.533793e+00
3.713387e+00
3.478440e+00
2.696824e+00
2.644660e+00
2.272172e+00
2.051229e+00
1.616021e+00
1.335099e+00
1.200886e+00
9.274148e-01
8.418729e-01
7.625304e-01
5.722204e-01
5.022135e-01
4.576176e-01
3.678742e-01
2.843926e-01
2.615242e-01
2.366942e-01
1.634840e-01
1.502682e-01
1.346240e-01
1.079394e-01
6.303589e-02
5.098924e-02
5.039371e-02
3.801296e-02
3.421795e-02
2.187472e-02
1.807915e-02
1.719179e-02
1.508202e-02
1.365355e-02
1.157546e-02
1.002347e-02
6.451061e-03
5.382567e-03
4.897788e-03
4.605134e-03
3.008681e-03
2.799817e-03
2.453542e-03
1.839435e-03
1.563931e-03
1.541494e-03
1.494208e-03
1.274324e-03
1.216376e-03
1.098635e-03
1.003679e-03
9.400305e-04
8.960890e-04
7.762184e-04
7.585988e-04
6.961663e-04
6.869593e-04
6.535315e-04
6.334740e-04
6.152354e-04
5.912897e-04
5.776934e-04
5.560979e-04
5.485863e-04
5.475987e-04
5.149961e-04
4.968781e-04
4.831971e-04
4.808417e-04
4.771539e-04
4.729358e-04
4.644564e-04
4.553102e-04
4.514907e-04
4.433286e-04
4.373165e-04
4.327361e-04
4.234825e-04
4.178189e-04
4.056245e-04
3.993889e-04
3.913711e-04
3.879189e-04
3.838978e-04
3.754096e-04
3.706058e-04
3.695662e-04
3.664342e-04
3.620029e-04
3.565951e-04
3.545900e-04
3.526888e-04
3.487885e-04
3.435993e-04
3.398065e-04
3.351626e-04
3.330584e-04
3.292888e-04
3.257302e-04
3.231105e-04
3.177551e-04
3.123741e-04
3.092862e-04
3.050153e-04
3.007379e-04
2.993926e-04
2.978439e-04
2.962812e-04
2.893324e-04
2.861011e-04
2.798694e-04
2.767016e-04
2.756715e-04
2.706108e-04
2.677283e-04
2.666274e-04
2.629971e-04
2.601538e-04
2.579295e-04
2.557850e-04
2.497158e-04
2.454009e-04
2.426240e-04
2.409895e-04
2.382744e-04
2.363103e-04
2.336941e-04
2.303748e-04
2.279917e-04
2.250272e-04
2.214602e-04
2.205160e-04
2.175090e-04
2.156533e-04
2.131409e-04
2.094721e-04
2.066093e-04
1.975104e-04
1.967141e-04
1.939776e-04
1.931788e-04
1.875961e-04
1.870869e-04
1.847090e-04
1.835784e-04
1.805483e-04
1.774374e-04
1.747886e-04
1.722433e-04
1.677361e-04
1.660315e-04
1.638046e-04
1.604177e-04
1.575122e-04
1.540539e-04
1.529972e-04
1.510294e-04
1.470522e-04
1.455946e-04
1.435059e-04
1.422013e-04
1.396262e-04
1.331919e-04
1.317824e-04
1.299019e-04
1.290213e-04
1.271604e-04
1.244681e-04
1.212758e-04
1.202337e-04
1.181094e-04
1.141048e-04
1.090011e-04
1.071910e-04
1.049970e-04
1.016026e-04
9.830896e-05
9.765159e-05
9.629859e-05
9.434979e-05
9.147457e-05
8.801230e-05
8.607223e-05
8.533839e-05
8.204456e-05
8.131919e-05
7.867486e-05
7.488553e-05
7.411883e-05
7.196982e-05
6.780416e-05
6.697025e-05
6.466334e-05
6.365259e-05
6.115672e-05
5.736163e-05
5.528123e-05
4.900479e-05
4.763521e-05
4.523644e-05
4.342893e-05
4.087472e-05
3.589557e-05
3.329925e-05
3.231428e-05
2.997232e-05
2.840847e-05
2.676098e-05
2.405747e-05
2.197534e-05
2.113293e-05
1.807502e-05
1.648030e-05
1.319121e-05
9.277485e-06
6.419672e-06
4.845449e-06
3.074436e-06
9.139603e-07
4.079806e-14
-2.611130e-14
-5.902300e-14
-4.537525e-13
-3.709990e-07
-2.895318e-06
-5.534747e-06
-6.396746e-06
-8.277745e-06
-1.007820e-05
-1.347792e-05
-1.468618e-05
-1.786351e-05
-2.248898e-05
-2.604922e-05
-2.891032e-05
-2.952279e-05
-3.164427e-05
-3.407781e-05
-3.636889e-05
-3.728207e-05
-3.752728e-05
-4.019730e-05
-4.452759e-05
-4.525856e-05
-4.810081e-05
-5.173620e-05
-5.292926e-05
-5.608733e-05
-5.888787e-05
-5.939792e-05
-6.048784e-05
-6.560911e-05
-6.726836e-05
-6.875951e-05
-6.939606e-05
-7.110013e-05
-7.665686e-05
-7.756694e-05
-8.400517e-05
-8.472415e-05
-8.679418e-05
-9.062846e-05
-9.254589e-05
-9.661974e-05
-1.004204e-04
-1.023777e-04
-1.035071e-04
-1.056781e-04
-1.057276e-04
-1.070909e-04
-1.131379e-04
-1.147407e-04
-1.156586e-04
-1.176771e-04
-1.220490e-04
-1.245416e-04
-1.274133e-04
-1.320399e-04
-1.331059e-04
-1.367870e-04
-1.395176e-04
-1.434184e-04
-1.459346e-04
-1.476505e-04
-1.501285e-04
-1.549194e-04
-1.575328e-04
-1.600739e-04
-1.646560e-04
-1.661490e-04
-1.689084e-04
-1.726540e-04
-1.740345e-04
-1.755600e-04
-1.802062e-04
-1.851544e-04
-1.877637e-04
-1.928383e-04
-1.956143e-04
-1.978674e-04
-1.983221e-04
-2.004077e-04
-2.035860e-04
-2.089335e-04
-2.141313e-04
-2.162295e-04
-2.166649e-04
-2.229372e-04
-2.297525e-04
-2.325493e-04
-2.339912e-04
-2.366536e-04
-2.383642e-04
-2.469198e-04
-2.526756e-04
-2.551917e-04
-2.577078e-04
-2.633046e-04
-2.663021e-04
-2.708114e-04
-2.764217e-04
-2.809235e-04
-2.846627e-04
-2.914725e-04
-2.953396e-04
-2.971788e-04
-3.043825e-04
-3.111171e-04
-3.148011e-04
-3.200010e-04
-3.238086e-04
-3.308454e-04
-3.361735e-04
-3.391629e-04
-3.455184e-04
-3.485320e-04
-3.566511e-04
-3.735317e-04
-3.857065e-04
-3.930746e-04
-3.976766e-04
-4.240526e-04
-5.242704e-04
-5.643609e-04
-6.236975e-04
-8.162259e-04
-1.417243e-03
