1.760976e+05
2.344780e+04
5.325345e+03
2.012966e+03
2.193835e+02
2.457948e+01
1.106407e+01
5.506390e+00
1.741789e+00
1.787017e-01
6.322614e-02
5.162701e-02
4.222557e-02
3.691155e-02
3.031364e-02
2.811711e-02
2.603816e-02
2.476536e-02
2.297856e-02
2.193374e-02
2.086014e-02
1.820070e-02
1.751736e-02
1.627869e-02
1.504569e-02
1.420352e-02
1.374938e-02
1.255191e-02
1.212148e-02
1.105615e-02
1.037919e-02
1.030579e-02
1.000666e-02
9.616866e-03
9.069054e-03
8.934263e-03
8.253047e-03
8.110244e-03
7.855173e-03
7.326444e-03
6.974517e-03
6.817173e-03
6.501826e-03
6.086525e-03
5.744273e-03
5.662358e-03
5.447559e-03
5.249109e-03
4.921663e-03
4.763932e-03
4.487583e-03
4.188990e-03
4.122372e-03
3.886155e-03
3.651351e-03
3.429243e-03
3.206545e-03
3.081476e-03
3.051242e-03
2.827908e-03
2.713317e-03
2.558946e-03
2.422308e-03
2.235805e-03
2.204979e-03
2.065801e-03
1.729588e-03
1.708653e-03
1.622128e-03
1.421583e-03
1.380890e-03
1.209240e-03
1.074086e-03
1.049945e-03
9.565087e-04
8.253141e-04
7.997430e-04
7.142182e-04
6.671028e-04
6.272421e-04
5.983907e-04
4.732706e-04
4.048819e-04
3.481634e-04
2.619307e-04
1.757442e-04
4.446296e-05
-4.300399e-05
-1.077989e-04
-3.935271e-04
-6.366554e-04
-9.907462e-04
-1.106110e-03
-1.317940e-03
-1.540277e-03
-1.983992e-03
-2.280123e-03
-2.548508e-03
-3.159640e-03
-3.488923e-03
-3.812628e-03
-4.171958e-03
-4.648203e-03
-4.859661e-03
-5.637475e-03
-6.922543e-03
-7.408762e-03
-8.035460e-03
-8.633329e-03
-9.517688e-03
-1.022312e-02
-1.048021e-02
-1.120372e-02
-1.305801e-02
-1.340240e-02
-1.544594e-02
-1.662941e-02
-1.890118e-02
-2.050351e-02
-2.194110e-02
-2.526488e-02
-2.725492e-02
-2.872577e-02
-3.254799e-02
-4.461619e-02
-5.111250e-02
-5.657262e-02
-1.078877e-01
