2.080529e+05
2.285388e+04
5.736651e+03
1.838361e+03
2.302702e+02
2.720905e+01
1.211076e+01
4.822083e+00
1.388566e+00
1.940236e-01
6.106472e-02
5.063910e-02
3.735036e-02
3.466354e-02
3.272448e-02
2.930836e-02
2.758448e-02
2.380620e-02
2.151151e-02
2.078305e-02
1.948299e-02
1.867711e-02
1.804764e-02
1.694866e-02
1.514812e-02
1.446645e-02
1.402690e-02
1.308135e-02
1.272396e-02
1.206968e-02
1.127391e-02
1.090679e-02
1.034578e-02
1.002669e-02
9.463852e-03
9.036495e-03
8.796533e-03
8.258168e-03
7.900528e-03
7.663282e-03
7.540554e-03
7.023437e-03
6.855897e-03
6.429437e-03
6.265302e-03
5.862625e-03
5.800987e-03
5.475622e-03
5.365034e-03
5.148824e-03
4.876420e-03
4.668803e-03
4.394774e-03
4.052632e-03
3.943825e-03
3.790435e-03
3.545615e-03
3.460174e-03
3.278840e-03
3.151746e-03
2.865059e-03
2.764636e-03
2.630949e-03
2.292002e-03
2.166948e-03
1.997920e-03
1.875055e-03
1.807006e-03
1.771483e-03
1.592079e-03
1.498811e-03
1.424774e-03
1.241668e-03
1.111288e-03
9.303763e-04
8.829582e-04
8.396106e-04
7.618089e-04
7.197026e-04
6.923564e-04
6.059768e-04
5.121125e-04
5.018489e-04
3.876678e-04
3.073797e-04
2.314777e-04
1.183388e-04
-5.822104e-05
-1.182866e-04
-4.560358e-04
-5.875159e-04
-7.480863e-04
-9.054452e-04
-1.226735e-03
-1.341815e-03
-1.467172e-03
-1.753161e-03
-2.106759e-03
-2.482366e-03
-2.682099e-03
-3.255483e-03
-3.520164e-03
-4.453703e-03
-4.557079e-03
-4.775140e-03
-5.649623e-03
-6.427187e-03
-7.159050e-03
-8.505139e-03
-8.948239e-03
-9.399736e-03
-1.023839e-02
-1.184678e-02
-1.237600e-02
-1.316029e-02
-1.619803e-02
-1.723140e-02
-1.841412e-02
-2.015647e-02
-2.157640e-02
-2.459891e-02
-2.735520e-02
-3.310686e-02
-3.733104e-02
-4.092380e-02
-4.628384e-02
-7.174721e-02
-9.358734e-02
