5.891131e+04
1.300265e+04
6.134623e+03
1.749242e+03
1.325160e+03
8.043808e+02
6.072354e+02
3.521030e+02
3.230262e+02
2.525026e+02
1.939801e+02
1.801210e+02
1.536587e+02
1.447698e+02
1.357169e+02
1.116566e+02
8.273373e+01
7.496002e+01
6.465212e+01
5.836805e+01
4.869965e+01
4.572438e+01
4.337234e+01
3.157691e+01
2.772665e+01
2.140252e+01
1.847698e+01
1.545827e+01
1.249160e+01
1.188530e+01
1.102293e+01
1.028666e+01
9.836991e+00
9.077769e+00
7.085621e+00
6.652827e+00
5.060312e+00
4.526303e+00
4.052920e+00
3.660313e+00
3.463218e+00
2.952652e+00
2.867366e+00
2.496997e+00
2.083085e+00
1.359390e+00
1.114766e+00
1.039147e+00
9.061767e-01
7.038948e-01
6.451466e-01
5.983405e-01
4.465051e-01
3.304360e-01
2.757132e-01
2.274112e-01
1.604417e-01
1.439348e-01
1.223902e-01
9.757042e-02
8.753467e-02
7.530447e-02
6.078264e-02
4.211284e-02
3.262032e-02
3.085641e-02
2.652301e-02
2.407125e-02
1.559115e-02
1.474319e-02
1.260014e-02
8.884553e-03
6.960650e-03
5.371247e-03
4.290383e-03
3.816051e-03
2.985047e-03
2.887886e-03
2.701382e-03
2.189509e-03
1.896182e-03
1.538662e-03
1.311328e-03
1.266030e-03
1.094698e-03
9.559602e-04
9.226719e-04
8.542889e-04
7.649400e-04
7.329940e-04
7.172329e-04
6.551497e-04
6.445170e-04
6.279570e-04
5.939915e-04
5.766704e-04
5.684452e-04
5.551888e-04
5.433963e-04
5.328506e-04
5.231163e-04
5.112698e-04
5.023645e-04
5.012071e-04
4.958099e-04
4.822031e-04
4.764557e-04
4.691968e-04
4.614476e-04
4.575597e-04
4.464127e-04
4.415898e-04
4.339650e-04
4.306508e-04
4.244860e-04
4.176273e-04
4.108252e-04
4.058019e-04
4.043374e-04
3.976726e-04
3.930548e-04
3.886292e-04
3.852168e-04
3.772985e-04
3.736646e-04
3.691230e-04
3.670776e-04
3.627441e-04
3.572111e-04
3.502878e-04
3.453513e-04
3.421020e-04
3.373094e-04
3.352133e-04
3.318126e-04
3.287392e-04
3.243360e-04
3.218927e-04
3.202400e-04
3.166476e-04
3.138489e-04
3.117479e-04
3.086200e-04
3.061107e-04
2.987548e-04
2.975423e-04
2.929200e-04
2.917002e-04
2.870875e-04
2.858486e-04
2.784516e-04
2.740875e-04
2.723667e-04
2.693716e-04
2.647067e-04
2.612408e-04
2.568401e-04
2.545764e-04
2.528331e-04
2.509119e-04
2.475208e-04
2.432495e-04
2.419711e-04
2.358376e-04
2.345094e-04
2.320298e-04
2.302147e-04
2.288548e-04
2.254591e-04
2.217253e-04
2.164840e-04
2.139803e-04
2.133615e-04
2.121382e-04
2.079300e-04
2.043851e-04
2.013682e-04
1.954017e-04
1.939917e-04
1.917645e-04
1.882047e-04
1.869692e-04
1.851939e-04
1.836282e-04
1.804350e-04
1.774718e-04
1.742819e-04
1.707325e-04
1.655538e-04
1.648418e-04
1.630218e-04
1.625540e-04
1.576559e-04
1.550526e-04
1.526069e-04
1.495948e-04
1.468242e-04
1.441902e-04
1.435535e-04
1.429621e-04
1.381768e-04
1.359920e-04
1.307955e-04
1.301028e-04
1.267177e-04
1.219389e-04
1.212043e-04
1.177765e-04
1.172991e-04
1.135565e-04
1.123850e-04
1.086466e-04
1.043728e-04
1.022496e-04
9.794062e-05
9.621330e-05
9.449947e-05
9.236656e-05
9.089786e-05
8.936167e-05
8.892699e-05
8.720338e-05
8.327662e-05
8.155983e-05
7.911058e-05
7.615967e-05
7.338467e-05
7.120502e-05
6.799080e-05
6.665464e-05
6.309631e-05
5.909811e-05
5.824431e-05
5.479932e-05
5.339532e-05
5.027000e-05
4.690668e-05
4.523752e-05
4.475349e-05
4.061231e-05
3.794244e-05
3.563366e-05
3.255752e-05
3.187731e-05
3.002470e-05
2.861497e-05
2.630330e-05
2.481283e-05
2.291901e-05
2.154843e-05
1.932515e-05
1.835397e-05
1.399005e-05
1.115381e-05
6.393197e-06
6.140100e-06
3.172688e-06
1.235701e-13
-1.777038e-14
-9.147783e-14
-1.942104e-06
-3.248650e-06
-4.334264e-06
-6.052554e-06
-9.016917e-06
-1.221003e-05
-1.325665e-05
-1.472140e-05
-1.687171e-05
-2.230357e-05
-2.349833e-05
-2.613527e-05
-2.838759e-05
-2.935498e-05
-3.230164e-05
-3.453653e-05
-3.622758e-05
-4.004746e-05
-4.263684e-05
-4.722757e-05
-4.858360e-05
-5.043295e-05
-5.074391e-05
-5.505178e-05
-5.680533e-05
-5.856100e-05
-6.148863e-05
-6.369189e-05
-6.745114e-05
-6.882013e-05
-6.929919e-05
-7.295269e-05
-7.538081e-05
-7.642723e-05
-8.080884e-05
-8.209718e-05
-8.378226e-05
-8.877633e-05
-9.275463e-05
-9.475247e-05
-9.754208e-05
-9.980943e-05
-1.023162e-04
-1.042770e-04
-1.088948e-04
-1.093771e-04
-1.111858e-04
-1.155786e-04
-1.190465e-04
-1.201436e-04
-1.230251e-04
-1.253122e-04
-1.276674e-04
-1.309645e-04
-1.325969e-04
-1.361437e-04
-1.376992e-04
-1.411720e-04
-1.426841e-04
-1.462291e-04
-1.485632e-04
-1.525481e-04
-1.564729e-04
-1.587780e-04
-1.626166e-04
-1.644429e-04
-1.672507e-04
-1.718631e-04
-1.740094e-04
-1.780329e-04
-1.800671e-04
-1.836248e-04
-1.859346e-04
-1.887212e-04
-1.939240e-04
-1.955095e-04
-1.991442e-04
-2.023445e-04
-2.050681e-04
-2.071376e-04
-2.107067e-04
-2.149802e-04
-2.168273e-04
-2.215703e-04
-2.230258e-04
-2.265554e-04
-2.303688e-04
-2.376025e-04
-2.439810e-04
-2.451302e-04
-2.466447e-04
-2.505192e-04
-2.536178e-04
-2.568825e-04
-2.617716e-04
-2.630147e-04
-2.697986e-04
-2.720404e-04
-2.756168e-04
-2.795451e-04
-2.876092e-04
-2.936368e-04
-2.956462e-04
-3.001508e-04
-3.128019e-04
-3.173669e-04
-3.200181e-04
-3.279246e-04
-3.323366e-04
-3.368145e-04
-3.421205e-04
-3.473803e-04
-3.623561e-04
-3.707560e-04
-3.758629e-04
-3.826221e-04
-4.018306e-04
-4.126304e-04
-4.879232e-04
-5.435029e-04
-5.805462e-04
-6.864211e-04
-8.845929e-04
-1.144043e-03
