2.163270e+05
2.333333e+04
4.472955e+03
1.521376e+03
1.906380e+02
2.149338e+01
8.998014e+00
4.812296e+00
1.230152e+00
1.685940e-01
5.965903e-02
5.024024e-02
3.933170e-02
3.714744e-02
3.114324e-02
2.856542e-02
2.661147e-02
2.321586e-02
2.056685e-02
1.988555e-02
1.934353e-02
1.850075e-02
1.723174e-02
1.664803e-02
1.502882e-02
1.392401e-02
1.340497e-02
1.320487e-02
1.276993e-02
1.209626e-02
1.183839e-02
1.055617e-02
1.029042e-02
1.004943e-02
9.833916e-03
9.193930e-03
8.972672e-03
8.427905e-03
8.199601e-03
7.703100e-03
7.369699e-03
6.867679e-03
6.740213e-03
6.602555e-03
6.361545e-03
6.066534e-03
5.793159e-03
5.568009e-03
5.267683e-03
5.089895e-03
4.977765e-03
4.717158e-03
4.646617e-03
4.404190e-03
4.249685e-03
4.054151e-03
3.752416e-03
3.739995e-03
3.486582e-03
3.365874e-03
3.247972e-03
2.946371e-03
2.763940e-03
2.727332e-03
2.663165e-03
2.540707e-03
2.484188e-03
2.274372e-03
2.063415e-03
1.973309e-03
1.927492e-03
1.746519e-03
1.677570e-03
1.488493e-03
1.415785e-03
1.328196e-03
1.105723e-03
1.090807e-03
9.839039e-04
8.697535e-04
7.748843e-04
7.085379e-04
6.683341e-04
5.336910e-04
4.940589e-04
3.460974e-04
2.262825e-04
3.068871e-05
-6.405352e-05
-2.902594e-04
-4.991391e-04
-7.083940e-04
-8.181103e-04
-1.098868e-03
-1.391433e-03
-1.612990e-03
-1.907883e-03
-2.358056e-03
-2.745553e-03
-3.516143e-03
-3.971377e-03
-4.153938e-03
-4.362101e-03
-4.973291e-03
-5.596135e-03
-6.009242e-03
-6.346542e-03
-7.138038e-03
-8.060136e-03
-8.500817e-03
-9.991372e-03
-1.101847e-02
-1.295149e-02
-1.354593e-02
-1.401019e-02
-1.705368e-02
-1.893676e-02
-2.019042e-02
-2.245417e-02
-2.510129e-02
-2.605153e-02
-2.712742e-02
-3.196997e-02
-4.094504e-02
-4.975300e-02
-5.486698e-02
-5.683152e-02
-1.029163e-01
