1.908044e+05
2.132403e+04
5.297477e+03
2.002502e+03
2.245215e+02
2.287808e+01
1.010634e+01
5.606002e+00
1.327580e+00
1.987347e-01
5.809607e-02
3.280467e-02
3.039450e-02
2.781223e-02
2.598880e-02
2.420854e-02
2.227961e-02
2.186444e-02
2.108693e-02
1.974300e-02
1.768367e-02
1.688281e-02
1.575650e-02
1.379610e-02
1.261771e-02
1.217929e-02
1.195820e-02
1.140952e-02
1.070697e-02
1.036715e-02
9.951466e-03
9.551461e-03
9.260195e-03
9.135829e-03
8.634377e-03
8.286655e-03
8.066958e-03
7.716584e-03
7.345089e-03
6.818267e-03
6.644938e-03
6.481511e-03
6.124050e-03
5.962625e-03
5.853467e-03
5.442519e-03
5.359718e-03
5.152785e-03
4.926024e-03
4.564313e-03
4.437835e-03
4.159336e-03
4.019476e-03
3.886585e-03
3.640693e-03
3.353640e-03
3.285299e-03
3.164917e-03
3.102636e-03
3.007459e-03
2.750364e-03
2.575825e-03
2.512770e-03
2.203441e-03
2.183701e-03
2.166235e-03
2.003847e-03
1.965293e-03
1.939725e-03
1.606209e-03
1.547214e-03
1.479589e-03
1.302245e-03
1.300017e-03
1.115970e-03
1.034056e-03
9.437995e-04
9.026955e-04
8.447227e-04
8.143910e-04
7.594132e-04
6.694836e-04
6.174658e-04
5.657449e-04
4.033226e-04
3.310862e-04
2.677167e-04
1.838955e-04
-1.771995e-05
-1.552459e-04
-2.780110e-04
-4.443421e-04
-6.539751e-04
-6.855066e-04
-9.140576e-04
-1.177266e-03
-1.339715e-03
-1.620648e-03
-1.641658e-03
-1.966285e-03
-2.507109e-03
-2.635410e-03
-3.148068e-03
-3.339139e-03
-3.608344e-03
-4.386541e-03
-4.759178e-03
-5.707206e-03
-6.538431e-03
-6.804674e-03
-8.180284e-03
-8.445952e-03
-1.032556e-02
-1.117837e-02
-1.186777e-02
-1.288575e-02
-1.556460e-02
-1.722315e-02
-1.938706e-02
-2.014927e-02
-2.615402e-02
-2.766921e-02
-2.948853e-02
-3.281073e-02
-4.742229e-02
-4.997921e-02
-5.964350e-02
-7.733805e-02
