3.716482e+05
2.498609e+05
1.656086e+05
1.323948e+05
1.182038e+05
1.113043e+05
9.648793e+04
8.923985e+04
7.145162e+04
6.720760e+04
6.545952e+04
5.613609e+04
5.422540e+04
4.849971e+04
4.429892e+04
3.820655e+04
3.615329e+04
3.232444e+04
2.239258e+04
1.486848e+04
1.355699e+04
1.122125e+04
1.033652e+04
9.977741e+03
8.367729e+03
7.482679e+03
6.187698e+03
5.515815e+03
5.260619e+03
4.133524e+03
3.431157e+03
3.196187e+03
3.103680e+03
2.439586e+03
1.829229e+03
1.771096e+03
1.455651e+03
1.359001e+03
1.074890e+03
9.636611e+02
8.224761e+02
7.352095e+02
6.003790e+02
5.104174e+02
4.905155e+02
4.369075e+02
3.967826e+02
3.017785e+02
2.780707e+02
2.157721e+02
2.098150e+02
1.922627e+02
1.456505e+02
1.377856e+02
1.018615e+02
8.461556e+01
6.997844e+01
6.313608e+01
5.053040e+01
4.902616e+01
4.153574e+01
3.609193e+01
2.902519e+01
2.485794e+01
2.031004e+01
1.685603e+01
1.476107e+01
1.170860e+01
9.236986e+00
7.622481e+00
6.828436e+00
6.499369e+00
4.805269e+00
4.541405e+00
2.522173e+00
2.495306e+00
2.186145e+00
1.553693e+00
1.299830e+00
9.278708e-01
6.915075e-01
5.929768e-01
4.685327e-01
3.237431e-01
3.137385e-01
2.368814e-01
1.723903e-01
1.606926e-01
1.247386e-01
1.088521e-01
7.221556e-02
6.390600e-02
5.428481e-02
4.869919e-02
4.585923e-02
4.227721e-02
3.928367e-02
3.626675e-02
2.885813e-02
2.872236e-02
2.662875e-02
2.531603e-02
2.267483e-02
2.251623e-02
2.120634e-02
2.068925e-02
2.005031e-02
1.985170e-02
1.900888e-02
1.832848e-02
1.781619e-02
1.742188e-02
1.550676e-02
1.542624e-02
1.495146e-02
1.405942e-02
1.364265e-02
1.347595e-02
1.323139e-02
1.290558e-02
1.221813e-02
1.204515e-02
1.155219e-02
9.490879e-03
8.525699e-03
8.004958e-03
1.338368e-12
-4.981983e-13
