8.668139e+04
3.565526e+03
2.234172e+03
1.871332e+03
1.041795e+03
7.721301e+02
5.392991e+02
4.104766e+02
3.223594e+02
2.703877e+02
2.489868e+02
2.182373e+02
2.085405e+02
1.779697e+02
1.610918e+02
1.498195e+02
1.422459e+02
1.306777e+02
1.264705e+02
1.221306e+02
1.134656e+02
1.017124e+02
9.197993e+01
9.096387e+01
8.466670e+01
8.119517e+01
7.639071e+01
7.134628e+01
6.623782e+01
6.023009e+01
5.928576e+01
5.394186e+01
5.183844e+01
5.017143e+01
4.851876e+01
4.485012e+01
4.066566e+01
4.026671e+01
3.787740e+01
3.418324e+01
3.185443e+01
2.983950e+01
2.919235e+01
2.679946e+01
2.441895e+01
2.357486e+01
2.140508e+01
2.032838e+01
1.889515e+01
1.688716e+01
1.593965e+01
1.536128e+01
1.467335e+01
1.378173e+01
1.292392e+01
1.212174e+01
1.061510e+01
9.897563e+00
9.709336e+00
9.208483e+00
8.603003e+00
8.250432e+00
7.413329e+00
6.883859e+00
6.188334e+00
5.872119e+00
5.648468e+00
5.262037e+00
4.937648e+00
4.652042e+00
3.769801e+00
3.554839e+00
3.354289e+00
3.082160e+00
2.985517e+00
2.943198e+00
2.454819e+00
2.262392e+00
2.177952e+00
2.062055e+00
1.989425e+00
1.871634e+00
1.807896e+00
1.770007e+00
1.684229e+00
1.665403e+00
1.382370e+00
1.289434e+00
1.190628e+00
1.125505e+00
1.058877e+00
1.018606e+00
1.009533e+00
9.074975e-01
8.618836e-01
8.312241e-01
7.826483e-01
7.191458e-01
6.853088e-01
6.485328e-01
6.426421e-01
5.779666e-01
5.750369e-01
5.230834e-01
5.113746e-01
4.823356e-01
4.606423e-01
4.461087e-01
3.983249e-01
3.679246e-01
3.582210e-01
3.392755e-01
3.197771e-01
2.893594e-01
2.805510e-01
2.681074e-01
2.602901e-01
2.532612e-01
2.304763e-01
2.271147e-01
1.970119e-01
1.865336e-01
1.812851e-01
1.760033e-01
1.734037e-01
1.684767e-01
1.562337e-01
1.362692e-01
1.313081e-01
1.219170e-01
1.171094e-01
1.061521e-01
9.895991e-02
9.317525e-02
8.777907e-02
8.662408e-02
7.423771e-02
7.306498e-02
6.874400e-02
6.735500e-02
6.010201e-02
5.878318e-02
5.444929e-02
5.009538e-02
5.002326e-02
4.725262e-02
4.557732e-02
4.232246e-02
4.110992e-02
3.686428e-02
3.431658e-02
3.329559e-02
3.005735e-02
2.897898e-02
2.664125e-02
2.512551e-02
2.271849e-02
2.218716e-02
2.171490e-02
2.105225e-02
2.028203e-02
1.938944e-02
1.863758e-02
1.760081e-02
1.566281e-02
1.387480e-02
1.292301e-02
1.274028e-02
1.209578e-02
1.011425e-02
9.489754e-03
9.415600e-03
9.029408e-03
8.977292e-03
8.161707e-03
7.900118e-03
7.357360e-03
6.931315e-03
6.845810e-03
6.463456e-03
6.090679e-03
5.911143e-03
5.709540e-03
5.458232e-03
4.794055e-03
4.626802e-03
4.190713e-03
4.054001e-03
3.981673e-03
3.815509e-03
3.210665e-03
2.944526e-03
2.859966e-03
2.588969e-03
2.540583e-03
2.411244e-03
2.314965e-03
2.253590e-03
2.127681e-03
2.103295e-03
1.992594e-03
1.968031e-03
1.893937e-03
1.792827e-03
1.750851e-03
1.658803e-03
1.620874e-03
1.530085e-03
1.497443e-03
1.489737e-03
1.404860e-03
1.391502e-03
1.369011e-03
1.300313e-03
1.270548e-03
1.238387e-03
1.220032e-03
1.193333e-03
1.189189e-03
1.171635e-03
1.139512e-03
1.126428e-03
1.100539e-03
1.088025e-03
1.074872e-03
1.051503e-03
1.044421e-03
1.043600e-03
1.014558e-03
9.858924e-04
9.675097e-04
9.485404e-04
9.417356e-04
9.265511e-04
9.183637e-04
9.125087e-04
8.921993e-04
8.799201e-04
8.586738e-04
8.570277e-04
8.522124e-04
8.347483e-04
8.226480e-04
8.151757e-04
8.034402e-04
7.869201e-04
7.780780e-04
7.552112e-04
7.524272e-04
7.433079e-04
7.356962e-04
7.321113e-04
7.238534e-04
7.075123e-04
6.930103e-04
6.874074e-04
6.837427e-04
6.737794e-04
6.619983e-04
6.539017e-04
6.446160e-04
6.234787e-04
6.189886e-04
6.066797e-04
6.032720e-04
5.907444e-04
5.774506e-04
5.710230e-04
5.607576e-04
5.436507e-04
5.377795e-04
5.313852e-04
5.239513e-04
5.145571e-04
5.128831e-04
4.964008e-04
4.848706e-04
4.760739e-04
4.599753e-04
4.544309e-04
4.501095e-04
4.285186e-04
4.180408e-04
4.111069e-04
3.997317e-04
3.971742e-04
3.920257e-04
3.897210e-04
3.770814e-04
3.731497e-04
3.642238e-04
3.485361e-04
3.458773e-04
3.249664e-04
3.205637e-04
3.048763e-04
2.953971e-04
2.843105e-04
2.750540e-04
2.646448e-04
2.586730e-04
2.449768e-04
2.383715e-04
2.329362e-04
2.265247e-04
2.191329e-04
2.113694e-04
2.043219e-04
1.878634e-04
1.860313e-04
1.663770e-04
1.594263e-04
1.515598e-04
1.499268e-04
1.356830e-04
1.289335e-04
1.146844e-04
1.142266e-04
9.955952e-05
8.526886e-05
7.214714e-05
6.163067e-05
5.601330e-05
5.153998e-05
4.021922e-05
3.368883e-05
1.767766e-05
4.372512e-06
1.915866e-06
6.433991e-14
3.768071e-14
-2.380647e-15
-4.751581e-14
-7.699533e-14
-7.673439e-06
-2.227951e-05
-2.845562e-05
-3.354545e-05
-6.041953e-05
-6.124786e-05
-7.603772e-05
-8.137055e-05
-9.648477e-05
-1.037221e-04
-1.156496e-04
-1.237548e-04
-1.285627e-04
-1.395624e-04
-1.525790e-04
-1.595172e-04
-1.619400e-04
-1.723625e-04
-1.843764e-04
-1.871518e-04
-2.143470e-04
-2.147793e-04
-2.333716e-04
-2.383089e-04
-2.614431e-04
-2.730715e-04
-2.828019e-04
-2.956085e-04
-3.132093e-04
-3.187340e-04
-3.302523e-04
-3.410205e-04
-3.487486e-04
-3.596276e-04
-3.749766e-04
-4.005643e-04
-4.027452e-04
-4.172996e-04
-4.256254e-04
-4.447373e-04
-4.544048e-04
-4.593571e-04
-4.859440e-04
-5.083834e-04
-5.215551e-04
-5.626961e-04
-5.699271e-04
-5.992872e-04
-6.063918e-04
-6.270215e-04
