5.854765e+04
1.243753e+04
6.326430e+03
1.645835e+03
1.332769e+03
8.316075e+02
7.408123e+02
3.966495e+02
3.241797e+02
3.069536e+02
2.829260e+02
2.420861e+02
2.030704e+02
1.540132e+02
1.298353e+02
1.184673e+02
9.937199e+01
7.401244e+01
7.065442e+01
6.175017e+01
5.735196e+01
4.527900e+01
4.097020e+01
3.796178e+01
3.380090e+01
2.500073e+01
1.969295e+01
1.889781e+01
1.667473e+01
1.566152e+01
1.369864e+01
1.220368e+01
1.048882e+01
8.704094e+00
8.039080e+00
6.651509e+00
6.127567e+00
5.563577e+00
4.509753e+00
3.409367e+00
3.067821e+00
2.793613e+00
2.637639e+00
2.303203e+00
1.717417e+00
1.582867e+00
1.328715e+00
1.163288e+00
8.738040e-01
6.766793e-01
6.034788e-01
5.573277e-01
4.556296e-01
4.239661e-01
3.222860e-01
2.990824e-01
2.416320e-01
1.409608e-01
1.323037e-01
9.127995e-02
8.403049e-02
8.064359e-02
7.824846e-02
5.755265e-02
4.624446e-02
3.212023e-02
2.824834e-02
2.341317e-02
2.170920e-02
1.960941e-02
1.532514e-02
1.373830e-02
1.241211e-02
1.048363e-02
8.175797e-03
5.384727e-03
4.843797e-03
4.656122e-03
4.296313e-03
2.905652e-03
2.758755e-03
2.447518e-03
2.382136e-03
2.089224e-03
1.542357e-03
1.430402e-03
1.368216e-03
1.222134e-03
1.159209e-03
9.430599e-04
8.864110e-04
8.168448e-04
7.940513e-04
7.751537e-04
7.465211e-04
7.347022e-04
6.653316e-04
6.435933e-04
6.183454e-04
5.927445e-04
5.732069e-04
5.708099e-04
5.474864e-04
5.365500e-04
5.200728e-04
5.130135e-04
5.099197e-04
4.877286e-04
4.832277e-04
4.771638e-04
4.640812e-04
4.549926e-04
4.523394e-04
4.512678e-04
4.428410e-04
4.349690e-04
4.256257e-04
4.212262e-04
4.140649e-04
4.105359e-04
3.998720e-04
3.952338e-04
3.913154e-04
3.885406e-04
3.819911e-04
3.806654e-04
3.793255e-04
3.744183e-04
3.677334e-04
3.655821e-04
3.593194e-04
3.525802e-04
3.509080e-04
3.480133e-04
3.425337e-04
3.420677e-04
3.355011e-04
3.280323e-04
3.263293e-04
3.227399e-04
3.203070e-04
3.167750e-04
3.126567e-04
3.056425e-04
3.028938e-04
2.975672e-04
2.973592e-04
2.902109e-04
2.889786e-04
2.863811e-04
2.829951e-04
2.781234e-04
2.738257e-04
2.707828e-04
2.700921e-04
2.650039e-04
2.624587e-04
2.605693e-04
2.573633e-04
2.562584e-04
2.536035e-04
2.489751e-04
2.456067e-04
2.445253e-04
2.425145e-04
2.401391e-04
2.345372e-04
2.332634e-04
2.314719e-04
2.273483e-04
2.222151e-04
2.207549e-04
2.176820e-04
2.131494e-04
2.085555e-04
2.084224e-04
2.036208e-04
2.017810e-04
1.991739e-04
1.958879e-04
1.940993e-04
1.920599e-04
1.910149e-04
1.873562e-04
1.838567e-04
1.797391e-04
1.773083e-04
1.757153e-04
1.708455e-04
1.706814e-04
1.649127e-04
1.626936e-04
1.610177e-04
1.604452e-04
1.572012e-04
1.552172e-04
1.544866e-04
1.507325e-04
1.469712e-04
1.446121e-04
1.401804e-04
1.375948e-04
1.366749e-04
1.338844e-04
1.309770e-04
1.301099e-04
1.270292e-04
1.234169e-04
1.216811e-04
1.194882e-04
1.181170e-04
1.139032e-04
1.112850e-04
1.096400e-04
1.071437e-04
1.050205e-04
1.029042e-04
9.952255e-05
9.655356e-05
9.294210e-05
9.065319e-05
8.769418e-05
8.480646e-05
8.260590e-05
8.002305e-05
7.881088e-05
7.539261e-05
7.414300e-05
7.348216e-05
6.832316e-05
6.638134e-05
6.177917e-05
6.039318e-05
5.856391e-05
5.529971e-05
5.369819e-05
5.125102e-05
4.924992e-05
4.630827e-05
4.442075e-05
4.169780e-05
3.999717e-05
3.572390e-05
3.359995e-05
3.137346e-05
2.949210e-05
2.869358e-05
2.364153e-05
1.876135e-05
1.697107e-05
1.485003e-05
1.438706e-05
1.286978e-05
1.242034e-05
6.973402e-06
4.843940e-06
6.398896e-07
1.106231e-13
3.627625e-14
-2.128333e-14
-2.921957e-14
-8.174125e-14
-1.951112e-06
-3.301089e-06
-3.918934e-06
-1.015389e-05
-1.095654e-05
-1.245354e-05
-1.446502e-05
-1.957880e-05
-2.149191e-05
-2.265554e-05
-2.494924e-05
-2.559859e-05
-2.725421e-05
-2.809714e-05
-3.194582e-05
-3.398875e-05
-3.697934e-05
-3.937333e-05
-4.336421e-05
-4.553617e-05
-4.710221e-05
-4.945424e-05
-5.310368e-05
-5.488930e-05
-5.659471e-05
-5.812646e-05
-6.404230e-05
-6.678349e-05
-6.799013e-05
-7.081356e-05
-7.232929e-05
-7.454546e-05
-7.767707e-05
-7.920837e-05
-8.143874e-05
-8.186944e-05
-8.694232e-05
-8.881667e-05
-9.025999e-05
-9.287587e-05
-9.737407e-05
-1.005893e-04
-1.050096e-04
-1.078822e-04
-1.086201e-04
-1.096789e-04
-1.128879e-04
-1.179045e-04
-1.182051e-04
-1.226858e-04
-1.238170e-04
-1.285333e-04
-1.291515e-04
-1.323329e-04
-1.345308e-04
-1.374762e-04
-1.414728e-04
-1.442362e-04
-1.479294e-04
-1.493808e-04
-1.521723e-04
-1.534418e-04
-1.598874e-04
-1.619129e-04
-1.634646e-04
-1.654024e-04
-1.674698e-04
-1.721591e-04
-1.776819e-04
-1.791229e-04
-1.845943e-04
-1.885998e-04
-1.944070e-04
-1.949963e-04
-1.959714e-04
-1.995087e-04
-2.004582e-04
-2.082445e-04
-2.104316e-04
-2.171214e-04
-2.194257e-04
-2.229159e-04
-2.246119e-04
-2.288354e-04
-2.332042e-04
-2.386800e-04
-2.422604e-04
-2.426218e-04
-2.438192e-04
-2.460530e-04
-2.520716e-04
-2.557926e-04
-2.591892e-04
-2.673640e-04
-2.703919e-04
-2.786714e-04
-2.820342e-04
-2.869564e-04
-2.943345e-04
-2.988665e-04
-3.046457e-04
-3.054253e-04
-3.115206e-04
-3.220362e-04
-3.252500e-04
-3.312835e-04
-3.418799e-04
-3.480590e-04
-3.588171e-04
-3.722291e-04
-3.735639e-04
-3.864449e-04
-3.904151e-04
-4.180169e-04
-4.561846e-04
-4.821947e-04
-5.073010e-04
-5.595738e-04
-5.800906e-04
-8.014296e-04
-9.230860e-04
-1.317767e-03
