8.745060e+09
5.356146e+08
3.234812e+08
8.886831e+07
7.423438e+07
5.732216e+07
3.844672e+07
3.528941e+07
3.148069e+07
2.291294e+07
1.831320e+07
1.420719e+07
1.158088e+07
9.004021e+06
7.963637e+06
7.312624e+06
6.561812e+06
5.312262e+06
4.124715e+06
3.713537e+06
2.956184e+06
2.831897e+06
2.667721e+06
2.554453e+06
2.245028e+06
1.902372e+06
1.760988e+06
1.522171e+06
1.188368e+06
1.091531e+06
1.006044e+06
9.882824e+05
7.942259e+05
7.352086e+05
6.650130e+05
6.246924e+05
5.281802e+05
4.760788e+05
4.303486e+05
3.712636e+05
3.189417e+05
2.959315e+05
2.651887e+05
2.276681e+05
2.134228e+05
1.922220e+05
1.877092e+05
1.828525e+05
1.521226e+05
1.420363e+05
1.110347e+05
1.045332e+05
8.841679e+04
6.409248e+04
5.335356e+04
3.822891e+04
2.979191e+04
2.635274e+04
2.227897e+04
1.927088e+04
1.687126e+04
1.333705e+04
1.050513e+04
9.864799e+03
8.319033e+03
7.417507e+03
6.615122e+03
5.441601e+03
3.676711e+03
2.821380e+03
2.566698e+03
2.151447e+03
1.872682e+03
1.324868e+03
1.232119e+03
8.326464e+02
5.067374e+02
4.125818e+02
2.799836e+02
2.416396e+02
2.339908e+02
1.537726e+02
9.977498e+01
7.538049e+01
5.111990e+01
3.807896e+01
2.729715e+01
2.126630e+01
1.688308e+01
1.312368e+01
9.832189e+00
7.626214e+00
5.159369e+00
3.815590e+00
3.120806e+00
1.609568e+00
1.392201e+00
7.298374e-01
6.629240e-01
6.297919e-01
5.077848e-01
4.516782e-01
3.699473e-01
3.448746e-01
3.365286e-01
3.070072e-01
2.534704e-01
2.179344e-01
1.907127e-01
1.832386e-01
1.259306e-01
1.048023e-01
1.025533e-01
9.245016e-02
6.347992e-02
4.897794e-02
2.993635e-02
1.339132e-02
-3.657351e-03
-3.825102e-02
-6.733621e-02
-6.896522e-02
-1.013173e-01
-1.249404e-01
-2.023577e-01
-2.427874e-01
-2.691816e-01
-3.406140e-01
