1.280199e+05
6.062264e+03
3.181947e+03
2.435625e+03
2.031143e+03
1.717832e+03
1.403951e+03
9.612225e+02
8.858790e+02
7.543173e+02
6.273171e+02
4.066935e+02
3.064849e+02
2.797585e+02
2.539464e+02
2.081663e+02
1.667751e+02
1.556957e+02
1.483891e+02
1.289133e+02
1.123055e+02
1.014825e+02
9.786689e+01
8.757637e+01
7.781410e+01
7.539598e+01
6.813315e+01
6.558450e+01
5.666297e+01
5.298216e+01
4.946328e+01
4.494547e+01
4.059235e+01
3.872408e+01
3.656380e+01
3.289079e+01
3.172368e+01
2.920058e+01
2.815024e+01
2.655624e+01
2.504585e+01
2.310089e+01
2.185454e+01
2.079801e+01
1.938411e+01
1.824106e+01
1.559254e+01
1.451037e+01
1.370904e+01
1.271433e+01
1.176151e+01
1.125875e+01
9.692131e+00
9.605513e+00
9.261383e+00
7.793819e+00
7.451358e+00
6.948470e+00
6.805449e+00
6.158924e+00
5.478744e+00
4.973370e+00
4.780504e+00
4.258071e+00
3.995420e+00
3.601654e+00
3.472750e+00
3.366747e+00
3.168288e+00
3.037872e+00
2.834411e+00
2.626577e+00
2.351034e+00
2.217549e+00
2.099610e+00
1.905743e+00
1.831753e+00
1.734619e+00
1.440541e+00
1.343000e+00
1.280937e+00
1.200240e+00
1.137116e+00
1.039093e+00
9.160048e-01
8.615668e-01
8.145364e-01
7.825270e-01
7.584897e-01
6.902002e-01
6.680472e-01
6.442822e-01
6.088206e-01
5.642657e-01
5.237629e-01
4.758406e-01
4.575992e-01
4.187896e-01
4.067733e-01
3.673924e-01
3.466524e-01
3.382397e-01
3.174036e-01
2.860055e-01
2.804152e-01
2.666863e-01
2.360674e-01
2.278697e-01
2.187280e-01
1.927413e-01
1.902496e-01
1.738531e-01
1.659094e-01
1.535958e-01
1.328613e-01
1.250692e-01
1.211511e-01
1.089108e-01
1.010868e-01
9.379188e-02
8.379871e-02
8.236386e-02
7.833366e-02
7.466414e-02
6.798097e-02
6.381094e-02
5.863634e-02
5.572860e-02
5.335357e-02
4.842166e-02
4.204566e-02
4.034842e-02
3.567973e-02
3.201720e-02
3.051153e-02
2.952359e-02
2.721952e-02
2.480087e-02
2.286460e-02
2.159334e-02
2.002752e-02
1.873374e-02
1.727806e-02
1.585100e-02
1.505547e-02
1.410466e-02
1.259559e-02
1.123448e-02
1.021006e-02
9.066717e-03
8.798422e-03
8.161843e-03
7.509328e-03
7.293569e-03
7.010146e-03
6.858570e-03
6.484226e-03
6.066244e-03
5.567743e-03
5.358801e-03
4.944514e-03
4.611903e-03
4.214504e-03
3.901541e-03
3.769973e-03
3.565178e-03
3.241427e-03
3.037271e-03
2.825514e-03
2.760571e-03
2.629241e-03
2.383345e-03
2.217326e-03
2.081586e-03
2.056489e-03
1.832260e-03
1.778207e-03
1.557729e-03
1.486763e-03
1.466159e-03
1.440057e-03
1.427737e-03
1.406291e-03
1.381408e-03
1.373806e-03
1.345681e-03
1.337520e-03
1.289401e-03
1.273396e-03
1.254651e-03
1.241197e-03
1.216461e-03
1.206064e-03
1.181545e-03
1.165105e-03
1.150550e-03
1.143680e-03
1.125792e-03
1.117473e-03
1.094036e-03
1.071776e-03
1.060631e-03
1.048954e-03
1.040076e-03
1.024637e-03
9.984811e-04
9.954437e-04
9.869664e-04
9.759458e-04
9.682148e-04
9.588973e-04
9.496408e-04
9.208369e-04
9.113867e-04
8.970052e-04
8.918627e-04
8.711874e-04
8.632697e-04
8.525584e-04
8.433656e-04
8.341454e-04
8.262343e-04
8.205183e-04
8.065533e-04
7.908982e-04
7.838237e-04
7.706970e-04
7.530811e-04
7.318569e-04
7.280183e-04
7.221906e-04
7.111384e-04
6.951435e-04
6.926120e-04
6.859627e-04
6.675919e-04
6.606042e-04
6.442972e-04
6.404451e-04
6.321977e-04
6.268222e-04
6.107462e-04
6.040681e-04
5.975312e-04
5.966839e-04
5.738298e-04
5.635547e-04
5.529296e-04
5.445648e-04
5.384955e-04
5.370781e-04
5.273945e-04
5.213639e-04
5.099862e-04
5.007390e-04
4.921904e-04
4.733218e-04
4.638485e-04
4.523667e-04
4.392977e-04
4.347174e-04
4.229695e-04
4.073198e-04
4.063631e-04
3.922674e-04
3.841549e-04
3.721958e-04
3.530300e-04
3.467494e-04
3.406462e-04
3.263947e-04
3.218052e-04
3.081486e-04
3.006320e-04
2.930036e-04
2.880296e-04
2.863366e-04
2.660755e-04
2.536270e-04
2.410828e-04
2.301451e-04
2.212511e-04
2.084802e-04
2.078645e-04
2.019517e-04
1.983063e-04
1.865105e-04
1.790107e-04
1.733285e-04
1.485106e-04
1.447765e-04
1.331900e-04
1.269696e-04
1.223476e-04
1.136998e-04
9.464686e-05
8.395355e-05
8.148673e-05
7.553702e-05
6.273991e-05
5.192467e-05
4.417062e-05
3.286561e-05
2.634668e-05
2.265082e-05
1.089929e-05
1.884645e-06
-1.137254e-05
-2.780368e-05
-3.218434e-05
-4.455146e-05
-5.339490e-05
-6.307929e-05
-6.623321e-05
-7.938768e-05
-8.967944e-05
-9.620698e-05
-1.098639e-04
-1.185642e-04
-1.291759e-04
-1.392150e-04
-1.481611e-04
-1.562426e-04
-1.595399e-04
-1.766416e-04
-1.800794e-04
-1.904025e-04
-2.043857e-04
-2.129031e-04
-2.244991e-04
-2.318368e-04
-2.369646e-04
-2.478879e-04
-2.606362e-04
-2.692948e-04
-2.720427e-04
-2.837493e-04
-2.984568e-04
-3.053408e-04
-3.185508e-04
-3.275117e-04
-3.427352e-04
-3.577655e-04
-3.643500e-04
-3.715055e-04
-3.953340e-04
-4.013850e-04
-4.145998e-04
-4.182548e-04
-4.221398e-04
-4.410470e-04
-4.520512e-04
-4.685105e-04
-4.763445e-04
-4.879879e-04
-4.941487e-04
-5.163136e-04
-5.234018e-04
-5.316696e-04
-5.394979e-04
-5.574452e-04
-5.656812e-04
-5.904610e-04
-6.050131e-04
-6.141423e-04
-6.346525e-04
-6.387680e-04
-6.554687e-04
-6.571058e-04
-6.737753e-04
-6.836008e-04
-7.011736e-04
-7.207214e-04
-7.353742e-04
-7.429591e-04
-7.886601e-04
-7.912567e-04
-7.973035e-04
-8.324990e-04
-8.451313e-04
-8.907547e-04
-9.432865e-04
-9.657841e-04
-9.925986e-04
