2.859043e+10
1.444075e+10
6.145931e+09
4.507507e+09
4.238330e+09
3.989441e+09
3.687726e+09
3.155054e+09
2.866106e+09
2.557688e+09
2.403574e+09
2.335060e+09
2.205170e+09
2.106767e+09
1.940459e+09
1.749978e+09
1.702136e+09
1.653365e+09
1.610046e+09
1.575877e+09
1.454329e+09
1.368159e+09
1.313397e+09
1.254359e+09
1.216303e+09
1.153010e+09
1.118599e+09
1.088988e+09
1.078707e+09
1.038427e+09
1.015316e+09
9.614444e+08
9.440201e+08
9.152655e+08
8.851987e+08
8.717514e+08
8.315379e+08
8.264131e+08
7.889874e+08
7.690247e+08
7.402895e+08
7.185177e+08
7.073998e+08
6.960902e+08
6.777856e+08
6.583361e+08
6.505741e+08
6.197672e+08
5.983430e+08
5.710406e+08
5.670406e+08
5.448763e+08
5.267563e+08
5.019131e+08
4.932697e+08
4.767129e+08
4.628701e+08
4.603882e+08
4.419850e+08
4.361840e+08
4.220024e+08
4.098462e+08
4.007746e+08
3.890949e+08
3.778484e+08
3.609450e+08
3.564405e+08
3.516820e+08
3.472033e+08
3.350651e+08
3.261624e+08
3.132076e+08
3.097135e+08
2.963978e+08
2.900852e+08
2.809258e+08
2.741737e+08
2.671994e+08
2.571014e+08
2.540845e+08
2.495209e+08
2.400716e+08
2.394452e+08
2.299605e+08
2.259731e+08
2.208289e+08
2.134171e+08
2.076728e+08
2.002302e+08
1.943873e+08
1.917827e+08
1.843532e+08
1.778140e+08
1.719679e+08
1.701539e+08
1.662637e+08
1.600812e+08
1.541656e+08
1.538408e+08
1.532982e+08
1.439203e+08
1.399639e+08
1.349473e+08
1.345180e+08
1.143956e+08
1.115804e+08
1.100961e+08
9.796666e+07
9.611091e+07
8.879387e+07
8.347334e+07
7.847060e+07
7.218607e+07
6.729733e+07
6.338922e+07
5.820087e+07
5.282512e+07
4.187069e+07
3.332206e+07
2.886630e+07
2.702419e+07
2.437547e+07
2.343860e+07
2.038009e+07
1.662518e+07
9.832142e+06
1.715982e+06
3.028812e+05
