1.318444e+08
2.164701e+07
2.040979e+06
1.283335e+06
9.053296e+05
2.875070e+05
1.452752e+05
1.180089e+05
1.378345e+04
9.910607e+03
4.519555e+03
1.152038e+03
2.466709e+02
1.693508e+02
7.450549e+01
5.616976e+01
4.827694e+01
4.203284e+01
2.994679e+01
2.745415e+01
2.372252e+01
2.159551e+01
1.803833e+01
1.587852e+01
1.464010e+01
1.317008e+01
1.306994e+01
1.245861e+01
1.172314e+01
1.125952e+01
1.057683e+01
9.641586e+00
9.116000e+00
8.962622e+00
8.607358e+00
8.160551e+00
7.856458e+00
7.363039e+00
6.967925e+00
6.786233e+00
6.497346e+00
6.132831e+00
5.874149e+00
5.077371e+00
4.962535e+00
4.525731e+00
3.985849e+00
3.888360e+00
3.712944e+00
3.496956e+00
3.435186e+00
3.287159e+00
3.028907e+00
2.896461e+00
2.682706e+00
2.445190e+00
2.336288e+00
2.047111e+00
1.940336e+00
1.737599e+00
1.640651e+00
1.499908e+00
1.408365e+00
1.254198e+00
1.162241e+00
8.387698e-01
7.673265e-01
6.014432e-01
5.405788e-01
4.841191e-01
3.762931e-01
3.482115e-01
2.588122e-01
1.600523e-01
1.298880e-01
1.121996e-01
7.041227e-02
4.480630e-02
2.110247e-02
6.436278e-03
-1.686638e-02
-7.834426e-02
-9.817027e-02
-1.173227e-01
-2.309612e-01
-3.853661e-01
-4.504507e-01
-5.730768e-01
-6.718545e-01
-7.365718e-01
-8.923811e-01
-9.589247e-01
-1.049008e+00
-1.371407e+00
-1.551167e+00
-1.927243e+00
-2.084533e+00
-2.236315e+00
-2.443049e+00
-2.736100e+00
-2.809255e+00
-3.223325e+00
-3.307634e+00
-3.696549e+00
-4.030233e+00
-4.185284e+00
-4.537002e+00
-5.003497e+00
-5.105539e+00
-5.490642e+00
-6.268421e+00
-6.669513e+00
-7.561041e+00
-8.521061e+00
-9.003134e+00
-1.021282e+01
-1.055604e+01
-1.228223e+01
-1.238493e+01
-1.555607e+01
-1.811301e+01
-2.013282e+01
-2.384634e+01
-2.636238e+01
-3.266270e+01
-3.671156e+01
-5.507808e+01
-7.522634e+01
