2.097741e+05
2.081489e+04
5.445603e+03
1.948360e+03
1.981519e+02
2.234866e+01
9.203042e+00
5.496837e+00
1.184641e+00
2.116166e-01
5.922887e-02
4.535438e-02
4.152027e-02
3.787136e-02
3.029177e-02
2.889098e-02
2.701435e-02
2.312941e-02
2.119277e-02
1.944101e-02
1.849166e-02
1.706177e-02
1.623734e-02
1.595915e-02
1.443948e-02
1.369355e-02
1.322520e-02
1.292756e-02
1.176273e-02
1.149039e-02
1.101510e-02
1.046038e-02
1.010305e-02
9.896504e-03
9.448642e-03
9.217164e-03
8.690004e-03
8.466910e-03
8.126817e-03
7.887240e-03
7.822661e-03
7.454432e-03
7.243375e-03
6.928670e-03
6.469696e-03
6.296769e-03
5.983328e-03
5.581290e-03
5.481603e-03
5.205509e-03
5.182889e-03
4.842451e-03
4.568655e-03
4.432556e-03
4.136750e-03
4.048483e-03
3.839085e-03
3.655907e-03
3.570518e-03
3.348590e-03
3.098427e-03
2.819216e-03
2.590029e-03
2.483187e-03
2.286362e-03
2.201002e-03
2.120671e-03
1.878133e-03
1.780617e-03
1.677943e-03
1.550584e-03
1.448631e-03
1.353910e-03
1.264755e-03
1.075611e-03
9.537811e-04
9.074364e-04
8.707852e-04
7.324064e-04
5.960128e-04
5.642876e-04
5.019621e-04
4.196060e-04
2.651791e-04
-6.220205e-05
-2.051179e-04
-2.625128e-04
-3.524688e-04
-4.765367e-04
-6.690352e-04
-7.880952e-04
-1.073617e-03
-1.108330e-03
-1.290833e-03
-1.564693e-03
-1.870769e-03
-2.155114e-03
-2.356494e-03
-3.051663e-03
-3.214245e-03
-3.631403e-03
-3.683901e-03
-3.920976e-03
-4.632332e-03
-5.094286e-03
-5.639571e-03
-5.722149e-03
-5.812589e-03
-6.469682e-03
-7.122281e-03
-7.753149e-03
-8.151587e-03
-9.062260e-03
-1.096767e-02
-1.153790e-02
-1.358325e-02
-1.542388e-02
-1.718173e-02
-2.489876e-02
-2.970345e-02
-3.117820e-02
-3.168602e-02
-3.460766e-02
-4.251852e-02
-4.532209e-02
-4.922355e-02
-6.138927e-02
-1.165306e-01
