5.999557e+09
5.427450e+08
1.293786e+08
9.148524e+07
6.556994e+07
5.089284e+07
4.203776e+07
3.027599e+07
2.381413e+07
2.033578e+07
1.517086e+07
1.091298e+07
9.602190e+06
9.332523e+06
7.253212e+06
5.750222e+06
4.891990e+06
4.119613e+06
3.229680e+06
2.581154e+06
2.073732e+06
1.789317e+06
1.541488e+06
1.150132e+06
1.110884e+06
1.021601e+06
8.456387e+05
7.074353e+05
6.560969e+05
5.791432e+05
5.010178e+05
4.866956e+05
3.652562e+05
3.294703e+05
2.364262e+05
2.108351e+05
1.543295e+05
1.320744e+05
1.055536e+05
8.482508e+04
7.548805e+04
6.609380e+04
6.138454e+04
5.035554e+04
4.393575e+04
3.689059e+04
2.983097e+04
2.173107e+04
2.027502e+04
1.899800e+04
1.305236e+04
1.276143e+04
9.861518e+03
4.879614e+03
3.468080e+03
2.254325e+03
2.161259e+03
1.453217e+03
1.398638e+03
8.516724e+02
6.679144e+02
4.554082e+02
2.612328e+02
2.198356e+02
1.879828e+02
1.453366e+02
1.178301e+02
7.165754e+01
5.828596e+01
3.839384e+01
2.704618e+01
2.017969e+01
1.570933e+01
8.216481e+00
7.430131e+00
5.134149e+00
3.089041e+00
2.867368e+00
1.624380e+00
1.141453e+00
1.046679e+00
5.718470e-01
3.576464e-01
2.239524e-01
1.552501e-01
1.093479e-01
8.033457e-02
5.855116e-02
5.515273e-02
4.512287e-02
2.661270e-02
2.351508e-02
2.123153e-02
1.873237e-02
1.566877e-02
1.433466e-02
1.359387e-02
1.136851e-02
1.099763e-02
9.870631e-03
7.343531e-03
6.622140e-03
5.645771e-03
5.105094e-03
4.696194e-03
3.779511e-03
3.006092e-03
2.798725e-03
1.654184e-03
1.096481e-03
2.561244e-04
-4.288212e-04
-1.512863e-03
-2.122537e-03
-3.842082e-03
-5.533000e-03
-6.478981e-03
-7.587024e-03
-9.443859e-03
-1.055105e-02
-1.196443e-02
-1.318112e-02
-1.559855e-02
-1.625803e-02
-2.204567e-02
-2.320894e-02
-6.789897e-02
-4.789547e-01
