2.516805e+09
2.532666e+08
4.831429e+07
3.824936e+07
2.783194e+07
2.485522e+07
2.079092e+07
1.655510e+07
1.312980e+07
8.153924e+06
5.300350e+06
4.367453e+06
3.258135e+06
1.978281e+06
1.597187e+06
1.550486e+06
1.200589e+06
1.049875e+06
7.831414e+05
6.715014e+05
5.039768e+05
3.764238e+05
3.313335e+05
2.153666e+05
2.091098e+05
1.344275e+05
6.963730e+04
4.988391e+04
4.851638e+04
3.784648e+04
1.975020e+04
1.646655e+04
1.416692e+04
8.984026e+03
7.493549e+03
5.179731e+03
3.868948e+03
3.205833e+03
1.950079e+03
1.127059e+03
8.906188e+02
5.957427e+02
5.430758e+02
3.933862e+02
2.518008e+02
1.767203e+02
1.150535e+02
9.807565e+01
6.296541e+01
3.593748e+01
2.836085e+01
1.759606e+01
1.341242e+01
6.695935e+00
5.351910e+00
2.304975e+00
2.032379e+00
1.446247e+00
1.033211e+00
7.767962e-01
7.096485e-01
4.290952e-01
2.557271e-01
2.288947e-01
1.169746e-01
7.792921e-02
5.548941e-02
4.047775e-02
3.402470e-02
2.621554e-02
2.323862e-02
1.672092e-02
1.319475e-02
1.234955e-02
1.136370e-02
9.166398e-03
8.923473e-03
7.408751e-03
7.075970e-03
6.550581e-03
5.358769e-03
5.220190e-03
4.927085e-03
4.775038e-03
4.107565e-03
3.488883e-03
3.463066e-03
2.720992e-03
2.599773e-03
2.391210e-03
2.014438e-03
1.800106e-03
1.666046e-03
1.418675e-03
1.128022e-03
8.777053e-04
7.313166e-04
6.861609e-04
3.413705e-04
2.926377e-04
-7.944730e-05
-3.000336e-04
-3.996475e-04
-5.645626e-04
-6.156089e-04
-9.243009e-04
-1.063007e-03
-1.193161e-03
-1.303224e-03
-1.679549e-03
-1.805876e-03
-2.014943e-03
-2.452336e-03
-2.789502e-03
-3.211793e-03
-3.714150e-03
-4.255898e-03
-4.452192e-03
-5.298810e-03
-5.612724e-03
-6.341074e-03
-6.987816e-03
-7.229428e-03
-7.938839e-03
-8.421358e-03
-1.072395e-02
-1.279818e-02
-1.486101e-02
