5.956571e+04
9.074640e+03
5.827234e+03
1.751955e+03
9.278078e+02
5.145714e+02
4.289818e+02
2.584588e+02
2.384356e+02
1.573427e+02
1.071308e+02
9.291644e+01
7.567208e+01
6.840457e+01
4.937119e+01
3.169592e+01
2.238902e+01
2.083972e+01
1.564723e+01
1.445135e+01
1.268260e+01
1.166422e+01
8.749046e+00
7.137768e+00
6.026214e+00
4.424675e+00
3.813987e+00
3.625665e+00
3.326651e+00
2.623782e+00
2.132069e+00
1.593360e+00
6.155667e-01
5.439054e-01
4.622424e-01
4.087806e-01
3.051597e-01
2.531125e-01
1.922063e-01
1.773532e-01
1.259471e-01
1.137727e-01
9.375728e-02
6.694048e-02
5.240992e-02
3.636556e-02
2.221989e-02
1.941404e-02
1.723811e-02
7.281987e-03
5.272149e-03
5.015807e-03
4.400828e-03
3.434236e-03
2.856888e-03
2.046507e-03
1.560673e-03
1.365148e-03
1.305335e-03
1.025501e-03
9.436210e-04
9.178850e-04
8.598595e-04
8.501774e-04
7.829063e-04
7.384422e-04
7.213271e-04
7.103720e-04
6.790693e-04
6.701365e-04
6.315450e-04
6.294760e-04
6.143006e-04
5.928208e-04
5.870698e-04
5.746941e-04
5.542397e-04
5.494273e-04
5.371437e-04
5.342006e-04
5.190400e-04
5.071930e-04
5.018638e-04
4.966256e-04
4.875599e-04
4.764356e-04
4.663191e-04
4.601952e-04
4.563270e-04
4.539643e-04
4.421640e-04
4.363750e-04
4.305176e-04
4.281001e-04
4.211977e-04
4.166951e-04
4.095440e-04
4.084405e-04
4.028051e-04
3.991372e-04
3.906212e-04
3.880489e-04
3.839276e-04
3.810986e-04
3.768922e-04
3.710238e-04
3.666168e-04
3.624260e-04
3.588401e-04
3.528217e-04
3.522640e-04
3.477227e-04
3.424916e-04
3.375136e-04
3.317379e-04
3.299328e-04
3.287425e-04
3.255704e-04
3.230375e-04
3.195888e-04
3.122776e-04
3.112410e-04
3.079749e-04
3.053472e-04
3.015428e-04
2.997871e-04
2.949966e-04
2.922391e-04
2.883124e-04
2.853581e-04
2.828116e-04
2.806333e-04
2.780671e-04
2.747838e-04
2.702889e-04
2.650992e-04
2.621681e-04
2.577824e-04
2.567158e-04
2.541443e-04
2.511198e-04
2.476879e-04
2.446086e-04
2.394493e-04
2.384821e-04
2.357757e-04
2.342891e-04
2.318602e-04
2.281939e-04
2.253297e-04
2.217440e-04
2.191307e-04
2.181041e-04
2.159333e-04
2.127920e-04
2.115356e-04
2.090217e-04
2.037088e-04
2.014758e-04
1.993618e-04
1.965087e-04
1.933166e-04
1.876089e-04
1.866181e-04
1.849571e-04
1.800444e-04
1.786964e-04
1.770462e-04
1.746890e-04
1.725155e-04
1.705359e-04
1.680247e-04
1.643345e-04
1.641568e-04
1.607512e-04
1.583292e-04
1.550998e-04
1.527788e-04
1.495078e-04
1.470763e-04
1.454007e-04
1.443627e-04
1.396084e-04
1.389582e-04
1.380853e-04
1.353650e-04
1.345141e-04
1.295483e-04
1.281151e-04
1.256932e-04
1.222187e-04
1.196804e-04
1.187219e-04
1.159576e-04
1.145650e-04
1.103656e-04
1.095854e-04
1.033234e-04
1.025918e-04
1.010600e-04
1.005532e-04
9.698645e-05
9.490205e-05
9.090528e-05
8.894302e-05
8.624920e-05
8.335659e-05
8.228915e-05
7.888983e-05
7.761610e-05
7.350608e-05
7.020053e-05
6.946931e-05
6.834497e-05
6.595501e-05
6.330704e-05
6.040517e-05
5.629325e-05
5.452891e-05
5.394645e-05
5.330090e-05
4.917719e-05
4.794611e-05
4.577733e-05
4.145236e-05
4.077394e-05
3.933982e-05
3.686970e-05
3.579299e-05
3.206416e-05
3.032686e-05
2.758235e-05
2.379123e-05
2.249887e-05
2.105753e-05
1.879293e-05
1.799023e-05
1.115682e-05
1.020493e-05
8.264100e-06
3.973291e-06
3.754176e-06
2.147111e-06
1.395194e-06
2.751298e-14
8.338142e-15
-5.005502e-14
-2.052785e-06
-4.449985e-06
-5.657570e-06
-9.007951e-06
-9.786058e-06
-1.217279e-05
-1.358452e-05
-1.688358e-05
-1.811453e-05
-1.961397e-05
-2.104851e-05
-2.249908e-05
-2.703201e-05
-2.766241e-05
-2.979936e-05
-3.387343e-05
-3.524908e-05
-3.796303e-05
-4.106166e-05
-4.170640e-05
-4.672814e-05
-4.761681e-05
-5.086249e-05
-5.223722e-05
-5.307821e-05
-5.561063e-05
-5.953723e-05
-6.230693e-05
-6.366830e-05
-6.538563e-05
-6.860831e-05
-6.903837e-05
-7.117383e-05
-7.473987e-05
-7.805828e-05
-7.925746e-05
-8.353344e-05
-8.606643e-05
-8.751922e-05
-8.980025e-05
-9.133430e-05
-9.435247e-05
-9.745444e-05
-1.001919e-04
-1.017853e-04
-1.036278e-04
-1.042633e-04
-1.071194e-04
-1.093781e-04
-1.117106e-04
-1.182011e-04
-1.192316e-04
-1.213774e-04
-1.244020e-04
-1.249866e-04
-1.274772e-04
-1.327794e-04
-1.337233e-04
-1.360515e-04
-1.392748e-04
-1.420038e-04
-1.434384e-04
-1.450670e-04
-1.472302e-04
-1.487147e-04
-1.509532e-04
-1.537230e-04
-1.559376e-04
-1.574764e-04
-1.589541e-04
-1.641917e-04
-1.657931e-04
-1.699146e-04
-1.716782e-04
-1.737390e-04
-1.763237e-04
-1.788999e-04
-1.821060e-04
-1.836988e-04
-1.885818e-04
-1.902575e-04
-1.921141e-04
-1.953026e-04
-1.966157e-04
-1.993973e-04
-2.039712e-04
-2.053173e-04
-2.074722e-04
-2.140965e-04
-2.162479e-04
-2.185144e-04
-2.204977e-04
-2.277035e-04
-2.289477e-04
-2.329738e-04
-2.345073e-04
-2.384160e-04
-2.408315e-04
-2.463527e-04
-2.486579e-04
-2.529274e-04
-2.583998e-04
-2.628130e-04
-2.704528e-04
-2.705651e-04
-2.724865e-04
-2.777129e-04
-2.861932e-04
-2.894301e-04
-2.920309e-04
-2.935048e-04
-2.977003e-04
-3.020803e-04
-3.069898e-04
-3.096925e-04
-3.123111e-04
-3.241233e-04
-3.279405e-04
-3.297465e-04
-3.351190e-04
-3.385556e-04
-3.412836e-04
-3.511501e-04
-3.567587e-04
-3.598519e-04
-3.719794e-04
-3.783946e-04
-3.937528e-04
-4.147675e-04
-4.186407e-04
-4.327939e-04
-4.584818e-04
-4.776746e-04
-5.166873e-04
-5.342545e-04
-6.016347e-04
-7.918785e-04
