2.073911e+12
1.836758e+12
1.507222e+12
1.367869e+12
1.273631e+12
1.221027e+12
1.091733e+12
1.005305e+12
9.259553e+11
8.868673e+11
8.759555e+11
8.180339e+11
7.729938e+11
7.261944e+11
7.105435e+11
6.836098e+11
6.534770e+11
6.191833e+11
5.869433e+11
5.810193e+11
5.654047e+11
5.438028e+11
5.156134e+11
4.840868e+11
4.572809e+11
4.289218e+11
4.157380e+11
4.133219e+11
3.971832e+11
3.891386e+11
3.738157e+11
3.618927e+11
3.532083e+11
3.303465e+11
3.290377e+11
3.192409e+11
3.017028e+11
2.977637e+11
2.948559e+11
2.855369e+11
2.813689e+11
2.593538e+11
2.570153e+11
2.507288e+11
2.411307e+11
2.375196e+11
2.340776e+11
2.251127e+11
2.180014e+11
2.134920e+11
2.090806e+11
1.998197e+11
1.957354e+11
1.902279e+11
1.882277e+11
1.862587e+11
1.786810e+11
1.754698e+11
1.711830e+11
1.619826e+11
1.588235e+11
1.505562e+11
1.462254e+11
1.456802e+11
1.423267e+11
1.403416e+11
1.365004e+11
1.325181e+11
1.297930e+11
1.286775e+11
1.262545e+11
1.210289e+11
1.204285e+11
1.180400e+11
1.151890e+11
1.142188e+11
1.120231e+11
1.083566e+11
1.056984e+11
1.043899e+11
1.026425e+11
9.976481e+10
9.821837e+10
9.523672e+10
9.407154e+10
8.998092e+10
8.841159e+10
8.725978e+10
8.631818e+10
8.456867e+10
8.414982e+10
8.340318e+10
8.068904e+10
7.814820e+10
7.755671e+10
7.678385e+10
7.626759e+10
7.462054e+10
7.354218e+10
7.129474e+10
6.914184e+10
6.765665e+10
6.733469e+10
6.399295e+10
6.273275e+10
6.261459e+10
6.233949e+10
6.106814e+10
6.081311e+10
5.918045e+10
5.872845e+10
5.724488e+10
5.571672e+10
5.462830e+10
5.284005e+10
5.099813e+10
5.026446e+10
4.987678e+10
4.813205e+10
4.722418e+10
4.683670e+10
4.414854e+10
4.308107e+10
4.200666e+10
3.948159e+10
3.631919e+10
3.295310e+10
3.004525e+10
