8.877532e+04
4.042035e+03
2.504105e+03
1.814441e+03
1.028759e+03
8.153879e+02
4.963349e+02
4.091811e+02
3.233592e+02
2.850452e+02
2.491838e+02
2.365997e+02
2.049926e+02
1.797631e+02
1.627573e+02
1.499601e+02
1.399461e+02
1.299848e+02
1.153238e+02
1.084581e+02
1.056634e+02
1.018161e+02
8.739019e+01
8.313401e+01
7.754702e+01
7.017497e+01
6.716666e+01
6.511572e+01
6.428635e+01
5.734010e+01
5.113478e+01
5.008576e+01
4.917313e+01
4.529513e+01
4.174085e+01
3.843108e+01
3.789492e+01
3.488999e+01
3.269910e+01
3.148778e+01
3.044296e+01
2.661806e+01
2.440086e+01
2.358026e+01
2.155631e+01
1.891516e+01
1.843191e+01
1.820288e+01
1.749995e+01
1.594795e+01
1.493782e+01
1.324660e+01
1.223841e+01
1.171991e+01
1.078043e+01
9.792041e+00
9.525487e+00
9.304821e+00
8.531024e+00
7.575236e+00
7.160575e+00
6.995465e+00
6.404400e+00
6.044175e+00
5.659772e+00
5.228442e+00
4.745247e+00
4.637646e+00
4.445721e+00
4.026251e+00
3.817166e+00
3.249039e+00
2.858785e+00
2.729819e+00
2.683103e+00
2.383599e+00
2.250254e+00
2.143399e+00
2.024441e+00
1.869032e+00
1.713445e+00
1.601993e+00
1.567722e+00
1.512652e+00
1.433938e+00
1.338120e+00
1.226834e+00
1.124922e+00
1.088558e+00
1.023973e+00
9.700986e-01
9.252125e-01
8.960910e-01
8.547034e-01
7.924196e-01
7.839904e-01
7.106029e-01
6.383410e-01
6.179694e-01
5.954861e-01
5.656823e-01
5.513156e-01
4.932912e-01
4.414390e-01
3.893261e-01
3.691987e-01
3.518271e-01
3.288355e-01
3.253005e-01
3.030325e-01
2.969253e-01
2.733091e-01
2.637944e-01
2.368633e-01
2.317323e-01
2.166092e-01
2.093531e-01
1.979617e-01
1.850184e-01
1.751869e-01
1.538720e-01
1.487311e-01
1.451575e-01
1.382682e-01
1.292733e-01
1.199402e-01
1.152795e-01
1.128108e-01
1.046624e-01
9.788131e-02
9.000441e-02
8.591849e-02
8.248470e-02
7.870900e-02
7.401980e-02
6.960295e-02
6.516288e-02
6.096277e-02
5.898921e-02
5.439485e-02
5.020416e-02
4.870620e-02
4.433075e-02
3.961469e-02
3.740547e-02
3.556673e-02
3.097102e-02
3.064910e-02
2.705654e-02
2.637126e-02
2.452770e-02
2.178330e-02
2.095963e-02
2.071563e-02
1.917354e-02
1.806274e-02
1.705292e-02
1.607910e-02
1.561783e-02
1.470101e-02
1.236956e-02
1.205599e-02
1.153272e-02
1.126037e-02
1.017486e-02
9.143126e-03
8.653240e-03
7.938255e-03
7.566179e-03
7.042887e-03
7.022232e-03
6.290830e-03
6.139461e-03
5.729923e-03
5.498057e-03
5.238303e-03
4.905041e-03
4.505562e-03
4.278276e-03
4.130752e-03
3.998772e-03
3.790313e-03
3.600894e-03
3.468839e-03
3.311669e-03
3.203024e-03
3.030868e-03
2.840626e-03
2.724019e-03
2.463963e-03
2.404674e-03
2.212050e-03
2.152923e-03
2.015548e-03
2.009754e-03
1.961432e-03
1.812617e-03
1.638587e-03
1.628852e-03
1.559435e-03
1.550482e-03
1.481964e-03
1.457188e-03
1.415107e-03
1.402823e-03
1.368680e-03
1.316745e-03
1.281349e-03
1.260662e-03
1.225065e-03
1.209193e-03
1.190505e-03
1.163439e-03
1.151253e-03
1.131028e-03
1.092995e-03
1.077758e-03
1.070374e-03
1.057340e-03
1.046107e-03
1.020430e-03
1.014528e-03
1.006175e-03
9.939772e-04
9.837097e-04
9.714494e-04
9.439373e-04
9.397227e-04
9.154284e-04
9.125998e-04
8.950573e-04
8.748234e-04
8.625684e-04
8.547765e-04
8.411618e-04
8.371962e-04
8.285932e-04
8.251089e-04
7.952851e-04
7.738937e-04
7.656615e-04
7.514889e-04
7.467578e-04
7.338537e-04
7.202100e-04
7.150284e-04
7.065297e-04
6.987330e-04
6.864517e-04
6.658310e-04
6.603292e-04
6.479907e-04
6.343765e-04
6.280803e-04
6.118161e-04
6.049156e-04
5.950943e-04
5.926688e-04
5.751195e-04
5.707773e-04
5.611940e-04
5.526540e-04
5.375537e-04
5.322252e-04
5.196698e-04
4.994072e-04
4.947847e-04
4.844733e-04
4.800636e-04
4.732367e-04
4.587847e-04
4.516580e-04
4.471300e-04
4.406727e-04
4.214662e-04
4.189741e-04
4.084856e-04
3.964785e-04
3.954877e-04
3.825529e-04
3.695537e-04
3.604280e-04
3.558030e-04
3.499667e-04
3.404653e-04
3.268917e-04
3.218614e-04
3.170713e-04
3.082711e-04
3.031537e-04
2.817707e-04
2.660747e-04
2.553275e-04
2.465617e-04
2.434071e-04
2.335353e-04
2.304311e-04
2.182562e-04
2.096897e-04
1.977824e-04
1.884619e-04
1.779802e-04
1.594912e-04
1.569000e-04
1.482918e-04
1.393880e-04
1.285728e-04
1.232978e-04
1.184817e-04
9.836628e-05
9.437932e-05
8.651609e-05
8.422827e-05
7.034998e-05
6.692550e-05
5.447942e-05
4.787940e-05
3.360573e-05
2.069314e-05
1.592878e-05
2.294816e-13
2.047862e-13
9.589999e-14
7.896747e-14
-1.116158e-14
-3.019632e-14
-4.526043e-14
-9.345266e-14
-1.131600e-13
-2.121217e-13
-3.666212e-06
-8.460894e-06
-1.579696e-05
-2.047339e-05
-3.119086e-05
-3.764763e-05
-5.862936e-05
-7.192512e-05
-7.708531e-05
-8.944581e-05
-1.021868e-04
-1.162180e-04
-1.255448e-04
-1.330379e-04
-1.443068e-04
-1.468354e-04
-1.535180e-04
-1.706545e-04
-1.871560e-04
-1.899835e-04
-2.071504e-04
-2.170207e-04
-2.215304e-04
-2.303463e-04
-2.381144e-04
-2.526878e-04
-2.713803e-04
-2.781781e-04
-2.934136e-04
-3.019077e-04
-3.135485e-04
-3.272303e-04
-3.444072e-04
-3.560196e-04
-3.630879e-04
-3.727744e-04
-3.930973e-04
-3.967360e-04
-4.078960e-04
-4.177703e-04
-4.275443e-04
-4.527891e-04
-4.647099e-04
-4.695809e-04
-4.753481e-04
-5.087262e-04
-5.202059e-04
-5.338882e-04
-5.650555e-04
-5.765535e-04
-5.949442e-04
-6.216186e-04
-6.249322e-04
-6.781594e-04
