2.101395e+12
1.828235e+12
1.567558e+12
1.311905e+12
1.271641e+12
1.239037e+12
1.188941e+12
1.038130e+12
9.767497e+11
9.138394e+11
8.705797e+11
8.276500e+11
7.869750e+11
7.812554e+11
7.429928e+11
7.263778e+11
6.570498e+11
6.155395e+11
5.992537e+11
5.727873e+11
5.398127e+11
5.330167e+11
5.044271e+11
4.914419e+11
4.791765e+11
4.692902e+11
4.274932e+11
4.223351e+11
4.007098e+11
3.926799e+11
3.620561e+11
3.574758e+11
3.496449e+11
3.436454e+11
3.276944e+11
3.200179e+11
3.063732e+11
3.014586e+11
2.958378e+11
2.872800e+11
2.735142e+11
2.643334e+11
2.545946e+11
2.521657e+11
2.445700e+11
2.397783e+11
2.359778e+11
2.295783e+11
2.198829e+11
2.137810e+11
2.050839e+11
1.959919e+11
1.929265e+11
1.874323e+11
1.825134e+11
1.805825e+11
1.780438e+11
1.759906e+11
1.697521e+11
1.620351e+11
1.597774e+11
1.535865e+11
1.517693e+11
1.500564e+11
1.470633e+11
1.431539e+11
1.371467e+11
1.338242e+11
1.308174e+11
1.288117e+11
1.276319e+11
1.253732e+11
1.245581e+11
1.215958e+11
1.199946e+11
1.161591e+11
1.124114e+11
1.084339e+11
1.050895e+11
1.033367e+11
1.003108e+11
9.779074e+10
9.725967e+10
9.682204e+10
9.633369e+10
9.410308e+10
9.252690e+10
9.073782e+10
9.006741e+10
8.793311e+10
8.514319e+10
8.337779e+10
8.192792e+10
8.059935e+10
8.022120e+10
7.746779e+10
7.585497e+10
7.376306e+10
7.292835e+10
7.195304e+10
7.099997e+10
7.059547e+10
6.953861e+10
6.883657e+10
6.691208e+10
6.616239e+10
6.391741e+10
6.289189e+10
6.121079e+10
6.075601e+10
5.883340e+10
5.715955e+10
5.619031e+10
5.612267e+10
5.457420e+10
5.242978e+10
5.214133e+10
5.171424e+10
4.958961e+10
4.819960e+10
4.816717e+10
4.645415e+10
4.405801e+10
4.283402e+10
4.061356e+10
3.598567e+10
4.818476e+09
3.880717e+09
