1.385714e+08
2.057441e+07
1.942418e+06
9.425840e+05
8.684801e+05
3.311106e+05
2.535940e+05
1.250441e+05
1.353655e+04
1.029631e+04
2.873510e+03
1.025333e+03
4.454052e+02
2.088236e+02
1.260666e+02
6.559636e+01
5.274862e+01
3.705048e+01
3.117562e+01
2.877651e+01
2.467233e+01
2.298909e+01
1.929138e+01
1.792800e+01
1.701126e+01
1.509921e+01
1.323924e+01
1.295680e+01
1.226230e+01
1.114189e+01
1.062423e+01
9.860490e+00
8.987773e+00
8.744926e+00
8.203764e+00
7.876244e+00
7.172724e+00
6.777709e+00
6.565750e+00
6.452898e+00
5.981957e+00
5.796251e+00
5.424809e+00
4.970789e+00
4.918292e+00
4.475680e+00
4.326886e+00
4.274547e+00
4.100956e+00
3.860831e+00
3.560138e+00
3.472135e+00
3.018817e+00
2.807508e+00
2.525285e+00
2.389703e+00
2.265456e+00
1.943437e+00
1.707006e+00
1.627660e+00
1.540583e+00
1.358465e+00
1.159753e+00
9.684573e-01
9.258086e-01
8.476430e-01
7.410281e-01
6.120402e-01
5.388195e-01
4.423755e-01
3.238259e-01
3.094878e-01
2.798280e-01
1.986828e-01
1.701094e-01
1.078003e-01
1.005425e-01
9.206042e-02
4.854846e-02
1.903377e-02
-8.203104e-11
-1.095254e-02
-7.777393e-02
-1.018904e-01
-1.600870e-01
-2.932779e-01
-3.330714e-01
-4.061304e-01
-4.489500e-01
-5.273637e-01
-6.227588e-01
-8.312064e-01
-9.746809e-01
-1.177024e+00
-1.270887e+00
-1.287795e+00
-1.535344e+00
-1.637330e+00
-1.756413e+00
-2.249346e+00
-2.340291e+00
-2.398539e+00
-2.794985e+00
-3.204782e+00
-3.330655e+00
-3.561644e+00
-3.690539e+00
-4.188458e+00
-4.588682e+00
-4.855754e+00
-5.276234e+00
-5.344226e+00
-6.236648e+00
-6.849706e+00
-7.468017e+00
-8.155998e+00
-8.914800e+00
-1.010658e+01
-1.059552e+01
-1.204381e+01
-1.362526e+01
-1.707623e+01
-2.478558e+01
-2.731083e+01
-3.227101e+01
-3.744463e+01
-4.558361e+01
-5.769841e+01
