6.002371e+04
9.481294e+03
5.389028e+03
1.368125e+03
6.936733e+02
4.894968e+02
3.276356e+02
2.597484e+02
1.903586e+02
7.670171e+01
4.990023e+01
4.661075e+01
4.260044e+01
3.058659e+01
2.208489e+01
1.534917e+01
1.328387e+01
1.184163e+01
8.132071e+00
6.295944e+00
5.977985e+00
5.181857e+00
3.244100e+00
2.740227e+00
2.356495e+00
2.185865e+00
1.609882e+00
1.554878e+00
1.030619e+00
8.234654e-01
7.314126e-01
5.032874e-01
2.274055e-01
1.686698e-01
1.366795e-01
9.905677e-02
6.999986e-02
4.856429e-02
3.430071e-02
2.645510e-02
1.411648e-02
1.160730e-02
1.093649e-02
7.327808e-03
6.361087e-03
4.499338e-03
2.982977e-03
2.427438e-03
1.909756e-03
1.565240e-03
1.442391e-03
1.291990e-03
1.263229e-03
9.287058e-04
8.865058e-04
8.508548e-04
8.008828e-04
7.396648e-04
7.077506e-04
6.958488e-04
6.881171e-04
6.623029e-04
6.489737e-04
6.343654e-04
6.123153e-04
6.033996e-04
6.006464e-04
5.938934e-04
5.739544e-04
5.683224e-04
5.450671e-04
5.385207e-04
5.352842e-04
5.251290e-04
5.076830e-04
4.950429e-04
4.937562e-04
4.877241e-04
4.748017e-04
4.740138e-04
4.647384e-04
4.596892e-04
4.506503e-04
4.455342e-04
4.398689e-04
4.360481e-04
4.318194e-04
4.254937e-04
4.226308e-04
4.174040e-04
4.152935e-04
4.097236e-04
4.054432e-04
3.995007e-04
3.971767e-04
3.912469e-04
3.866630e-04
3.849400e-04
3.818929e-04
3.731242e-04
3.690260e-04
3.623060e-04
3.599718e-04
3.518738e-04
3.513704e-04
3.466238e-04
3.424311e-04
3.396070e-04
3.373351e-04
3.350249e-04
3.315400e-04
3.270006e-04
3.235781e-04
3.161108e-04
3.124411e-04
3.104355e-04
3.075056e-04
3.049533e-04
3.003852e-04
2.992361e-04
2.944476e-04
2.907844e-04
2.873284e-04
2.815235e-04
2.803887e-04
2.774243e-04
2.736991e-04
2.686957e-04
2.678079e-04
2.652292e-04
2.639917e-04
2.591894e-04
2.562824e-04
2.532948e-04
2.501501e-04
2.478437e-04
2.447885e-04
2.432224e-04
2.403777e-04
2.360327e-04
2.347631e-04
2.324343e-04
2.314250e-04
2.256866e-04
2.225163e-04
2.208980e-04
2.170391e-04
2.153709e-04
2.137111e-04
2.080330e-04
2.078130e-04
2.037221e-04
2.021804e-04
1.991111e-04
1.972384e-04
1.962486e-04
1.936204e-04
1.906471e-04
1.884807e-04
1.855465e-04
1.824714e-04
1.798192e-04
1.771129e-04
1.733654e-04
1.725738e-04
1.702487e-04
1.654550e-04
1.642127e-04
1.630227e-04
1.610282e-04
1.583477e-04
1.551350e-04
1.527007e-04
1.497226e-04
1.454134e-04
1.421173e-04
1.398468e-04
1.388119e-04
1.375701e-04
1.344678e-04
1.334266e-04
1.313370e-04
1.280311e-04
1.247529e-04
1.235298e-04
1.213128e-04
1.188662e-04
1.143015e-04
1.127547e-04
1.116007e-04
1.087659e-04
1.074838e-04
1.035177e-04
1.030349e-04
1.007502e-04
9.890282e-05
9.686752e-05
9.427733e-05
9.181353e-05
9.160384e-05
9.045059e-05
8.540438e-05
8.445905e-05
8.372459e-05
8.175764e-05
7.778362e-05
7.564016e-05
7.430112e-05
7.225922e-05
6.905264e-05
6.769657e-05
6.525198e-05
6.243376e-05
6.155592e-05
5.567204e-05
5.317402e-05
5.252076e-05
4.931332e-05
4.776601e-05
4.712766e-05
4.636739e-05
4.210691e-05
4.066428e-05
3.832094e-05
3.769289e-05
3.413731e-05
3.303751e-05
3.059162e-05
2.853557e-05
2.606208e-05
2.387113e-05
2.165711e-05
1.913965e-05
1.572713e-05
1.448423e-05
1.349616e-05
7.636886e-06
6.230750e-06
5.500533e-06
4.703360e-06
3.825882e-06
2.842433e-14
-4.997135e-07
-1.455544e-06
-3.584546e-06
-4.614707e-06
-8.219362e-06
-9.462175e-06
-1.169236e-05
-1.355240e-05
-1.489164e-05
-2.144323e-05
-2.475556e-05
-2.538782e-05
-2.885907e-05
-2.973645e-05
-3.162944e-05
-3.463927e-05
-3.596353e-05
-3.616541e-05
-3.749858e-05
-4.082763e-05
-4.418262e-05
-4.575496e-05
-4.815028e-05
-5.013332e-05
-5.090477e-05
-5.443034e-05
-5.574863e-05
-5.787381e-05
-6.005805e-05
-6.085129e-05
-6.569561e-05
-6.771796e-05
-6.981939e-05
-7.226034e-05
-7.320796e-05
-7.674958e-05
-8.035285e-05
-8.388254e-05
-8.542025e-05
-8.798121e-05
-8.875895e-05
-9.049087e-05
-9.194501e-05
-9.570671e-05
-9.805869e-05
-9.970483e-05
-1.031171e-04
-1.061433e-04
-1.081949e-04
-1.096723e-04
-1.132291e-04
-1.149243e-04
-1.177922e-04
-1.201254e-04
-1.213259e-04
-1.229076e-04
-1.259310e-04
-1.264036e-04
-1.290114e-04
-1.323669e-04
-1.345688e-04
-1.362915e-04
-1.399424e-04
-1.407412e-04
-1.430024e-04
-1.452132e-04
-1.491510e-04
-1.513443e-04
-1.531582e-04
-1.567322e-04
-1.599322e-04
-1.616118e-04
-1.647354e-04
-1.677331e-04
-1.711248e-04
-1.732514e-04
-1.747821e-04
-1.780274e-04
-1.832174e-04
-1.865937e-04
-1.877255e-04
-1.910584e-04
-1.946403e-04
-1.970470e-04
-1.997504e-04
-2.004899e-04
-2.071515e-04
-2.075185e-04
-2.102059e-04
-2.132736e-04
-2.195182e-04
-2.214741e-04
-2.219381e-04
-2.279551e-04
-2.330374e-04
-2.340509e-04
-2.373394e-04
-2.382852e-04
-2.437030e-04
-2.465276e-04
-2.501385e-04
-2.541598e-04
-2.581041e-04
-2.626793e-04
-2.635486e-04
-2.661941e-04
-2.699564e-04
-2.747759e-04
-2.803935e-04
-2.814360e-04
-2.824684e-04
-2.905148e-04
-2.972074e-04
-2.986898e-04
-3.016745e-04
-3.096545e-04
-3.133439e-04
-3.169080e-04
-3.210056e-04
-3.247419e-04
-3.291583e-04
-3.355152e-04
-3.390495e-04
-3.398548e-04
-3.521290e-04
-3.591819e-04
-3.714122e-04
-3.727096e-04
-3.817977e-04
-3.907059e-04
-4.091137e-04
-4.119581e-04
-4.194496e-04
-4.458784e-04
-4.544034e-04
-4.581142e-04
-4.798396e-04
-4.847731e-04
-4.922443e-04
-5.778163e-04
-7.321495e-04
-9.352154e-04
