3.200530e+10
1.671703e+10
7.033336e+09
5.049023e+09
3.984169e+09
3.875933e+09
3.347754e+09
2.956154e+09
2.690624e+09
2.532607e+09
2.367326e+09
2.280870e+09
2.050945e+09
1.927426e+09
1.834733e+09
1.693455e+09
1.596055e+09
1.558246e+09
1.481116e+09
1.438150e+09
1.385823e+09
1.339849e+09
1.281826e+09
1.212348e+09
1.197961e+09
1.161847e+09
1.113884e+09
1.038613e+09
9.975832e+08
9.846505e+08
9.551003e+08
9.382257e+08
8.841876e+08
8.749447e+08
8.447619e+08
8.218130e+08
8.172315e+08
8.017277e+08
7.504061e+08
7.332666e+08
7.177418e+08
7.081267e+08
6.685560e+08
6.627089e+08
6.481012e+08
6.186568e+08
6.032028e+08
5.899164e+08
5.680957e+08
5.616744e+08
5.490035e+08
5.346644e+08
5.268416e+08
5.015436e+08
4.953936e+08
4.893757e+08
4.795494e+08
4.629452e+08
4.551420e+08
4.416081e+08
4.346168e+08
4.309948e+08
4.204533e+08
4.117618e+08
3.990383e+08
3.932299e+08
3.814631e+08
3.725120e+08
3.690478e+08
3.492499e+08
3.407627e+08
3.341809e+08
3.243623e+08
3.217008e+08
3.171628e+08
3.044086e+08
2.946172e+08
2.838237e+08
2.782870e+08
2.721963e+08
2.578166e+08
2.535514e+08
2.473792e+08
2.453975e+08
2.325758e+08
2.260999e+08
2.232554e+08
2.158102e+08
2.043298e+08
2.006330e+08
1.950625e+08
1.918095e+08
1.898432e+08
1.804049e+08
1.749280e+08
1.706627e+08
1.633231e+08
1.586205e+08
1.544107e+08
1.505865e+08
1.455063e+08
1.397092e+08
1.342961e+08
1.332151e+08
1.287986e+08
1.243235e+08
1.175745e+08
1.106388e+08
9.766702e+07
9.462959e+07
9.313013e+07
9.190581e+07
8.602687e+07
7.972596e+07
7.012444e+07
6.904074e+07
6.652136e+07
5.514348e+07
5.037889e+07
4.714262e+07
4.095087e+07
3.700348e+07
3.242315e+07
2.737876e+07
2.320704e+07
1.353207e+07
8.370843e+06
3.901446e+06
