7.337464e+05
2.737585e+05
2.135022e+05
1.684837e+05
1.500372e+05
1.160543e+05
1.061898e+05
9.645295e+04
9.017782e+04
8.501678e+04
7.936123e+04
6.605520e+04
5.777251e+04
5.103205e+04
4.097176e+04
3.815494e+04
3.073014e+04
2.729243e+04
2.084583e+04
1.612239e+04
1.363846e+04
1.142565e+04
9.482105e+03
9.109562e+03
8.535930e+03
7.528911e+03
5.817347e+03
5.465578e+03
4.541638e+03
3.828494e+03
3.427810e+03
3.099759e+03
2.526524e+03
1.810100e+03
1.522306e+03
1.419183e+03
1.066141e+03
9.438914e+02
8.861026e+02
7.807330e+02
6.732885e+02
6.038887e+02
5.304780e+02
3.760998e+02
3.699229e+02
3.293379e+02
3.094229e+02
1.839589e+02
1.331583e+02
1.050743e+02
9.412797e+01
8.863139e+01
7.551230e+01
6.698737e+01
4.720724e+01
3.517735e+01
3.085885e+01
2.363220e+01
1.974755e+01
1.761079e+01
1.347643e+01
1.170086e+01
1.074384e+01
9.857267e+00
6.759371e+00
5.323917e+00
4.116485e+00
3.697128e+00
3.020630e+00
2.896246e+00
2.671877e+00
2.052402e+00
1.581234e+00
1.110536e+00
1.089003e+00
9.517407e-01
7.677781e-01
6.533525e-01
4.095046e-01
3.546793e-01
2.924603e-01
2.348204e-01
2.131996e-01
1.781929e-01
1.154206e-01
9.665609e-02
7.743892e-02
6.745674e-02
6.434263e-02
6.202639e-02
6.062140e-02
5.366969e-02
5.091491e-02
4.764272e-02
4.536501e-02
4.214782e-02
4.154019e-02
4.086885e-02
3.969465e-02
3.853281e-02
3.710397e-02
3.603326e-02
3.519523e-02
3.377232e-02
3.098791e-02
3.072068e-02
2.954526e-02
2.862203e-02
2.785476e-02
2.609514e-02
2.395559e-02
2.350175e-02
2.301958e-02
2.183923e-02
2.022995e-02
1.929238e-02
1.897327e-02
1.648090e-02
1.559710e-02
1.481593e-02
1.446631e-02
1.332980e-02
1.252503e-02
7.270018e-03
1.322413e-11
8.289627e-13
-2.701991e-12
-1.836022e-11
