3.187932e+10
1.513770e+10
7.372543e+09
4.240392e+09
3.953524e+09
3.531517e+09
3.189399e+09
2.874299e+09
2.751031e+09
2.461897e+09
2.413166e+09
2.332184e+09
2.226529e+09
1.911531e+09
1.826152e+09
1.760044e+09
1.706032e+09
1.652091e+09
1.574342e+09
1.433267e+09
1.377498e+09
1.327485e+09
1.300471e+09
1.253270e+09
1.189681e+09
1.171118e+09
1.147641e+09
1.098302e+09
1.057233e+09
1.031967e+09
1.019559e+09
9.852319e+08
9.524420e+08
9.131283e+08
9.007652e+08
8.403874e+08
8.144002e+08
7.961068e+08
7.878960e+08
7.541512e+08
7.420441e+08
7.211233e+08
6.972823e+08
6.841632e+08
6.762698e+08
6.545136e+08
6.207980e+08
6.155418e+08
5.936449e+08
5.835464e+08
5.711121e+08
5.657192e+08
5.577202e+08
5.362388e+08
5.124846e+08
5.068206e+08
4.810885e+08
4.679861e+08
4.591612e+08
4.454908e+08
4.319285e+08
4.106919e+08
3.986300e+08
3.913807e+08
3.858251e+08
3.797520e+08
3.731492e+08
3.512150e+08
3.442549e+08
3.420155e+08
3.273724e+08
3.140747e+08
3.109086e+08
3.012560e+08
2.938969e+08
2.836603e+08
2.712994e+08
2.678717e+08
2.625622e+08
2.551681e+08
2.515931e+08
2.485566e+08
2.369271e+08
2.272815e+08
2.171987e+08
2.127223e+08
2.093583e+08
2.030955e+08
1.947062e+08
1.873980e+08
1.847659e+08
1.810429e+08
1.736127e+08
1.675647e+08
1.659021e+08
1.521946e+08
1.505770e+08
1.483740e+08
1.464428e+08
1.420380e+08
1.359305e+08
1.301248e+08
1.267976e+08
1.210100e+08
1.153679e+08
1.083053e+08
1.042647e+08
9.673349e+07
9.332774e+07
8.802918e+07
8.389451e+07
8.229278e+07
7.848318e+07
7.417926e+07
6.870384e+07
6.396350e+07
5.829708e+07
5.531248e+07
5.000298e+07
4.623783e+07
4.145838e+07
4.052441e+07
3.785490e+07
3.276357e+07
2.751530e+07
1.926597e+07
1.722983e+07
7.575471e+06
