2.004280e+05
2.103815e+04
5.911172e+03
1.744955e+03
2.318660e+02
2.437236e+01
1.156615e+01
6.403087e+00
1.372872e+00
2.527596e-01
5.703549e-02
4.968535e-02
3.990072e-02
3.234820e-02
2.794206e-02
2.539144e-02
2.365998e-02
2.276203e-02
2.191384e-02
2.000588e-02
1.868492e-02
1.567679e-02
1.414641e-02
1.345221e-02
1.323806e-02
1.261747e-02
1.221870e-02
1.174849e-02
1.152175e-02
1.087739e-02
1.044032e-02
9.791208e-03
9.116848e-03
8.565909e-03
8.415542e-03
8.138030e-03
8.021562e-03
7.545636e-03
7.388831e-03
7.073451e-03
6.730765e-03
6.603971e-03
6.431568e-03
6.155416e-03
5.733963e-03
5.650684e-03
4.838003e-03
4.736916e-03
4.601892e-03
4.378372e-03
4.148052e-03
4.021222e-03
3.801514e-03
3.474645e-03
3.380339e-03
3.156198e-03
3.093827e-03
2.982258e-03
2.786406e-03
2.606123e-03
2.452544e-03
2.331376e-03
2.276519e-03
2.215878e-03
1.935722e-03
1.748696e-03
1.668732e-03
1.511249e-03
1.352202e-03
1.299090e-03
1.234440e-03
1.193963e-03
1.138178e-03
1.104909e-03
9.871050e-04
9.499580e-04
9.033506e-04
8.670607e-04
7.569412e-04
7.183909e-04
7.031176e-04
6.599348e-04
6.157947e-04
4.870936e-04
4.443625e-04
3.764843e-04
2.593533e-04
2.165008e-04
3.875477e-05
-1.749546e-04
-2.397851e-04
-5.390937e-04
-7.070968e-04
-8.242959e-04
-1.132914e-03
-1.287319e-03
-1.424886e-03
-1.691949e-03
-1.798636e-03
-2.013125e-03
-2.378885e-03
-2.956657e-03
-3.245952e-03
-3.677387e-03
-3.888939e-03
-4.723783e-03
-5.270476e-03
-5.662644e-03
-5.994215e-03
-6.865103e-03
-8.598717e-03
-9.569721e-03
-1.084962e-02
-1.112658e-02
-1.166148e-02
-1.334667e-02
-1.620814e-02
-1.739901e-02
-1.900079e-02
-2.284979e-02
-2.657983e-02
-3.271734e-02
-3.421263e-02
-3.822518e-02
-4.127605e-02
-4.952333e-02
-5.867883e-02
-1.050720e-01
