1.255774e+05
6.085748e+03
3.217177e+03
2.290277e+03
2.084285e+03
1.651721e+03
1.249844e+03
8.344473e+02
7.905802e+02
6.975905e+02
5.932589e+02
4.077057e+02
3.346707e+02
3.043880e+02
3.032932e+02
2.626878e+02
2.066479e+02
1.824333e+02
1.622811e+02
1.465262e+02
1.374212e+02
1.205931e+02
1.030405e+02
9.092796e+01
8.985049e+01
8.081501e+01
7.759407e+01
7.028236e+01
6.464187e+01
6.278561e+01
5.380226e+01
5.056255e+01
4.937319e+01
4.485763e+01
4.165099e+01
3.903999e+01
3.647155e+01
3.239890e+01
3.157833e+01
2.989514e+01
2.786550e+01
2.536828e+01
2.437107e+01
2.235355e+01
2.026250e+01
1.950519e+01
1.874618e+01
1.630687e+01
1.546677e+01
1.517967e+01
1.310479e+01
1.299461e+01
1.080792e+01
1.048426e+01
9.747758e+00
8.851188e+00
8.656331e+00
7.798305e+00
7.685680e+00
6.782976e+00
6.356523e+00
6.022679e+00
5.582062e+00
5.143889e+00
4.879762e+00
4.504232e+00
4.134286e+00
3.640823e+00
3.483080e+00
3.382440e+00
3.142440e+00
3.038043e+00
2.741644e+00
2.572573e+00
2.453695e+00
2.308255e+00
2.282287e+00
1.932236e+00
1.729221e+00
1.616347e+00
1.488496e+00
1.315889e+00
1.245431e+00
1.180834e+00
1.148992e+00
1.068957e+00
1.020168e+00
8.836701e-01
8.558323e-01
7.979961e-01
7.463098e-01
6.968811e-01
6.682902e-01
6.503088e-01
6.154774e-01
5.511703e-01
5.290835e-01
4.324852e-01
4.051366e-01
3.980524e-01
3.426834e-01
3.186945e-01
3.065340e-01
2.940327e-01
2.634310e-01
2.422042e-01
2.361604e-01
2.240276e-01
2.175729e-01
1.983074e-01
1.915546e-01
1.729418e-01
1.671309e-01
1.506225e-01
1.355617e-01
1.294302e-01
1.184030e-01
1.159724e-01
1.009827e-01
8.700501e-02
8.207592e-02
7.181982e-02
6.591322e-02
6.091998e-02
5.632318e-02
5.483313e-02
5.083879e-02
4.593083e-02
4.182774e-02
3.885312e-02
3.728482e-02
3.417722e-02
3.217120e-02
3.111167e-02
2.923798e-02
2.725892e-02
2.593648e-02
2.486430e-02
2.382487e-02
1.956533e-02
1.899651e-02
1.877329e-02
1.619433e-02
1.578149e-02
1.424899e-02
1.283622e-02
1.256507e-02
1.180089e-02
1.110040e-02
1.048084e-02
9.723330e-03
8.710694e-03
8.460976e-03
8.092199e-03
7.535840e-03
7.105897e-03
5.784089e-03
5.375837e-03
5.130053e-03
4.835245e-03
4.580757e-03
4.311346e-03
3.943897e-03
2.932953e-03
2.742129e-03
2.621824e-03
2.505507e-03
2.394884e-03
2.264458e-03
2.097647e-03
2.032637e-03
1.979916e-03
1.968517e-03
1.852683e-03
1.842653e-03
1.732480e-03
1.646260e-03
1.563178e-03
1.465140e-03
1.446218e-03
1.421671e-03
1.401825e-03
1.386077e-03
1.342730e-03
1.334914e-03
1.308807e-03
1.292312e-03
1.279916e-03
1.259934e-03
1.241853e-03
1.233943e-03
1.202637e-03
1.189115e-03
1.168634e-03
1.150784e-03
1.143770e-03
1.119291e-03
1.105649e-03
1.095809e-03
1.090911e-03
1.077465e-03
1.056728e-03
1.036863e-03
1.030472e-03
1.025012e-03
9.909288e-04
9.882315e-04
9.724050e-04
9.693763e-04
9.553281e-04
9.440430e-04
9.419100e-04
9.390403e-04
9.167481e-04
9.009425e-04
8.811304e-04
8.786971e-04
8.694733e-04
8.589920e-04
8.426350e-04
8.354175e-04
8.254417e-04
8.040665e-04
7.981985e-04
7.888901e-04
7.818663e-04
7.756898e-04
7.637298e-04
7.600000e-04
7.465506e-04
7.334930e-04
7.209001e-04
7.182502e-04
6.940673e-04
6.856397e-04
6.772176e-04
6.732582e-04
6.667107e-04
6.544932e-04
6.491938e-04
6.240706e-04
6.194204e-04
6.121014e-04
6.010744e-04
5.954654e-04
5.873142e-04
5.807307e-04
5.722160e-04
5.522441e-04
5.454128e-04
5.313186e-04
5.214476e-04
5.151476e-04
4.961814e-04
4.928104e-04
4.849753e-04
4.776591e-04
4.701616e-04
4.673001e-04
4.550945e-04
4.434578e-04
4.365378e-04
4.327499e-04
4.149809e-04
4.047391e-04
4.030775e-04
3.893629e-04
3.868593e-04
3.692409e-04
3.641081e-04
3.429925e-04
3.363146e-04
3.290186e-04
3.202032e-04
3.144121e-04
3.067367e-04
2.995801e-04
2.821716e-04
2.732365e-04
2.647429e-04
2.539222e-04
2.447104e-04
2.328910e-04
2.231321e-04
2.124248e-04
2.106312e-04
2.021110e-04
1.869900e-04
1.836837e-04
1.681812e-04
1.568288e-04
1.550907e-04
1.398011e-04
1.336547e-04
1.259069e-04
1.198901e-04
1.115323e-04
1.002876e-04
9.589070e-05
8.806761e-05
7.567318e-05
6.513673e-05
5.701493e-05
5.394098e-05
4.250966e-05
2.351170e-05
2.080052e-05
7.304993e-06
3.818936e-06
-1.438246e-05
-2.106935e-05
-2.934908e-05
-3.666737e-05
-4.315604e-05
-5.317880e-05
-6.006992e-05
-6.926147e-05
-8.364417e-05
-8.954949e-05
-1.064469e-04
-1.126155e-04
-1.231356e-04
-1.323837e-04
-1.412292e-04
-1.548995e-04
-1.606738e-04
-1.658278e-04
-1.740692e-04
-1.892423e-04
-1.952958e-04
-2.054087e-04
-2.061986e-04
-2.240096e-04
-2.317207e-04
-2.398066e-04
-2.490744e-04
-2.574804e-04
-2.700699e-04
-2.835840e-04
-2.883555e-04
-2.990230e-04
-3.112311e-04
-3.288276e-04
-3.356491e-04
-3.531181e-04
-3.589044e-04
-3.761763e-04
-3.795294e-04
-4.003667e-04
-4.139066e-04
-4.204683e-04
-4.274149e-04
-4.419636e-04
-4.489948e-04
-4.555054e-04
-4.644693e-04
-4.833025e-04
-4.908048e-04
-4.969787e-04
-5.193134e-04
-5.350460e-04
-5.442177e-04
-5.553081e-04
-5.652744e-04
-5.817647e-04
-5.887878e-04
-6.073977e-04
-6.213434e-04
-6.335053e-04
-6.445372e-04
-6.544453e-04
-6.688370e-04
-6.860755e-04
-7.039862e-04
-7.307777e-04
-7.488405e-04
-7.645779e-04
-7.764862e-04
-8.003124e-04
-8.071993e-04
-8.179443e-04
-8.452658e-04
-8.655337e-04
-8.665377e-04
