5.007765e+05
2.373377e+05
1.830721e+05
1.542543e+05
1.120004e+05
1.053047e+05
8.780307e+04
8.233001e+04
7.927231e+04
7.219786e+04
6.468862e+04
5.611144e+04
4.924511e+04
4.405769e+04
3.960434e+04
3.694709e+04
3.352054e+04
2.919421e+04
1.763938e+04
1.270564e+04
1.193902e+04
9.435254e+03
9.017157e+03
8.390521e+03
6.297042e+03
5.711766e+03
4.936230e+03
4.415549e+03
3.758080e+03
3.476299e+03
3.039197e+03
2.456828e+03
2.089080e+03
1.947231e+03
1.786496e+03
1.236141e+03
1.110288e+03
9.642451e+02
8.174642e+02
7.935583e+02
6.233163e+02
4.992721e+02
4.138776e+02
3.458348e+02
3.132745e+02
3.010699e+02
2.197163e+02
2.136384e+02
1.842010e+02
1.321598e+02
1.072592e+02
8.878491e+01
8.151011e+01
6.326476e+01
5.868765e+01
4.716911e+01
4.312009e+01
4.193261e+01
3.162696e+01
2.409707e+01
2.037309e+01
1.827312e+01
1.551869e+01
1.451358e+01
9.789029e+00
8.616360e+00
6.731796e+00
6.023949e+00
5.166130e+00
5.023946e+00
4.291393e+00
2.487037e+00
2.118767e+00
1.878943e+00
1.564897e+00
1.340800e+00
1.145188e+00
9.974823e-01
9.493199e-01
5.783001e-01
5.550159e-01
2.917178e-01
2.437200e-01
2.049338e-01
1.972711e-01
1.879345e-01
1.093918e-01
1.020409e-01
8.298178e-02
7.743526e-02
7.290510e-02
7.099598e-02
5.479107e-02
5.052080e-02
3.845876e-02
3.737526e-02
3.559430e-02
3.215060e-02
3.213296e-02
2.995293e-02
2.844197e-02
2.647635e-02
2.612776e-02
2.536654e-02
2.272673e-02
2.196555e-02
2.040030e-02
1.917730e-02
1.866077e-02
1.846843e-02
1.796516e-02
1.670578e-02
1.619936e-02
1.586557e-02
1.569288e-02
1.544957e-02
1.469041e-02
1.399718e-02
1.381628e-02
1.289329e-02
1.249661e-02
1.159480e-02
1.132966e-02
1.093180e-02
1.042185e-02
8.045201e-03
5.226485e-03
5.546407e-12
