4.862462e+12
3.894712e+12
3.124234e+12
2.647666e+12
2.407134e+12
2.329544e+12
2.012405e+12
1.890917e+12
1.807565e+12
1.748533e+12
1.613858e+12
1.564843e+12
1.481853e+12
1.436038e+12
1.367661e+12
1.297331e+12
1.228119e+12
1.201671e+12
1.150152e+12
1.104492e+12
1.065807e+12
9.899740e+11
9.777907e+11
9.453695e+11
9.041751e+11
8.569035e+11
8.164894e+11
8.033108e+11
7.674418e+11
7.542492e+11
7.162880e+11
7.141833e+11
6.993876e+11
6.670769e+11
6.409558e+11
6.247411e+11
6.228621e+11
6.052041e+11
5.783814e+11
5.760167e+11
5.609833e+11
5.558572e+11
5.359226e+11
5.141711e+11
4.979622e+11
4.905534e+11
4.817743e+11
4.705567e+11
4.567481e+11
4.431122e+11
4.262129e+11
4.218267e+11
4.179065e+11
4.077796e+11
4.009203e+11
3.922501e+11
3.848039e+11
3.756844e+11
3.672955e+11
3.588855e+11
3.569734e+11
3.466349e+11
3.356680e+11
3.300597e+11
3.192782e+11
3.120609e+11
3.032395e+11
2.991971e+11
2.951867e+11
2.905270e+11
2.851655e+11
2.769927e+11
2.744610e+11
2.646013e+11
2.594602e+11
2.576033e+11
2.525668e+11
2.479053e+11
2.452117e+11
2.441429e+11
2.401745e+11
2.358845e+11
2.329566e+11
2.281546e+11
2.250202e+11
2.204875e+11
2.178321e+11
2.152236e+11
2.088079e+11
2.070498e+11
2.039268e+11
1.994910e+11
1.974093e+11
1.969187e+11
1.925588e+11
1.892390e+11
1.872439e+11
1.842267e+11
1.801123e+11
1.772806e+11
1.751649e+11
1.710088e+11
1.680338e+11
1.672409e+11
1.656034e+11
1.611123e+11
1.571837e+11
1.566295e+11
1.516465e+11
1.497528e+11
1.474581e+11
1.449542e+11
1.418330e+11
1.402395e+11
1.387635e+11
1.361057e+11
1.325862e+11
1.304035e+11
1.290638e+11
1.232469e+11
1.196109e+11
1.170514e+11
1.157247e+11
1.090499e+11
1.073966e+11
5.968930e+10
3.640586e+09
1.831921e+09
