3.035587e+10
1.655510e+10
7.372197e+09
5.181531e+09
4.362698e+09
3.632643e+09
3.390247e+09
2.971069e+09
2.863909e+09
2.596114e+09
2.524241e+09
2.454107e+09
2.277264e+09
2.100120e+09
1.973412e+09
1.845816e+09
1.754336e+09
1.713756e+09
1.637875e+09
1.587293e+09
1.512665e+09
1.438491e+09
1.397762e+09
1.314408e+09
1.223874e+09
1.207450e+09
1.165527e+09
1.159485e+09
1.087911e+09
1.056225e+09
1.010700e+09
9.744156e+08
9.347337e+08
9.076578e+08
8.786201e+08
8.747480e+08
8.533908e+08
7.898134e+08
7.627176e+08
7.569437e+08
7.235524e+08
7.165981e+08
7.048252e+08
6.828947e+08
6.561825e+08
6.399819e+08
6.198948e+08
6.065247e+08
5.980570e+08
5.822705e+08
5.716509e+08
5.572688e+08
5.414766e+08
5.401274e+08
4.890825e+08
4.842066e+08
4.757449e+08
4.626800e+08
4.471420e+08
4.374926e+08
4.192958e+08
4.160674e+08
4.078494e+08
3.966612e+08
3.936514e+08
3.851748e+08
3.692685e+08
3.536381e+08
3.449175e+08
3.432712e+08
3.304614e+08
3.173059e+08
3.135284e+08
3.039043e+08
2.867191e+08
2.819221e+08
2.684828e+08
2.655014e+08
2.584642e+08
2.456557e+08
2.403928e+08
2.353845e+08
2.307947e+08
2.262545e+08
2.199045e+08
2.119206e+08
2.058239e+08
1.953297e+08
1.901437e+08
1.832015e+08
1.790639e+08
1.741423e+08
1.714507e+08
1.626097e+08
1.479503e+08
1.461055e+08
1.435950e+08
1.382190e+08
1.354371e+08
1.305684e+08
1.276211e+08
1.169527e+08
1.154337e+08
1.086692e+08
1.035914e+08
9.992790e+07
9.676634e+07
9.226392e+07
8.963411e+07
8.508074e+07
8.399968e+07
7.467239e+07
7.146886e+07
6.033323e+07
5.440253e+07
5.117262e+07
4.613215e+07
3.826686e+07
3.195693e+07
2.947948e+07
2.662138e+07
2.591328e+07
1.883323e+07
1.527316e+07
1.207071e+07
9.405816e+06
8.085614e+06
5.390828e+06
