1.339856e+10
9.542330e+08
1.977332e+08
1.668356e+08
1.020679e+08
9.019650e+07
6.978550e+07
5.031525e+07
4.765054e+07
4.535156e+07
3.616116e+07
3.356974e+07
2.667484e+07
2.219700e+07
1.711317e+07
1.552624e+07
1.461082e+07
1.103634e+07
8.112336e+06
7.583716e+06
6.342894e+06
5.603262e+06
4.277031e+06
4.022728e+06
3.864564e+06
3.603038e+06
3.431186e+06
2.974684e+06
2.843941e+06
2.565572e+06
2.336586e+06
2.228518e+06
1.967800e+06
1.840347e+06
1.777575e+06
1.504699e+06
1.364299e+06
1.321936e+06
1.132221e+06
9.494298e+05
9.139593e+05
8.548151e+05
7.704888e+05
6.764742e+05
6.672286e+05
5.730654e+05
5.034282e+05
4.860882e+05
3.945202e+05
3.784469e+05
3.596508e+05
3.362404e+05
3.218586e+05
2.796319e+05
2.546276e+05
2.244652e+05
1.917331e+05
1.666868e+05
1.476503e+05
1.401023e+05
1.215075e+05
1.121342e+05
9.519861e+04
8.879998e+04
8.359662e+04
7.007084e+04
6.696259e+04
5.917468e+04
5.091295e+04
3.471468e+04
2.869683e+04
1.959025e+04
1.627041e+04
1.563143e+04
1.325195e+04
1.046044e+04
9.742217e+03
9.687881e+03
8.624083e+03
6.692879e+03
6.067624e+03
5.439725e+03
4.872261e+03
4.102141e+03
2.956202e+03
1.732209e+03
1.289307e+03
9.975100e+02
5.698105e+02
4.421791e+02
2.681848e+02
2.277975e+02
1.718372e+02
1.460184e+02
1.204892e+02
5.572705e+01
3.639194e+01
2.936614e+01
2.665627e+01
2.373678e+01
1.307107e+01
8.589920e+00
7.435707e+00
5.852944e+00
4.661999e+00
2.480088e+00
2.031245e+00
1.308534e+00
8.436462e-01
7.511002e-01
4.897158e-01
4.021562e-01
1.931176e-01
1.423820e-01
1.240998e-01
9.452207e-02
8.837836e-02
7.052179e-02
5.940878e-02
4.715677e-02
3.253228e-02
2.677910e-02
1.935718e-02
9.310809e-03
1.797842e-03
-7.228056e-04
-8.931813e-03
-4.043690e-02
