8.888905e+04
4.034386e+03
2.307339e+03
1.832974e+03
1.085291e+03
8.050396e+02
5.132017e+02
4.163591e+02
3.263044e+02
2.579388e+02
2.256477e+02
2.224885e+02
1.972720e+02
1.663717e+02
1.572370e+02
1.469857e+02
1.331024e+02
1.185113e+02
1.139758e+02
1.072281e+02
1.051874e+02
9.138056e+01
8.790567e+01
8.320622e+01
7.513718e+01
7.224538e+01
6.906511e+01
6.347043e+01
5.852339e+01
5.624939e+01
5.003505e+01
4.825789e+01
4.676242e+01
4.557793e+01
4.098146e+01
3.846479e+01
3.599640e+01
3.492905e+01
3.329449e+01
2.991466e+01
2.892302e+01
2.754976e+01
2.502679e+01
2.349283e+01
2.218353e+01
1.882020e+01
1.812078e+01
1.717370e+01
1.711307e+01
1.619777e+01
1.492353e+01
1.376885e+01
1.321590e+01
1.179409e+01
1.073922e+01
1.043428e+01
9.907940e+00
9.532773e+00
8.201056e+00
7.780428e+00
7.513016e+00
7.030103e+00
6.468492e+00
5.716476e+00
5.561697e+00
4.898291e+00
4.826596e+00
4.525496e+00
4.131108e+00
3.841137e+00
3.614126e+00
3.138051e+00
2.961435e+00
2.859877e+00
2.695030e+00
2.328278e+00
2.170074e+00
1.986988e+00
1.888248e+00
1.762801e+00
1.683090e+00
1.552573e+00
1.434333e+00
1.374156e+00
1.289787e+00
1.154175e+00
1.102920e+00
1.047604e+00
9.881434e-01
9.636006e-01
9.135882e-01
9.015737e-01
8.535254e-01
7.769240e-01
7.534485e-01
6.832303e-01
6.527088e-01
6.187490e-01
5.877771e-01
5.479684e-01
5.211220e-01
5.052484e-01
4.606537e-01
4.351958e-01
4.026794e-01
3.894370e-01
3.810239e-01
3.757141e-01
3.369929e-01
3.290375e-01
3.087822e-01
2.765288e-01
2.672502e-01
2.450300e-01
2.355960e-01
2.312268e-01
2.142352e-01
2.065456e-01
1.934470e-01
1.760746e-01
1.499869e-01
1.427997e-01
1.368157e-01
1.350041e-01
1.262577e-01
1.234118e-01
1.119746e-01
1.040657e-01
9.404709e-02
9.078702e-02
8.824513e-02
7.989796e-02
7.726234e-02
7.572947e-02
7.284949e-02
6.392033e-02
6.182337e-02
5.885587e-02
5.625055e-02
5.110477e-02
4.711137e-02
4.314520e-02
4.088932e-02
3.883230e-02
3.756621e-02
3.373002e-02
3.289082e-02
3.023997e-02
2.860250e-02
2.836989e-02
2.667768e-02
2.458019e-02
2.379036e-02
2.338016e-02
2.236662e-02
2.196229e-02
2.031650e-02
1.972058e-02
1.902556e-02
1.755186e-02
1.696551e-02
1.408883e-02
1.274755e-02
1.256497e-02
1.176522e-02
1.166815e-02
1.114966e-02
1.063538e-02
9.984108e-03
8.625030e-03
8.199802e-03
8.039462e-03
7.532175e-03
7.106225e-03
6.605355e-03
6.456091e-03
5.948076e-03
5.928481e-03
5.435457e-03
5.172571e-03
4.902934e-03
4.612232e-03
4.169667e-03
4.052164e-03
3.661481e-03
3.513519e-03
3.090411e-03
3.018667e-03
2.879325e-03
2.649689e-03
2.496218e-03
2.398562e-03
2.383419e-03
2.193831e-03
2.173164e-03
2.068914e-03
2.034558e-03
1.958048e-03
1.896044e-03
1.842896e-03
1.759575e-03
1.714612e-03
1.654796e-03
1.607622e-03
1.563345e-03
1.477774e-03
1.434730e-03
1.372713e-03
1.348262e-03
1.304222e-03
1.286658e-03
1.276804e-03
1.239469e-03
1.204747e-03
1.194798e-03
1.156840e-03
1.144747e-03
1.140177e-03
1.123946e-03
1.104672e-03
1.092866e-03
1.059449e-03
1.051175e-03
1.034031e-03
1.025595e-03
1.004450e-03
9.904085e-04
9.768241e-04
9.659007e-04
9.609265e-04
9.322071e-04
9.248472e-04
9.192562e-04
9.033821e-04
8.937304e-04
8.806605e-04
8.713786e-04
8.559823e-04
8.499476e-04
8.362355e-04
8.267227e-04
8.063096e-04
8.016166e-04
7.802611e-04
7.737628e-04
7.622715e-04
7.562688e-04
7.545404e-04
7.361808e-04
7.248899e-04
7.163831e-04
7.131847e-04
6.951386e-04
6.909287e-04
6.818631e-04
6.688953e-04
6.597960e-04
6.415011e-04
6.355993e-04
6.203559e-04
6.156698e-04
6.059493e-04
6.009208e-04
5.876875e-04
5.791560e-04
5.672895e-04
5.568931e-04
5.427556e-04
5.358591e-04
5.275182e-04
5.270755e-04
5.142923e-04
4.989338e-04
4.905841e-04
4.787010e-04
4.728009e-04
4.595741e-04
4.558345e-04
4.438284e-04
4.419846e-04
4.362357e-04
4.231312e-04
4.159668e-04
4.116487e-04
3.842181e-04
3.827677e-04
3.725233e-04
3.676063e-04
3.500019e-04
3.425542e-04
3.291788e-04
3.237643e-04
3.161235e-04
3.085039e-04
2.940837e-04
2.872341e-04
2.737106e-04
2.627045e-04
2.519838e-04
2.456241e-04
2.358934e-04
2.327721e-04
2.181635e-04
2.119074e-04
2.044493e-04
1.947880e-04
1.850208e-04
1.714048e-04
1.675289e-04
1.614005e-04
1.511239e-04
1.384418e-04
1.337551e-04
1.198583e-04
1.060512e-04
1.006953e-04
9.492318e-05
8.355637e-05
7.716037e-05
7.080578e-05
6.284958e-05
5.373230e-05
4.536493e-05
3.690725e-05
2.931992e-05
2.026318e-05
1.132664e-05
8.559028e-14
-5.675590e-14
-1.849584e-07
-1.190094e-05
-3.173184e-05
-4.693359e-05
-4.825391e-05
-5.988689e-05
-6.756811e-05
-7.540533e-05
-8.692356e-05
-9.407999e-05
-1.020928e-04
-1.108908e-04
-1.220795e-04
-1.440655e-04
-1.524818e-04
-1.541715e-04
-1.666885e-04
-1.844344e-04
-1.870915e-04
-1.897836e-04
-1.968262e-04
-2.103950e-04
-2.234846e-04
-2.395978e-04
-2.502119e-04
-2.619503e-04
-2.687921e-04
-2.746334e-04
-2.923082e-04
-2.993609e-04
-3.085958e-04
-3.164673e-04
-3.337268e-04
-3.450270e-04
-3.516635e-04
-3.654826e-04
-3.704102e-04
-3.910979e-04
-3.952174e-04
-4.207489e-04
-4.268740e-04
-4.337881e-04
-4.593437e-04
-4.678145e-04
-4.795448e-04
-4.890544e-04
-5.158147e-04
-5.256183e-04
-5.598729e-04
-5.614648e-04
-5.924281e-04
-5.990404e-04
-6.115198e-04
-6.297918e-04
-6.502999e-04
