5.935441e+04
9.719091e+03
6.303205e+03
1.911385e+03
1.030234e+03
5.719580e+02
4.046413e+02
3.823399e+02
2.527164e+02
1.947075e+02
1.207146e+02
8.616927e+01
7.450352e+01
6.462550e+01
5.403829e+01
4.494785e+01
2.928817e+01
2.323067e+01
2.292612e+01
1.917829e+01
1.813452e+01
1.641045e+01
1.364005e+01
1.002293e+01
9.770023e+00
8.228476e+00
6.026547e+00
4.366078e+00
4.279209e+00
3.771022e+00
3.125582e+00
2.861470e+00
1.905145e+00
1.717680e+00
9.445973e-01
7.311907e-01
6.229080e-01
5.525959e-01
4.538010e-01
3.418712e-01
2.910086e-01
2.100233e-01
1.117103e-01
9.025034e-02
8.583105e-02
8.201509e-02
6.123157e-02
4.729608e-02
4.496953e-02
3.459724e-02
2.891929e-02
2.505487e-02
1.702714e-02
1.181804e-02
9.855557e-03
7.297775e-03
6.722683e-03
6.316673e-03
3.340590e-03
2.766154e-03
2.520181e-03
1.989247e-03
1.622644e-03
1.391857e-03
1.218901e-03
1.086555e-03
1.041403e-03
9.959182e-04
9.559974e-04
9.291991e-04
8.841468e-04
8.229652e-04
7.983462e-04
7.282575e-04
7.077394e-04
6.836366e-04
6.647548e-04
6.472383e-04
6.344810e-04
6.199225e-04
5.964056e-04
5.923202e-04
5.868719e-04
5.758306e-04
5.563524e-04
5.485745e-04
5.313548e-04
5.246340e-04
5.176571e-04
5.048172e-04
4.984454e-04
4.914608e-04
4.862565e-04
4.800359e-04
4.741830e-04
4.654724e-04
4.541448e-04
4.495850e-04
4.382612e-04
4.325532e-04
4.226207e-04
4.180711e-04
4.141951e-04
4.094722e-04
4.061536e-04
3.949877e-04
3.909025e-04
3.848919e-04
3.787352e-04
3.759872e-04
3.710828e-04
3.662583e-04
3.606474e-04
3.574050e-04
3.509792e-04
3.482670e-04
3.474627e-04
3.447631e-04
3.368593e-04
3.327040e-04
3.283862e-04
3.266783e-04
3.210652e-04
3.190534e-04
3.163229e-04
3.136292e-04
3.064284e-04
2.987833e-04
2.977745e-04
2.963135e-04
2.949681e-04
2.888682e-04
2.846550e-04
2.807668e-04
2.785080e-04
2.749131e-04
2.740996e-04
2.700711e-04
2.658045e-04
2.603405e-04
2.561107e-04
2.523136e-04
2.497842e-04
2.452749e-04
2.448250e-04
2.409159e-04
2.359278e-04
2.342466e-04
2.323470e-04
2.312547e-04
2.280404e-04
2.237960e-04
2.202152e-04
2.165764e-04
2.139621e-04
2.119212e-04
2.094697e-04
2.071452e-04
2.044957e-04
2.005740e-04
2.001773e-04
1.960994e-04
1.934291e-04
1.920374e-04
1.873772e-04
1.871861e-04
1.841265e-04
1.807676e-04
1.789564e-04
1.743798e-04
1.729170e-04
1.681442e-04
1.665859e-04
1.634354e-04
1.608257e-04
1.600370e-04
1.572743e-04
1.519623e-04
1.488248e-04
1.469100e-04
1.460578e-04
1.442698e-04
1.427743e-04
1.405870e-04
1.386107e-04
1.359296e-04
1.319051e-04
1.307868e-04
1.268655e-04
1.261074e-04
1.237391e-04
1.227008e-04
1.209622e-04
1.182591e-04
1.162111e-04
1.152057e-04
1.113862e-04
1.087213e-04
1.044196e-04
1.024978e-04
1.002665e-04
9.983400e-05
9.661372e-05
9.461313e-05
9.165571e-05
8.812502e-05
8.499041e-05
8.198063e-05
8.058036e-05
7.982066e-05
7.833689e-05
7.680681e-05
7.409992e-05
7.351713e-05
6.857728e-05
6.626212e-05
6.421892e-05
6.267818e-05
5.801042e-05
5.631839e-05
5.498626e-05
5.188872e-05
4.926326e-05
4.741455e-05
4.662316e-05
4.421181e-05
4.221475e-05
3.988558e-05
3.758919e-05
3.408752e-05
3.071190e-05
2.886436e-05
2.801608e-05
2.386309e-05
2.340953e-05
2.139212e-05
1.993688e-05
1.684375e-05
1.499947e-05
1.387466e-05
9.855699e-06
9.667566e-06
8.393521e-06
7.740879e-06
2.265198e-06
1.190664e-06
7.398680e-14
2.710970e-14
-1.682351e-14
-1.715566e-13
-3.008469e-06
-3.696941e-06
-5.513292e-06
-6.060588e-06
-9.280008e-06
-1.085351e-05
-1.342361e-05
-1.454768e-05
-1.885692e-05
-2.064558e-05
-2.163244e-05
-2.372066e-05
-2.859814e-05
-3.052740e-05
-3.123235e-05
-3.466001e-05
-3.621458e-05
-3.823408e-05
-4.307737e-05
-4.494809e-05
-4.791631e-05
-5.060737e-05
-5.242095e-05
-5.370175e-05
-5.531503e-05
-5.706017e-05
-5.865561e-05
-6.196737e-05
-6.268686e-05
-6.625536e-05
-6.728124e-05
-7.018921e-05
-7.211653e-05
-7.487537e-05
-7.611814e-05
-7.961506e-05
-8.174074e-05
-8.272791e-05
-8.508279e-05
-8.996318e-05
-9.108196e-05
-9.150497e-05
-9.443575e-05
-9.649186e-05
-1.001435e-04
-1.023662e-04
-1.048812e-04
-1.094979e-04
-1.119518e-04
-1.136213e-04
-1.147453e-04
-1.175868e-04
-1.193425e-04
-1.211432e-04
-1.245929e-04
-1.266740e-04
-1.284085e-04
-1.300849e-04
-1.347087e-04
-1.349472e-04
-1.413917e-04
-1.435713e-04
-1.453964e-04
-1.495773e-04
-1.505422e-04
-1.551713e-04
-1.554570e-04
-1.578062e-04
-1.621415e-04
-1.626754e-04
-1.673414e-04
-1.683391e-04
-1.713084e-04
-1.752546e-04
-1.795751e-04
-1.804473e-04
-1.815247e-04
-1.864330e-04
-1.891469e-04
-1.909227e-04
-1.944306e-04
-1.984358e-04
-2.019652e-04
-2.033147e-04
-2.046759e-04
-2.074697e-04
-2.105458e-04
-2.163212e-04
-2.179811e-04
-2.223129e-04
-2.231547e-04
-2.262167e-04
-2.271985e-04
-2.337827e-04
-2.354601e-04
-2.404407e-04
-2.443247e-04
-2.469301e-04
-2.527426e-04
-2.580620e-04
-2.592032e-04
-2.634790e-04
-2.702829e-04
-2.772181e-04
-2.805718e-04
-2.811565e-04
-2.915075e-04
-2.937831e-04
-2.949488e-04
-2.991314e-04
-3.066576e-04
-3.119477e-04
-3.159728e-04
-3.190093e-04
-3.255362e-04
-3.306842e-04
-3.340463e-04
-3.432797e-04
-3.491516e-04
-3.530388e-04
-3.547095e-04
-3.571064e-04
-3.657413e-04
-3.889794e-04
-3.947070e-04
-3.985800e-04
-4.204925e-04
-4.574211e-04
-4.698593e-04
-5.095858e-04
-5.322003e-04
-5.629533e-04
-9.393464e-04
-1.102669e-03
