3.225898e+12
2.787162e+12
2.590296e+12
2.305853e+12
2.014054e+12
1.870101e+12
1.652015e+12
1.570775e+12
1.375992e+12
1.260534e+12
1.172734e+12
1.161226e+12
1.122844e+12
1.064223e+12
1.031604e+12
9.942430e+11
9.088237e+11
8.886243e+11
8.283372e+11
8.186557e+11
7.881571e+11
7.613949e+11
7.251307e+11
7.053303e+11
6.934546e+11
6.712280e+11
6.516611e+11
6.135076e+11
5.740933e+11
5.654097e+11
5.410054e+11
5.280832e+11
5.230133e+11
5.069697e+11
4.946073e+11
4.719537e+11
4.642243e+11
4.477144e+11
4.287573e+11
4.098858e+11
3.960043e+11
3.813360e+11
3.746942e+11
3.666045e+11
3.610305e+11
3.550975e+11
3.446490e+11
3.292585e+11
3.231879e+11
3.219353e+11
3.086846e+11
3.053770e+11
2.927834e+11
2.797354e+11
2.749142e+11
2.677088e+11
2.563360e+11
2.548235e+11
2.435605e+11
2.378109e+11
2.306278e+11
2.276064e+11
2.213781e+11
2.156450e+11
2.136654e+11
2.091143e+11
2.031010e+11
1.965893e+11
1.948009e+11
1.929142e+11
1.887022e+11
1.865301e+11
1.773906e+11
1.767437e+11
1.734822e+11
1.690766e+11
1.680325e+11
1.647931e+11
1.632089e+11
1.608162e+11
1.569723e+11
1.517416e+11
1.469933e+11
1.459919e+11
1.432185e+11
1.411077e+11
1.391972e+11
1.355906e+11
1.319367e+11
1.302378e+11
1.276273e+11
1.255513e+11
1.228757e+11
1.226361e+11
1.190864e+11
1.171227e+11
1.161931e+11
1.133412e+11
1.122493e+11
1.087048e+11
1.071579e+11
1.068636e+11
1.055226e+11
1.025542e+11
1.016282e+11
1.010248e+11
9.749263e+10
9.370051e+10
9.347149e+10
9.252748e+10
9.093191e+10
8.848808e+10
8.844422e+10
8.676896e+10
8.318457e+10
8.222451e+10
8.128638e+10
7.881259e+10
7.753043e+10
7.414847e+10
7.122705e+10
7.070568e+10
6.826953e+10
6.664153e+10
6.327957e+10
4.830176e+10
4.792336e+10
2.364160e+10
