1.360904e+08
1.915953e+07
2.021774e+06
1.263560e+06
9.984889e+05
3.069375e+05
2.282396e+05
1.150693e+05
1.572102e+04
1.026454e+04
3.131799e+03
1.023440e+03
5.731276e+02
2.269964e+02
1.564104e+02
6.553517e+01
4.621952e+01
4.329259e+01
4.037813e+01
2.986186e+01
2.608884e+01
2.470643e+01
1.984971e+01
1.876076e+01
1.803716e+01
1.599880e+01
1.472515e+01
1.400284e+01
1.267229e+01
1.170839e+01
1.034711e+01
9.840822e+00
9.439885e+00
9.175242e+00
8.959838e+00
8.156050e+00
7.905704e+00
7.199296e+00
6.786223e+00
6.494072e+00
6.300952e+00
6.097982e+00
5.905865e+00
5.360535e+00
5.236163e+00
4.954834e+00
4.502113e+00
4.349838e+00
3.819069e+00
3.502211e+00
3.342435e+00
3.090267e+00
2.903468e+00
2.723195e+00
2.459793e+00
2.200638e+00
2.069644e+00
1.789305e+00
1.719402e+00
1.641418e+00
1.578783e+00
1.404054e+00
1.348044e+00
1.147576e+00
1.012795e+00
8.647737e-01
7.054417e-01
6.521766e-01
5.934995e-01
4.621770e-01
3.558230e-01
2.985579e-01
2.075986e-01
2.003014e-01
1.705403e-01
1.008561e-01
6.555806e-02
5.437345e-02
1.256174e-02
-9.354632e-10
-1.577093e-09
-4.744719e-02
-6.275939e-02
-1.091047e-01
-1.528456e-01
-2.085911e-01
-2.914181e-01
-3.530026e-01
-4.690598e-01
-5.321853e-01
-7.611942e-01
-8.507404e-01
-9.481812e-01
-1.115000e+00
-1.262241e+00
-1.295268e+00
-1.362063e+00
-1.609172e+00
-1.691137e+00
-2.015987e+00
-2.245351e+00
-2.575350e+00
-2.811877e+00
-3.095407e+00
-3.198244e+00
-3.659119e+00
-3.851321e+00
-4.403962e+00
-4.676586e+00
-5.359310e+00
-5.785557e+00
-6.442797e+00
-6.517928e+00
-7.803844e+00
-8.962510e+00
-9.965442e+00
-1.054918e+01
-1.117367e+01
-1.472849e+01
-1.741027e+01
-1.843147e+01
-2.027926e+01
-2.450084e+01
-2.894165e+01
-3.122294e+01
-4.358774e+01
-5.088539e+01
-6.360110e+01
