3.169839e+10
1.375183e+10
7.897717e+09
4.821745e+09
4.441629e+09
4.037595e+09
3.483198e+09
3.115495e+09
2.854185e+09
2.767548e+09
2.461065e+09
2.426758e+09
2.315486e+09
2.023258e+09
1.989764e+09
1.939995e+09
1.835248e+09
1.761155e+09
1.580479e+09
1.545248e+09
1.427128e+09
1.351185e+09
1.251874e+09
1.223223e+09
1.211194e+09
1.110052e+09
1.102091e+09
1.043112e+09
1.038178e+09
1.019362e+09
9.558142e+08
9.240527e+08
8.952397e+08
8.785112e+08
8.372390e+08
8.283903e+08
8.207798e+08
7.827992e+08
7.680737e+08
7.528031e+08
7.263757e+08
7.181242e+08
6.915897e+08
6.892384e+08
6.510080e+08
6.446207e+08
6.371196e+08
6.138530e+08
6.038210e+08
5.896270e+08
5.784030e+08
5.722553e+08
5.360880e+08
5.320315e+08
5.164351e+08
4.936091e+08
4.882237e+08
4.706848e+08
4.586155e+08
4.511747e+08
4.359490e+08
4.317033e+08
4.174383e+08
4.126998e+08
4.032308e+08
3.875488e+08
3.674572e+08
3.621354e+08
3.445466e+08
3.322290e+08
3.294317e+08
3.247380e+08
3.169289e+08
2.959942e+08
2.939514e+08
2.810287e+08
2.787963e+08
2.615509e+08
2.544827e+08
2.541911e+08
2.403105e+08
2.327634e+08
2.301865e+08
2.093700e+08
2.066095e+08
1.999761e+08
1.927650e+08
1.855709e+08
1.817411e+08
1.718161e+08
1.704072e+08
1.657981e+08
1.609474e+08
1.568576e+08
1.511466e+08
1.467008e+08
1.409367e+08
1.307967e+08
1.241537e+08
1.055220e+08
1.027782e+08
9.821384e+07
9.112992e+07
8.898837e+07
8.643695e+07
7.615915e+07
7.207920e+07
6.485886e+07
6.279718e+07
6.234544e+07
5.472911e+07
5.003453e+07
4.373359e+07
4.122887e+07
3.473602e+07
2.826029e+07
2.268632e+07
1.923292e+07
1.740382e+07
1.615014e+07
1.514391e+07
1.184268e+07
8.018004e+06
6.736780e+06
6.541344e+06
4.002654e+06
3.180267e+06
3.114617e+06
