8.492152e+04
3.505826e+03
2.549842e+03
1.737854e+03
1.236260e+03
8.603210e+02
5.461133e+02
4.370507e+02
3.615769e+02
3.023210e+02
2.881091e+02
2.650790e+02
2.379344e+02
2.038061e+02
2.015044e+02
1.940272e+02
1.701127e+02
1.679093e+02
1.476160e+02
1.446913e+02
1.335851e+02
1.248631e+02
1.162930e+02
1.157616e+02
1.099529e+02
1.001202e+02
9.555582e+01
9.346115e+01
8.769517e+01
8.234343e+01
7.892908e+01
7.519598e+01
7.122329e+01
6.715639e+01
5.980548e+01
5.865102e+01
5.424166e+01
5.170565e+01
4.934612e+01
4.579575e+01
4.401532e+01
4.077875e+01
3.662270e+01
3.418763e+01
3.305908e+01
3.020030e+01
2.856167e+01
2.692966e+01
2.592385e+01
2.485733e+01
2.232272e+01
2.021396e+01
1.977430e+01
1.889465e+01
1.824820e+01
1.650080e+01
1.612664e+01
1.467334e+01
1.399393e+01
1.298892e+01
1.186538e+01
1.118656e+01
1.051274e+01
1.019623e+01
9.959315e+00
9.403819e+00
8.204921e+00
7.375003e+00
7.003583e+00
6.525869e+00
6.272710e+00
5.234354e+00
5.089626e+00
4.934440e+00
4.486217e+00
4.194784e+00
3.948006e+00
3.516331e+00
3.372474e+00
3.237907e+00
2.768075e+00
2.743801e+00
2.569334e+00
2.425606e+00
2.348121e+00
2.270139e+00
2.160083e+00
2.047253e+00
1.829406e+00
1.716042e+00
1.656552e+00
1.519962e+00
1.478612e+00
1.406721e+00
1.265243e+00
1.261360e+00
1.211979e+00
1.090782e+00
1.068309e+00
1.012976e+00
9.594219e-01
9.276645e-01
8.617678e-01
7.696981e-01
7.130648e-01
7.058790e-01
6.626677e-01
6.477459e-01
6.308395e-01
5.817711e-01
5.625794e-01
5.361609e-01
5.016950e-01
4.700359e-01
4.349762e-01
4.081272e-01
3.947817e-01
3.610193e-01
3.426912e-01
3.273479e-01
3.179609e-01
3.030775e-01
2.806128e-01
2.791632e-01
2.518189e-01
2.420235e-01
2.368987e-01
2.274181e-01
2.145865e-01
2.096305e-01
1.999716e-01
1.790204e-01
1.754723e-01
1.703517e-01
1.588794e-01
1.485763e-01
1.309863e-01
1.275854e-01
1.251707e-01
1.241946e-01
1.122941e-01
1.104498e-01
1.029828e-01
1.014997e-01
9.285791e-02
8.892905e-02
8.049559e-02
7.809257e-02
7.190628e-02
6.843077e-02
5.941119e-02
5.502355e-02
4.995788e-02
4.682484e-02
4.384034e-02
4.356038e-02
4.168181e-02
4.000364e-02
3.475806e-02
3.303523e-02
2.976836e-02
2.837024e-02
2.746224e-02
2.629778e-02
2.491724e-02
2.304450e-02
2.241545e-02
2.014177e-02
1.934177e-02
1.814564e-02
1.674690e-02
1.620567e-02
1.558503e-02
1.496917e-02
1.390153e-02
1.364264e-02
1.306142e-02
1.220946e-02
1.155393e-02
1.064465e-02
9.599112e-03
8.991067e-03
8.620508e-03
8.183523e-03
7.894357e-03
7.187122e-03
7.066406e-03
6.900704e-03
6.734521e-03
6.438744e-03
5.868422e-03
5.565598e-03
5.219561e-03
5.009925e-03
4.770654e-03
4.588060e-03
4.008758e-03
3.827961e-03
3.316487e-03
3.115464e-03
3.078934e-03
2.984162e-03
2.810637e-03
2.694775e-03
2.539272e-03
2.457211e-03
2.391064e-03
2.205994e-03
2.148733e-03
2.116760e-03
2.077951e-03
1.983209e-03
1.916085e-03
1.871294e-03
1.765968e-03
1.669784e-03
1.526291e-03
1.453296e-03
1.390138e-03
1.309444e-03
1.294875e-03
1.290917e-03
1.233766e-03
1.200279e-03
1.183988e-03
1.176591e-03
1.159901e-03
1.148008e-03
1.122415e-03
1.101407e-03
1.089421e-03
1.082693e-03
1.062536e-03
1.046677e-03
1.034465e-03
1.003607e-03
9.895349e-04
9.669361e-04
9.567775e-04
9.494438e-04
9.413269e-04
9.252068e-04
9.142064e-04
9.106083e-04
8.862031e-04
8.816894e-04
8.774986e-04
8.423483e-04
8.337664e-04
8.220719e-04
8.168524e-04
8.030236e-04
7.915003e-04
7.844102e-04
7.756225e-04
7.503497e-04
7.472254e-04
7.364717e-04
7.306531e-04
7.119908e-04
6.992377e-04
6.946279e-04
6.792329e-04
6.696487e-04
6.626024e-04
6.455245e-04
6.392408e-04
6.287412e-04
6.203692e-04
6.102872e-04
5.951032e-04
5.906970e-04
5.774985e-04
5.738125e-04
5.681214e-04
5.503025e-04
5.420677e-04
5.328860e-04
5.043391e-04
5.001430e-04
4.911920e-04
4.882430e-04
4.776987e-04
4.722921e-04
4.626282e-04
4.571059e-04
4.522117e-04
4.413077e-04
4.268242e-04
4.183168e-04
4.085199e-04
3.988698e-04
3.894284e-04
3.797502e-04
3.754825e-04
3.730703e-04
3.579772e-04
3.390514e-04
3.293637e-04
3.162415e-04
3.144169e-04
3.100548e-04
3.050147e-04
2.866244e-04
2.810928e-04
2.640800e-04
2.562037e-04
2.466966e-04
2.426035e-04
2.323002e-04
2.253346e-04
2.163848e-04
2.059940e-04
2.007887e-04
1.864493e-04
1.722721e-04
1.657932e-04
1.487242e-04
1.429342e-04
1.385685e-04
1.355693e-04
1.190083e-04
1.138552e-04
1.100606e-04
8.955775e-05
8.367658e-05
6.964125e-05
6.530207e-05
5.152665e-05
4.315673e-05
3.702794e-05
1.968056e-05
1.457532e-05
7.233861e-06
1.952013e-13
6.827819e-14
5.524156e-14
-4.094164e-14
-6.293142e-14
-1.348865e-13
-8.583544e-06
-1.118567e-05
-3.116913e-05
-4.694095e-05
-4.832098e-05
-6.228887e-05
-6.376635e-05
-7.364703e-05
-9.011884e-05
-1.027670e-04
-1.101775e-04
-1.113772e-04
-1.229480e-04
-1.316540e-04
-1.370010e-04
-1.591906e-04
-1.680585e-04
-1.831347e-04
-1.939836e-04
-2.095116e-04
-2.218999e-04
-2.325285e-04
-2.386592e-04
-2.510446e-04
-2.589122e-04
-2.667159e-04
-2.888915e-04
-2.950711e-04
-3.041603e-04
-3.188754e-04
-3.417273e-04
-3.530883e-04
-3.846736e-04
-4.013917e-04
-4.136079e-04
-4.367990e-04
-4.450181e-04
-4.546117e-04
-4.782829e-04
-4.949617e-04
-5.273665e-04
-5.318124e-04
-5.657831e-04
-6.055411e-04
