8.874625e+04
3.371338e+03
2.410185e+03
1.835441e+03
1.092480e+03
8.079117e+02
5.213315e+02
4.067401e+02
3.047400e+02
2.816487e+02
2.349290e+02
2.081387e+02
1.795104e+02
1.618139e+02
1.595857e+02
1.386845e+02
1.265149e+02
1.217839e+02
1.116540e+02
1.048422e+02
9.875275e+01
9.153528e+01
8.033141e+01
7.739844e+01
7.431577e+01
7.014682e+01
6.719662e+01
6.530270e+01
6.134441e+01
5.814976e+01
5.355045e+01
4.998081e+01
4.749818e+01
4.235037e+01
4.050380e+01
3.825248e+01
3.575245e+01
3.428287e+01
3.317476e+01
2.797072e+01
2.606856e+01
2.369058e+01
2.308753e+01
2.215892e+01
2.193255e+01
2.059645e+01
1.847670e+01
1.679119e+01
1.644536e+01
1.484398e+01
1.362886e+01
1.343431e+01
1.226374e+01
1.127644e+01
1.055095e+01
9.970401e+00
9.523600e+00
8.236664e+00
7.541873e+00
7.410130e+00
6.859329e+00
6.716264e+00
5.890293e+00
5.622725e+00
5.423561e+00
5.273494e+00
4.614093e+00
4.428295e+00
4.116213e+00
3.667829e+00
3.390712e+00
2.975925e+00
2.697362e+00
2.578861e+00
2.303772e+00
2.205301e+00
2.072505e+00
1.879886e+00
1.727587e+00
1.682690e+00
1.480726e+00
1.377604e+00
1.301225e+00
1.257330e+00
1.160381e+00
1.085023e+00
1.014150e+00
9.928437e-01
9.462073e-01
9.042622e-01
8.542052e-01
8.031588e-01
7.621199e-01
7.143652e-01
7.012779e-01
6.557674e-01
6.264785e-01
5.869808e-01
5.622668e-01
5.447236e-01
4.940234e-01
4.653726e-01
4.354229e-01
3.857094e-01
3.617904e-01
3.527040e-01
3.204456e-01
3.089061e-01
2.969094e-01
2.765042e-01
2.729847e-01
2.406302e-01
2.324724e-01
2.294741e-01
2.083600e-01
1.996163e-01
1.830397e-01
1.763247e-01
1.669735e-01
1.543870e-01
1.463996e-01
1.422622e-01
1.357462e-01
1.144026e-01
1.101534e-01
1.016318e-01
9.195031e-02
7.626015e-02
7.521826e-02
7.334445e-02
6.746294e-02
6.433040e-02
6.098896e-02
5.863525e-02
5.625824e-02
5.504831e-02
4.994771e-02
4.744400e-02
4.653032e-02
4.344160e-02
4.220238e-02
4.013898e-02
3.840216e-02
3.721880e-02
3.433673e-02
3.328204e-02
3.182922e-02
2.729148e-02
2.485232e-02
2.402957e-02
2.227838e-02
2.153134e-02
2.036743e-02
1.889499e-02
1.836833e-02
1.727961e-02
1.654029e-02
1.548389e-02
1.510757e-02
1.456965e-02
1.341585e-02
1.274761e-02
1.203223e-02
1.156727e-02
1.095733e-02
9.571787e-03
9.368802e-03
9.005633e-03
8.828629e-03
7.961067e-03
7.722201e-03
7.254561e-03
6.271059e-03
5.914048e-03
5.282172e-03
5.214794e-03
5.045008e-03
4.927204e-03
4.627543e-03
4.372688e-03
4.237345e-03
3.997461e-03
3.873719e-03
3.579269e-03
3.385002e-03
3.285342e-03
3.201223e-03
3.086727e-03
2.618280e-03
2.488321e-03
2.405223e-03
2.246115e-03
2.175272e-03
2.029770e-03
2.013505e-03
1.898474e-03
1.831108e-03
1.762419e-03
1.674559e-03
1.598520e-03
1.570348e-03
1.515016e-03
1.500117e-03
1.478012e-03
1.394265e-03
1.388929e-03
1.327623e-03
1.292122e-03
1.274807e-03
1.258833e-03
1.222414e-03
1.195774e-03
1.187214e-03
1.162915e-03
1.122067e-03
1.105360e-03
1.101105e-03
1.084274e-03
1.078854e-03
1.072944e-03
1.057238e-03
1.045529e-03
1.015910e-03
1.010827e-03
9.883572e-04
9.757616e-04
9.662176e-04
9.617459e-04
9.452871e-04
9.282773e-04
9.220006e-04
9.017463e-04
8.872052e-04
8.786060e-04
8.597116e-04
8.494923e-04
8.375897e-04
8.284698e-04
8.099824e-04
7.980690e-04
7.951634e-04
7.870772e-04
7.708311e-04
7.680350e-04
7.428951e-04
7.333581e-04
7.233195e-04
7.114282e-04
6.979828e-04
6.942613e-04
6.836525e-04
6.695132e-04
6.603666e-04
6.485810e-04
6.404105e-04
6.344537e-04
6.246034e-04
6.092313e-04
6.056397e-04
6.004350e-04
5.817214e-04
5.717312e-04
5.549258e-04
5.480092e-04
5.365110e-04
5.351201e-04
5.255781e-04
5.170404e-04
5.102429e-04
4.966864e-04
4.839923e-04
4.756739e-04
4.706548e-04
4.661288e-04
4.575003e-04
4.504390e-04
4.366333e-04
4.175385e-04
4.105590e-04
4.016444e-04
3.973273e-04
3.878647e-04
3.838696e-04
3.725036e-04
3.471522e-04
3.422112e-04
3.313888e-04
3.113065e-04
3.100102e-04
3.038105e-04
2.857041e-04
2.836999e-04
2.750590e-04
2.720809e-04
2.652828e-04
2.549813e-04
2.434656e-04
2.384296e-04
2.271124e-04
2.170053e-04
2.112474e-04
2.040824e-04
1.915619e-04
1.819786e-04
1.699101e-04
1.550711e-04
1.475876e-04
1.383072e-04
1.288817e-04
1.181255e-04
1.085939e-04
1.066960e-04
8.551882e-05
8.193331e-05
7.257380e-05
6.250774e-05
4.934328e-05
3.706585e-05
2.968139e-05
2.112656e-05
1.690159e-05
6.566647e-06
4.192941e-06
6.088288e-14
4.054131e-14
1.024783e-14
-3.974951e-14
-8.305741e-14
-1.379095e-13
-1.476568e-05
-2.217158e-05
-3.159045e-05
-3.948400e-05
-4.921735e-05
-5.155104e-05
-6.678716e-05
-7.747078e-05
-8.632126e-05
-1.032694e-04
-1.063671e-04
-1.150613e-04
-1.254779e-04
-1.333455e-04
-1.441645e-04
-1.570731e-04
-1.667978e-04
-1.701622e-04
-1.873653e-04
-1.918436e-04
-1.972165e-04
-2.222306e-04
-2.236815e-04
-2.388083e-04
-2.651643e-04
-2.692798e-04
-2.820668e-04
-2.857200e-04
-2.929580e-04
-3.037716e-04
-3.075340e-04
-3.159954e-04
-3.314297e-04
-3.483714e-04
-3.498606e-04
-3.608208e-04
-3.836994e-04
-3.973475e-04
-4.105715e-04
-4.191960e-04
-4.375060e-04
-4.541777e-04
-4.640326e-04
-4.835190e-04
-4.907181e-04
-5.133564e-04
-5.209739e-04
-5.460445e-04
-5.555870e-04
-5.736065e-04
-5.932377e-04
-6.058880e-04
-6.333346e-04
-6.517483e-04
-6.780226e-04
