2.103912e+05
2.639313e+04
5.175576e+03
1.500292e+03
2.206101e+02
2.904358e+01
1.100562e+01
5.195216e+00
1.085887e+00
2.088954e-01
4.482699e-02
4.214163e-02
3.993331e-02
3.505535e-02
3.051406e-02
2.829665e-02
2.344296e-02
2.290233e-02
2.229732e-02
1.997429e-02
1.836027e-02
1.754913e-02
1.691837e-02
1.600584e-02
1.435170e-02
1.396561e-02
1.307112e-02
1.257956e-02
1.226095e-02
1.188218e-02
1.098344e-02
1.046731e-02
1.039338e-02
1.003222e-02
9.724986e-03
9.313994e-03
9.035478e-03
8.767934e-03
8.492809e-03
8.276893e-03
7.958025e-03
7.714625e-03
7.492218e-03
6.938946e-03
6.794354e-03
6.674384e-03
6.302905e-03
6.170134e-03
5.798425e-03
5.534105e-03
5.497164e-03
5.162193e-03
5.045138e-03
4.858742e-03
4.655872e-03
4.455373e-03
4.267362e-03
4.021992e-03
3.557965e-03
3.539167e-03
3.325613e-03
3.308020e-03
3.252137e-03
3.000539e-03
2.821489e-03
2.612773e-03
2.453204e-03
2.321003e-03
2.185754e-03
2.134976e-03
1.909780e-03
1.898914e-03
1.804578e-03
1.686873e-03
1.561935e-03
1.472368e-03
1.392093e-03
1.211683e-03
1.098895e-03
1.073814e-03
1.061251e-03
1.022553e-03
8.229712e-04
7.540921e-04
5.762650e-04
5.093999e-04
2.279719e-04
9.314051e-05
-3.930490e-05
-1.830722e-04
-3.037096e-04
-4.621982e-04
-7.511775e-04
-1.182699e-03
-1.209939e-03
-1.514032e-03
-1.731569e-03
-1.992387e-03
-2.633419e-03
-3.078254e-03
-3.267434e-03
-3.756786e-03
-4.172778e-03
-4.351996e-03
-5.054936e-03
-5.710795e-03
-6.291953e-03
-6.574897e-03
-7.503713e-03
-8.128187e-03
-8.958298e-03
-1.062119e-02
-1.120536e-02
-1.187104e-02
-1.268236e-02
-1.419566e-02
-1.627705e-02
-1.817875e-02
-2.349680e-02
-2.644898e-02
-2.771131e-02
-3.118750e-02
-3.455124e-02
-4.180855e-02
-4.776235e-02
-5.731710e-02
-6.904053e-02
-7.704069e-02
