7.042263e+05
3.068067e+05
2.087440e+05
1.670963e+05
1.563425e+05
1.424922e+05
1.279365e+05
1.130430e+05
9.532545e+04
7.754441e+04
7.058973e+04
6.316728e+04
5.058096e+04
4.466273e+04
3.807970e+04
3.401677e+04
2.953926e+04
2.532915e+04
1.913608e+04
1.640087e+04
1.118656e+04
1.115505e+04
9.065430e+03
7.503142e+03
6.714229e+03
6.483785e+03
5.873190e+03
4.880078e+03
4.647803e+03
4.081956e+03
3.216016e+03
2.848584e+03
2.345013e+03
2.104774e+03
1.593927e+03
1.319653e+03
1.137771e+03
1.038333e+03
8.493984e+02
6.711012e+02
5.977208e+02
5.141608e+02
3.954406e+02
3.933680e+02
3.043354e+02
2.763142e+02
2.669404e+02
2.324680e+02
1.925238e+02
1.430901e+02
1.185961e+02
9.223872e+01
7.589476e+01
6.406922e+01
5.496478e+01
4.078512e+01
4.014482e+01
2.849626e+01
2.136879e+01
1.992086e+01
1.612602e+01
1.310445e+01
1.178454e+01
9.043447e+00
7.182764e+00
6.160932e+00
5.609766e+00
5.123726e+00
3.732812e+00
3.172006e+00
2.604867e+00
1.631779e+00
1.474245e+00
1.194753e+00
1.165025e+00
8.464316e-01
7.255471e-01
4.619642e-01
4.035914e-01
3.669617e-01
2.758703e-01
2.651563e-01
2.306354e-01
2.169113e-01
1.597960e-01
1.231526e-01
1.097468e-01
6.216041e-02
6.048667e-02
5.442448e-02
5.116975e-02
4.966357e-02
4.587877e-02
4.465845e-02
4.308028e-02
4.181305e-02
3.984490e-02
3.884054e-02
3.675674e-02
3.477153e-02
3.401225e-02
3.350060e-02
3.228961e-02
3.176527e-02
2.990794e-02
2.821724e-02
2.767875e-02
2.675933e-02
2.606865e-02
2.576341e-02
2.427634e-02
2.355688e-02
2.323421e-02
2.155627e-02
2.140106e-02
2.034470e-02
1.902595e-02
1.762498e-02
1.666162e-02
1.498705e-02
1.434844e-02
1.403942e-02
1.281908e-02
9.533135e-03
5.875553e-03
6.561080e-12
9.776436e-13
-5.373596e-12
