5.329562e+05
2.251250e+05
1.887459e+05
1.608944e+05
1.159484e+05
1.120663e+05
1.037270e+05
9.120809e+04
7.947362e+04
7.467714e+04
6.905566e+04
5.374736e+04
4.509823e+04
4.201362e+04
3.641403e+04
3.314489e+04
2.675749e+04
2.234980e+04
1.993447e+04
1.278645e+04
1.258150e+04
9.141752e+03
8.643316e+03
7.450922e+03
6.781126e+03
5.235667e+03
4.825688e+03
4.513774e+03
3.873862e+03
3.501893e+03
3.101612e+03
2.471690e+03
2.223402e+03
1.767423e+03
1.631922e+03
1.193538e+03
1.054114e+03
9.299143e+02
8.296419e+02
8.071953e+02
6.376875e+02
5.649546e+02
4.755905e+02
4.278732e+02
4.048371e+02
2.890807e+02
2.828079e+02
2.069293e+02
1.665311e+02
1.456902e+02
1.190403e+02
7.201556e+01
7.099286e+01
5.658054e+01
4.771402e+01
4.516159e+01
3.488514e+01
3.229235e+01
3.111088e+01
2.839587e+01
1.887290e+01
1.732479e+01
1.610863e+01
1.148716e+01
9.349527e+00
5.341413e+00
4.476753e+00
4.195630e+00
3.888650e+00
2.768429e+00
2.359115e+00
1.545112e+00
1.468273e+00
1.454940e+00
1.143011e+00
9.667087e-01
8.214634e-01
4.591766e-01
4.096973e-01
3.423734e-01
2.920113e-01
2.635131e-01
2.379211e-01
1.731591e-01
1.357772e-01
1.237785e-01
1.166240e-01
6.715418e-02
5.604006e-02
5.140628e-02
4.162934e-02
4.059019e-02
3.863011e-02
3.674201e-02
3.598988e-02
3.378744e-02
3.327668e-02
3.267174e-02
3.133254e-02
2.998685e-02
2.961877e-02
2.858919e-02
2.713254e-02
2.604795e-02
2.515915e-02
2.414724e-02
2.261566e-02
2.116222e-02
2.056103e-02
2.036636e-02
1.906768e-02
1.885594e-02
1.859964e-02
1.838432e-02
1.729161e-02
1.673933e-02
1.584189e-02
1.479298e-02
1.444340e-02
1.440135e-02
1.335851e-02
1.314912e-02
1.286580e-02
1.144193e-02
1.045198e-02
9.634684e-03
9.081453e-03
3.417986e-12
