5.872097e+04
1.245417e+04
5.835167e+03
1.610698e+03
1.267024e+03
7.497570e+02
5.822217e+02
3.691957e+02
3.016127e+02
2.875228e+02
2.491444e+02
2.206846e+02
1.728204e+02
1.586487e+02
1.300331e+02
1.105688e+02
1.072916e+02
9.179645e+01
7.370534e+01
6.397189e+01
5.496649e+01
5.308237e+01
4.397158e+01
3.703056e+01
3.332649e+01
2.083465e+01
1.700908e+01
1.568181e+01
1.465312e+01
1.367072e+01
1.175831e+01
1.097593e+01
9.401241e+00
7.903695e+00
7.267037e+00
5.137636e+00
4.999249e+00
4.378129e+00
4.152251e+00
3.673974e+00
3.268475e+00
2.563301e+00
2.283631e+00
2.077621e+00
1.751857e+00
1.194889e+00
9.473104e-01
8.779616e-01
8.160256e-01
7.602380e-01
6.312528e-01
3.697585e-01
3.459634e-01
3.282406e-01
2.949576e-01
2.466240e-01
1.677056e-01
1.297736e-01
1.041518e-01
7.347878e-02
5.533418e-02
5.415650e-02
5.140677e-02
4.097996e-02
3.564956e-02
2.939305e-02
2.023692e-02
1.887916e-02
1.713320e-02
1.514234e-02
1.310356e-02
1.180826e-02
1.117225e-02
8.359249e-03
5.915252e-03
5.068789e-03
4.265321e-03
3.258289e-03
2.655137e-03
2.465819e-03
2.193921e-03
1.993768e-03
1.617649e-03
1.491144e-03
1.237450e-03
1.017052e-03
9.422000e-04
8.941871e-04
8.450405e-04
8.112384e-04
7.956629e-04
7.476413e-04
7.343070e-04
7.021265e-04
6.755944e-04
6.483777e-04
6.337779e-04
6.102532e-04
5.866528e-04
5.743802e-04
5.710865e-04
5.426998e-04
5.315051e-04
5.146918e-04
5.000164e-04
4.952268e-04
4.886278e-04
4.771048e-04
4.679865e-04
4.612722e-04
4.559076e-04
4.490504e-04
4.428652e-04
4.334365e-04
4.269501e-04
4.210722e-04
4.152264e-04
4.069064e-04
4.013942e-04
3.933562e-04
3.886681e-04
3.837700e-04
3.831337e-04
3.769585e-04
3.713657e-04
3.705431e-04
3.680408e-04
3.596197e-04
3.515334e-04
3.456193e-04
3.432245e-04
3.385750e-04
3.364607e-04
3.321556e-04
3.272669e-04
3.233854e-04
3.229546e-04
3.203815e-04
3.189738e-04
3.141828e-04
3.105135e-04
3.040847e-04
3.001908e-04
2.990177e-04
2.976924e-04
2.947655e-04
2.882157e-04
2.847333e-04
2.822922e-04
2.807016e-04
2.710947e-04
2.704461e-04
2.694702e-04
2.652730e-04
2.616305e-04
2.578865e-04
2.561333e-04
2.545423e-04
2.502027e-04
2.480400e-04
2.452069e-04
2.411102e-04
2.376959e-04
2.350508e-04
2.302007e-04
2.289823e-04
2.278545e-04
2.225268e-04
2.198687e-04
2.172348e-04
2.118296e-04
2.109286e-04
2.083567e-04
2.078766e-04
2.058963e-04
2.002803e-04
1.965701e-04
1.954107e-04
1.928728e-04
1.886198e-04
1.877295e-04
1.831229e-04
1.808264e-04
1.784496e-04
1.772772e-04
1.751519e-04
1.709981e-04
1.692671e-04
1.672104e-04
1.662896e-04
1.635071e-04
1.612721e-04
1.563368e-04
1.533591e-04
1.520755e-04
1.512702e-04
1.476157e-04
1.463459e-04
1.453757e-04
1.425469e-04
1.401927e-04
1.330517e-04
1.296792e-04
1.279633e-04
1.260090e-04
1.231731e-04
1.195813e-04
1.185738e-04
1.177640e-04
1.166489e-04
1.104636e-04
1.083925e-04
1.078311e-04
1.059858e-04
1.039999e-04
1.008156e-04
9.784481e-05
9.502313e-05
9.276665e-05
8.988835e-05
8.847663e-05
8.327587e-05
8.249679e-05
7.881533e-05
7.508605e-05
7.444545e-05
7.186677e-05
7.053221e-05
6.857808e-05
6.392942e-05
6.280270e-05
6.119125e-05
5.976246e-05
5.708745e-05
5.184915e-05
5.030584e-05
4.745850e-05
4.642956e-05
4.341214e-05
4.105807e-05
3.964762e-05
3.639383e-05
3.497984e-05
3.220990e-05
2.911898e-05
2.688257e-05
2.615665e-05
1.973032e-05
1.814238e-05
1.634046e-05
1.250890e-05
1.004906e-05
8.364085e-06
6.502764e-06
5.058709e-06
2.235855e-06
6.644552e-07
1.280944e-13
7.242952e-14
-1.487191e-14
-5.671518e-14
-1.184368e-13
-7.169809e-07
-5.048388e-06
-8.800488e-06
-1.232216e-05
-1.322533e-05
-1.664644e-05
-1.843475e-05
-2.312618e-05
-2.415951e-05
-2.572174e-05
-2.689627e-05
-3.036912e-05
-3.191001e-05
-3.586589e-05
-3.657302e-05
-3.800582e-05
-4.124530e-05
-4.300259e-05
-4.500329e-05
-4.854870e-05
-4.986097e-05
-5.126338e-05
-5.493334e-05
-5.651671e-05
-5.728724e-05
-5.967508e-05
-6.368379e-05
-6.597139e-05
-7.020254e-05
-7.277581e-05
-7.348772e-05
-7.953933e-05
-8.063327e-05
-8.270541e-05
-8.574544e-05
-8.736564e-05
-9.135404e-05
-9.501845e-05
-9.586282e-05
-1.014630e-04
-1.022581e-04
-1.058943e-04
-1.072946e-04
-1.097980e-04
-1.128882e-04
-1.149922e-04
-1.197835e-04
-1.224056e-04
-1.253659e-04
-1.261411e-04
-1.285080e-04
-1.298431e-04
-1.340303e-04
-1.361704e-04
-1.379500e-04
-1.394334e-04
-1.446004e-04
-1.475521e-04
-1.497800e-04
-1.514213e-04
-1.551553e-04
-1.584317e-04
-1.603995e-04
-1.630276e-04
-1.657962e-04
-1.700010e-04
-1.712770e-04
-1.734150e-04
-1.794062e-04
-1.837503e-04
-1.856316e-04
-1.884428e-04
-1.909582e-04
-1.928624e-04
-1.959398e-04
-1.996621e-04
-2.022151e-04
-2.099421e-04
-2.125806e-04
-2.153033e-04
-2.174454e-04
-2.228204e-04
-2.249199e-04
-2.294577e-04
-2.321337e-04
-2.348858e-04
-2.388784e-04
-2.503358e-04
-2.537133e-04
-2.563365e-04
-2.573663e-04
-2.614870e-04
-2.647802e-04
-2.709127e-04
-2.749652e-04
-2.786536e-04
-2.824121e-04
-2.882533e-04
-2.905354e-04
-2.925374e-04
-2.977533e-04
-3.040807e-04
-3.128133e-04
-3.191360e-04
-3.282577e-04
-3.324093e-04
-3.377325e-04
-3.453984e-04
-3.481896e-04
-3.561646e-04
-3.668882e-04
-3.706046e-04
-3.821599e-04
-3.855509e-04
-3.923184e-04
-4.283077e-04
-4.873968e-04
-5.352538e-04
-6.196981e-04
-6.479620e-04
-7.514149e-04
-1.401496e-03
