1.866386e+05
1.979687e+04
5.350055e+03
2.027196e+03
1.939742e+02
2.270077e+01
1.026625e+01
6.416831e+00
1.702283e+00
1.897086e-01
6.847344e-02
4.638320e-02
3.853149e-02
3.626512e-02
3.385263e-02
2.917391e-02
2.648560e-02
2.459880e-02
2.369234e-02
2.079590e-02
2.021651e-02
1.934086e-02
1.797027e-02
1.665589e-02
1.598395e-02
1.442837e-02
1.382223e-02
1.320340e-02
1.252316e-02
1.196395e-02
1.163616e-02
1.070248e-02
1.062285e-02
9.881699e-03
9.512166e-03
9.017697e-03
8.317556e-03
7.871808e-03
7.563385e-03
7.416253e-03
6.614255e-03
6.581664e-03
6.132103e-03
6.036989e-03
5.815031e-03
5.453933e-03
5.290749e-03
5.213288e-03
4.785691e-03
4.490510e-03
4.366936e-03
3.977417e-03
3.765640e-03
3.678531e-03
3.587506e-03
3.350543e-03
3.127262e-03
2.975545e-03
2.802128e-03
2.706028e-03
2.568015e-03
2.404093e-03
2.321265e-03
2.219411e-03
2.069064e-03
1.924201e-03
1.840740e-03
1.666335e-03
1.305531e-03
1.246680e-03
1.205625e-03
1.125325e-03
9.613702e-04
9.473964e-04
7.664186e-04
7.522608e-04
6.682668e-04
6.496600e-04
5.896912e-04
5.031513e-04
4.477505e-04
3.020325e-04
2.356653e-04
1.197943e-04
2.801996e-06
-4.127522e-05
-2.432931e-04
-2.792791e-04
-3.614613e-04
-8.130951e-04
-9.007843e-04
-1.189291e-03
-1.292564e-03
-1.619323e-03
-1.885217e-03
-1.935545e-03
-2.145072e-03
-2.439060e-03
-2.890702e-03
-3.654252e-03
-4.028744e-03
-4.521180e-03
-5.226821e-03
-5.589997e-03
-6.266408e-03
-6.554482e-03
-7.314290e-03
-7.765529e-03
-8.839520e-03
-9.239626e-03
-1.041023e-02
-1.063013e-02
-1.209204e-02
-1.341651e-02
-1.440003e-02
-1.605057e-02
-1.658471e-02
-1.920126e-02
-2.211194e-02
-2.446286e-02
-3.113593e-02
-3.334161e-02
-4.194823e-02
-4.261309e-02
-4.764336e-02
-5.675353e-02
-7.346506e-02
-8.865552e-02
