5.907458e+04
1.322652e+04
5.894884e+03
1.687706e+03
1.234855e+03
9.379178e+02
6.520634e+02
3.822628e+02
3.357279e+02
2.896505e+02
2.646466e+02
2.291844e+02
2.077318e+02
1.790172e+02
1.506932e+02
1.313626e+02
1.079670e+02
8.904266e+01
7.629279e+01
6.745129e+01
5.973906e+01
5.064503e+01
4.845999e+01
4.201266e+01
2.964484e+01
2.575834e+01
2.116936e+01
1.809399e+01
1.597953e+01
1.471309e+01
1.262206e+01
1.178934e+01
1.058423e+01
8.310695e+00
7.828491e+00
6.992878e+00
6.111863e+00
5.120211e+00
4.904855e+00
3.995292e+00
3.311059e+00
2.365076e+00
2.227884e+00
2.112433e+00
2.019732e+00
1.359354e+00
1.206211e+00
9.560859e-01
8.728781e-01
8.333138e-01
6.679277e-01
5.476054e-01
4.584544e-01
3.821092e-01
2.768155e-01
2.467767e-01
1.798202e-01
1.605376e-01
1.212518e-01
9.872387e-02
9.240827e-02
7.479378e-02
5.671938e-02
5.030281e-02
3.590294e-02
3.409148e-02
2.963301e-02
2.914195e-02
2.313918e-02
2.104460e-02
1.934025e-02
1.303586e-02
1.223851e-02
1.144099e-02
7.436499e-03
6.616988e-03
6.157894e-03
5.543040e-03
2.969871e-03
2.890376e-03
2.833785e-03
2.238111e-03
1.943245e-03
1.651890e-03
1.325036e-03
1.189486e-03
1.061906e-03
9.798650e-04
9.316681e-04
8.647325e-04
8.339367e-04
7.573842e-04
7.525990e-04
7.304413e-04
6.625523e-04
6.408460e-04
6.245238e-04
6.056819e-04
5.892546e-04
5.795259e-04
5.571603e-04
5.495387e-04
5.342211e-04
5.245879e-04
5.228621e-04
5.138637e-04
5.079557e-04
4.939857e-04
4.782839e-04
4.750674e-04
4.640229e-04
4.597239e-04
4.553384e-04
4.517403e-04
4.399527e-04
4.303230e-04
4.256767e-04
4.231113e-04
4.183358e-04
4.148473e-04
4.143203e-04
4.076666e-04
3.907508e-04
3.883305e-04
3.832939e-04
3.801535e-04
3.735996e-04
3.728047e-04
3.718341e-04
3.647017e-04
3.593289e-04
3.542184e-04
3.522371e-04
3.506917e-04
3.464649e-04
3.409246e-04
3.367462e-04
3.344377e-04
3.295203e-04
3.282437e-04
3.258330e-04
3.244098e-04
3.168054e-04
3.134714e-04
3.089276e-04
3.077077e-04
2.989491e-04
2.953942e-04
2.928619e-04
2.905794e-04
2.887535e-04
2.874194e-04
2.816104e-04
2.771294e-04
2.739653e-04
2.698249e-04
2.683309e-04
2.643102e-04
2.624728e-04
2.575177e-04
2.530628e-04
2.517575e-04
2.470745e-04
2.449405e-04
2.436759e-04
2.386650e-04
2.373664e-04
2.327223e-04
2.320764e-04
2.283871e-04
2.281772e-04
2.218704e-04
2.175531e-04
2.135832e-04
2.126913e-04
2.058649e-04
2.055543e-04
2.013134e-04
1.982754e-04
1.969539e-04
1.956988e-04
1.942204e-04
1.934652e-04
1.901400e-04
1.867783e-04
1.820206e-04
1.799116e-04
1.769889e-04
1.753492e-04
1.715179e-04
1.713688e-04
1.661795e-04
1.643889e-04
1.626695e-04
1.614794e-04
1.584396e-04
1.554810e-04
1.527094e-04
1.487573e-04
1.467520e-04
1.413364e-04
1.408006e-04
1.391200e-04
1.349942e-04
1.336462e-04
1.311165e-04
1.258747e-04
1.256138e-04
1.241684e-04
1.223804e-04
1.192644e-04
1.165757e-04
1.150415e-04
1.136485e-04
1.104160e-04
1.092199e-04
1.066235e-04
1.053621e-04
1.019742e-04
9.845266e-05
9.699330e-05
9.388161e-05
9.043804e-05
8.935009e-05
8.820195e-05
8.273935e-05
8.158162e-05
7.902678e-05
7.539952e-05
7.483894e-05
7.113563e-05
6.997562e-05
6.697710e-05
6.479311e-05
6.462791e-05
5.885118e-05
5.641508e-05
5.593607e-05
5.156929e-05
4.889569e-05
4.646974e-05
4.328996e-05
4.080582e-05
3.951152e-05
3.712906e-05
3.586628e-05
3.432700e-05
2.908273e-05
2.691331e-05
2.633999e-05
2.235221e-05
1.877201e-05
1.695041e-05
1.624054e-05
1.481191e-05
1.348488e-05
1.072270e-05
1.059511e-05
7.041979e-06
3.072389e-06
2.103190e-06
6.176881e-14
-2.302693e-13
-2.321576e-06
-2.935706e-06
-8.045441e-06
-9.173858e-06
-1.122987e-05
-1.285230e-05
-1.508754e-05
-2.084496e-05
-2.248016e-05
-2.705447e-05
-2.916346e-05
-3.163531e-05
-3.290732e-05
-3.786444e-05
-3.871009e-05
-4.197043e-05
-4.402349e-05
-5.005894e-05
-5.104053e-05
-5.200467e-05
-5.733193e-05
-5.793157e-05
-6.135961e-05
-6.423674e-05
-6.514717e-05
-6.722059e-05
-6.982769e-05
-7.079462e-05
-7.309938e-05
-7.711762e-05
-7.734841e-05
-8.107438e-05
-8.138829e-05
-8.562148e-05
-8.897161e-05
-9.020774e-05
-9.247987e-05
-9.532147e-05
-9.737278e-05
-9.989893e-05
-1.024200e-04
-1.059918e-04
-1.113638e-04
-1.127974e-04
-1.164352e-04
-1.180475e-04
-1.193815e-04
-1.228469e-04
-1.252407e-04
-1.274586e-04
-1.308179e-04
-1.324498e-04
-1.350599e-04
-1.364611e-04
-1.389213e-04
-1.434180e-04
-1.438250e-04
-1.522653e-04
-1.538286e-04
-1.557229e-04
-1.603434e-04
-1.643046e-04
-1.651611e-04
-1.718236e-04
-1.746409e-04
-1.781667e-04
-1.809620e-04
-1.834179e-04
-1.869436e-04
-1.886730e-04
-1.892870e-04
-1.939655e-04
-1.970072e-04
-2.027261e-04
-2.040127e-04
-2.080470e-04
-2.121195e-04
-2.160221e-04
-2.190591e-04
-2.256547e-04
-2.257610e-04
-2.297171e-04
-2.353141e-04
-2.374608e-04
-2.423688e-04
-2.439927e-04
-2.475911e-04
-2.509633e-04
-2.555544e-04
-2.584852e-04
-2.649075e-04
-2.666460e-04
-2.698304e-04
-2.742361e-04
-2.835399e-04
-2.875362e-04
-2.897208e-04
-2.986249e-04
-2.994504e-04
-3.021729e-04
-3.072603e-04
-3.146466e-04
-3.159581e-04
-3.199532e-04
-3.319846e-04
-3.338597e-04
-3.399388e-04
-3.457938e-04
-3.484369e-04
-3.558149e-04
-3.620680e-04
-3.712207e-04
-3.811393e-04
-3.857563e-04
-4.023749e-04
-4.406553e-04
-4.505221e-04
-5.324624e-04
-5.721324e-04
-6.804934e-04
-1.083270e-03
