2.127769e+05
2.030182e+04
5.129126e+03
2.105609e+03
2.194530e+02
2.054290e+01
1.080024e+01
6.035580e+00
1.565936e+00
2.177164e-01
6.353053e-02
4.225546e-02
3.920599e-02
3.489305e-02
3.109824e-02
2.824541e-02
2.414875e-02
2.127292e-02
1.970831e-02
1.849268e-02
1.798520e-02
1.656015e-02
1.591945e-02
1.525726e-02
1.382015e-02
1.362756e-02
1.286393e-02
1.241225e-02
1.173223e-02
1.119585e-02
1.074615e-02
1.032938e-02
1.021504e-02
9.932673e-03
9.068681e-03
8.538297e-03
8.248700e-03
7.652349e-03
7.501665e-03
7.434022e-03
7.256749e-03
6.848709e-03
6.534432e-03
6.460940e-03
6.159517e-03
5.890486e-03
5.760220e-03
5.739133e-03
5.275066e-03
5.142599e-03
4.893800e-03
4.554690e-03
4.415968e-03
4.234959e-03
4.129458e-03
3.989678e-03
3.754842e-03
3.653522e-03
3.550679e-03
3.490795e-03
3.246459e-03
3.132024e-03
2.888816e-03
2.685763e-03
2.545370e-03
2.389247e-03
2.289571e-03
2.215479e-03
1.848065e-03
1.839653e-03
1.750219e-03
1.558394e-03
1.519212e-03
1.456656e-03
1.317363e-03
1.073878e-03
1.045670e-03
9.909503e-04
8.660384e-04
7.417036e-04
5.947536e-04
5.152936e-04
3.953717e-04
3.411408e-04
1.703331e-04
1.320545e-04
6.565981e-05
-1.193797e-04
-4.392577e-04
-6.125152e-04
-7.481682e-04
-8.721956e-04
-1.330721e-03
-1.443399e-03
-1.510570e-03
-1.718567e-03
-1.988586e-03
-2.198124e-03
-2.313147e-03
-2.576376e-03
-3.114898e-03
-3.962371e-03
-4.064108e-03
-4.228008e-03
-4.890035e-03
-5.180515e-03
-5.703016e-03
-6.369044e-03
-6.689883e-03
-7.333829e-03
-8.605681e-03
-9.128575e-03
-9.742491e-03
-1.087953e-02
-1.214729e-02
-1.381672e-02
-1.430279e-02
-1.797832e-02
-1.949058e-02
-2.266685e-02
-2.439242e-02
-2.686025e-02
-2.995037e-02
-3.457659e-02
-4.726966e-02
-4.988414e-02
-7.003356e-02
-9.513730e-02
