8.371055e+04
3.454212e+03
2.222775e+03
1.837026e+03
1.166373e+03
8.842892e+02
6.484602e+02
5.238418e+02
3.852526e+02
3.835162e+02
3.518402e+02
3.094534e+02
2.838066e+02
2.619878e+02
2.466967e+02
2.233798e+02
2.122446e+02
2.090795e+02
1.857092e+02
1.737062e+02
1.677313e+02
1.637743e+02
1.552323e+02
1.439140e+02
1.423688e+02
1.362218e+02
1.354871e+02
1.258214e+02
1.173683e+02
1.073536e+02
9.871068e+01
9.259865e+01
8.770032e+01
8.211060e+01
8.068092e+01
7.732662e+01
7.250285e+01
6.893243e+01
6.479520e+01
6.194218e+01
5.969592e+01
5.632875e+01
5.453817e+01
5.319437e+01
5.006627e+01
4.792381e+01
4.491101e+01
4.161645e+01
3.949500e+01
3.832603e+01
3.433143e+01
3.200598e+01
3.006138e+01
2.859799e+01
2.784424e+01
2.603425e+01
2.579626e+01
2.432887e+01
2.207638e+01
2.111125e+01
2.046913e+01
1.726330e+01
1.657859e+01
1.535439e+01
1.452637e+01
1.315569e+01
1.283343e+01
1.175959e+01
1.161635e+01
1.088552e+01
1.072560e+01
9.958931e+00
8.864278e+00
8.234805e+00
7.331452e+00
6.588297e+00
6.515441e+00
6.332811e+00
6.263150e+00
5.939709e+00
5.683736e+00
4.856547e+00
4.627437e+00
4.389439e+00
4.187934e+00
3.952624e+00
3.761600e+00
3.677819e+00
3.530615e+00
3.386896e+00
3.273758e+00
3.227319e+00
3.040612e+00
2.939170e+00
2.783014e+00
2.661011e+00
2.550956e+00
2.506605e+00
2.306963e+00
2.230790e+00
2.133309e+00
2.075864e+00
1.901360e+00
1.803105e+00
1.734281e+00
1.709485e+00
1.577925e+00
1.410411e+00
1.373025e+00
1.336639e+00
1.290955e+00
1.261933e+00
1.166985e+00
1.104080e+00
1.086365e+00
1.026878e+00
9.960896e-01
9.085694e-01
8.824084e-01
7.722811e-01
7.503281e-01
7.310579e-01
6.841833e-01
6.672007e-01
6.373315e-01
6.074541e-01
5.820884e-01
5.467492e-01
5.201159e-01
4.890252e-01
4.813483e-01
4.737066e-01
4.375348e-01
4.198179e-01
3.831517e-01
3.613080e-01
3.289458e-01
3.100102e-01
2.864259e-01
2.840662e-01
2.641948e-01
2.578982e-01
2.490836e-01
2.339522e-01
2.290155e-01
1.996522e-01
1.973031e-01
1.791959e-01
1.708801e-01
1.592920e-01
1.526753e-01
1.468097e-01
1.417732e-01
1.365824e-01
1.323591e-01
1.234632e-01
1.179482e-01
1.040677e-01
1.028100e-01
9.346922e-02
9.124850e-02
8.861136e-02
8.196361e-02
7.982500e-02
7.399485e-02
7.174456e-02
6.757968e-02
6.453203e-02
6.343418e-02
5.475525e-02
5.324119e-02
5.101158e-02
4.842985e-02
4.754080e-02
4.376684e-02
4.372223e-02
4.312498e-02
3.815353e-02
3.453880e-02
3.317218e-02
3.169423e-02
3.116527e-02
2.962479e-02
2.803171e-02
2.520482e-02
2.466462e-02
2.331682e-02
2.206531e-02
2.111008e-02
2.099480e-02
2.013580e-02
1.831007e-02
1.676141e-02
1.648451e-02
1.499828e-02
1.439346e-02
1.384093e-02
1.316673e-02
1.176676e-02
1.033240e-02
9.850213e-03
8.563578e-03
8.322829e-03
8.053099e-03
7.533428e-03
7.188716e-03
7.030492e-03
6.423144e-03
5.725976e-03
5.449748e-03
5.302354e-03
5.171392e-03
5.008813e-03
4.784803e-03
4.609721e-03
4.541218e-03
4.390945e-03
4.048223e-03
3.866621e-03
3.613026e-03
3.523261e-03
3.325865e-03
3.093888e-03
2.982198e-03
2.811929e-03
2.396098e-03
2.299092e-03
2.235085e-03
2.069402e-03
1.972588e-03
1.886445e-03
1.864405e-03
1.841735e-03
1.713397e-03
1.660643e-03
1.596215e-03
1.587422e-03
1.520665e-03
1.463221e-03
1.411738e-03
1.397443e-03
1.366675e-03
1.322254e-03
1.302217e-03
1.266072e-03
1.191022e-03
1.158168e-03
1.151814e-03
1.131744e-03
1.119600e-03
1.091029e-03
1.085865e-03
1.055499e-03
1.049239e-03
9.951509e-04
9.787057e-04
9.665630e-04
9.576125e-04
9.532822e-04
9.386815e-04
9.239514e-04
9.095981e-04
9.019074e-04
8.923217e-04
8.591309e-04
8.544978e-04
8.346858e-04
8.280768e-04
8.188267e-04
7.962827e-04
7.900824e-04
7.751559e-04
7.670897e-04
7.568744e-04
7.399850e-04
7.359032e-04
7.212465e-04
7.084759e-04
7.047245e-04
6.963719e-04
6.838996e-04
6.732952e-04
6.654132e-04
6.594132e-04
6.394525e-04
6.247402e-04
6.189804e-04
6.023791e-04
5.939107e-04
5.862513e-04
5.772986e-04
5.678617e-04
5.624247e-04
5.490662e-04
5.416290e-04
5.305497e-04
5.142367e-04
5.070401e-04
5.012846e-04
4.819945e-04
4.714349e-04
4.626676e-04
4.571313e-04
4.464073e-04
4.312260e-04
4.285696e-04
4.117268e-04
4.019076e-04
3.920680e-04
3.799983e-04
3.764333e-04
3.666230e-04
3.477197e-04
3.427973e-04
3.273115e-04
3.134173e-04
3.053304e-04
3.043155e-04
2.960688e-04
2.932657e-04
2.794630e-04
2.727429e-04
2.658860e-04
2.536785e-04
2.426371e-04
2.407010e-04
2.190950e-04
2.110999e-04
1.994911e-04
1.926817e-04
1.830154e-04
1.630662e-04
1.585561e-04
1.501934e-04
1.401960e-04
1.259103e-04
1.171376e-04
1.069806e-04
1.019942e-04
8.713281e-05
7.890038e-05
7.139150e-05
5.840383e-05
5.499931e-05
4.611124e-05
3.692115e-05
2.409597e-05
1.627939e-05
1.374237e-06
1.544736e-14
-1.622865e-06
-1.144493e-05
-1.807341e-05
-3.886751e-05
-5.572503e-05
-5.938834e-05
-7.913712e-05
-8.535165e-05
-9.270948e-05
-1.012206e-04
-1.125568e-04
-1.174653e-04
-1.335340e-04
-1.380218e-04
-1.638826e-04
-1.732566e-04
-1.890670e-04
-1.962353e-04
-2.035708e-04
-2.142867e-04
-2.423402e-04
-2.540750e-04
-2.652691e-04
-2.706721e-04
-2.897967e-04
-3.106817e-04
-3.133292e-04
-3.421553e-04
-3.514604e-04
-3.848108e-04
-3.994855e-04
-4.223196e-04
-4.533936e-04
-4.658631e-04
