3.348853e+10
1.441366e+10
6.064342e+09
4.754686e+09
4.157011e+09
3.690873e+09
3.198361e+09
3.039639e+09
2.822367e+09
2.512064e+09
2.429317e+09
2.281726e+09
2.177940e+09
2.120469e+09
1.995767e+09
1.873530e+09
1.822135e+09
1.735268e+09
1.581172e+09
1.560244e+09
1.501934e+09
1.378152e+09
1.299446e+09
1.255477e+09
1.229237e+09
1.189360e+09
1.178001e+09
1.114774e+09
1.020358e+09
9.942836e+08
9.769460e+08
9.550467e+08
8.977036e+08
8.771780e+08
8.549699e+08
8.313116e+08
7.915532e+08
7.661020e+08
7.535455e+08
7.182979e+08
7.022983e+08
6.879576e+08
6.737075e+08
6.531565e+08
6.356484e+08
5.986146e+08
5.807395e+08
5.786900e+08
5.598932e+08
5.456593e+08
5.294497e+08
5.081390e+08
5.053043e+08
4.878496e+08
4.727152e+08
4.710329e+08
4.598253e+08
4.543762e+08
4.443180e+08
4.281586e+08
4.206620e+08
4.010129e+08
3.938390e+08
3.740582e+08
3.688025e+08
3.527795e+08
3.403108e+08
3.364395e+08
3.314087e+08
3.209877e+08
3.098539e+08
3.033762e+08
3.004308e+08
2.941871e+08
2.733548e+08
2.658976e+08
2.617106e+08
2.558515e+08
2.476733e+08
2.425917e+08
2.363206e+08
2.277378e+08
2.207511e+08
2.067451e+08
2.044539e+08
1.986430e+08
1.925745e+08
1.917786e+08
1.877053e+08
1.815331e+08
1.774327e+08
1.677602e+08
1.623521e+08
1.582037e+08
1.566531e+08
1.505446e+08
1.472514e+08
1.423347e+08
1.335570e+08
1.250433e+08
1.214427e+08
1.129492e+08
1.117068e+08
1.010686e+08
9.748549e+07
9.266160e+07
9.059352e+07
8.804716e+07
8.008546e+07
7.103870e+07
6.737638e+07
6.655764e+07
6.075811e+07
5.262431e+07
4.474338e+07
4.117324e+07
3.603064e+07
3.313278e+07
3.012855e+07
2.707177e+07
2.311360e+07
1.915225e+07
1.485200e+07
1.252551e+07
1.127974e+07
9.740919e+06
6.018730e+06
3.745928e+06
