6.630495e+12
4.807244e+12
4.071315e+12
3.393013e+12
3.208913e+12
3.072203e+12
2.597476e+12
2.247440e+12
2.210394e+12
2.115781e+12
1.968803e+12
1.952172e+12
1.799897e+12
1.735764e+12
1.721588e+12
1.590913e+12
1.475848e+12
1.458307e+12
1.412204e+12
1.380303e+12
1.309711e+12
1.249609e+12
1.247074e+12
1.171886e+12
1.081365e+12
1.070955e+12
1.049355e+12
1.019977e+12
1.003090e+12
9.466136e+11
9.167334e+11
8.819806e+11
8.748059e+11
8.558800e+11
8.433393e+11
8.230854e+11
7.937729e+11
7.722502e+11
7.543867e+11
7.196629e+11
7.152682e+11
6.882980e+11
6.760102e+11
6.520070e+11
6.255895e+11
6.188677e+11
6.067769e+11
5.932682e+11
5.750178e+11
5.636650e+11
5.429800e+11
5.405109e+11
5.262530e+11
5.132204e+11
4.959089e+11
4.918556e+11
4.748405e+11
4.693227e+11
4.601518e+11
4.580471e+11
4.526925e+11
4.460480e+11
4.273118e+11
4.257736e+11
4.086859e+11
4.032712e+11
3.967999e+11
3.872196e+11
3.829370e+11
3.748890e+11
3.647479e+11
3.610556e+11
3.581888e+11
3.454111e+11
3.423802e+11
3.406497e+11
3.334988e+11
3.325153e+11
3.279762e+11
3.186222e+11
3.151731e+11
3.118539e+11
3.009267e+11
2.966217e+11
2.937357e+11
2.927268e+11
2.855076e+11
2.843337e+11
2.822940e+11
2.735564e+11
2.709015e+11
2.683893e+11
2.602871e+11
2.563323e+11
2.534437e+11
2.504289e+11
2.461514e+11
2.402659e+11
2.341877e+11
2.324716e+11
2.285114e+11
2.251115e+11
2.229047e+11
2.179355e+11
2.168893e+11
2.146536e+11
2.097914e+11
2.046793e+11
2.016974e+11
1.999603e+11
1.981058e+11
1.941943e+11
1.902699e+11
1.853854e+11
1.833442e+11
1.810255e+11
1.764575e+11
1.718541e+11
1.697043e+11
1.628833e+11
1.610316e+11
1.558219e+11
1.486847e+11
1.388056e+11
9.611649e+10
7.214906e+10
5.489496e+10
2.464024e+10
