3.060672e+10
1.248305e+10
6.405834e+09
5.315227e+09
4.135049e+09
3.253875e+09
3.115491e+09
2.971425e+09
2.637228e+09
2.481791e+09
2.418332e+09
2.263978e+09
2.153700e+09
2.004818e+09
1.947241e+09
1.752917e+09
1.622486e+09
1.607491e+09
1.529653e+09
1.486527e+09
1.434167e+09
1.363159e+09
1.307655e+09
1.303071e+09
1.268946e+09
1.199193e+09
1.180809e+09
1.094712e+09
1.060239e+09
1.034997e+09
1.020016e+09
9.862971e+08
9.231328e+08
9.117819e+08
8.875725e+08
8.478753e+08
8.413203e+08
8.235020e+08
8.054108e+08
7.919560e+08
7.659606e+08
7.555999e+08
7.211045e+08
7.043541e+08
6.930143e+08
6.447894e+08
6.362633e+08
6.083887e+08
6.015348e+08
5.777899e+08
5.748485e+08
5.668093e+08
5.425462e+08
5.298114e+08
5.179553e+08
5.061920e+08
4.914894e+08
4.730684e+08
4.659514e+08
4.626574e+08
4.450430e+08
4.249347e+08
4.182925e+08
4.091693e+08
3.924729e+08
3.881671e+08
3.841954e+08
3.755446e+08
3.653921e+08
3.437239e+08
3.387411e+08
3.346758e+08
3.202651e+08
3.150017e+08
3.061398e+08
3.054728e+08
3.024534e+08
2.925680e+08
2.901598e+08
2.788546e+08
2.640969e+08
2.623525e+08
2.591591e+08
2.547353e+08
2.429101e+08
2.356758e+08
2.302115e+08
2.221713e+08
2.189202e+08
2.086914e+08
2.030994e+08
1.984695e+08
1.870772e+08
1.825298e+08
1.735675e+08
1.726680e+08
1.675470e+08
1.584373e+08
1.522456e+08
1.491399e+08
1.470094e+08
1.458308e+08
1.366565e+08
1.333284e+08
1.273711e+08
1.233985e+08
1.218929e+08
1.193148e+08
1.096610e+08
1.084660e+08
1.029491e+08
1.000113e+08
9.442910e+07
9.161302e+07
8.898878e+07
8.420924e+07
7.979066e+07
7.503118e+07
7.028145e+07
6.451776e+07
5.063999e+07
4.472956e+07
3.594384e+07
2.048143e+07
1.438218e+07
9.170207e+06
6.178934e+06
8.352084e+05
