2.098268e+12
1.804435e+12
1.537563e+12
1.444415e+12
1.262715e+12
1.130863e+12
1.091105e+12
1.006974e+12
9.533572e+11
9.162029e+11
8.578832e+11
8.497814e+11
7.887073e+11
7.611594e+11
6.941854e+11
6.866813e+11
6.628592e+11
6.412101e+11
6.117641e+11
5.666828e+11
5.442307e+11
5.266821e+11
4.969421e+11
4.940800e+11
4.701391e+11
4.386027e+11
4.291347e+11
4.080564e+11
4.015997e+11
3.935857e+11
3.768653e+11
3.712579e+11
3.563427e+11
3.423610e+11
3.220545e+11
3.150179e+11
3.085018e+11
2.987035e+11
2.975736e+11
2.914867e+11
2.857561e+11
2.763799e+11
2.607273e+11
2.477479e+11
2.467429e+11
2.370519e+11
2.266836e+11
2.221215e+11
2.174401e+11
2.133453e+11
2.006016e+11
1.914568e+11
1.851496e+11
1.785102e+11
1.740204e+11
1.729294e+11
1.691417e+11
1.659034e+11
1.595785e+11
1.569748e+11
1.492132e+11
1.462103e+11
1.442473e+11
1.426435e+11
1.407605e+11
1.385903e+11
1.346569e+11
1.325445e+11
1.263527e+11
1.246358e+11
1.212501e+11
1.183340e+11
1.168100e+11
1.139825e+11
1.105478e+11
1.083506e+11
1.061858e+11
1.029336e+11
1.025007e+11
9.904275e+10
9.692649e+10
9.417695e+10
9.362498e+10
9.067687e+10
9.059081e+10
8.872600e+10
8.685288e+10
8.476059e+10
8.353944e+10
8.297750e+10
8.070984e+10
7.900017e+10
7.660977e+10
7.513584e+10
7.355327e+10
7.224460e+10
7.073545e+10
6.981304e+10
6.851256e+10
6.815411e+10
6.762702e+10
6.590228e+10
6.433711e+10
6.248363e+10
6.142112e+10
6.089741e+10
5.944445e+10
5.892585e+10
5.806697e+10
5.623253e+10
5.530700e+10
5.424981e+10
5.220957e+10
5.174055e+10
5.088412e+10
4.901249e+10
4.831280e+10
4.699949e+10
4.609465e+10
4.544618e+10
4.391709e+10
4.202720e+10
3.916755e+10
3.676448e+10
3.575576e+10
2.901072e+10
2.542833e+10
2.284244e+10
