1.302188e+08
2.029892e+07
1.998596e+06
1.233400e+06
6.622632e+05
3.672885e+05
3.169719e+05
1.035128e+05
2.257530e+04
1.504204e+04
5.400449e+03
8.707230e+02
4.887661e+02
2.124534e+02
9.453675e+01
5.737190e+01
5.076871e+01
3.964748e+01
3.429849e+01
3.228156e+01
2.844489e+01
2.422688e+01
2.075402e+01
1.671307e+01
1.569223e+01
1.554983e+01
1.410771e+01
1.245330e+01
1.204789e+01
1.102323e+01
1.018333e+01
9.476378e+00
9.207656e+00
9.033132e+00
8.427511e+00
7.944454e+00
7.391919e+00
6.976674e+00
6.785227e+00
5.859231e+00
5.624164e+00
5.514326e+00
5.286107e+00
5.060940e+00
4.566453e+00
4.252101e+00
4.160815e+00
3.717837e+00
3.645073e+00
3.462205e+00
3.319302e+00
2.901436e+00
2.613168e+00
2.596952e+00
2.275489e+00
2.141321e+00
1.757565e+00
1.532856e+00
1.438683e+00
1.310913e+00
1.252567e+00
1.006858e+00
8.769951e-01
7.683440e-01
6.631748e-01
5.792699e-01
4.588616e-01
3.528519e-01
3.180754e-01
2.397204e-01
1.871686e-01
1.649311e-01
1.187507e-01
1.100155e-01
9.199166e-02
8.464567e-02
5.856401e-02
3.478058e-02
2.056083e-03
3.610613e-10
-8.678219e-12
-1.211749e-02
-1.819341e-02
-2.795827e-02
-1.236335e-01
-2.020920e-01
-3.191629e-01
-4.315310e-01
-4.806965e-01
-5.256246e-01
-7.415315e-01
-8.930746e-01
-9.127108e-01
-1.031632e+00
-1.225779e+00
-1.327800e+00
-1.577448e+00
-1.729190e+00
-1.856893e+00
-2.203263e+00
-2.393254e+00
-2.750040e+00
-2.803955e+00
-3.051172e+00
-3.435049e+00
-3.686100e+00
-3.934764e+00
-4.439528e+00
-4.672404e+00
-5.448600e+00
-5.743051e+00
-5.965773e+00
-6.799998e+00
-6.931900e+00
-7.676593e+00
-9.279394e+00
-9.846021e+00
-1.065575e+01
-1.186701e+01
-1.494618e+01
-1.897655e+01
-2.265847e+01
-2.382649e+01
-2.909887e+01
-3.504749e+01
-3.740028e+01
-5.345828e+01
-5.866232e+01
