1.557872e+10
6.529413e+08
2.769868e+08
9.355223e+07
7.141599e+07
6.085067e+07
4.865804e+07
4.173127e+07
3.428469e+07
2.745496e+07
2.391373e+07
1.966719e+07
1.784074e+07
1.604247e+07
1.287344e+07
1.248075e+07
1.036292e+07
1.016627e+07
9.511684e+06
8.228738e+06
5.960743e+06
5.170230e+06
4.842488e+06
4.425413e+06
3.934643e+06
3.662814e+06
2.926726e+06
2.730492e+06
2.582117e+06
2.327830e+06
1.998884e+06
1.690491e+06
1.541592e+06
1.520956e+06
1.357600e+06
1.324930e+06
1.039480e+06
9.609363e+05
8.793304e+05
8.430771e+05
7.689406e+05
7.263599e+05
6.433158e+05
6.181628e+05
5.162962e+05
4.469114e+05
4.252919e+05
4.027529e+05
3.441508e+05
2.847028e+05
2.456423e+05
2.188067e+05
1.807444e+05
1.476714e+05
1.212728e+05
1.029639e+05
8.424915e+04
6.450821e+04
4.942756e+04
4.479982e+04
2.721301e+04
2.451028e+04
1.908050e+04
1.610210e+04
1.417024e+04
1.230052e+04
9.833650e+03
8.382616e+03
6.128626e+03
4.255800e+03
3.241480e+03
2.276254e+03
1.775342e+03
1.218694e+03
1.034849e+03
7.349235e+02
5.960849e+02
4.499270e+02
4.080409e+02
2.022124e+02
1.242435e+02
9.026272e+01
7.935395e+01
6.211031e+01
3.351052e+01
3.099279e+01
2.772370e+01
1.565070e+01
1.247231e+01
6.441421e+00
5.668082e+00
3.631727e+00
2.931578e+00
2.350097e+00
1.534259e+00
9.679568e-01
8.478653e-01
6.573552e-01
3.704367e-01
3.411296e-01
3.092760e-01
2.235052e-01
2.141962e-01
1.960035e-01
1.547084e-01
1.406810e-01
1.199891e-01
1.074957e-01
9.524210e-02
7.434426e-02
7.176287e-02
5.712144e-02
3.575283e-02
2.955417e-02
2.029498e-02
1.524015e-02
7.631610e-04
-1.231758e-02
-1.884712e-02
-2.898365e-02
-6.824897e-02
-7.473309e-02
-8.562987e-02
-1.036253e-01
-1.260392e-01
-1.588660e-01
-2.758057e-01
-3.044058e-01
