5.847819e+04
1.267628e+04
6.483784e+03
1.881476e+03
1.494906e+03
9.569860e+02
7.470317e+02
4.429675e+02
3.662505e+02
3.519027e+02
2.353434e+02
2.143106e+02
1.539498e+02
1.520809e+02
1.486662e+02
1.317005e+02
1.093955e+02
8.467356e+01
7.505611e+01
7.119434e+01
5.751315e+01
5.038579e+01
4.292875e+01
4.002877e+01
2.991963e+01
2.291282e+01
2.235006e+01
1.968002e+01
1.541312e+01
1.417943e+01
1.211434e+01
1.150701e+01
1.042001e+01
9.068594e+00
7.715371e+00
6.610573e+00
6.043844e+00
5.658275e+00
4.953887e+00
4.097017e+00
3.775054e+00
2.963586e+00
2.688535e+00
2.591437e+00
1.865065e+00
1.451875e+00
1.290958e+00
1.111423e+00
1.016659e+00
8.605788e-01
7.260926e-01
6.515074e-01
4.937825e-01
4.424988e-01
3.429168e-01
3.112204e-01
2.713907e-01
1.880435e-01
1.195558e-01
1.119090e-01
9.675179e-02
7.033134e-02
6.253073e-02
5.407974e-02
4.756372e-02
3.890657e-02
3.359432e-02
3.043480e-02
2.586531e-02
2.216503e-02
1.450126e-02
1.356826e-02
1.229032e-02
9.355112e-03
8.138512e-03
6.333089e-03
5.719060e-03
5.429354e-03
3.334824e-03
3.112331e-03
2.941193e-03
2.411762e-03
1.781039e-03
1.728765e-03
1.523493e-03
1.316178e-03
1.142257e-03
9.999766e-04
9.885975e-04
8.941728e-04
8.766093e-04
8.334154e-04
7.588288e-04
7.403683e-04
6.810620e-04
6.764152e-04
6.592902e-04
6.169041e-04
6.051047e-04
5.939970e-04
5.709032e-04
5.639521e-04
5.427785e-04
5.387738e-04
5.321121e-04
5.146062e-04
5.108873e-04
5.056970e-04
4.859813e-04
4.831610e-04
4.784933e-04
4.746433e-04
4.682748e-04
4.495686e-04
4.431209e-04
4.318209e-04
4.274184e-04
4.182629e-04
4.179913e-04
4.124288e-04
4.091295e-04
3.996639e-04
3.982309e-04
3.933790e-04
3.862783e-04
3.759442e-04
3.711309e-04
3.690358e-04
3.644357e-04
3.639018e-04
3.569640e-04
3.525859e-04
3.467165e-04
3.450368e-04
3.421338e-04
3.397086e-04
3.346722e-04
3.318552e-04
3.229507e-04
3.175487e-04
3.141022e-04
3.100686e-04
3.091501e-04
3.036663e-04
2.991390e-04
2.961034e-04
2.940586e-04
2.899919e-04
2.852075e-04
2.808520e-04
2.760933e-04
2.737831e-04
2.704558e-04
2.675731e-04
2.642315e-04
2.630827e-04
2.572906e-04
2.548409e-04
2.540215e-04
2.503007e-04
2.488968e-04
2.439556e-04
2.414814e-04
2.351811e-04
2.329542e-04
2.307887e-04
2.283215e-04
2.237842e-04
2.224131e-04
2.187404e-04
2.180608e-04
2.137709e-04
2.096375e-04
2.043573e-04
2.029410e-04
2.024451e-04
1.995474e-04
1.960159e-04
1.944599e-04
1.895823e-04
1.876125e-04
1.852546e-04
1.839585e-04
1.817488e-04
1.785076e-04
1.743373e-04
1.709967e-04
1.686970e-04
1.642139e-04
1.639169e-04
1.606766e-04
1.585934e-04
1.539255e-04
1.530083e-04
1.516467e-04
1.496370e-04
1.482200e-04
1.428302e-04
1.418571e-04
1.378324e-04
1.363581e-04
1.337861e-04
1.264246e-04
1.249768e-04
1.215894e-04
1.197472e-04
1.187693e-04
1.177995e-04
1.143378e-04
1.107703e-04
1.098341e-04
1.044395e-04
1.028214e-04
9.961834e-05
9.910722e-05
9.654675e-05
9.440279e-05
9.161759e-05
9.077147e-05
8.722091e-05
8.653344e-05
8.272783e-05
8.081148e-05
7.342128e-05
7.260172e-05
7.128064e-05
6.857364e-05
6.638323e-05
6.384047e-05
6.256825e-05
5.755538e-05
5.696298e-05
5.617135e-05
5.218494e-05
5.051095e-05
4.778697e-05
4.566812e-05
4.309235e-05
4.145302e-05
3.846603e-05
3.577785e-05
3.221861e-05
2.968284e-05
2.724410e-05
2.443991e-05
2.244329e-05
1.843142e-05
1.822664e-05
1.485563e-05
1.150936e-05
7.934960e-06
5.717059e-06
4.292619e-06
1.971375e-06
1.146178e-06
1.430739e-13
8.870824e-14
8.315450e-14
4.818755e-14
4.142145e-14
-1.929226e-14
-4.019490e-14
-5.261502e-14
-8.611484e-14
-1.437641e-13
-2.161276e-13
-2.871982e-06
-3.466223e-06
-5.708279e-06
-8.600462e-06
-1.181567e-05
-1.221590e-05
-1.606016e-05
-1.927758e-05
-2.192884e-05
-2.260184e-05
-2.625710e-05
-2.727222e-05
-3.083633e-05
-3.447598e-05
-3.527722e-05
-3.751002e-05
-4.070103e-05
-4.236574e-05
-4.397943e-05
-4.723663e-05
-4.930621e-05
-5.238386e-05
-5.341861e-05
-5.504972e-05
-5.938532e-05
-6.171447e-05
-6.507883e-05
-6.656115e-05
-6.905729e-05
-7.324390e-05
-7.911582e-05
-8.165975e-05
-8.313450e-05
-8.486800e-05
-8.631991e-05
-9.072174e-05
-9.300745e-05
-9.532925e-05
-9.878819e-05
-1.020355e-04
-1.034539e-04
-1.049946e-04
-1.093892e-04
-1.116656e-04
-1.149036e-04
-1.152152e-04
-1.173751e-04
-1.203703e-04
-1.254914e-04
-1.271215e-04
-1.298678e-04
-1.320126e-04
-1.362713e-04
-1.385932e-04
-1.421778e-04
-1.458117e-04
-1.467810e-04
-1.490239e-04
-1.535153e-04
-1.544758e-04
-1.569085e-04
-1.632113e-04
-1.663618e-04
-1.699344e-04
-1.746271e-04
-1.757335e-04
-1.774021e-04
-1.798623e-04
-1.820778e-04
-1.880301e-04
-1.898612e-04
-1.910867e-04
-1.950588e-04
-1.970927e-04
-1.992408e-04
-2.042680e-04
-2.101219e-04
-2.111740e-04
-2.168959e-04
-2.210676e-04
-2.234733e-04
-2.251930e-04
-2.328514e-04
-2.378356e-04
-2.407596e-04
-2.472107e-04
-2.479386e-04
-2.496506e-04
-2.521356e-04
-2.571858e-04
-2.590673e-04
-2.649851e-04
-2.698312e-04
-2.717897e-04
-2.774766e-04
-2.816198e-04
-2.858774e-04
-2.940396e-04
-2.962490e-04
-3.029390e-04
-3.109704e-04
-3.162044e-04
-3.247502e-04
-3.289102e-04
-3.350672e-04
-3.357081e-04
-3.452869e-04
-3.596919e-04
-3.621829e-04
-3.786176e-04
-3.908290e-04
-4.041573e-04
-4.327770e-04
-5.164444e-04
-7.557629e-04
-8.478170e-04
-8.949916e-04
-1.049040e-03
