2.481098e+10
1.243643e+10
6.122617e+09
5.022560e+09
3.767133e+09
3.488928e+09
2.988315e+09
2.658162e+09
2.505165e+09
2.355692e+09
2.173124e+09
2.072094e+09
1.829736e+09
1.699409e+09
1.629565e+09
1.567793e+09
1.520135e+09
1.418748e+09
1.336086e+09
1.280102e+09
1.268830e+09
1.225178e+09
1.214771e+09
1.162789e+09
1.069225e+09
1.042710e+09
1.024561e+09
1.011046e+09
9.381818e+08
9.194700e+08
9.064607e+08
9.029762e+08
8.364412e+08
8.037413e+08
7.972631e+08
7.748552e+08
7.526984e+08
7.282021e+08
7.078035e+08
6.907937e+08
6.688101e+08
6.242204e+08
6.145480e+08
6.042593e+08
5.807906e+08
5.691342e+08
5.556189e+08
5.417438e+08
5.278472e+08
5.251995e+08
5.079893e+08
4.860268e+08
4.722276e+08
4.592434e+08
4.559140e+08
4.456556e+08
4.190762e+08
4.133418e+08
4.047665e+08
3.878478e+08
3.858818e+08
3.761989e+08
3.695750e+08
3.640406e+08
3.536706e+08
3.412295e+08
3.365759e+08
3.310896e+08
3.224261e+08
3.206286e+08
3.042059e+08
2.915792e+08
2.886051e+08
2.826055e+08
2.779776e+08
2.729108e+08
2.686093e+08
2.578945e+08
2.564474e+08
2.481829e+08
2.464415e+08
2.408366e+08
2.344938e+08
2.242128e+08
2.165499e+08
2.065160e+08
2.017601e+08
1.979407e+08
1.961998e+08
1.940719e+08
1.912382e+08
1.803578e+08
1.754220e+08
1.662637e+08
1.621791e+08
1.548068e+08
1.517972e+08
1.467401e+08
1.418206e+08
1.381593e+08
1.285548e+08
1.245329e+08
1.214608e+08
1.206461e+08
1.152344e+08
1.103083e+08
1.066593e+08
1.008998e+08
9.622676e+07
9.400135e+07
8.847861e+07
8.218166e+07
7.439403e+07
6.648482e+07
5.506072e+07
5.308112e+07
4.734172e+07
4.509388e+07
3.864025e+07
3.324626e+07
2.776937e+07
2.554801e+07
2.344270e+07
1.492306e+07
1.068518e+07
8.592829e+06
7.520659e+05
1.532108e+05
