1.288370e+05
5.968108e+03
3.162337e+03
2.938597e+03
2.045680e+03
1.662824e+03
1.415724e+03
1.089339e+03
9.182556e+02
7.984979e+02
5.934117e+02
5.135991e+02
2.922483e+02
2.593965e+02
2.372076e+02
2.054455e+02
1.716798e+02
1.525579e+02
1.384734e+02
1.161996e+02
1.074321e+02
9.608142e+01
8.791135e+01
7.901720e+01
7.268643e+01
6.480170e+01
5.914617e+01
5.514470e+01
5.373289e+01
4.942024e+01
4.884320e+01
4.576108e+01
3.835546e+01
3.801879e+01
3.479881e+01
3.417306e+01
2.906526e+01
2.693192e+01
2.627058e+01
2.439103e+01
2.207190e+01
2.033442e+01
1.851230e+01
1.732566e+01
1.561485e+01
1.505421e+01
1.332882e+01
1.250108e+01
1.200029e+01
1.122545e+01
1.101328e+01
9.692695e+00
9.118545e+00
8.721212e+00
7.930015e+00
7.727656e+00
6.317778e+00
5.903036e+00
5.640628e+00
5.115858e+00
4.966639e+00
4.589495e+00
4.163034e+00
3.897220e+00
3.721057e+00
3.441972e+00
3.289022e+00
2.996531e+00
2.800748e+00
2.692280e+00
2.661847e+00
2.196741e+00
2.038357e+00
1.988906e+00
1.895723e+00
1.746671e+00
1.588193e+00
1.465139e+00
1.354207e+00
1.264394e+00
1.206409e+00
1.050072e+00
1.001487e+00
9.663895e-01
9.247502e-01
8.214450e-01
7.995077e-01
7.679839e-01
7.146852e-01
6.314465e-01
6.252280e-01
5.864159e-01
5.369582e-01
5.007057e-01
4.808510e-01
4.661957e-01
3.860249e-01
3.651276e-01
3.301491e-01
3.203765e-01
3.084075e-01
2.963282e-01
2.648910e-01
2.504863e-01
2.293694e-01
2.212324e-01
2.105880e-01
1.909397e-01
1.722990e-01
1.693103e-01
1.663871e-01
1.464173e-01
1.447820e-01
1.296222e-01
1.248171e-01
1.073492e-01
1.049001e-01
9.619325e-02
8.733978e-02
8.237831e-02
7.896487e-02
6.712168e-02
6.490777e-02
5.966182e-02
5.541591e-02
5.385685e-02
5.197807e-02
4.659301e-02
4.559166e-02
4.321761e-02
4.085756e-02
3.846538e-02
3.599403e-02
3.201478e-02
2.770007e-02
2.696430e-02
2.548185e-02
2.308180e-02
2.013460e-02
1.696671e-02
1.573910e-02
1.493117e-02
1.410174e-02
1.349862e-02
1.255228e-02
1.208710e-02
1.122200e-02
1.110962e-02
9.970126e-03
9.430854e-03
9.184311e-03
7.568365e-03
7.270430e-03
6.679245e-03
6.491314e-03
6.085020e-03
5.384730e-03
5.205642e-03
4.446626e-03
4.135746e-03
4.011786e-03
3.858255e-03
3.730641e-03
3.320669e-03
3.174501e-03
3.045510e-03
2.879903e-03
2.409417e-03
2.251986e-03
2.050312e-03
2.016589e-03
1.977756e-03
1.913306e-03
1.849715e-03
1.832996e-03
1.683781e-03
1.611964e-03
1.604200e-03
1.538034e-03
1.485031e-03
1.480084e-03
1.413425e-03
1.383436e-03
1.360851e-03
1.329057e-03
1.304256e-03
1.264303e-03
1.258220e-03
1.240371e-03
1.235274e-03
1.211358e-03
1.195287e-03
1.171801e-03
1.140615e-03
1.131025e-03
1.120475e-03
1.099718e-03
1.078270e-03
1.072645e-03
1.058950e-03
1.046492e-03
1.037892e-03
1.027727e-03
1.012158e-03
1.005226e-03
9.888271e-04
9.751872e-04
9.532092e-04
9.491690e-04
9.261864e-04
9.174691e-04
9.115481e-04
9.050549e-04
8.863151e-04
8.783475e-04
8.504130e-04
8.397982e-04
8.363526e-04
8.254301e-04
8.175299e-04
8.040919e-04
7.978433e-04
7.836795e-04
7.824513e-04
7.730758e-04
7.633755e-04
7.560486e-04
7.446997e-04
7.318559e-04
7.241755e-04
7.032721e-04
7.012030e-04
6.857145e-04
6.692301e-04
6.648597e-04
6.595923e-04
6.434459e-04
6.286682e-04
6.237918e-04
6.147193e-04
5.960173e-04
5.856129e-04
5.744587e-04
5.636510e-04
5.582137e-04
5.475111e-04
5.407931e-04
5.311240e-04
5.234606e-04
5.222058e-04
5.113127e-04
4.996490e-04
4.920169e-04
4.850475e-04
4.692939e-04
4.604114e-04
4.450863e-04
4.434114e-04
4.235445e-04
4.153466e-04
4.073274e-04
4.003611e-04
3.934839e-04
3.807046e-04
3.715059e-04
3.644904e-04
3.550909e-04
3.512623e-04
3.297717e-04
3.158755e-04
3.050470e-04
3.011602e-04
2.909942e-04
2.844447e-04
2.677609e-04
2.627778e-04
2.556023e-04
2.391533e-04
2.310088e-04
2.212734e-04
2.132000e-04
2.047330e-04
1.942590e-04
1.756092e-04
1.731816e-04
1.654166e-04
1.600521e-04
1.471486e-04
1.390378e-04
1.250007e-04
1.152848e-04
1.088156e-04
1.012282e-04
9.756280e-05
9.446841e-05
9.146289e-05
6.485303e-05
6.219385e-05
5.718107e-05
4.883277e-05
3.377023e-05
2.643545e-05
2.303314e-05
5.353542e-06
-1.823452e-06
-3.494779e-06
-1.943355e-05
-2.770481e-05
-3.593682e-05
-4.674049e-05
-5.660793e-05
-6.771263e-05
-7.265255e-05
-7.515874e-05
-7.992511e-05
-9.200671e-05
-1.056487e-04
-1.236162e-04
-1.245896e-04
-1.292072e-04
-1.494177e-04
-1.529350e-04
-1.655562e-04
-1.796317e-04
-1.870674e-04
-1.943031e-04
-2.136359e-04
-2.172004e-04
-2.272572e-04
-2.298025e-04
-2.405889e-04
-2.476134e-04
-2.613131e-04
-2.650121e-04
-2.693416e-04
-2.909619e-04
-3.000059e-04
-3.020639e-04
-3.150401e-04
-3.288715e-04
-3.580596e-04
-3.688862e-04
-3.726872e-04
-3.862290e-04
-3.878771e-04
-4.004107e-04
-4.055956e-04
-4.084989e-04
-4.152982e-04
-4.323921e-04
-4.414932e-04
-4.532321e-04
-4.673937e-04
-4.753217e-04
-4.834811e-04
-5.049540e-04
-5.176683e-04
-5.454083e-04
-5.557314e-04
-5.578594e-04
-5.702819e-04
-5.766354e-04
-5.949264e-04
-6.055188e-04
-6.192351e-04
-6.288325e-04
-6.581575e-04
-6.709629e-04
-6.811561e-04
-6.846352e-04
-6.986960e-04
-7.146528e-04
-7.209658e-04
-7.485537e-04
-7.651562e-04
-7.898242e-04
-8.020736e-04
-8.232277e-04
-8.326827e-04
-8.588227e-04
-8.759602e-04
-9.005187e-04
-9.412412e-04
-9.631452e-04
