4.025221e+04
5.439353e+03
3.429303e+02
1.595643e+02
1.070716e+02
2.670406e+01
1.121673e+01
6.325819e+00
3.303076e+00
9.754639e-01
6.682913e-01
4.066560e-01
8.416092e-02
4.556428e-02
3.416225e-02
6.316772e-03
3.731338e-03
2.960408e-03
2.364950e-03
1.706551e-03
1.617547e-03
1.429704e-03
1.370556e-03
1.320968e-03
1.250044e-03
1.214876e-03
1.101018e-03
1.089501e-03
1.076277e-03
1.055231e-03
1.046803e-03
1.023340e-03
9.994822e-04
9.706286e-04
9.533564e-04
9.454193e-04
9.167781e-04
9.087365e-04
8.927266e-04
8.812399e-04
8.567357e-04
8.309697e-04
8.149473e-04
8.097619e-04
8.040637e-04
7.949650e-04
7.842542e-04
7.747376e-04
7.641062e-04
7.584307e-04
7.382637e-04
7.329468e-04
7.189879e-04
7.151837e-04
7.035640e-04
7.005435e-04
6.860788e-04
6.778678e-04
6.741232e-04
6.681181e-04
6.604870e-04
6.419334e-04
6.407495e-04
6.274166e-04
6.157265e-04
6.084759e-04
6.044084e-04
6.014124e-04
5.886913e-04
5.830923e-04
5.711081e-04
5.682972e-04
5.550318e-04
5.428783e-04
5.358814e-04
5.347848e-04
5.292071e-04
5.234188e-04
5.170642e-04
5.119481e-04
5.014702e-04
4.922236e-04
4.871927e-04
4.779652e-04
4.698843e-04
4.638637e-04
4.566333e-04
4.542306e-04
4.430442e-04
4.317234e-04
4.298304e-04
4.255683e-04
4.214042e-04
4.163766e-04
4.107381e-04
3.970293e-04
3.920278e-04
3.773465e-04
3.771734e-04
3.716946e-04
3.629496e-04
3.623243e-04
3.565985e-04
3.476698e-04
3.430148e-04
3.397760e-04
3.334870e-04
3.200982e-04
3.133483e-04
3.072548e-04
3.009012e-04
2.944600e-04
2.900739e-04
2.787840e-04
2.746397e-04
2.722931e-04
2.589362e-04
2.501724e-04
2.479594e-04
2.357758e-04
2.324788e-04
2.237798e-04
2.216750e-04
2.149719e-04
2.119596e-04
2.063464e-04
2.047712e-04
1.915075e-04
1.818004e-04
1.807797e-04
1.757592e-04
1.677998e-04
1.620160e-04
1.591233e-04
1.477388e-04
1.461350e-04
1.373507e-04
1.338754e-04
1.297949e-04
1.202011e-04
1.173706e-04
1.050336e-04
1.021997e-04
9.289407e-05
8.500751e-05
7.931047e-05
7.512925e-05
6.545325e-05
6.336883e-05
5.968373e-05
5.273218e-05
4.926520e-05
3.755956e-05
3.031414e-05
2.157466e-05
1.658038e-05
5.494345e-06
3.455135e-06
-1.420969e-14
-3.528467e-06
-1.246080e-05
-1.516063e-05
-2.302483e-05
-3.425770e-05
-3.748796e-05
-4.028977e-05
-5.084751e-05
-6.065766e-05
-6.816411e-05
-8.104266e-05
-8.880227e-05
-9.828352e-05
-1.033094e-04
-1.171993e-04
-1.226703e-04
-1.307849e-04
-1.379796e-04
-1.392055e-04
-1.480633e-04
-1.613306e-04
-1.713199e-04
-1.823973e-04
-1.849301e-04
-2.018742e-04
-2.152505e-04
-2.269646e-04
-2.341563e-04
-2.463852e-04
-2.641836e-04
-3.091749e-04
-4.519747e-04
-1.546996e-03
