1.201297e+10
9.523335e+08
2.943361e+08
1.353544e+08
1.061977e+08
9.140557e+07
7.629049e+07
7.259436e+07
5.020932e+07
4.429384e+07
4.051953e+07
3.552720e+07
2.786681e+07
2.164006e+07
1.808769e+07
1.519901e+07
1.366067e+07
1.260160e+07
1.175100e+07
9.761486e+06
8.897705e+06
7.358025e+06
6.707829e+06
5.955087e+06
5.375108e+06
4.581650e+06
4.121009e+06
3.720992e+06
3.401770e+06
3.144874e+06
2.922456e+06
2.858894e+06
2.369100e+06
2.096938e+06
1.977989e+06
1.544993e+06
1.471285e+06
1.357639e+06
1.107548e+06
9.686372e+05
9.100551e+05
7.925339e+05
7.396000e+05
6.688586e+05
6.193518e+05
5.594994e+05
5.010855e+05
4.455139e+05
3.996237e+05
3.469142e+05
2.975270e+05
2.724168e+05
2.392387e+05
2.296915e+05
2.187667e+05
2.080665e+05
1.880712e+05
1.679700e+05
1.434345e+05
1.360990e+05
1.184225e+05
1.129260e+05
8.499625e+04
7.951162e+04
7.032115e+04
6.720905e+04
6.338960e+04
5.715405e+04
3.383547e+04
3.291412e+04
2.820354e+04
2.804009e+04
2.043400e+04
1.688663e+04
1.597926e+04
1.526029e+04
1.099489e+04
9.289770e+03
7.370028e+03
6.538709e+03
5.899741e+03
4.234975e+03
3.625968e+03
3.045841e+03
2.292851e+03
1.975745e+03
1.310353e+03
1.109090e+03
5.690943e+02
4.584785e+02
4.231596e+02
3.528481e+02
1.981527e+02
1.513491e+02
1.323708e+02
9.229660e+01
4.917891e+01
3.949734e+01
2.896800e+01
1.553216e+01
9.656013e+00
8.230945e+00
5.890601e+00
4.179582e+00
3.307357e+00
1.552555e+00
1.353506e+00
1.308059e+00
7.654147e-01
4.373483e-01
3.131173e-01
2.899255e-01
2.384758e-01
1.635237e-01
1.194752e-01
9.466814e-02
6.855119e-02
6.095645e-02
4.683074e-02
3.808179e-02
3.482354e-02
2.149117e-02
1.738726e-02
-1.453998e-02
-2.417786e-02
-4.281184e-02
-6.094945e-02
-8.110257e-02
