2.761716e+10
1.419075e+10
8.010599e+09
5.189151e+09
4.162921e+09
3.646710e+09
3.408819e+09
2.950367e+09
2.705657e+09
2.531315e+09
2.502600e+09
2.374554e+09
2.187135e+09
2.077660e+09
1.980187e+09
1.917478e+09
1.705756e+09
1.657387e+09
1.571626e+09
1.520271e+09
1.409742e+09
1.398566e+09
1.313700e+09
1.194163e+09
1.141525e+09
1.121968e+09
1.045361e+09
1.033404e+09
1.009602e+09
9.870840e+08
9.085102e+08
8.998016e+08
8.750238e+08
8.688547e+08
8.489457e+08
8.161635e+08
8.026950e+08
7.951298e+08
7.596179e+08
7.308138e+08
7.130963e+08
7.077324e+08
6.845064e+08
6.660550e+08
6.490754e+08
6.297668e+08
6.174771e+08
6.115924e+08
5.908909e+08
5.807331e+08
5.656428e+08
5.524968e+08
5.447657e+08
5.207249e+08
5.006882e+08
4.976585e+08
4.858036e+08
4.725246e+08
4.596525e+08
4.540287e+08
4.350512e+08
4.290768e+08
4.239357e+08
3.990260e+08
3.950942e+08
3.850407e+08
3.752129e+08
3.638255e+08
3.525557e+08
3.387786e+08
3.358588e+08
3.342215e+08
3.147572e+08
3.125970e+08
3.070175e+08
2.984485e+08
2.922717e+08
2.817121e+08
2.779442e+08
2.743350e+08
2.625648e+08
2.586068e+08
2.540292e+08
2.451803e+08
2.438175e+08
2.307929e+08
2.237455e+08
2.206759e+08
2.153238e+08
2.087393e+08
1.992028e+08
1.912947e+08
1.856461e+08
1.809076e+08
1.771427e+08
1.714366e+08
1.649235e+08
1.598862e+08
1.512859e+08
1.473823e+08
1.451612e+08
1.399441e+08
1.369876e+08
1.284544e+08
1.244873e+08
1.225859e+08
1.215397e+08
1.172763e+08
1.106866e+08
1.035728e+08
9.711102e+07
9.098310e+07
8.937687e+07
7.807452e+07
7.543888e+07
7.057502e+07
6.338667e+07
5.815987e+07
5.465801e+07
5.207018e+07
4.240439e+07
3.974016e+07
2.975810e+07
2.175549e+07
1.774411e+07
1.207286e+07
8.321910e+06
3.275247e+06
