5.887939e+04
1.082767e+04
6.070229e+03
1.705046e+03
8.837656e+02
6.163702e+02
5.144216e+02
3.340679e+02
2.546146e+02
2.309065e+02
1.540684e+02
1.459016e+02
1.279072e+02
8.574458e+01
7.352823e+01
6.850471e+01
5.197153e+01
4.476740e+01
4.119171e+01
3.826580e+01
2.510790e+01
2.143916e+01
1.695979e+01
1.642253e+01
1.436303e+01
1.415560e+01
1.236656e+01
9.550513e+00
9.089304e+00
7.347545e+00
6.996221e+00
5.751904e+00
5.161687e+00
3.928750e+00
3.527931e+00
2.877451e+00
2.501064e+00
2.010169e+00
1.938168e+00
1.765399e+00
1.131492e+00
1.047183e+00
9.749835e-01
6.534661e-01
5.905157e-01
4.818650e-01
4.239439e-01
3.247873e-01
2.880110e-01
2.297126e-01
2.237614e-01
1.689139e-01
1.465731e-01
1.085651e-01
9.811267e-02
7.813860e-02
7.245135e-02
7.072657e-02
6.329992e-02
5.232580e-02
4.552101e-02
2.467144e-02
1.837072e-02
1.767833e-02
1.614603e-02
1.318219e-02
1.264480e-02
6.703168e-03
4.917788e-03
4.110944e-03
2.803229e-03
2.663468e-03
2.369695e-03
2.045667e-03
1.592248e-03
1.458074e-03
1.082909e-03
9.957189e-04
9.497254e-04
8.364092e-04
7.827387e-04
7.421225e-04
7.074124e-04
6.809687e-04
6.559744e-04
6.345072e-04
6.260928e-04
6.038081e-04
5.800658e-04
5.709708e-04
5.636690e-04
5.465067e-04
5.355879e-04
5.202242e-04
5.167979e-04
5.074948e-04
4.988731e-04
4.752489e-04
4.741365e-04
4.656295e-04
4.596210e-04
4.536613e-04
4.518886e-04
4.444753e-04
4.425539e-04
4.403932e-04
4.325956e-04
4.226108e-04
4.176987e-04
4.120768e-04
4.024132e-04
3.989278e-04
3.940825e-04
3.877781e-04
3.825463e-04
3.799543e-04
3.735514e-04
3.688060e-04
3.625911e-04
3.567622e-04
3.513338e-04
3.481269e-04
3.460769e-04
3.419568e-04
3.385250e-04
3.371871e-04
3.316666e-04
3.290073e-04
3.227002e-04
3.199341e-04
3.133195e-04
3.111160e-04
3.095076e-04
3.081987e-04
3.005544e-04
2.969409e-04
2.959111e-04
2.897532e-04
2.854298e-04
2.841761e-04
2.820650e-04
2.744081e-04
2.710723e-04
2.645431e-04
2.633670e-04
2.605643e-04
2.601450e-04
2.553918e-04
2.544656e-04
2.511129e-04
2.463396e-04
2.436338e-04
2.399462e-04
2.374519e-04
2.368037e-04
2.338554e-04
2.302907e-04
2.245731e-04
2.224200e-04
2.176714e-04
2.140325e-04
2.131667e-04
2.096494e-04
2.090484e-04
2.052527e-04
2.050527e-04
2.021542e-04
1.999966e-04
1.951781e-04
1.899140e-04
1.873912e-04
1.858765e-04
1.832716e-04
1.813608e-04
1.795761e-04
1.774790e-04
1.728772e-04
1.713766e-04
1.696999e-04
1.653599e-04
1.632001e-04
1.614342e-04
1.594303e-04
1.570894e-04
1.535593e-04
1.507812e-04
1.491432e-04
1.447836e-04
1.409567e-04
1.386294e-04
1.370718e-04
1.345335e-04
1.321678e-04
1.300500e-04
1.263686e-04
1.240005e-04
1.212043e-04
1.178040e-04
1.137479e-04
1.117005e-04
1.098905e-04
1.067860e-04
1.063250e-04
1.050850e-04
1.017968e-04
1.002815e-04
9.818614e-05
9.793851e-05
9.450087e-05
8.908201e-05
8.836659e-05
8.689268e-05
8.199136e-05
7.964253e-05
7.775498e-05
7.600648e-05
7.472277e-05
7.174253e-05
6.976473e-05
6.729089e-05
6.630750e-05
6.171746e-05
6.012171e-05
5.933002e-05
5.698146e-05
5.369405e-05
4.958975e-05
4.901101e-05
4.752672e-05
4.593220e-05
4.211397e-05
3.924185e-05
3.809690e-05
3.459454e-05
3.414110e-05
3.034541e-05
2.479450e-05
2.353811e-05
2.126467e-05
1.932937e-05
1.843835e-05
1.658881e-05
1.285150e-05
1.056360e-05
1.031205e-05
7.528738e-06
2.915034e-06
1.345374e-07
6.650951e-14
6.121258e-14
3.172582e-14
-2.860799e-14
-3.780921e-14
-6.178216e-14
-1.310444e-06
-2.072555e-06
-3.856079e-06
-7.330775e-06
-7.970138e-06
-1.048071e-05
-1.579959e-05
-1.650911e-05
-2.102793e-05
-2.228081e-05
-2.326162e-05
-2.803875e-05
-2.869139e-05
-3.040151e-05
-3.100923e-05
-3.302390e-05
-3.510140e-05
-3.876706e-05
-4.040549e-05
-4.282550e-05
-4.408997e-05
-4.724664e-05
-4.882875e-05
-5.242924e-05
-5.371531e-05
-5.536476e-05
-5.821723e-05
-6.191272e-05
-6.467037e-05
-6.518065e-05
-6.866709e-05
-7.136857e-05
-7.341181e-05
-7.582316e-05
-8.001473e-05
-8.256680e-05
-8.533530e-05
-8.620507e-05
-8.890888e-05
-9.164675e-05
-9.174597e-05
-9.523512e-05
-9.813892e-05
-1.000934e-04
-1.036982e-04
-1.057891e-04
-1.101777e-04
-1.108345e-04
-1.140529e-04
-1.159865e-04
-1.188386e-04
-1.198412e-04
-1.217539e-04
-1.247664e-04
-1.275359e-04
-1.294792e-04
-1.346505e-04
-1.346992e-04
-1.387755e-04
-1.425014e-04
-1.444031e-04
-1.471052e-04
-1.487649e-04
-1.499193e-04
-1.533802e-04
-1.574002e-04
-1.591100e-04
-1.615997e-04
-1.633902e-04
-1.669621e-04
-1.691209e-04
-1.724212e-04
-1.748190e-04
-1.761718e-04
-1.808824e-04
-1.859314e-04
-1.885748e-04
-1.907592e-04
-1.912279e-04
-1.991446e-04
-2.005745e-04
-2.034116e-04
-2.041108e-04
-2.072789e-04
-2.098986e-04
-2.138363e-04
-2.173458e-04
-2.212444e-04
-2.235931e-04
-2.271362e-04
-2.300769e-04
-2.337529e-04
-2.418540e-04
-2.464245e-04
-2.519636e-04
-2.534458e-04
-2.559481e-04
-2.618461e-04
-2.636721e-04
-2.734710e-04
-2.744278e-04
-2.815003e-04
-2.834071e-04
-2.904717e-04
-2.921497e-04
-2.962021e-04
-2.978550e-04
-3.047116e-04
-3.102137e-04
-3.171798e-04
-3.192795e-04
-3.290621e-04
-3.310423e-04
-3.382209e-04
-3.446158e-04
-3.474892e-04
-3.620823e-04
-3.718515e-04
-3.845766e-04
-3.858467e-04
-4.029905e-04
-4.218183e-04
-4.339984e-04
-4.359873e-04
-4.704486e-04
-5.111879e-04
-5.456371e-04
-6.677363e-04
-8.819530e-04
-1.023902e-03
