1.048709e+10
5.643709e+08
1.171778e+08
7.903279e+07
7.081079e+07
5.269474e+07
4.387426e+07
3.145048e+07
2.633670e+07
2.264922e+07
1.965469e+07
1.312657e+07
1.277644e+07
9.126434e+06
8.760382e+06
6.676084e+06
5.440195e+06
4.711458e+06
3.855649e+06
3.688639e+06
3.225692e+06
2.560510e+06
1.875919e+06
1.701143e+06
1.356430e+06
1.145115e+06
9.081429e+05
8.562045e+05
6.986840e+05
5.376251e+05
5.006830e+05
3.881807e+05
3.527548e+05
2.792133e+05
2.215129e+05
2.101204e+05
1.906723e+05
1.584731e+05
1.061708e+05
9.197347e+04
7.654823e+04
7.051031e+04
3.581336e+04
3.299882e+04
2.909792e+04
2.154311e+04
1.713516e+04
1.443377e+04
1.174665e+04
8.901463e+03
5.857772e+03
4.435695e+03
3.102972e+03
1.804615e+03
1.567870e+03
8.270031e+02
7.440789e+02
4.419136e+02
3.423183e+02
3.186653e+02
2.013529e+02
1.238977e+02
8.507850e+01
5.578604e+01
3.690154e+01
3.076055e+01
2.497049e+01
1.238787e+01
8.236160e+00
5.235814e+00
3.540989e+00
1.920294e+00
1.616835e+00
9.642947e-01
4.624680e-01
2.987998e-01
2.309696e-01
2.045554e-01
1.134578e-01
8.215401e-02
4.594346e-02
3.951509e-02
3.362704e-02
2.237126e-02
1.975085e-02
1.375373e-02
1.174956e-02
9.873776e-03
9.479878e-03
8.462100e-03
7.878967e-03
6.947625e-03
6.430049e-03
6.153275e-03
5.366589e-03
5.014618e-03
4.605265e-03
3.548048e-03
3.268311e-03
2.747033e-03
2.559370e-03
2.282629e-03
1.630174e-03
1.158696e-03
7.074614e-04
5.927892e-04
2.619432e-04
-4.076571e-05
-4.143032e-04
-4.313787e-04
-6.256022e-04
-1.151977e-03
-1.317965e-03
-1.708118e-03
-2.164534e-03
-2.466789e-03
-2.536717e-03
-3.562419e-03
-4.134396e-03
-4.909387e-03
-5.357846e-03
-5.809014e-03
-6.958259e-03
-7.812862e-03
-9.640008e-03
-1.502437e-02
-1.757916e-02
-4.763982e-02
