1.257421e+08
1.924085e+07
2.670727e+06
1.111012e+06
9.810208e+05
3.522181e+05
2.606738e+05
9.762310e+04
1.756554e+04
1.406587e+04
7.843465e+03
1.086869e+03
4.515909e+02
2.082443e+02
8.147267e+01
6.543665e+01
4.173626e+01
3.365026e+01
2.771443e+01
2.555139e+01
2.238337e+01
2.061501e+01
1.888178e+01
1.645996e+01
1.634961e+01
1.359244e+01
1.349321e+01
1.229879e+01
1.131734e+01
1.020059e+01
9.525977e+00
9.347736e+00
8.555133e+00
8.165690e+00
8.005548e+00
7.029783e+00
6.633702e+00
6.367670e+00
6.216418e+00
5.756602e+00
5.391555e+00
5.191952e+00
4.747213e+00
4.527326e+00
4.379606e+00
4.106121e+00
3.718892e+00
3.662303e+00
3.517528e+00
3.127128e+00
3.062555e+00
2.695676e+00
2.545354e+00
2.384094e+00
2.213296e+00
1.859127e+00
1.594744e+00
1.497643e+00
1.336665e+00
1.273010e+00
1.172437e+00
1.098560e+00
9.349976e-01
7.980009e-01
7.224948e-01
4.781822e-01
4.425755e-01
3.645395e-01
2.786492e-01
2.663949e-01
1.881338e-01
1.313817e-01
1.068121e-01
8.984443e-02
8.316213e-02
7.988700e-02
5.197814e-02
3.191608e-02
1.160321e-02
-1.058219e-10
-1.236189e-10
-3.298197e-02
-6.971633e-02
-1.024831e-01
-1.580193e-01
-2.628309e-01
-3.264227e-01
-3.972268e-01
-4.939032e-01
-5.367376e-01
-6.659635e-01
-8.191440e-01
-9.232656e-01
-1.040998e+00
-1.153498e+00
-1.419471e+00
-1.634916e+00
-1.693814e+00
-1.809563e+00
-2.011797e+00
-2.258335e+00
-2.656547e+00
-2.737500e+00
-2.934398e+00
-3.563870e+00
-3.786034e+00
-4.044852e+00
-4.356296e+00
-5.206673e+00
-5.702394e+00
-6.735020e+00
-7.198456e+00
-7.844680e+00
-8.461342e+00
-8.522127e+00
-9.073859e+00
-9.555243e+00
-1.223070e+01
-1.337134e+01
-1.519726e+01
-1.581211e+01
-2.200273e+01
-2.349157e+01
-2.799208e+01
-3.123377e+01
-3.918959e+01
-4.366185e+01
-5.662285e+01
