5.764066e+04
1.187046e+04
5.425656e+03
1.364506e+03
8.058168e+02
4.463513e+02
4.208903e+02
2.716302e+02
1.569734e+02
1.500665e+02
7.222562e+01
5.802079e+01
5.210119e+01
3.449015e+01
2.435156e+01
1.617415e+01
1.296071e+01
9.621963e+00
7.483026e+00
5.559577e+00
4.825242e+00
4.587004e+00
3.492472e+00
2.920931e+00
1.799201e+00
1.219361e+00
1.177614e+00
7.958077e-01
4.793956e-01
3.475994e-01
2.530596e-01
2.100762e-01
1.498515e-01
1.360860e-01
1.273354e-01
5.924933e-02
5.217560e-02
3.168212e-02
2.173087e-02
1.894771e-02
1.287939e-02
8.418068e-03
7.988108e-03
3.984725e-03
3.266717e-03
2.075554e-03
1.740349e-03
1.278907e-03
1.245119e-03
1.139772e-03
1.013037e-03
9.207299e-04
8.777240e-04
8.610884e-04
8.009695e-04
7.939745e-04
7.795860e-04
7.372007e-04
7.007447e-04
6.955077e-04
6.685819e-04
6.571226e-04
6.332773e-04
6.306884e-04
6.125365e-04
6.086908e-04
6.002313e-04
5.838836e-04
5.706689e-04
5.641065e-04
5.540857e-04
5.425557e-04
5.400533e-04
5.328101e-04
5.297163e-04
5.163035e-04
5.128325e-04
5.074217e-04
4.959829e-04
4.935993e-04
4.840474e-04
4.726051e-04
4.652835e-04
4.592601e-04
4.561445e-04
4.508045e-04
4.462235e-04
4.429607e-04
4.391830e-04
4.291797e-04
4.254827e-04
4.224310e-04
4.178323e-04
4.162325e-04
4.116029e-04
4.112655e-04
4.072110e-04
4.011673e-04
3.927243e-04
3.863688e-04
3.841970e-04
3.805457e-04
3.739559e-04
3.706407e-04
3.684245e-04
3.655555e-04
3.595084e-04
3.558696e-04
3.493554e-04
3.467730e-04
3.447570e-04
3.414093e-04
3.334704e-04
3.321445e-04
3.279652e-04
3.236459e-04
3.208814e-04
3.177328e-04
3.153691e-04
3.120656e-04
3.112986e-04
3.061390e-04
3.015744e-04
3.001113e-04
2.952915e-04
2.928111e-04
2.908430e-04
2.852637e-04
2.822804e-04
2.787914e-04
2.759405e-04
2.732827e-04
2.699759e-04
2.655058e-04
2.628877e-04
2.602676e-04
2.568622e-04
2.501495e-04
2.485486e-04
2.480039e-04
2.447483e-04
2.422537e-04
2.409128e-04
2.399431e-04
2.370075e-04
2.350243e-04
2.318299e-04
2.245365e-04
2.213165e-04
2.210381e-04
2.154306e-04
2.139249e-04
2.129531e-04
2.089571e-04
2.069294e-04
2.043698e-04
2.029945e-04
1.986185e-04
1.969618e-04
1.928347e-04
1.907185e-04
1.881304e-04
1.856990e-04
1.833577e-04
1.800890e-04
1.775175e-04
1.747830e-04
1.740889e-04
1.706742e-04
1.688025e-04
1.682836e-04
1.636447e-04
1.621641e-04
1.588830e-04
1.560128e-04
1.552834e-04
1.498732e-04
1.479133e-04
1.439044e-04
1.435405e-04
1.403951e-04
1.386030e-04
1.364052e-04
1.353047e-04
1.325559e-04
1.281172e-04
1.261819e-04
1.237626e-04
1.227351e-04
1.219322e-04
1.188357e-04
1.179683e-04
1.135254e-04
1.115653e-04
1.083031e-04
1.075951e-04
1.050137e-04
1.004899e-04
9.931791e-05
9.667921e-05
9.468189e-05
9.180476e-05
8.847570e-05
8.749034e-05
8.591988e-05
8.126813e-05
8.038314e-05
7.958814e-05
7.672186e-05
7.475371e-05
7.403340e-05
7.200817e-05
6.995848e-05
6.609732e-05
6.383388e-05
6.289687e-05
6.063229e-05
5.752697e-05
5.401630e-05
5.165084e-05
4.908029e-05
4.470211e-05
4.258050e-05
4.161087e-05
3.971734e-05
3.674701e-05
3.474717e-05
3.376601e-05
3.019693e-05
2.864397e-05
2.604131e-05
2.440731e-05
2.302814e-05
1.833141e-05
1.646122e-05
1.342568e-05
1.230316e-05
1.064257e-05
8.982640e-06
6.164007e-06
5.154139e-06
2.837533e-06
8.223494e-07
9.305501e-14
3.689914e-14
2.785929e-14
-5.873637e-14
-2.179597e-06
-5.031842e-06
-7.335949e-06
-8.057992e-06
-9.063665e-06
-1.169835e-05
-1.478892e-05
-1.566732e-05
-1.832390e-05
-1.926048e-05
-2.125555e-05
-2.665310e-05
-2.793518e-05
-3.070446e-05
-3.147357e-05
-3.644718e-05
-3.774005e-05
-3.892424e-05
-4.213957e-05
-4.489515e-05
-4.780230e-05
-5.022347e-05
-5.353892e-05
-5.489512e-05
-5.751095e-05
-6.007178e-05
-6.165986e-05
-6.359821e-05
-6.681857e-05
-6.930000e-05
-7.171224e-05
-7.302559e-05
-7.376132e-05
-7.903075e-05
-8.142176e-05
-8.355780e-05
-8.664899e-05
-8.983575e-05
-9.173918e-05
-9.404228e-05
-9.568248e-05
-1.000449e-04
-1.037140e-04
-1.072943e-04
-1.092087e-04
-1.104446e-04
-1.168008e-04
-1.176155e-04
-1.199785e-04
-1.210497e-04
-1.232837e-04
-1.257421e-04
-1.280188e-04
-1.305004e-04
-1.332402e-04
-1.334603e-04
-1.378221e-04
-1.414650e-04
-1.453289e-04
-1.466860e-04
-1.479256e-04
-1.493910e-04
-1.524131e-04
-1.567689e-04
-1.607333e-04
-1.625300e-04
-1.648938e-04
-1.664048e-04
-1.692390e-04
-1.709623e-04
-1.760794e-04
-1.795735e-04
-1.802451e-04
-1.824769e-04
-1.848294e-04
-1.875360e-04
-1.934006e-04
-1.977337e-04
-1.999979e-04
-2.013693e-04
-2.036244e-04
-2.055157e-04
-2.099543e-04
-2.109654e-04
-2.139793e-04
-2.176266e-04
-2.227169e-04
-2.258293e-04
-2.273466e-04
-2.301692e-04
-2.344567e-04
-2.396691e-04
-2.423532e-04
-2.448599e-04
-2.458003e-04
-2.580894e-04
-2.592359e-04
-2.633480e-04
-2.673960e-04
-2.716640e-04
-2.752747e-04
-2.781642e-04
-2.839162e-04
-2.865245e-04
-2.893050e-04
-2.940016e-04
-2.961221e-04
-3.047981e-04
-3.104333e-04
-3.210672e-04
-3.269073e-04
-3.292883e-04
-3.313926e-04
-3.329554e-04
-3.364414e-04
-3.419868e-04
-3.511613e-04
-3.579579e-04
-3.687178e-04
-3.729301e-04
-3.800206e-04
-3.822974e-04
-3.945321e-04
-4.015980e-04
-4.139226e-04
-4.161837e-04
-4.337969e-04
-4.658755e-04
-4.703381e-04
-4.913104e-04
-5.253587e-04
-5.289881e-04
-5.602949e-04
-6.432557e-04
-6.910715e-04
-8.282406e-04
-1.202531e-03
