1.902705e+05
2.594914e+04
4.381990e+03
1.537722e+03
2.025399e+02
2.840858e+01
8.781445e+00
5.304765e+00
1.206351e+00
1.841014e-01
5.349934e-02
4.455821e-02
3.895860e-02
3.210768e-02
2.956953e-02
2.920945e-02
2.603152e-02
2.186176e-02
2.072208e-02
2.007168e-02
1.871998e-02
1.775913e-02
1.681196e-02
1.668371e-02
1.620256e-02
1.532143e-02
1.428683e-02
1.335831e-02
1.280108e-02
1.213449e-02
1.165558e-02
1.078530e-02
1.045929e-02
9.772103e-03
9.377114e-03
9.060716e-03
8.519541e-03
8.311331e-03
7.851860e-03
7.722495e-03
7.311764e-03
7.019902e-03
6.688174e-03
6.596475e-03
6.211929e-03
6.139840e-03
5.916443e-03
5.452801e-03
5.405711e-03
5.289189e-03
4.825953e-03
4.512875e-03
4.094196e-03
4.011461e-03
3.826692e-03
3.702845e-03
3.489854e-03
3.286372e-03
3.102585e-03
2.975516e-03
2.836687e-03
2.634534e-03
2.467565e-03
2.384807e-03
2.308586e-03
2.081660e-03
1.905366e-03
1.766442e-03
1.636408e-03
1.500200e-03
1.452040e-03
1.346949e-03
1.288494e-03
1.137590e-03
1.043675e-03
1.005786e-03
8.750737e-04
7.704527e-04
7.283160e-04
6.545992e-04
5.454229e-04
4.618889e-04
3.893446e-04
2.211710e-04
1.044526e-04
-4.845564e-05
-1.342259e-04
-3.523177e-04
-5.926887e-04
-6.417250e-04
-9.535215e-04
-1.228152e-03
-1.470199e-03
-1.636960e-03
-2.140233e-03
-2.414225e-03
-2.841422e-03
-2.990346e-03
-3.349112e-03
-3.611431e-03
-4.440037e-03
-4.812900e-03
-5.241100e-03
-5.789680e-03
-6.803687e-03
-6.875937e-03
-7.436393e-03
-8.037631e-03
-8.493370e-03
-8.843946e-03
-1.013282e-02
-1.089427e-02
-1.175944e-02
-1.264867e-02
-1.533156e-02
-1.673164e-02
-1.846177e-02
-2.119638e-02
-2.497935e-02
-2.653850e-02
-3.165101e-02
-3.294284e-02
-3.552999e-02
-3.945708e-02
-5.129348e-02
-5.357618e-02
-6.957790e-02
-1.152118e-01
