1.341562e+08
2.252509e+07
2.243639e+06
1.048134e+06
5.073837e+05
3.311592e+05
1.806510e+05
1.073472e+05
1.339884e+04
7.088520e+03
4.444917e+03
1.161362e+03
2.964510e+02
1.076518e+02
6.658146e+01
4.702707e+01
4.103229e+01
3.599426e+01
3.025746e+01
2.687902e+01
2.514797e+01
1.877000e+01
1.810490e+01
1.705602e+01
1.629426e+01
1.461738e+01
1.340082e+01
1.254271e+01
1.217777e+01
1.117518e+01
1.073297e+01
9.727471e+00
9.253492e+00
9.010581e+00
8.669464e+00
8.237825e+00
7.806879e+00
7.654505e+00
7.381248e+00
7.188363e+00
6.596910e+00
6.324423e+00
5.992954e+00
5.720004e+00
5.516216e+00
5.005447e+00
4.616699e+00
4.415089e+00
4.055416e+00
3.779404e+00
3.593801e+00
3.558073e+00
3.306689e+00
3.084930e+00
2.992351e+00
2.781058e+00
2.597535e+00
2.364901e+00
2.236306e+00
1.872462e+00
1.809326e+00
1.586258e+00
1.512977e+00
1.353736e+00
1.204544e+00
1.080991e+00
1.003285e+00
8.608538e-01
7.226646e-01
5.972987e-01
3.733394e-01
3.251894e-01
2.142430e-01
1.538303e-01
1.177357e-01
9.180040e-02
5.341415e-02
4.819049e-02
1.344899e-02
5.820833e-11
-2.199097e-02
-4.071180e-02
-9.639274e-02
-1.236092e-01
-1.477167e-01
-2.603139e-01
-3.097224e-01
-3.573700e-01
-6.544176e-01
-7.538575e-01
-8.052289e-01
-1.044359e+00
-1.104869e+00
-1.303292e+00
-1.379731e+00
-1.631172e+00
-1.832079e+00
-1.892047e+00
-2.014965e+00
-2.222879e+00
-2.355744e+00
-2.596066e+00
-3.109610e+00
-3.428850e+00
-3.612225e+00
-3.841161e+00
-4.044315e+00
-4.468820e+00
-4.651496e+00
-5.083183e+00
-5.864370e+00
-6.114887e+00
-6.694801e+00
-7.616983e+00
-8.524687e+00
-8.768886e+00
-9.279518e+00
-1.010020e+01
-1.129791e+01
-1.242609e+01
-1.490469e+01
-1.863408e+01
-1.958732e+01
-2.549007e+01
-3.582835e+01
-4.228125e+01
-5.561722e+01
-7.156448e+01
