9.479545e+09
1.307243e+09
2.289632e+08
1.405460e+08
1.073627e+08
8.256138e+07
5.728116e+07
5.248092e+07
4.255051e+07
3.905353e+07
3.256244e+07
2.791367e+07
2.354787e+07
2.262245e+07
1.665058e+07
1.497654e+07
1.219102e+07
1.076221e+07
9.528191e+06
8.811013e+06
6.682526e+06
6.609442e+06
5.765870e+06
5.692693e+06
4.403838e+06
4.128938e+06
3.914058e+06
3.861474e+06
3.308220e+06
2.848176e+06
2.319357e+06
2.230130e+06
2.098205e+06
1.976219e+06
1.683243e+06
1.521353e+06
1.337529e+06
1.233269e+06
1.019362e+06
8.756992e+05
7.606196e+05
7.243321e+05
6.596786e+05
6.143152e+05
5.980274e+05
5.105640e+05
4.704301e+05
3.871082e+05
3.691832e+05
3.310230e+05
3.023452e+05
2.704439e+05
2.393812e+05
2.177623e+05
1.962528e+05
1.747441e+05
1.449730e+05
1.429395e+05
1.181467e+05
9.300607e+04
8.139249e+04
6.395755e+04
5.915548e+04
4.502454e+04
4.277571e+04
3.414151e+04
2.422225e+04
2.208479e+04
1.785787e+04
1.484771e+04
1.282814e+04
1.135294e+04
8.481816e+03
8.195982e+03
6.510712e+03
3.867737e+03
2.723399e+03
2.349384e+03
1.833467e+03
1.121950e+03
1.053340e+03
6.647907e+02
6.346733e+02
4.456500e+02
2.364055e+02
2.127665e+02
1.595149e+02
1.195447e+02
9.880619e+01
6.557869e+01
4.917822e+01
3.438400e+01
1.949580e+01
1.250105e+01
9.866613e+00
6.105581e+00
5.438040e+00
4.177852e+00
2.119827e+00
1.955170e+00
1.448512e+00
9.470777e-01
6.621144e-01
6.251100e-01
3.874907e-01
3.337090e-01
2.574550e-01
2.276567e-01
2.165791e-01
1.730444e-01
1.458088e-01
1.367456e-01
1.162546e-01
1.035028e-01
7.887357e-02
6.129820e-02
4.670472e-02
3.538647e-02
2.296560e-02
1.371680e-02
-8.997166e-03
-2.827530e-02
-3.961501e-02
-4.256666e-02
-9.922019e-02
-1.426409e-01
-1.521322e-01
-2.554795e-01
