1.284666e+05
6.375858e+03
3.003334e+03
2.625139e+03
2.169915e+03
1.581011e+03
1.450072e+03
1.017302e+03
8.719446e+02
7.391155e+02
6.594501e+02
4.465107e+02
3.038224e+02
2.728501e+02
2.159969e+02
1.784075e+02
1.644702e+02
1.440459e+02
1.337826e+02
1.196560e+02
1.070794e+02
1.019728e+02
9.165908e+01
8.096409e+01
7.298204e+01
7.101701e+01
6.779195e+01
6.422464e+01
5.965852e+01
5.131289e+01
4.827180e+01
4.237070e+01
3.877954e+01
3.768148e+01
3.599716e+01
3.338496e+01
3.198074e+01
2.895264e+01
2.618501e+01
2.554399e+01
2.398676e+01
2.334012e+01
2.073812e+01
1.893475e+01
1.630597e+01
1.531493e+01
1.366102e+01
1.305767e+01
1.283198e+01
1.117308e+01
1.062772e+01
1.017197e+01
9.082683e+00
8.504382e+00
8.134841e+00
7.469855e+00
6.339871e+00
6.049468e+00
5.705423e+00
5.302207e+00
4.687625e+00
4.340912e+00
4.297317e+00
3.888435e+00
3.759764e+00
3.264409e+00
2.988342e+00
2.594775e+00
2.550987e+00
2.372787e+00
2.256673e+00
2.104293e+00
1.943555e+00
1.925376e+00
1.806630e+00
1.695112e+00
1.637972e+00
1.344413e+00
1.220800e+00
1.187698e+00
1.142019e+00
1.083326e+00
1.043783e+00
9.467708e-01
8.753817e-01
8.118514e-01
7.975098e-01
7.719644e-01
7.082633e-01
6.697304e-01
6.361356e-01
5.880595e-01
5.546154e-01
5.311843e-01
4.790145e-01
4.765312e-01
3.904876e-01
3.787347e-01
3.340625e-01
3.293414e-01
2.949801e-01
2.767206e-01
2.703958e-01
2.344545e-01
2.335366e-01
2.199507e-01
2.141865e-01
1.953949e-01
1.901224e-01
1.763934e-01
1.610580e-01
1.535766e-01
1.351241e-01
1.273312e-01
1.172554e-01
1.043943e-01
1.011924e-01
9.447952e-02
8.605935e-02
8.163907e-02
7.462955e-02
7.325196e-02
6.783791e-02
6.534098e-02
6.299295e-02
5.945444e-02
5.158181e-02
4.795868e-02
4.449220e-02
4.346243e-02
3.712806e-02
3.481682e-02
3.338628e-02
2.816922e-02
2.606471e-02
2.445531e-02
2.113032e-02
1.826681e-02
1.790986e-02
1.634264e-02
1.555817e-02
1.478579e-02
1.405248e-02
1.310150e-02
1.304179e-02
1.171149e-02
1.154562e-02
1.098535e-02
1.059101e-02
7.883560e-03
7.020094e-03
6.598872e-03
6.436856e-03
5.736588e-03
5.578376e-03
5.167236e-03
4.930421e-03
4.530789e-03
4.418251e-03
4.265704e-03
4.090436e-03
3.920855e-03
3.440539e-03
3.008725e-03
2.795414e-03
2.707676e-03
2.466605e-03
2.192951e-03
2.000366e-03
1.943725e-03
1.817028e-03
1.752205e-03
1.701665e-03
1.590562e-03
1.543896e-03
1.494782e-03
1.466726e-03
1.431361e-03
1.398591e-03
1.356512e-03
1.326125e-03
1.313306e-03
1.286589e-03
1.276511e-03
1.249327e-03
1.246791e-03
1.227162e-03
1.207673e-03
1.201273e-03
1.172946e-03
1.166576e-03
1.151472e-03
1.140085e-03
1.126783e-03
1.113170e-03
1.088928e-03
1.080530e-03
1.076339e-03
1.049908e-03
1.044418e-03
1.023557e-03
1.009901e-03
9.944690e-04
9.774696e-04
9.676278e-04
9.634839e-04
9.489264e-04
9.339741e-04
9.163273e-04
9.062450e-04
9.015240e-04
8.864230e-04
8.747283e-04
8.646713e-04
8.595176e-04
8.558866e-04
8.369461e-04
8.184729e-04
8.159591e-04
7.980987e-04
7.876124e-04
7.829296e-04
7.639970e-04
7.547181e-04
7.448601e-04
7.337180e-04
7.218889e-04
7.118023e-04
7.045669e-04
6.979643e-04
6.898053e-04
6.685897e-04
6.614363e-04
6.510748e-04
6.422568e-04
6.327144e-04
6.130001e-04
6.095507e-04
5.930231e-04
5.877990e-04
5.757806e-04
5.721881e-04
5.629687e-04
5.614836e-04
5.517130e-04
5.390060e-04
5.305992e-04
5.269653e-04
5.066947e-04
4.930141e-04
4.821934e-04
4.714192e-04
4.613883e-04
4.452711e-04
4.381895e-04
4.354288e-04
4.278120e-04
4.192983e-04
4.156863e-04
4.018850e-04
3.859505e-04
3.792333e-04
3.688411e-04
3.604575e-04
3.536420e-04
3.413948e-04
3.351995e-04
3.262188e-04
3.217359e-04
3.053829e-04
2.998165e-04
2.944753e-04
2.875702e-04
2.770083e-04
2.734807e-04
2.681681e-04
2.571862e-04
2.450753e-04
2.376738e-04
2.307366e-04
2.167013e-04
2.002590e-04
1.960646e-04
1.894277e-04
1.806522e-04
1.712365e-04
1.650746e-04
1.538491e-04
1.441634e-04
1.326780e-04
1.251242e-04
1.211087e-04
1.047321e-04
9.835186e-05
9.498237e-05
9.304208e-05
7.359789e-05
7.003854e-05
6.222292e-05
5.586639e-05
4.243668e-05
2.724673e-05
1.813290e-05
1.631981e-05
8.680300e-06
-1.147480e-05
-1.652323e-05
-2.508151e-05
-3.386443e-05
-4.568943e-05
-6.119745e-05
-7.440083e-05
-7.725161e-05
-8.671804e-05
-9.135946e-05
-1.048433e-04
-1.148047e-04
-1.185976e-04
-1.267135e-04
-1.326298e-04
-1.418317e-04
-1.611670e-04
-1.680562e-04
-1.764417e-04
-1.898457e-04
-2.033917e-04
-2.185302e-04
-2.230718e-04
-2.279767e-04
-2.427421e-04
-2.496672e-04
-2.619089e-04
-2.676059e-04
-2.792535e-04
-2.906014e-04
-3.062471e-04
-3.148880e-04
-3.251629e-04
-3.316234e-04
-3.483662e-04
-3.549521e-04
-3.613069e-04
-3.672847e-04
-3.783911e-04
-3.855935e-04
-3.922277e-04
-4.097344e-04
-4.243515e-04
-4.322110e-04
-4.411590e-04
-4.520306e-04
-4.601314e-04
-4.690975e-04
-4.862925e-04
-4.901182e-04
-5.060923e-04
-5.221252e-04
-5.325914e-04
-5.581666e-04
-5.646038e-04
-5.691278e-04
-5.823887e-04
-5.951796e-04
-6.101209e-04
-6.174890e-04
-6.453001e-04
-6.465996e-04
-6.552850e-04
-6.746768e-04
-6.928627e-04
-7.116438e-04
-7.212389e-04
-7.400046e-04
-7.445702e-04
-7.579701e-04
-7.772234e-04
-7.919190e-04
-8.241119e-04
-8.361082e-04
-8.856587e-04
-8.870850e-04
-9.005865e-04
-9.617869e-04
-9.728406e-04
