8.572783e+04
3.537942e+03
2.255858e+03
1.933198e+03
1.191416e+03
7.837061e+02
6.269175e+02
4.298952e+02
3.341564e+02
3.074757e+02
3.046539e+02
2.593553e+02
2.342203e+02
1.992959e+02
1.935646e+02
1.751152e+02
1.600275e+02
1.498038e+02
1.383080e+02
1.297335e+02
1.239006e+02
1.112575e+02
1.057817e+02
9.830302e+01
9.097314e+01
8.844927e+01
8.668989e+01
7.944835e+01
7.501297e+01
7.105193e+01
6.846433e+01
6.251244e+01
6.182266e+01
5.918747e+01
5.400570e+01
5.105037e+01
4.713282e+01
4.423829e+01
4.333173e+01
4.055825e+01
3.864935e+01
3.570221e+01
3.388203e+01
3.070529e+01
2.733544e+01
2.620809e+01
2.398094e+01
2.325475e+01
2.105669e+01
2.055550e+01
1.981345e+01
1.930386e+01
1.793653e+01
1.668793e+01
1.622677e+01
1.529407e+01
1.309035e+01
1.257707e+01
1.203032e+01
1.091156e+01
9.868885e+00
9.803146e+00
8.983736e+00
8.545175e+00
7.567247e+00
7.322023e+00
6.647030e+00
6.457845e+00
5.721217e+00
5.523864e+00
5.153382e+00
4.861937e+00
3.823184e+00
3.608468e+00
3.540217e+00
3.226805e+00
3.087881e+00
3.021648e+00
2.788822e+00
2.737762e+00
2.449999e+00
2.370661e+00
2.265743e+00
2.079546e+00
1.928047e+00
1.774701e+00
1.731631e+00
1.682810e+00
1.639755e+00
1.580850e+00
1.345778e+00
1.296141e+00
1.246084e+00
1.190681e+00
1.133894e+00
1.114403e+00
1.050700e+00
1.002962e+00
9.416978e-01
9.285879e-01
8.238012e-01
8.089874e-01
7.763951e-01
7.080235e-01
6.587129e-01
6.491765e-01
6.077994e-01
5.598917e-01
5.219917e-01
5.058103e-01
4.777398e-01
4.630629e-01
4.409934e-01
4.067869e-01
3.474631e-01
3.371700e-01
3.228810e-01
3.082779e-01
2.902263e-01
2.855631e-01
2.670402e-01
2.559178e-01
2.531204e-01
2.285569e-01
2.090180e-01
2.021513e-01
1.932405e-01
1.643221e-01
1.597059e-01
1.491718e-01
1.379917e-01
1.315193e-01
1.304022e-01
1.228249e-01
1.178413e-01
1.100145e-01
1.073650e-01
9.986199e-02
9.683810e-02
8.952136e-02
7.914100e-02
7.335512e-02
6.848912e-02
6.534000e-02
6.465798e-02
6.162471e-02
5.726632e-02
5.489216e-02
5.198707e-02
5.097391e-02
4.762177e-02
4.628204e-02
4.295245e-02
4.008503e-02
3.930213e-02
3.510782e-02
3.389734e-02
3.278239e-02
3.188638e-02
3.095730e-02
2.973675e-02
2.800428e-02
2.572233e-02
2.398703e-02
2.329365e-02
2.220795e-02
2.077118e-02
1.957592e-02
1.880918e-02
1.801154e-02
1.642256e-02
1.618782e-02
1.521530e-02
1.428299e-02
1.352986e-02
1.252034e-02
1.212202e-02
1.123444e-02
1.070624e-02
9.880035e-03
9.213366e-03
8.070895e-03
7.748396e-03
7.182022e-03
6.742437e-03
6.262632e-03
5.900580e-03
5.822081e-03
5.591981e-03
5.448919e-03
5.205311e-03
4.974800e-03
4.812341e-03
4.630755e-03
4.539970e-03
4.217102e-03
4.196221e-03
3.412265e-03
3.354964e-03
3.282767e-03
3.036590e-03
2.811189e-03
2.601413e-03
2.523642e-03
2.428896e-03
2.386889e-03
2.250733e-03
2.126658e-03
1.986913e-03
1.890776e-03
1.689133e-03
1.643075e-03
1.572259e-03
1.529627e-03
1.509878e-03
1.455167e-03
1.398894e-03
1.341602e-03
1.310148e-03
1.303074e-03
1.266469e-03
1.243792e-03
1.217198e-03
1.198827e-03
1.188646e-03
1.173240e-03
1.153816e-03
1.127232e-03
1.101902e-03
1.089124e-03
1.064734e-03
1.045103e-03
1.035620e-03
1.021928e-03
1.003143e-03
9.986906e-04
9.860175e-04
9.725463e-04
9.542243e-04
9.529032e-04
9.361805e-04
9.172697e-04
9.019980e-04
8.778034e-04
8.708062e-04
8.622977e-04
8.606152e-04
8.426178e-04
8.344144e-04
8.307415e-04
8.061132e-04
7.972702e-04
7.820308e-04
7.727758e-04
7.648008e-04
7.577777e-04
7.548919e-04
7.407060e-04
7.152684e-04
7.097882e-04
6.941548e-04
6.873660e-04
6.797907e-04
6.744677e-04
6.567721e-04
6.542449e-04
6.346002e-04
6.245305e-04
6.212359e-04
6.020903e-04
5.922539e-04
5.774227e-04
5.723186e-04
5.625077e-04
5.560191e-04
5.446417e-04
5.236637e-04
5.209147e-04
5.114485e-04
5.055411e-04
4.904736e-04
4.823005e-04
4.737200e-04
4.714915e-04
4.560114e-04
4.466560e-04
4.429638e-04
4.252079e-04
4.164939e-04
4.026169e-04
3.953919e-04
3.913968e-04
3.827222e-04
3.691581e-04
3.604589e-04
3.574099e-04
3.404002e-04
3.321318e-04
3.164198e-04
3.121485e-04
3.050636e-04
2.963192e-04
2.857267e-04
2.759259e-04
2.721510e-04
2.587545e-04
2.578105e-04
2.508935e-04
2.361309e-04
2.325059e-04
2.217292e-04
2.132269e-04
2.065711e-04
1.908719e-04
1.851861e-04
1.646924e-04
1.542786e-04
1.453811e-04
1.403493e-04
1.325910e-04
1.275591e-04
1.100927e-04
1.084381e-04
9.877075e-05
9.565916e-05
8.064060e-05
7.126367e-05
5.748187e-05
4.247679e-05
3.847346e-05
3.193728e-05
2.280657e-05
1.667539e-05
1.252526e-05
4.487421e-06
2.018738e-13
-3.004318e-14
-9.712003e-14
-6.002605e-06
-1.679990e-05
-3.108353e-05
-4.174891e-05
-5.432705e-05
-6.547102e-05
-7.100619e-05
-7.798854e-05
-9.802370e-05
-1.000202e-04
-1.113474e-04
-1.299513e-04
-1.474612e-04
-1.545441e-04
-1.594097e-04
-1.730178e-04
-1.774145e-04
-1.909983e-04
-2.027501e-04
-2.104496e-04
-2.351197e-04
-2.371310e-04
-2.430287e-04
-2.456883e-04
-2.620535e-04
-2.729619e-04
-2.882281e-04
-2.958207e-04
-3.057617e-04
-3.265193e-04
-3.369339e-04
-3.464597e-04
-3.516611e-04
-3.832007e-04
-3.902259e-04
-4.080996e-04
-4.286757e-04
-4.310081e-04
-4.609269e-04
-4.792140e-04
-4.911008e-04
-5.008512e-04
-5.173237e-04
-5.326205e-04
-5.612811e-04
-6.001511e-04
