1.141932e+08
1.983974e+07
1.970963e+06
1.188701e+06
5.623750e+05
3.940522e+05
1.844204e+05
1.076284e+05
3.216745e+04
2.211843e+04
4.249364e+03
1.158764e+03
3.892666e+02
1.397641e+02
6.985720e+01
3.906049e+01
3.277442e+01
2.975680e+01
2.261702e+01
2.003890e+01
1.688030e+01
1.603322e+01
1.380428e+01
1.320746e+01
1.183700e+01
1.088879e+01
1.049459e+01
1.019314e+01
9.915721e+00
9.455606e+00
8.415646e+00
8.124636e+00
7.945389e+00
7.029594e+00
6.773624e+00
6.306069e+00
5.887365e+00
5.672315e+00
5.373525e+00
5.026758e+00
4.725852e+00
4.316936e+00
4.234384e+00
3.758713e+00
3.569926e+00
3.293992e+00
3.207338e+00
3.047195e+00
2.928150e+00
2.614619e+00
2.291335e+00
2.025902e+00
1.832223e+00
1.738705e+00
1.561623e+00
1.448385e+00
1.427880e+00
1.199414e+00
9.408099e-01
8.636729e-01
7.800238e-01
7.188770e-01
5.723597e-01
5.610028e-01
4.807297e-01
4.159223e-01
3.584855e-01
3.091301e-01
2.953961e-01
2.243911e-01
1.795869e-01
1.389576e-01
1.037848e-01
5.070507e-02
3.808949e-02
2.059305e-02
5.361167e-03
-7.034084e-03
-3.038830e-02
-4.249793e-02
-5.221771e-02
-7.387131e-02
-1.227060e-01
-1.883859e-01
-2.331490e-01
-3.002397e-01
-3.349107e-01
-4.111223e-01
-4.731750e-01
-5.597208e-01
-5.859779e-01
-6.456490e-01
-8.680242e-01
-9.170547e-01
-9.868738e-01
-1.054343e+00
-1.105541e+00
-1.248490e+00
-1.384907e+00
-1.712677e+00
-1.855242e+00
-2.052133e+00
-2.195687e+00
-2.423543e+00
-2.592407e+00
-2.746899e+00
-3.202323e+00
-3.434655e+00
-3.895643e+00
-4.210878e+00
-4.337188e+00
-4.886979e+00
-5.150647e+00
-5.294843e+00
-5.890455e+00
-6.563204e+00
-7.211062e+00
-8.478670e+00
-9.192279e+00
-9.648184e+00
-1.172620e+01
-1.427192e+01
-1.631531e+01
-1.796368e+01
-2.391872e+01
-2.718519e+01
-4.396971e+01
-6.160566e+01
