3.016392e+10
1.419014e+10
6.406685e+09
5.274349e+09
4.981509e+09
4.402472e+09
3.984290e+09
3.016329e+09
2.974472e+09
2.604082e+09
2.440380e+09
2.148679e+09
2.107589e+09
2.001755e+09
1.892733e+09
1.857624e+09
1.831429e+09
1.769189e+09
1.549593e+09
1.528326e+09
1.430862e+09
1.392389e+09
1.355383e+09
1.313632e+09
1.268863e+09
1.235117e+09
1.208750e+09
1.118091e+09
1.095315e+09
1.057852e+09
1.024401e+09
9.862502e+08
9.243562e+08
8.940303e+08
8.698428e+08
8.636251e+08
8.208491e+08
7.998520e+08
7.897438e+08
7.769224e+08
7.409258e+08
7.278707e+08
7.094801e+08
6.934924e+08
6.813542e+08
6.616408e+08
6.407375e+08
6.163276e+08
6.003292e+08
5.887767e+08
5.714536e+08
5.590679e+08
5.405668e+08
5.300274e+08
5.107480e+08
4.985445e+08
4.950341e+08
4.664013e+08
4.595038e+08
4.535785e+08
4.373044e+08
4.206068e+08
4.165253e+08
4.067638e+08
4.044466e+08
3.976735e+08
3.818858e+08
3.687114e+08
3.642255e+08
3.535663e+08
3.399170e+08
3.367341e+08
3.283202e+08
3.238134e+08
3.079007e+08
3.049051e+08
2.954856e+08
2.822512e+08
2.708988e+08
2.680216e+08
2.605387e+08
2.579900e+08
2.542798e+08
2.435985e+08
2.310551e+08
2.282014e+08
2.254012e+08
2.209833e+08
2.131705e+08
2.083623e+08
1.974637e+08
1.932259e+08
1.891662e+08
1.851269e+08
1.807069e+08
1.692701e+08
1.668967e+08
1.615779e+08
1.526056e+08
1.419598e+08
1.380210e+08
1.365468e+08
1.333284e+08
1.252486e+08
1.222761e+08
1.139155e+08
1.087042e+08
1.046183e+08
1.011335e+08
9.432830e+07
8.937055e+07
8.876494e+07
8.515219e+07
8.220836e+07
6.879150e+07
6.180523e+07
5.927373e+07
5.237026e+07
4.685462e+07
3.879638e+07
3.021992e+07
2.845937e+07
2.633206e+07
2.548580e+07
2.283041e+07
1.384674e+07
1.174834e+07
5.535926e+06
