1.247719e+05
6.138138e+03
3.268637e+03
2.150028e+03
1.941582e+03
1.489503e+03
1.197704e+03
7.931812e+02
7.674487e+02
6.603901e+02
5.091351e+02
4.442409e+02
3.588740e+02
3.280456e+02
2.796098e+02
2.411071e+02
2.216525e+02
1.939282e+02
1.658592e+02
1.356952e+02
1.237980e+02
1.136407e+02
1.059760e+02
9.502773e+01
9.249649e+01
8.854309e+01
8.291182e+01
8.245154e+01
6.802991e+01
6.223541e+01
5.928986e+01
5.742044e+01
5.032399e+01
4.612751e+01
4.257274e+01
3.999181e+01
3.745178e+01
3.558690e+01
3.118565e+01
2.821013e+01
2.626865e+01
2.501809e+01
2.108322e+01
2.059436e+01
1.984267e+01
1.847969e+01
1.747497e+01
1.511597e+01
1.456676e+01
1.364426e+01
1.188295e+01
1.099778e+01
1.045430e+01
8.960391e+00
8.765392e+00
8.040337e+00
7.944918e+00
6.415307e+00
6.281036e+00
5.983295e+00
5.523719e+00
5.279816e+00
4.959738e+00
4.770419e+00
4.187898e+00
4.007835e+00
3.812616e+00
3.448113e+00
3.226700e+00
2.915499e+00
2.839985e+00
2.583489e+00
2.203950e+00
2.086737e+00
1.958070e+00
1.824718e+00
1.562467e+00
1.501237e+00
1.396809e+00
1.380307e+00
1.278122e+00
1.229741e+00
1.132428e+00
1.052631e+00
9.381577e-01
8.976477e-01
8.129296e-01
7.678670e-01
6.951238e-01
6.738999e-01
6.267208e-01
6.108987e-01
5.555129e-01
5.409187e-01
5.366545e-01
4.607226e-01
4.066387e-01
3.884951e-01
3.596224e-01
3.164885e-01
3.058442e-01
2.842896e-01
2.801755e-01
2.397080e-01
2.330810e-01
2.148345e-01
1.792156e-01
1.715000e-01
1.629951e-01
1.595512e-01
1.527047e-01
1.402720e-01
1.298177e-01
1.217762e-01
1.102829e-01
9.399364e-02
9.202901e-02
8.838961e-02
8.710148e-02
6.762166e-02
6.118688e-02
5.766990e-02
5.443825e-02
4.902919e-02
4.723774e-02
4.458132e-02
4.122246e-02
3.790114e-02
3.635837e-02
3.274849e-02
3.106558e-02
2.665182e-02
2.607695e-02
2.447696e-02
2.198780e-02
2.040533e-02
1.814070e-02
1.611017e-02
1.443126e-02
1.319803e-02
1.180023e-02
1.113747e-02
9.746973e-03
8.399662e-03
7.346281e-03
7.052660e-03
6.304207e-03
5.868989e-03
5.597644e-03
5.310294e-03
4.899917e-03
4.802807e-03
4.673989e-03
4.191357e-03
3.889999e-03
3.669422e-03
3.441219e-03
2.743201e-03
2.325351e-03
2.219874e-03
2.179403e-03
2.140952e-03
2.069955e-03
1.857282e-03
1.674396e-03
1.634918e-03
1.596289e-03
1.551411e-03
1.517181e-03
1.500751e-03
1.478028e-03
1.450223e-03
1.426614e-03
1.410880e-03
1.372093e-03
1.365557e-03
1.336775e-03
1.300623e-03
1.282076e-03
1.279902e-03
1.270826e-03
1.235675e-03
1.222211e-03
1.211631e-03
1.202693e-03
1.184078e-03
1.161145e-03
1.153620e-03
1.136811e-03
1.124746e-03
1.118521e-03
1.107313e-03
1.079527e-03
1.074035e-03
1.060687e-03
1.048222e-03
1.039632e-03
1.029420e-03
1.026793e-03
1.013412e-03
1.006710e-03
9.825527e-04
9.717174e-04
9.534708e-04
9.423610e-04
9.337856e-04
9.292180e-04
9.144968e-04
9.057754e-04
8.997481e-04
8.844073e-04
8.723359e-04
8.648397e-04
8.436726e-04
8.411780e-04
8.254402e-04
8.058850e-04
8.010319e-04
7.965035e-04
7.864852e-04
7.683205e-04
7.606247e-04
7.522947e-04
7.469839e-04
7.296822e-04
7.235491e-04
7.128475e-04
7.042621e-04
6.919170e-04
6.758313e-04
6.687718e-04
6.652379e-04
6.590181e-04
6.503357e-04
6.377255e-04
6.324735e-04
6.220149e-04
6.054930e-04
5.987221e-04
5.973030e-04
5.831122e-04
5.795601e-04
5.632626e-04
5.551782e-04
5.434747e-04
5.326195e-04
5.244583e-04
5.185397e-04
5.162431e-04
5.073059e-04
4.996149e-04
4.910899e-04
4.762509e-04
4.670531e-04
4.595838e-04
4.419650e-04
4.344142e-04
4.216678e-04
4.187762e-04
4.103661e-04
4.002476e-04
3.926919e-04
3.895255e-04
3.791807e-04
3.719766e-04
3.614725e-04
3.539284e-04
3.522171e-04
3.411925e-04
3.187500e-04
3.083993e-04
3.014729e-04
2.964055e-04
2.836101e-04
2.788951e-04
2.635259e-04
2.537228e-04
2.517121e-04
2.418634e-04
2.370582e-04
2.287442e-04
2.210452e-04
2.139490e-04
2.000340e-04
1.873923e-04
1.824626e-04
1.748957e-04
1.683142e-04
1.576392e-04
1.495709e-04
1.453771e-04
1.413974e-04
1.338741e-04
1.250997e-04
1.207005e-04
1.086112e-04
9.556976e-05
8.918336e-05
8.117257e-05
6.789720e-05
5.951191e-05
5.169654e-05
4.656909e-05
3.766168e-05
2.337466e-05
1.906917e-05
1.635894e-05
1.980372e-06
-7.087364e-06
-2.077953e-05
-3.184704e-05
-3.856284e-05
-4.639626e-05
-5.554678e-05
-6.802382e-05
-7.561297e-05
-7.662754e-05
-9.036619e-05
-9.542851e-05
-1.140738e-04
-1.184276e-04
-1.234325e-04
-1.274242e-04
-1.429349e-04
-1.491504e-04
-1.613033e-04
-1.676656e-04
-1.745415e-04
-1.817374e-04
-1.936202e-04
-2.050593e-04
-2.064329e-04
-2.214729e-04
-2.316398e-04
-2.345282e-04
-2.474869e-04
-2.525113e-04
-2.669972e-04
-2.794284e-04
-2.857457e-04
-3.009419e-04
-3.060803e-04
-3.144649e-04
-3.219875e-04
-3.444742e-04
-3.587442e-04
-3.634492e-04
-3.646801e-04
-3.778285e-04
-3.815886e-04
-3.899920e-04
-4.057870e-04
-4.148805e-04
-4.265003e-04
-4.480233e-04
-4.618688e-04
-4.650942e-04
-4.741344e-04
-4.819296e-04
-4.898740e-04
-5.053850e-04
-5.131536e-04
-5.212443e-04
-5.287616e-04
-5.449464e-04
-5.659570e-04
-5.719517e-04
-5.831098e-04
-6.033622e-04
-6.086194e-04
-6.315866e-04
-6.393299e-04
-6.660098e-04
-6.829969e-04
-6.981094e-04
-7.148652e-04
-7.552337e-04
-7.768309e-04
-7.821359e-04
-8.087234e-04
-8.204230e-04
-8.612556e-04
-9.049583e-04
-9.441273e-04
