1.288703e+05
6.038032e+03
3.172626e+03
2.701962e+03
1.981745e+03
1.605566e+03
1.426749e+03
1.005553e+03
9.348006e+02
7.766571e+02
6.439988e+02
5.247935e+02
3.033223e+02
2.835739e+02
2.295671e+02
2.040755e+02
1.829708e+02
1.412856e+02
1.361445e+02
1.301687e+02
1.030959e+02
9.663629e+01
9.207634e+01
8.611214e+01
7.580971e+01
6.790955e+01
6.379081e+01
6.057003e+01
5.219872e+01
4.825903e+01
4.550084e+01
4.358913e+01
4.097152e+01
3.567302e+01
3.286848e+01
3.146128e+01
2.776888e+01
2.637990e+01
2.446558e+01
2.338668e+01
2.148562e+01
1.946806e+01
1.870810e+01
1.669078e+01
1.593530e+01
1.431236e+01
1.335882e+01
1.263711e+01
1.151725e+01
1.094192e+01
1.009305e+01
9.290995e+00
8.573744e+00
8.123616e+00
7.102305e+00
6.997389e+00
6.650223e+00
6.044361e+00
5.988777e+00
5.533981e+00
5.168963e+00
4.525449e+00
4.187487e+00
4.035897e+00
3.798808e+00
3.233458e+00
3.110561e+00
3.024612e+00
2.769268e+00
2.502916e+00
2.394143e+00
2.299456e+00
2.129446e+00
2.019668e+00
1.886562e+00
1.805104e+00
1.543220e+00
1.432724e+00
1.242721e+00
1.188829e+00
1.112568e+00
1.095747e+00
1.017236e+00
9.452006e-01
8.758000e-01
8.691185e-01
7.861038e-01
7.541163e-01
7.008712e-01
6.684247e-01
6.185610e-01
5.714568e-01
5.306941e-01
4.681517e-01
4.329415e-01
4.045896e-01
3.951338e-01
3.610478e-01
3.441110e-01
3.107071e-01
3.002188e-01
2.697793e-01
2.662991e-01
2.480621e-01
2.337483e-01
2.086625e-01
2.006460e-01
1.922459e-01
1.807391e-01
1.704998e-01
1.646006e-01
1.583473e-01
1.500973e-01
1.176033e-01
1.095422e-01
1.075782e-01
9.680607e-02
9.519106e-02
8.424930e-02
7.932744e-02
7.331014e-02
7.042065e-02
6.700709e-02
6.207931e-02
5.821049e-02
5.689825e-02
4.993391e-02
4.816648e-02
4.621745e-02
4.037161e-02
3.882986e-02
3.752570e-02
3.265359e-02
3.148694e-02
2.929107e-02
2.582213e-02
2.518844e-02
2.136975e-02
2.000088e-02
1.885159e-02
1.769547e-02
1.639906e-02
1.522810e-02
1.355218e-02
1.188956e-02
1.170573e-02
1.143317e-02
1.050234e-02
8.899402e-03
8.430566e-03
7.011286e-03
6.736478e-03
6.198574e-03
6.015965e-03
5.752636e-03
5.277698e-03
4.793021e-03
3.797775e-03
3.549765e-03
3.142484e-03
2.905056e-03
2.725674e-03
2.685564e-03
2.632626e-03
2.470664e-03
2.324366e-03
2.122788e-03
1.972741e-03
1.906405e-03
1.853895e-03
1.809544e-03
1.689771e-03
1.681118e-03
1.565751e-03
1.549632e-03
1.509120e-03
1.467066e-03
1.411786e-03
1.392865e-03
1.371629e-03
1.348082e-03
1.331803e-03
1.324834e-03
1.312308e-03
1.287957e-03
1.259338e-03
1.239335e-03
1.224551e-03
1.206329e-03
1.189468e-03
1.170366e-03
1.163697e-03
1.133313e-03
1.123528e-03
1.110506e-03
1.105911e-03
1.098407e-03
1.074023e-03
1.065628e-03
1.048237e-03
1.036686e-03
1.024748e-03
1.013025e-03
9.948564e-04
9.811980e-04
9.703659e-04
9.676044e-04
9.566678e-04
9.475636e-04
9.417738e-04
9.246072e-04
9.062865e-04
8.914730e-04
8.860399e-04
8.626016e-04
8.571232e-04
8.501358e-04
8.436178e-04
8.198361e-04
8.036548e-04
7.959210e-04
7.914813e-04
7.730584e-04
7.701430e-04
7.554311e-04
7.459478e-04
7.410043e-04
7.356877e-04
7.217270e-04
7.124409e-04
7.015610e-04
6.868987e-04
6.675483e-04
6.576145e-04
6.537516e-04
6.465151e-04
6.311973e-04
6.223196e-04
6.172611e-04
6.108049e-04
6.057539e-04
6.034792e-04
5.795750e-04
5.704848e-04
5.649427e-04
5.516602e-04
5.391543e-04
5.336148e-04
5.236096e-04
5.083787e-04
4.914004e-04
4.842044e-04
4.753943e-04
4.698440e-04
4.645094e-04
4.451663e-04
4.395657e-04
4.356368e-04
4.150230e-04
3.999265e-04
3.984071e-04
3.879008e-04
3.743801e-04
3.661890e-04
3.593150e-04
3.566442e-04
3.469606e-04
3.390946e-04
3.257033e-04
3.217544e-04
3.142332e-04
3.038038e-04
2.912220e-04
2.867470e-04
2.808158e-04
2.751630e-04
2.589535e-04
2.493314e-04
2.436317e-04
2.413036e-04
2.330861e-04
2.235835e-04
2.096050e-04
2.034753e-04
1.940242e-04
1.794549e-04
1.760259e-04
1.574115e-04
1.384129e-04
1.277906e-04
1.169160e-04
1.114680e-04
1.045473e-04
9.247063e-05
8.870748e-05
8.104696e-05
7.338905e-05
6.905184e-05
6.419379e-05
5.071727e-05
3.502827e-05
2.627569e-05
1.540370e-05
1.146040e-05
5.393159e-07
-5.148232e-06
-1.015263e-05
-2.065060e-05
-2.683208e-05
-4.335886e-05
-5.316409e-05
-6.415594e-05
-7.612325e-05
-8.764656e-05
-9.846414e-05
-9.979565e-05
-1.155668e-04
-1.201953e-04
-1.281750e-04
-1.373696e-04
-1.419258e-04
-1.473458e-04
-1.693564e-04
-1.798472e-04
-1.948296e-04
-2.005811e-04
-2.094018e-04
-2.177361e-04
-2.337345e-04
-2.384847e-04
-2.534730e-04
-2.632811e-04
-2.696556e-04
-2.815122e-04
-2.833155e-04
-3.065672e-04
-3.106652e-04
-3.162927e-04
-3.322946e-04
-3.436241e-04
-3.646699e-04
-3.667891e-04
-3.826984e-04
-3.930962e-04
-4.033436e-04
-4.105714e-04
-4.220401e-04
-4.310476e-04
-4.402797e-04
-4.546834e-04
-4.592113e-04
-4.726049e-04
-4.873843e-04
-4.920932e-04
-4.949804e-04
-5.190215e-04
-5.267029e-04
-5.462616e-04
-5.519268e-04
-5.602402e-04
-5.672511e-04
-5.798277e-04
-5.971938e-04
-6.164050e-04
-6.289299e-04
-6.315272e-04
-6.440137e-04
-6.634377e-04
-6.834226e-04
-6.930208e-04
-6.976051e-04
-7.216630e-04
-7.371856e-04
-7.462177e-04
-7.697276e-04
-7.966360e-04
-8.236934e-04
-8.364695e-04
-8.641219e-04
-8.755098e-04
-8.874001e-04
-8.918822e-04
-9.712823e-04
-1.037031e-03
