1.919582e+05
2.307595e+04
6.048615e+03
1.844242e+03
2.210652e+02
2.478340e+01
1.261005e+01
5.656086e+00
1.801813e+00
1.678763e-01
6.626587e-02
4.435163e-02
4.162784e-02
3.404413e-02
3.316594e-02
3.253615e-02
2.947958e-02
2.308659e-02
2.144133e-02
1.989564e-02
1.860674e-02
1.820921e-02
1.715533e-02
1.629652e-02
1.592563e-02
1.463999e-02
1.456020e-02
1.379072e-02
1.295354e-02
1.250956e-02
1.211170e-02
1.187155e-02
1.113022e-02
1.015445e-02
1.001171e-02
9.694360e-03
9.260079e-03
8.924653e-03
8.505743e-03
8.179408e-03
7.879781e-03
7.458760e-03
7.037995e-03
6.610798e-03
6.449397e-03
5.910254e-03
5.805387e-03
5.596698e-03
5.291547e-03
5.142189e-03
4.997805e-03
4.869559e-03
4.485964e-03
4.361094e-03
4.189539e-03
4.079133e-03
3.766633e-03
3.321594e-03
3.074489e-03
2.916129e-03
2.787028e-03
2.708194e-03
2.596038e-03
2.379222e-03
2.204886e-03
2.093980e-03
1.960796e-03
1.793872e-03
1.696687e-03
1.580911e-03
1.521712e-03
1.439296e-03
1.327980e-03
1.253676e-03
1.191882e-03
1.129396e-03
8.853141e-04
8.625721e-04
7.230965e-04
6.671364e-04
5.882131e-04
5.400454e-04
4.774611e-04
3.271788e-04
1.089314e-04
1.892792e-06
-9.360476e-05
-2.219340e-04
-5.185421e-04
-7.419601e-04
-8.152684e-04
-1.010258e-03
-1.196283e-03
-1.583575e-03
-2.102349e-03
-2.306463e-03
-2.475523e-03
-2.634898e-03
-2.879248e-03
-3.483020e-03
-3.839412e-03
-4.236084e-03
-4.383380e-03
-5.016233e-03
-5.196849e-03
-5.660424e-03
-6.860204e-03
-7.179243e-03
-7.597055e-03
-8.822207e-03
-1.012232e-02
-1.085811e-02
-1.197322e-02
-1.301949e-02
-1.345658e-02
-1.606249e-02
-1.801573e-02
-2.086557e-02
-2.503667e-02
-2.543138e-02
-2.956104e-02
-3.103290e-02
-3.314440e-02
-4.409160e-02
-4.613569e-02
-5.396096e-02
-6.766566e-02
-7.919908e-02
