2.224760e+12
1.888074e+12
1.683638e+12
1.419416e+12
1.346962e+12
1.300361e+12
1.109627e+12
1.065436e+12
9.744503e+11
9.603518e+11
8.565753e+11
8.497998e+11
8.379194e+11
7.594794e+11
7.233305e+11
6.962483e+11
6.571746e+11
6.328222e+11
6.284319e+11
5.574425e+11
5.438137e+11
5.291675e+11
5.093728e+11
4.695679e+11
4.638255e+11
4.468378e+11
4.300658e+11
4.101872e+11
4.000972e+11
3.963693e+11
3.771525e+11
3.710489e+11
3.594945e+11
3.296615e+11
3.170040e+11
3.079760e+11
2.963976e+11
2.872219e+11
2.810230e+11
2.770968e+11
2.679532e+11
2.543849e+11
2.523828e+11
2.423062e+11
2.397131e+11
2.365003e+11
2.298240e+11
2.218410e+11
2.097793e+11
2.035017e+11
1.981863e+11
1.956832e+11
1.898846e+11
1.822442e+11
1.791803e+11
1.744595e+11
1.732149e+11
1.711049e+11
1.649984e+11
1.640088e+11
1.588421e+11
1.514983e+11
1.471406e+11
1.428261e+11
1.417732e+11
1.380711e+11
1.346886e+11
1.325141e+11
1.301584e+11
1.271607e+11
1.252681e+11
1.227251e+11
1.187100e+11
1.137051e+11
1.108176e+11
1.097636e+11
1.074934e+11
1.059381e+11
1.045171e+11
1.020114e+11
9.867378e+10
9.685731e+10
9.534088e+10
9.276236e+10
9.218385e+10
9.106530e+10
8.941634e+10
8.766587e+10
8.550090e+10
8.406168e+10
8.218911e+10
8.079308e+10
7.951980e+10
7.813263e+10
7.703122e+10
7.452566e+10
7.369450e+10
7.274290e+10
7.227485e+10
7.162310e+10
6.912522e+10
6.749910e+10
6.684767e+10
6.555326e+10
6.209650e+10
6.125563e+10
6.073952e+10
5.992323e+10
5.905728e+10
5.715382e+10
5.585198e+10
5.465321e+10
5.375428e+10
5.193348e+10
5.091378e+10
5.011030e+10
4.805413e+10
4.648754e+10
4.558963e+10
4.483086e+10
4.310731e+10
4.234090e+10
4.107001e+10
3.847799e+10
3.519189e+10
1.772572e+10
9.998086e+09
2.061456e+09
