2.819551e+10
1.609889e+10
7.268978e+09
4.941430e+09
3.901512e+09
3.799992e+09
3.463629e+09
3.079617e+09
2.719207e+09
2.559711e+09
2.400238e+09
2.290313e+09
2.154500e+09
1.986877e+09
1.912439e+09
1.838565e+09
1.753153e+09
1.648340e+09
1.629535e+09
1.513730e+09
1.457601e+09
1.412125e+09
1.336033e+09
1.277961e+09
1.227478e+09
1.209619e+09
1.165419e+09
1.148956e+09
1.091315e+09
1.034721e+09
1.006281e+09
9.640788e+08
9.583290e+08
9.363973e+08
9.028556e+08
8.777333e+08
8.351902e+08
8.244850e+08
7.974785e+08
7.533874e+08
7.399623e+08
7.276005e+08
6.778736e+08
6.557149e+08
6.256518e+08
6.201306e+08
5.924246e+08
5.819469e+08
5.736076e+08
5.420262e+08
5.339854e+08
5.248903e+08
5.081901e+08
4.984548e+08
4.725435e+08
4.685553e+08
4.600011e+08
4.441111e+08
4.425256e+08
4.161957e+08
4.071600e+08
3.926368e+08
3.839522e+08
3.713890e+08
3.570267e+08
3.499836e+08
3.387271e+08
3.354364e+08
3.239440e+08
3.109579e+08
3.102672e+08
3.045252e+08
2.972594e+08
2.801770e+08
2.720023e+08
2.662954e+08
2.548816e+08
2.532386e+08
2.409924e+08
2.335272e+08
2.269457e+08
2.228894e+08
2.211156e+08
2.112287e+08
2.070894e+08
1.998808e+08
1.942029e+08
1.894194e+08
1.859630e+08
1.820142e+08
1.759684e+08
1.735485e+08
1.651191e+08
1.632608e+08
1.618816e+08
1.533811e+08
1.499965e+08
1.467350e+08
1.418132e+08
1.331912e+08
1.311848e+08
1.274365e+08
1.243806e+08
1.224930e+08
1.133097e+08
1.101515e+08
1.065587e+08
1.015886e+08
1.000280e+08
9.793814e+07
9.275148e+07
8.519566e+07
8.467132e+07
7.479628e+07
6.762532e+07
5.847888e+07
5.582895e+07
5.351379e+07
4.191136e+07
4.086103e+07
2.848450e+07
2.568626e+07
1.814149e+07
1.420690e+07
9.421092e+06
7.348250e+06
3.727681e+06
9.521824e+05
