1.281443e+05
5.935783e+03
3.053219e+03
2.715750e+03
1.951250e+03
1.657138e+03
1.392322e+03
9.496013e+02
8.834680e+02
7.488727e+02
6.112233e+02
5.301712e+02
2.878673e+02
2.769960e+02
2.341592e+02
2.212248e+02
1.893837e+02
1.632303e+02
1.476037e+02
1.358093e+02
1.222347e+02
1.027306e+02
9.428728e+01
8.675317e+01
7.782672e+01
7.364520e+01
6.619180e+01
6.269227e+01
6.142434e+01
5.817233e+01
4.926048e+01
4.555658e+01
3.865292e+01
3.718609e+01
3.571177e+01
3.470042e+01
3.011193e+01
2.860412e+01
2.835282e+01
2.745926e+01
2.496533e+01
2.155714e+01
2.085182e+01
1.927071e+01
1.756972e+01
1.568049e+01
1.456003e+01
1.347964e+01
1.209169e+01
1.187169e+01
1.108396e+01
1.050233e+01
9.818528e+00
9.608881e+00
9.076920e+00
8.534181e+00
7.391326e+00
7.167811e+00
6.270254e+00
5.727252e+00
5.262680e+00
4.920728e+00
4.713490e+00
4.514479e+00
3.978219e+00
3.740157e+00
3.298817e+00
3.162987e+00
2.959000e+00
2.770283e+00
2.566280e+00
2.509519e+00
2.344558e+00
2.231327e+00
2.134524e+00
1.858852e+00
1.782966e+00
1.725620e+00
1.588698e+00
1.408682e+00
1.312650e+00
1.211128e+00
1.154861e+00
1.111678e+00
1.090638e+00
9.598083e-01
9.023927e-01
8.358433e-01
8.096874e-01
7.784771e-01
7.385706e-01
7.042594e-01
6.859791e-01
6.095409e-01
5.496813e-01
5.282364e-01
5.026159e-01
4.729805e-01
4.574924e-01
4.073218e-01
3.992203e-01
3.844651e-01
3.522831e-01
3.361075e-01
2.928120e-01
2.880651e-01
2.782749e-01
2.419767e-01
2.270188e-01
2.205440e-01
1.962998e-01
1.704042e-01
1.677077e-01
1.572898e-01
1.498846e-01
1.374234e-01
1.332502e-01
1.209700e-01
1.124021e-01
1.105756e-01
1.029117e-01
1.026288e-01
9.199157e-02
8.553653e-02
7.723224e-02
7.344987e-02
6.857051e-02
6.395905e-02
6.029074e-02
5.249867e-02
4.666299e-02
4.360548e-02
4.199906e-02
4.076055e-02
3.847606e-02
3.484223e-02
3.294040e-02
2.817761e-02
2.392090e-02
2.297686e-02
2.228382e-02
1.951900e-02
1.784184e-02
1.708622e-02
1.592753e-02
1.369103e-02
1.279684e-02
1.243223e-02
1.167020e-02
1.087259e-02
9.867797e-03
9.351965e-03
8.991042e-03
8.145393e-03
7.949250e-03
7.789584e-03
5.965891e-03
5.682072e-03
5.142513e-03
4.823336e-03
4.473330e-03
3.660990e-03
3.565627e-03
3.545944e-03
3.296280e-03
3.188385e-03
2.921794e-03
2.706332e-03
2.594548e-03
2.323457e-03
2.256030e-03
2.063997e-03
2.036022e-03
1.979909e-03
1.905503e-03
1.750048e-03
1.693908e-03
1.585246e-03
1.569724e-03
1.558376e-03
1.514069e-03
1.495756e-03
1.456946e-03
1.402849e-03
1.375758e-03
1.356004e-03
1.326427e-03
1.307768e-03
1.285175e-03
1.263893e-03
1.237608e-03
1.233277e-03
1.215843e-03
1.198784e-03
1.191004e-03
1.176349e-03
1.144570e-03
1.131895e-03
1.117111e-03
1.104065e-03
1.093907e-03
1.057828e-03
1.048859e-03
1.042812e-03
1.031315e-03
1.026465e-03
9.948190e-04
9.810788e-04
9.735652e-04
9.626854e-04
9.521392e-04
9.295352e-04
9.280699e-04
9.131887e-04
9.022048e-04
8.906184e-04
8.763624e-04
8.743103e-04
8.698376e-04
8.536872e-04
8.480650e-04
8.296627e-04
8.156103e-04
8.133305e-04
8.004539e-04
7.827086e-04
7.689326e-04
7.549208e-04
7.532417e-04
7.403826e-04
7.346360e-04
7.273825e-04
7.162737e-04
7.020231e-04
6.891135e-04
6.829936e-04
6.773561e-04
6.576034e-04
6.493113e-04
6.277813e-04
6.225627e-04
6.152408e-04
6.114671e-04
5.898461e-04
5.762448e-04
5.641578e-04
5.540451e-04
5.488956e-04
5.475600e-04
5.399558e-04
5.289198e-04
5.237316e-04
5.104340e-04
4.973575e-04
4.890151e-04
4.804760e-04
4.702910e-04
4.635698e-04
4.531711e-04
4.384193e-04
4.182717e-04
4.150262e-04
4.016552e-04
3.979989e-04
3.864177e-04
3.742439e-04
3.722403e-04
3.592000e-04
3.511435e-04
3.385629e-04
3.242767e-04
3.109725e-04
3.082927e-04
3.007361e-04
2.831159e-04
2.823332e-04
2.743806e-04
2.682576e-04
2.526662e-04
2.463949e-04
2.333758e-04
2.203766e-04
2.101094e-04
2.014118e-04
1.928187e-04
1.870070e-04
1.797556e-04
1.725408e-04
1.590300e-04
1.555648e-04
1.446412e-04
1.378405e-04
1.188566e-04
1.154647e-04
1.081918e-04
1.070179e-04
9.857236e-05
8.863361e-05
7.735089e-05
6.423528e-05
6.026149e-05
4.725680e-05
4.200683e-05
3.313820e-05
2.242323e-05
8.802848e-06
3.312190e-06
-4.765855e-06
-2.181195e-05
-2.631667e-05
-3.325355e-05
-3.618252e-05
-4.781707e-05
-5.419860e-05
-7.133783e-05
-7.957350e-05
-9.337279e-05
-9.535626e-05
-1.034546e-04
-1.093220e-04
-1.135541e-04
-1.288953e-04
-1.451597e-04
-1.466331e-04
-1.621522e-04
-1.710535e-04
-1.787502e-04
-1.906334e-04
-1.959913e-04
-2.053651e-04
-2.154920e-04
-2.274507e-04
-2.395022e-04
-2.453586e-04
-2.524368e-04
-2.623210e-04
-2.643359e-04
-2.762738e-04
-2.806561e-04
-3.040535e-04
-3.084330e-04
-3.140630e-04
-3.256439e-04
-3.376481e-04
-3.410405e-04
-3.521151e-04
-3.842350e-04
-3.908396e-04
-4.113427e-04
-4.206466e-04
-4.324477e-04
-4.464522e-04
-4.575308e-04
-4.675487e-04
-4.786965e-04
-4.914489e-04
-5.018699e-04
-5.061756e-04
-5.147280e-04
-5.361123e-04
-5.430549e-04
-5.549327e-04
-5.632924e-04
-5.706371e-04
-5.956336e-04
-5.989387e-04
-6.267106e-04
-6.431866e-04
-6.700503e-04
-6.763816e-04
-6.841519e-04
-6.890835e-04
-7.192059e-04
-7.332654e-04
-7.504696e-04
-7.631766e-04
-7.734683e-04
-7.849020e-04
-8.070687e-04
-8.235541e-04
-8.336080e-04
-8.655851e-04
-8.948419e-04
-9.767390e-04
