8.880534e+04
3.798638e+03
2.457314e+03
1.813359e+03
1.047708e+03
8.232900e+02
5.310859e+02
4.195560e+02
2.847457e+02
2.599394e+02
2.540216e+02
2.139694e+02
1.859169e+02
1.656979e+02
1.583105e+02
1.438647e+02
1.358531e+02
1.173640e+02
1.162512e+02
1.067138e+02
9.501093e+01
9.299580e+01
8.528686e+01
8.198655e+01
7.346231e+01
7.148421e+01
6.392113e+01
6.038531e+01
5.750579e+01
5.323891e+01
5.054028e+01
4.904782e+01
4.434212e+01
4.154160e+01
3.781115e+01
3.596477e+01
3.316919e+01
3.181867e+01
3.035357e+01
2.566484e+01
2.554362e+01
2.352893e+01
2.186743e+01
2.156670e+01
2.048651e+01
1.885138e+01
1.809400e+01
1.650087e+01
1.634987e+01
1.530443e+01
1.404966e+01
1.309026e+01
1.138911e+01
1.101618e+01
1.079152e+01
1.056508e+01
9.686856e+00
9.175947e+00
7.952069e+00
7.703779e+00
7.219454e+00
6.855185e+00
6.512329e+00
6.020022e+00
5.628846e+00
5.010914e+00
4.753324e+00
4.192930e+00
4.044791e+00
3.628161e+00
3.469735e+00
3.168441e+00
3.059827e+00
2.678657e+00
2.482777e+00
2.402815e+00
2.294518e+00
2.020283e+00
1.851577e+00
1.623163e+00
1.552449e+00
1.445955e+00
1.421001e+00
1.352281e+00
1.240065e+00
1.196438e+00
1.152217e+00
1.058626e+00
1.000433e+00
9.289554e-01
9.148863e-01
8.619073e-01
8.325285e-01
7.462776e-01
7.008500e-01
6.598181e-01
6.128514e-01
5.988435e-01
5.627944e-01
5.190176e-01
4.870668e-01
4.698350e-01
4.517619e-01
4.353943e-01
3.965700e-01
3.865497e-01
3.715460e-01
3.545546e-01
3.231395e-01
3.087292e-01
3.036908e-01
2.799076e-01
2.735728e-01
2.499953e-01
2.438986e-01
2.105528e-01
1.946125e-01
1.768058e-01
1.660058e-01
1.610776e-01
1.492067e-01
1.423539e-01
1.303841e-01
1.193012e-01
1.178749e-01
1.011480e-01
9.795064e-02
9.512055e-02
8.668711e-02
7.829698e-02
7.571027e-02
6.791881e-02
6.250373e-02
6.030258e-02
5.508088e-02
5.486130e-02
5.030525e-02
4.813658e-02
4.420447e-02
4.360316e-02
3.993141e-02
3.920874e-02
3.713440e-02
3.495252e-02
3.312785e-02
3.170180e-02
2.817455e-02
2.706157e-02
2.451726e-02
2.348329e-02
2.205765e-02
2.170024e-02
1.883836e-02
1.792886e-02
1.682866e-02
1.598661e-02
1.557687e-02
1.461089e-02
1.417917e-02
1.356355e-02
1.326690e-02
1.279729e-02
1.146612e-02
1.107824e-02
9.961423e-03
9.416280e-03
9.202521e-03
9.051211e-03
8.199227e-03
7.846097e-03
6.944193e-03
6.824575e-03
6.232649e-03
5.760330e-03
5.497892e-03
4.786698e-03
4.665187e-03
4.542336e-03
4.465768e-03
4.339282e-03
3.967214e-03
3.795939e-03
3.522827e-03
3.516174e-03
3.316628e-03
3.180757e-03
2.989579e-03
2.718866e-03
2.700920e-03
2.657981e-03
2.505326e-03
2.391821e-03
2.239330e-03
2.219317e-03
2.052567e-03
1.993418e-03
1.922984e-03
1.830686e-03
1.764528e-03
1.718794e-03
1.612193e-03
1.575106e-03
1.452860e-03
1.431319e-03
1.383340e-03
1.354624e-03
1.325572e-03
1.303170e-03
1.267844e-03
1.246579e-03
1.228634e-03
1.208302e-03
1.188681e-03
1.173724e-03
1.160612e-03
1.136743e-03
1.127130e-03
1.107420e-03
1.099318e-03
1.083978e-03
1.062379e-03
1.053650e-03
1.037182e-03
9.994272e-04
9.874770e-04
9.793725e-04
9.729822e-04
9.633785e-04
9.522875e-04
9.389611e-04
9.297437e-04
9.015317e-04
8.975590e-04
8.818272e-04
8.717297e-04
8.702049e-04
8.471304e-04
8.393581e-04
8.353078e-04
8.167211e-04
8.048200e-04
7.978845e-04
7.876317e-04
7.760723e-04
7.571913e-04
7.443415e-04
7.384639e-04
7.347469e-04
7.226291e-04
7.143810e-04
6.979111e-04
6.921961e-04
6.869223e-04
6.572133e-04
6.469067e-04
6.403138e-04
6.329242e-04
6.281327e-04
6.203682e-04
6.084283e-04
5.957487e-04
5.882208e-04
5.757871e-04
5.698157e-04
5.584463e-04
5.553151e-04
5.478688e-04
5.330127e-04
5.223270e-04
5.090657e-04
5.012332e-04
4.946566e-04
4.863953e-04
4.842642e-04
4.732549e-04
4.660699e-04
4.594580e-04
4.478784e-04
4.272511e-04
4.256146e-04
4.192251e-04
4.173323e-04
4.050306e-04
3.858129e-04
3.724540e-04
3.675424e-04
3.568709e-04
3.512459e-04
3.350773e-04
3.258943e-04
3.226867e-04
3.077165e-04
2.915991e-04
2.850352e-04
2.819214e-04
2.778955e-04
2.680036e-04
2.532111e-04
2.496579e-04
2.415679e-04
2.191701e-04
2.169087e-04
2.045982e-04
1.950098e-04
1.928423e-04
1.724685e-04
1.644927e-04
1.542988e-04
1.486537e-04
1.401402e-04
1.358798e-04
1.269859e-04
1.096809e-04
1.028153e-04
9.629623e-05
8.297672e-05
7.538387e-05
5.961545e-05
5.229953e-05
4.166504e-05
2.779819e-05
2.455624e-05
1.840029e-05
9.118651e-06
5.712228e-06
3.953999e-13
8.152289e-14
5.069898e-14
4.349510e-15
-1.075658e-13
-4.233502e-06
-1.294186e-05
-1.662873e-05
-2.726173e-05
-3.643239e-05
-4.095638e-05
-6.184275e-05
-7.342739e-05
-8.292018e-05
-8.832422e-05
-1.026222e-04
-1.101350e-04
-1.167874e-04
-1.252237e-04
-1.380184e-04
-1.510756e-04
-1.675377e-04
-1.877036e-04
-1.982354e-04
-2.024579e-04
-2.178196e-04
-2.291792e-04
-2.345239e-04
-2.495031e-04
-2.631289e-04
-2.664206e-04
-2.793053e-04
-2.804802e-04
-2.944765e-04
-3.019715e-04
-3.180459e-04
-3.314416e-04
-3.480139e-04
-3.624618e-04
-3.695888e-04
-3.820926e-04
-3.861424e-04
-3.940996e-04
-4.216128e-04
-4.296023e-04
-4.344936e-04
-4.516751e-04
-4.617787e-04
-4.758890e-04
-4.765884e-04
-5.011800e-04
-5.092081e-04
-5.412597e-04
-5.503474e-04
-5.740313e-04
-6.046445e-04
-6.185296e-04
-6.528843e-04
-6.602830e-04
