9.329489e+09
1.022722e+09
2.312960e+08
1.088201e+08
7.077841e+07
6.823880e+07
5.242852e+07
5.216978e+07
3.909089e+07
3.769024e+07
3.340402e+07
2.752928e+07
2.536372e+07
2.092840e+07
1.854026e+07
1.548583e+07
1.365282e+07
1.154415e+07
1.061098e+07
8.519027e+06
7.681414e+06
7.138338e+06
6.442534e+06
4.832647e+06
4.505805e+06
4.022468e+06
3.650974e+06
3.156764e+06
2.713604e+06
2.652584e+06
2.172680e+06
1.846678e+06
1.573557e+06
1.454434e+06
1.352085e+06
1.233393e+06
1.059393e+06
9.012701e+05
8.025844e+05
5.952959e+05
5.647978e+05
4.715012e+05
4.379153e+05
3.797758e+05
3.247035e+05
2.784480e+05
2.600466e+05
2.116583e+05
1.594467e+05
1.234960e+05
1.114442e+05
8.945527e+04
7.709236e+04
5.848690e+04
5.204525e+04
3.026464e+04
2.441259e+04
2.034501e+04
1.710817e+04
1.440527e+04
1.339404e+04
1.078871e+04
8.689775e+03
7.076273e+03
4.661022e+03
3.568103e+03
3.149411e+03
2.353781e+03
1.239818e+03
9.609411e+02
6.751071e+02
5.114327e+02
4.079685e+02
2.506618e+02
2.320847e+02
1.790544e+02
1.243549e+02
1.115470e+02
6.932137e+01
4.194073e+01
3.430175e+01
2.566603e+01
2.023102e+01
1.494202e+01
8.427423e+00
3.759584e+00
3.377918e+00
2.050218e+00
1.002770e+00
7.512548e-01
5.618535e-01
4.603814e-01
3.166300e-01
2.108483e-01
1.494264e-01
1.410505e-01
7.483973e-02
4.446910e-02
2.727511e-02
2.410924e-02
1.577337e-02
1.383267e-02
1.120821e-02
1.056437e-02
7.599249e-03
7.084599e-03
6.837858e-03
6.121691e-03
4.975589e-03
4.710703e-03
3.319462e-03
2.441486e-03
2.242951e-03
1.860084e-03
9.601247e-04
5.192650e-05
-5.670039e-04
-8.024704e-04
-1.817615e-03
-2.492097e-03
-3.143069e-03
-3.976619e-03
-4.819433e-03
-5.509006e-03
-7.112808e-03
-8.686943e-03
-1.269299e-02
-2.213790e-01
