1.001445e+10
7.985041e+08
1.667995e+08
8.760418e+07
5.854252e+07
5.229368e+07
4.533483e+07
3.789242e+07
2.379874e+07
1.904499e+07
1.578860e+07
1.510656e+07
1.357963e+07
1.190214e+07
1.085227e+07
7.211946e+06
6.530886e+06
4.653226e+06
4.011212e+06
3.607742e+06
2.776998e+06
2.326020e+06
2.128082e+06
1.658894e+06
1.560784e+06
1.340653e+06
1.226195e+06
1.091466e+06
9.430668e+05
7.410547e+05
6.063327e+05
4.920162e+05
4.446869e+05
3.595597e+05
3.044578e+05
2.360303e+05
1.971605e+05
1.844941e+05
1.707960e+05
8.915662e+04
8.213355e+04
7.144068e+04
6.737931e+04
4.715288e+04
4.063298e+04
3.738352e+04
3.325684e+04
2.256861e+04
1.790595e+04
1.442917e+04
1.077202e+04
8.217214e+03
6.419028e+03
4.535211e+03
3.855046e+03
3.421634e+03
2.350915e+03
2.215306e+03
1.210282e+03
6.872633e+02
3.948911e+02
3.334409e+02
1.754158e+02
1.343096e+02
8.566178e+01
5.791179e+01
2.231302e+01
1.656176e+01
1.474854e+01
5.486130e+00
3.621161e+00
3.050040e+00
1.212467e+00
1.059283e+00
6.728306e-01
5.330021e-01
3.439758e-01
2.183567e-01
1.423500e-01
8.027227e-02
4.647586e-02
3.800117e-02
3.034221e-02
1.918749e-02
1.811600e-02
1.687096e-02
1.330207e-02
1.148221e-02
9.920163e-03
9.123010e-03
7.639381e-03
7.494485e-03
6.350689e-03
5.329157e-03
5.024769e-03
4.496377e-03
4.260712e-03
3.653389e-03
3.044608e-03
2.655733e-03
2.044217e-03
1.887794e-03
1.382418e-03
1.169130e-03
9.266864e-04
8.231924e-04
2.979388e-04
-6.096188e-06
-4.353023e-04
-6.902248e-04
-1.083793e-03
-1.488602e-03
-1.831806e-03
-2.252920e-03
-2.800521e-03
-3.462052e-03
-3.628991e-03
-4.454995e-03
-5.004895e-03
-5.584159e-03
-6.738367e-03
-6.976674e-03
-7.723091e-03
-8.108473e-03
-9.055848e-03
-1.275016e-02
-1.863744e-02
-3.465775e-02
