3.685989e+05
2.298303e+05
1.495888e+05
1.397087e+05
1.329089e+05
1.229856e+05
1.049779e+05
9.650570e+04
8.609320e+04
7.362832e+04
6.925754e+04
5.870882e+04
5.377775e+04
5.080227e+04
4.242122e+04
3.870361e+04
3.561695e+04
3.333240e+04
2.564711e+04
1.674037e+04
1.475203e+04
1.114616e+04
1.077906e+04
1.009000e+04
8.024078e+03
7.320983e+03
7.118490e+03
5.963663e+03
5.754664e+03
5.288740e+03
4.095528e+03
3.503960e+03
3.212644e+03
2.794816e+03
2.263692e+03
2.091680e+03
1.946506e+03
1.558688e+03
1.404461e+03
1.011459e+03
8.752166e+02
7.466603e+02
5.893077e+02
5.453109e+02
4.588783e+02
4.102634e+02
3.705566e+02
2.916479e+02
2.510058e+02
2.179218e+02
1.811115e+02
1.794923e+02
1.475999e+02
1.237350e+02
9.244662e+01
8.887794e+01
7.376123e+01
5.340773e+01
4.637296e+01
3.925941e+01
3.683996e+01
2.846905e+01
2.395236e+01
2.035716e+01
1.843669e+01
1.461756e+01
1.219392e+01
1.123378e+01
9.183902e+00
8.523392e+00
6.482753e+00
5.920300e+00
4.863503e+00
4.448111e+00
3.308977e+00
3.243733e+00
2.239391e+00
2.120169e+00
1.504297e+00
1.208045e+00
1.017484e+00
1.010019e+00
8.713484e-01
6.285589e-01
5.447791e-01
4.757314e-01
3.851489e-01
3.530295e-01
2.310592e-01
2.074936e-01
1.878429e-01
1.667090e-01
1.269448e-01
1.149026e-01
9.495318e-02
8.005143e-02
6.572361e-02
5.673904e-02
4.906217e-02
4.807522e-02
4.120440e-02
3.302500e-02
2.714309e-02
2.693524e-02
2.517970e-02
2.448923e-02
2.389308e-02
2.202676e-02
2.164505e-02
2.020786e-02
1.953516e-02
1.815716e-02
1.764096e-02
1.720152e-02
1.645141e-02
1.573372e-02
1.481068e-02
1.428109e-02
1.404386e-02
1.376580e-02
1.311421e-02
1.174935e-02
1.077985e-02
8.801377e-03
8.307019e-03
7.740648e-03
7.284311e-03
-2.200906e-12
