1.971955e+05
2.343931e+04
4.704273e+03
1.717140e+03
2.140233e+02
1.942355e+01
1.037514e+01
5.411960e+00
1.363269e+00
1.294576e-01
5.276220e-02
4.310583e-02
3.358492e-02
3.073946e-02
2.565395e-02
2.495298e-02
2.349982e-02
2.046275e-02
2.028703e-02
1.934286e-02
1.756537e-02
1.618932e-02
1.557042e-02
1.493127e-02
1.426246e-02
1.366742e-02
1.303759e-02
1.256146e-02
1.179451e-02
1.119422e-02
1.068983e-02
1.039831e-02
9.574222e-03
9.278193e-03
8.946022e-03
8.566957e-03
8.382717e-03
7.870285e-03
7.727021e-03
7.451843e-03
7.278739e-03
6.930990e-03
6.542252e-03
6.239596e-03
6.167147e-03
5.897324e-03
5.765504e-03
5.296615e-03
5.098111e-03
4.773729e-03
4.760741e-03
4.550411e-03
4.290541e-03
4.084859e-03
4.006800e-03
3.892498e-03
3.630113e-03
3.469911e-03
3.280569e-03
3.141800e-03
2.783361e-03
2.673122e-03
2.585474e-03
2.381674e-03
2.237303e-03
2.165383e-03
1.987637e-03
1.818993e-03
1.756213e-03
1.558229e-03
1.402663e-03
1.321652e-03
1.296514e-03
1.245402e-03
1.153942e-03
1.103746e-03
1.059152e-03
8.977709e-04
8.050440e-04
7.780928e-04
7.517856e-04
6.870098e-04
6.806300e-04
5.407734e-04
4.871058e-04
3.913216e-04
2.825072e-04
2.447371e-04
9.803764e-05
-7.860357e-05
-2.192244e-04
-3.516058e-04
-6.775947e-04
-8.479297e-04
-9.636209e-04
-1.188635e-03
-1.773278e-03
-2.007037e-03
-2.153091e-03
-2.970133e-03
-3.220650e-03
-3.512080e-03
-3.574851e-03
-4.725337e-03
-4.830606e-03
-5.410810e-03
-5.866323e-03
-6.208044e-03
-6.661911e-03
-7.321208e-03
-9.069694e-03
-9.937975e-03
-1.152638e-02
-1.220618e-02
-1.408641e-02
-1.700683e-02
-1.763264e-02
-2.026948e-02
-2.075302e-02
-2.440133e-02
-2.593405e-02
-3.134947e-02
-3.594537e-02
-3.836909e-02
-3.910296e-02
-6.047491e-02
-7.266632e-02
-8.849091e-02
