1.242318e+05
6.380977e+03
3.346413e+03
2.371839e+03
1.914278e+03
1.333385e+03
1.164505e+03
7.532599e+02
6.824144e+02
6.266169e+02
4.936193e+02
4.164553e+02
3.545576e+02
3.312141e+02
3.030337e+02
2.456160e+02
2.037423e+02
1.916747e+02
1.658864e+02
1.597138e+02
1.444619e+02
1.232640e+02
1.210721e+02
9.895541e+01
9.745035e+01
9.060817e+01
8.468198e+01
7.870319e+01
7.301888e+01
5.958936e+01
5.660545e+01
5.319659e+01
4.903345e+01
4.778228e+01
4.422443e+01
4.184996e+01
3.980476e+01
3.758701e+01
3.351335e+01
3.136498e+01
3.014344e+01
2.880278e+01
2.527530e+01
2.331795e+01
2.266109e+01
1.978997e+01
1.879973e+01
1.709321e+01
1.592079e+01
1.440825e+01
1.389757e+01
1.295055e+01
1.211733e+01
1.113186e+01
9.849748e+00
9.333805e+00
8.646714e+00
8.219748e+00
7.854212e+00
7.587405e+00
7.138699e+00
6.608771e+00
5.864664e+00
5.281000e+00
5.080304e+00
4.685485e+00
4.443298e+00
4.198733e+00
3.766084e+00
3.674773e+00
3.130011e+00
2.960665e+00
2.897758e+00
2.722592e+00
2.637172e+00
2.402604e+00
2.237974e+00
2.118364e+00
2.024850e+00
1.734027e+00
1.564936e+00
1.505874e+00
1.450456e+00
1.376934e+00
1.245139e+00
1.090665e+00
1.058493e+00
1.011616e+00
8.878081e-01
7.903771e-01
7.706594e-01
6.922924e-01
6.855968e-01
6.598918e-01
6.037602e-01
5.918791e-01
5.525230e-01
5.419360e-01
5.121366e-01
4.716383e-01
4.370841e-01
4.008380e-01
3.690620e-01
3.573245e-01
3.480191e-01
2.956123e-01
2.807500e-01
2.665227e-01
2.576519e-01
2.424231e-01
2.221244e-01
2.193975e-01
2.001455e-01
1.891381e-01
1.784490e-01
1.525923e-01
1.471346e-01
1.341631e-01
1.263855e-01
1.205350e-01
1.119914e-01
1.071037e-01
1.021225e-01
1.007373e-01
8.432835e-02
7.481338e-02
7.338659e-02
6.739612e-02
6.032874e-02
5.414266e-02
4.981552e-02
4.512307e-02
4.213246e-02
3.850096e-02
3.688767e-02
3.176926e-02
3.066981e-02
2.576792e-02
2.524509e-02
2.415978e-02
2.341780e-02
2.220413e-02
2.047537e-02
1.897508e-02
1.830412e-02
1.444634e-02
1.395080e-02
1.326267e-02
1.277130e-02
1.083801e-02
9.647950e-03
9.452817e-03
8.611227e-03
8.349062e-03
7.713822e-03
7.270767e-03
6.280738e-03
4.836572e-03
4.702221e-03
4.647029e-03
4.160518e-03
4.130774e-03
3.992705e-03
3.577851e-03
3.312049e-03
3.061311e-03
2.848532e-03
2.694337e-03
2.553334e-03
2.235982e-03
2.219348e-03
2.119164e-03
2.013636e-03
1.989040e-03
1.776609e-03
1.699052e-03
1.653687e-03
1.620093e-03
1.564712e-03
1.515761e-03
1.442331e-03
1.423499e-03
1.396085e-03
1.379388e-03
1.345487e-03
1.315831e-03
1.301771e-03
1.277686e-03
1.255672e-03
1.236876e-03
1.201180e-03
1.181476e-03
1.178420e-03
1.171933e-03
1.147188e-03
1.133111e-03
1.131744e-03
1.120748e-03
1.110703e-03
1.095272e-03
1.080898e-03
1.073492e-03
1.048059e-03
1.042938e-03
1.023419e-03
1.012024e-03
1.006101e-03
9.963623e-04
9.938794e-04
9.855264e-04
9.654289e-04
9.590606e-04
9.317244e-04
9.240841e-04
9.153898e-04
9.086941e-04
8.937705e-04
8.848023e-04
8.787658e-04
8.565904e-04
8.469468e-04
8.379573e-04
8.343426e-04
8.215616e-04
8.038498e-04
7.940658e-04
7.794655e-04
7.780598e-04
7.677330e-04
7.600571e-04
7.460003e-04
7.356245e-04
7.283164e-04
7.267940e-04
7.099427e-04
6.882162e-04
6.843033e-04
6.776240e-04
6.679790e-04
6.558215e-04
6.467807e-04
6.316116e-04
6.228903e-04
6.196006e-04
6.101167e-04
6.023719e-04
5.891180e-04
5.830111e-04
5.691655e-04
5.638509e-04
5.502220e-04
5.404145e-04
5.381699e-04
5.195964e-04
5.099367e-04
4.991047e-04
4.933720e-04
4.801193e-04
4.646314e-04
4.565718e-04
4.525020e-04
4.399012e-04
4.387375e-04
4.276558e-04
4.156368e-04
4.100057e-04
4.068121e-04
3.950335e-04
3.884788e-04
3.828596e-04
3.742394e-04
3.691213e-04
3.578592e-04
3.401965e-04
3.345790e-04
3.286772e-04
3.199750e-04
3.083358e-04
2.994119e-04
2.905701e-04
2.778512e-04
2.698690e-04
2.500356e-04
2.442422e-04
2.378607e-04
2.337061e-04
2.221307e-04
2.128929e-04
2.059249e-04
2.032907e-04
1.950147e-04
1.850989e-04
1.823069e-04
1.712967e-04
1.632349e-04
1.582839e-04
1.405839e-04
1.352151e-04
1.210081e-04
1.193429e-04
1.010053e-04
1.007465e-04
9.000517e-05
8.098173e-05
7.046683e-05
6.698337e-05
5.829918e-05
5.026528e-05
3.871017e-05
3.015760e-05
2.529772e-05
1.845048e-05
8.160187e-06
-1.873263e-06
-7.972873e-06
-1.055976e-05
-2.374197e-05
-2.643760e-05
-5.035107e-05
-5.261823e-05
-5.986417e-05
-6.439780e-05
-7.160983e-05
-8.505260e-05
-9.478857e-05
-1.122603e-04
-1.218926e-04
-1.250834e-04
-1.374887e-04
-1.489004e-04
-1.571526e-04
-1.641860e-04
-1.710251e-04
-1.876240e-04
-1.936394e-04
-2.074945e-04
-2.149550e-04
-2.203305e-04
-2.247994e-04
-2.386737e-04
-2.448725e-04
-2.569151e-04
-2.667354e-04
-2.740629e-04
-2.853405e-04
-3.076509e-04
-3.095900e-04
-3.251651e-04
-3.287516e-04
-3.431732e-04
-3.577108e-04
-3.603741e-04
-3.677599e-04
-3.876855e-04
-3.936456e-04
-4.138781e-04
-4.205381e-04
-4.486669e-04
-4.510437e-04
-4.601049e-04
-4.666481e-04
-4.780122e-04
-4.943485e-04
-5.133855e-04
-5.224299e-04
-5.325379e-04
-5.479566e-04
-5.558170e-04
-5.886488e-04
-5.991855e-04
-6.156561e-04
-6.216182e-04
-6.396659e-04
-6.590072e-04
-6.598809e-04
-6.748561e-04
-6.956718e-04
-7.072182e-04
-7.354683e-04
-7.682741e-04
-7.737646e-04
-7.985233e-04
-8.514724e-04
-8.599577e-04
