5.870932e+04
1.254046e+04
6.637880e+03
1.514448e+03
1.158286e+03
8.670070e+02
5.488644e+02
3.306365e+02
2.720862e+02
2.423706e+02
2.090586e+02
1.748591e+02
1.416801e+02
1.247425e+02
1.125070e+02
8.256987e+01
7.780449e+01
7.440211e+01
6.902004e+01
4.513131e+01
4.008651e+01
3.494583e+01
3.011566e+01
2.506216e+01
2.053402e+01
1.648800e+01
1.435410e+01
1.272914e+01
1.173160e+01
8.502123e+00
8.301586e+00
7.638923e+00
7.054809e+00
6.435753e+00
4.406306e+00
3.495652e+00
3.338954e+00
2.913340e+00
2.665214e+00
2.511846e+00
2.371453e+00
1.916267e+00
1.686436e+00
1.478219e+00
1.355773e+00
9.074656e-01
7.969053e-01
7.423234e-01
7.066926e-01
5.249627e-01
5.063072e-01
4.151775e-01
3.384766e-01
3.031524e-01
2.052458e-01
1.721194e-01
1.500857e-01
1.335216e-01
1.007627e-01
8.395724e-02
4.521810e-02
3.988311e-02
3.591726e-02
3.250656e-02
1.811343e-02
1.553778e-02
1.392985e-02
1.034928e-02
8.523827e-03
6.515600e-03
5.649359e-03
4.720040e-03
3.547015e-03
3.116047e-03
2.846884e-03
2.628739e-03
1.733096e-03
1.606050e-03
1.464357e-03
1.368176e-03
1.305829e-03
1.213696e-03
1.078843e-03
1.014897e-03
9.785517e-04
8.732042e-04
8.439763e-04
7.989736e-04
7.744145e-04
7.356447e-04
7.110818e-04
6.604998e-04
6.222427e-04
6.081611e-04
5.821370e-04
5.637774e-04
5.537246e-04
5.411709e-04
5.291475e-04
5.243859e-04
5.149264e-04
5.081572e-04
5.023276e-04
4.889732e-04
4.864596e-04
4.751022e-04
4.704015e-04
4.586785e-04
4.537428e-04
4.490758e-04
4.414990e-04
4.341601e-04
4.297722e-04
4.229451e-04
4.159741e-04
4.096458e-04
4.057043e-04
3.982296e-04
3.943663e-04
3.908700e-04
3.869552e-04
3.790464e-04
3.734533e-04
3.702888e-04
3.663516e-04
3.644492e-04
3.597699e-04
3.529146e-04
3.482730e-04
3.463361e-04
3.417235e-04
3.405442e-04
3.381113e-04
3.352783e-04
3.329483e-04
3.241916e-04
3.206073e-04
3.146812e-04
3.133403e-04
3.074270e-04
3.039885e-04
2.986273e-04
2.963474e-04
2.922634e-04
2.906928e-04
2.840395e-04
2.831017e-04
2.809943e-04
2.804215e-04
2.745909e-04
2.715578e-04
2.684152e-04
2.672209e-04
2.613176e-04
2.606665e-04
2.596929e-04
2.553943e-04
2.496632e-04
2.453025e-04
2.431328e-04
2.380275e-04
2.362613e-04
2.338332e-04
2.323096e-04
2.287172e-04
2.277495e-04
2.242117e-04
2.207082e-04
2.160160e-04
2.131434e-04
2.101394e-04
2.087658e-04
2.062431e-04
2.036657e-04
1.986451e-04
1.967000e-04
1.945567e-04
1.924018e-04
1.896071e-04
1.858779e-04
1.827333e-04
1.791232e-04
1.785023e-04
1.760566e-04
1.740448e-04
1.735869e-04
1.719911e-04
1.706634e-04
1.671827e-04
1.660658e-04
1.620098e-04
1.591020e-04
1.562431e-04
1.530311e-04
1.525938e-04
1.513128e-04
1.478136e-04
1.454046e-04
1.433536e-04
1.386607e-04
1.361839e-04
1.334950e-04
1.295478e-04
1.275870e-04
1.267646e-04
1.192089e-04
1.182775e-04
1.143928e-04
1.127258e-04
1.105512e-04
1.083510e-04
1.054593e-04
1.034891e-04
9.866256e-05
9.555144e-05
9.327100e-05
9.052248e-05
8.965538e-05
8.824950e-05
8.558104e-05
8.396558e-05
8.219249e-05
8.164722e-05
7.923219e-05
7.676710e-05
6.962004e-05
6.800103e-05
6.732306e-05
6.555994e-05
6.514649e-05
6.201516e-05
5.811054e-05
5.727681e-05
5.514704e-05
5.280644e-05
4.965417e-05
4.727717e-05
4.599155e-05
4.289537e-05
4.009409e-05
3.876585e-05
3.779989e-05
3.456675e-05
3.278314e-05
3.258669e-05
3.055003e-05
2.789715e-05
2.294125e-05
1.887769e-05
1.697586e-05
1.521912e-05
1.260156e-05
9.673705e-06
8.001266e-06
6.104094e-06
3.184738e-06
1.908634e-06
7.952139e-15
-5.067494e-14
-6.312565e-07
-3.945779e-06
-6.539255e-06
-9.004929e-06
-1.222147e-05
-1.458520e-05
-1.528181e-05
-1.844573e-05
-2.048603e-05
-2.235282e-05
-2.420138e-05
-2.648018e-05
-3.145755e-05
-3.342542e-05
-3.346564e-05
-3.549366e-05
-3.735780e-05
-3.831545e-05
-4.153782e-05
-4.339326e-05
-4.666238e-05
-5.137807e-05
-5.416330e-05
-5.558119e-05
-6.279312e-05
-6.373177e-05
-6.619302e-05
-6.923691e-05
-6.988161e-05
-7.394290e-05
-7.496772e-05
-7.699001e-05
-7.741841e-05
-8.061691e-05
-8.530486e-05
-8.580911e-05
-8.784260e-05
-8.927400e-05
-9.173265e-05
-9.394302e-05
-9.851483e-05
-9.944437e-05
-1.013688e-04
-1.061091e-04
-1.071797e-04
-1.079527e-04
-1.115804e-04
-1.135510e-04
-1.211637e-04
-1.218200e-04
-1.222190e-04
-1.264453e-04
-1.288889e-04
-1.321981e-04
-1.352277e-04
-1.399945e-04
-1.423456e-04
-1.453430e-04
-1.474037e-04
-1.489066e-04
-1.527987e-04
-1.560634e-04
-1.578437e-04
-1.625824e-04
-1.658107e-04
-1.668953e-04
-1.714694e-04
-1.718728e-04
-1.807869e-04
-1.824005e-04
-1.850170e-04
-1.861885e-04
-1.895300e-04
-1.927530e-04
-1.954676e-04
-1.993938e-04
-2.025467e-04
-2.072952e-04
-2.099082e-04
-2.122158e-04
-2.180002e-04
-2.231218e-04
-2.241018e-04
-2.273052e-04
-2.345315e-04
-2.359676e-04
-2.390951e-04
-2.440224e-04
-2.498738e-04
-2.508099e-04
-2.560882e-04
-2.573870e-04
-2.619661e-04
-2.650510e-04
-2.677281e-04
-2.724420e-04
-2.787658e-04
-2.822882e-04
-2.829880e-04
-2.881569e-04
-2.899686e-04
-2.925524e-04
-3.005850e-04
-3.057100e-04
-3.137497e-04
-3.231403e-04
-3.298557e-04
-3.324854e-04
-3.364842e-04
-3.470970e-04
-3.560599e-04
-3.673022e-04
-3.701143e-04
-3.755683e-04
-3.880063e-04
-3.930400e-04
-4.009802e-04
-4.085476e-04
-4.580624e-04
-5.141734e-04
-5.434565e-04
-5.897323e-04
-7.609602e-04
-8.510152e-04
-1.128639e-03
