1.957772e+05
2.249974e+04
5.893176e+03
1.879574e+03
2.215624e+02
2.921481e+01
9.727795e+00
6.592590e+00
1.035094e+00
2.301299e-01
5.176457e-02
4.782093e-02
4.269157e-02
3.449106e-02
2.936595e-02
2.797012e-02
2.659890e-02
2.341400e-02
2.210966e-02
2.125236e-02
1.792836e-02
1.735474e-02
1.674078e-02
1.618981e-02
1.564900e-02
1.459832e-02
1.407708e-02
1.294733e-02
1.220085e-02
1.199293e-02
1.137245e-02
1.059454e-02
1.033511e-02
9.955460e-03
9.536527e-03
9.109435e-03
8.667723e-03
8.576395e-03
8.362183e-03
7.731524e-03
7.394279e-03
7.365450e-03
6.778062e-03
6.506799e-03
6.174148e-03
5.946290e-03
5.654044e-03
5.389605e-03
5.292901e-03
4.805655e-03
4.628397e-03
4.530901e-03
4.360689e-03
4.310431e-03
3.949857e-03
3.902286e-03
3.666982e-03
3.430928e-03
3.310071e-03
3.246347e-03
3.072500e-03
2.863643e-03
2.612547e-03
2.424213e-03
2.294603e-03
2.063052e-03
1.941155e-03
1.887570e-03
1.771204e-03
1.618677e-03
1.439694e-03
1.365069e-03
1.263772e-03
1.156621e-03
9.583238e-04
9.377523e-04
8.546357e-04
8.250872e-04
7.727069e-04
7.358290e-04
6.399635e-04
6.233862e-04
5.458317e-04
4.601694e-04
3.439926e-04
2.823120e-04
2.273448e-04
1.869617e-06
-8.382453e-05
-2.629220e-04
-3.942867e-04
-5.705192e-04
-7.521634e-04
-1.049925e-03
-1.340065e-03
-1.448383e-03
-1.807070e-03
-1.989781e-03
-2.250867e-03
-3.082554e-03
-3.486686e-03
-3.760129e-03
-4.109596e-03
-4.504700e-03
-5.277464e-03
-5.719517e-03
-5.775136e-03
-6.278722e-03
-7.217325e-03
-7.650040e-03
-8.948141e-03
-9.696726e-03
-1.020041e-02
-1.178271e-02
-1.251257e-02
-1.475527e-02
-1.573731e-02
-1.888030e-02
-2.017360e-02
-2.261357e-02
-2.638013e-02
-2.682439e-02
-3.557341e-02
-3.940404e-02
-4.360246e-02
-4.891327e-02
-5.873306e-02
-9.402078e-02
