8.864980e+12
6.965938e+12
4.943634e+12
4.213044e+12
3.709533e+12
3.172455e+12
2.899174e+12
2.683090e+12
2.517779e+12
2.477834e+12
2.398343e+12
2.339206e+12
2.302154e+12
2.088160e+12
2.004321e+12
1.911541e+12
1.896754e+12
1.808164e+12
1.688757e+12
1.669640e+12
1.638425e+12
1.558511e+12
1.518678e+12
1.444279e+12
1.388147e+12
1.381155e+12
1.341171e+12
1.294737e+12
1.246395e+12
1.222538e+12
1.208286e+12
1.145498e+12
1.119811e+12
1.081762e+12
1.071942e+12
1.038927e+12
1.004526e+12
9.768468e+11
9.592613e+11
9.338771e+11
9.092395e+11
8.791753e+11
8.754529e+11
8.528331e+11
8.241911e+11
8.099572e+11
8.083045e+11
7.833372e+11
7.665426e+11
7.603240e+11
7.339076e+11
7.220250e+11
7.161577e+11
7.011449e+11
6.827956e+11
6.633564e+11
6.598846e+11
6.467684e+11
6.404774e+11
6.159115e+11
6.116399e+11
5.948754e+11
5.867852e+11
5.735520e+11
5.588442e+11
5.542546e+11
5.490058e+11
5.376476e+11
5.365201e+11
5.286998e+11
5.169491e+11
5.082649e+11
4.982636e+11
4.924088e+11
4.885474e+11
4.837098e+11
4.734435e+11
4.682191e+11
4.576897e+11
4.483057e+11
4.474248e+11
4.357236e+11
4.285572e+11
4.247489e+11
4.222682e+11
4.156203e+11
4.023764e+11
3.960631e+11
3.856956e+11
3.804178e+11
3.801812e+11
3.774503e+11
3.753330e+11
3.677087e+11
3.645155e+11
3.623704e+11
3.562529e+11
3.511657e+11
3.481198e+11
3.379530e+11
3.340888e+11
3.310742e+11
3.220426e+11
3.172726e+11
3.144855e+11
3.103039e+11
3.049037e+11
3.014499e+11
2.985662e+11
2.950901e+11
2.884093e+11
2.848592e+11
2.830945e+11
2.718120e+11
2.693990e+11
2.639934e+11
2.604166e+11
2.564572e+11
2.471889e+11
2.459844e+11
2.380391e+11
2.318520e+11
2.212933e+11
1.795644e+11
1.714859e+11
1.443194e+11
1.099688e+11
1.011740e+11
