3.107078e+10
1.644905e+10
7.106005e+09
5.204590e+09
4.166727e+09
3.467158e+09
3.267952e+09
2.926904e+09
2.468957e+09
2.429251e+09
2.261604e+09
2.208004e+09
2.046998e+09
2.012738e+09
1.844662e+09
1.699002e+09
1.666256e+09
1.549046e+09
1.536620e+09
1.481617e+09
1.413123e+09
1.355738e+09
1.303604e+09
1.218209e+09
1.198756e+09
1.169126e+09
1.153877e+09
1.115155e+09
1.061056e+09
1.029851e+09
9.944893e+08
9.652951e+08
9.480151e+08
9.121004e+08
8.905141e+08
8.594709e+08
8.373077e+08
8.104619e+08
8.041635e+08
7.578716e+08
7.340967e+08
7.280112e+08
7.008614e+08
6.682649e+08
6.562029e+08
6.361695e+08
6.042739e+08
5.997596e+08
5.903198e+08
5.678778e+08
5.589703e+08
5.311362e+08
5.293953e+08
5.213046e+08
5.073871e+08
4.986837e+08
4.920477e+08
4.668153e+08
4.642463e+08
4.503165e+08
4.401045e+08
4.215643e+08
4.074146e+08
4.036857e+08
3.848592e+08
3.720870e+08
3.657639e+08
3.604451e+08
3.534317e+08
3.430294e+08
3.279349e+08
3.247291e+08
3.087495e+08
3.022311e+08
2.976150e+08
2.844614e+08
2.747658e+08
2.661172e+08
2.655025e+08
2.642125e+08
2.589491e+08
2.407659e+08
2.388447e+08
2.342749e+08
2.257553e+08
2.157809e+08
2.131673e+08
2.058319e+08
2.037211e+08
1.964143e+08
1.942651e+08
1.911617e+08
1.821557e+08
1.724872e+08
1.696779e+08
1.640803e+08
1.613400e+08
1.560829e+08
1.521253e+08
1.459615e+08
1.403612e+08
1.348544e+08
1.303582e+08
1.253838e+08
1.217598e+08
1.130206e+08
1.109789e+08
1.044771e+08
1.003203e+08
8.954341e+07
8.570080e+07
8.089362e+07
7.410171e+07
6.567242e+07
6.342808e+07
5.946154e+07
5.671772e+07
5.186002e+07
4.874319e+07
4.785139e+07
4.227748e+07
3.492862e+07
2.650120e+07
2.382771e+07
1.262323e+07
7.820426e+06
5.495066e+06
4.421293e+06
