6.177901e+05
2.647580e+05
1.906253e+05
1.464613e+05
1.290132e+05
1.214076e+05
1.094038e+05
9.497922e+04
7.958604e+04
7.367150e+04
6.617362e+04
5.974871e+04
5.081479e+04
4.243806e+04
3.967516e+04
3.502186e+04
2.811891e+04
2.423893e+04
1.681302e+04
1.452338e+04
1.139513e+04
1.084837e+04
9.644139e+03
8.308695e+03
6.622756e+03
6.012411e+03
5.614847e+03
4.308991e+03
4.111770e+03
3.534777e+03
3.244825e+03
2.572494e+03
2.118552e+03
1.838658e+03
1.408062e+03
1.180585e+03
1.064254e+03
1.024851e+03
7.033806e+02
6.078483e+02
5.063975e+02
4.565150e+02
4.425611e+02
3.567603e+02
2.767838e+02
2.623165e+02
1.979837e+02
1.786397e+02
1.456934e+02
1.342401e+02
1.140295e+02
9.322227e+01
8.364966e+01
4.743014e+01
4.324504e+01
4.175610e+01
3.734898e+01
3.292831e+01
2.770290e+01
2.073747e+01
1.567921e+01
1.428035e+01
1.294582e+01
1.008696e+01
8.945860e+00
7.272092e+00
6.318576e+00
4.248505e+00
3.623150e+00
3.178559e+00
2.752355e+00
1.795599e+00
1.583274e+00
9.642667e-01
9.539344e-01
9.008037e-01
7.550212e-01
6.288466e-01
5.335060e-01
3.420471e-01
2.626796e-01
2.478545e-01
2.250700e-01
1.562991e-01
1.277725e-01
1.158303e-01
8.965367e-02
7.297648e-02
6.590997e-02
5.642867e-02
5.263715e-02
4.759535e-02
4.460808e-02
4.350004e-02
4.049807e-02
3.914117e-02
3.796855e-02
3.595158e-02
3.456079e-02
3.208994e-02
3.123710e-02
2.892981e-02
2.868868e-02
2.773769e-02
2.646769e-02
2.406307e-02
2.320568e-02
2.280725e-02
2.146440e-02
2.055614e-02
1.915945e-02
1.842808e-02
1.770906e-02
1.725898e-02
1.700849e-02
1.631425e-02
1.627042e-02
1.573385e-02
1.502419e-02
1.477229e-02
1.398848e-02
1.385436e-02
1.288564e-02
1.240123e-02
1.213162e-02
1.118128e-02
1.031932e-02
-5.242267e-13
