7.253940e+04
9.395637e+02
4.175469e+02
6.083722e+01
2.101896e+01
3.373282e+00
1.879862e+00
5.530740e-01
1.479839e-01
7.011906e-02
7.081386e-03
4.236857e-03
1.880931e-03
1.296651e-03
1.253265e-03
1.194995e-03
1.159759e-03
1.102696e-03
1.069087e-03
1.017452e-03
1.004437e-03
9.796744e-04
9.549404e-04
9.495346e-04
9.398563e-04
9.249224e-04
9.101072e-04
8.941094e-04
8.904535e-04
8.653949e-04
8.609013e-04
8.596246e-04
8.422049e-04
8.271690e-04
8.210533e-04
8.068900e-04
7.974668e-04
7.846422e-04
7.826752e-04
7.776007e-04
7.694129e-04
7.647014e-04
7.584591e-04
7.445349e-04
7.418507e-04
7.378799e-04
7.312483e-04
7.277100e-04
7.178104e-04
7.101609e-04
7.030240e-04
6.989168e-04
6.917084e-04
6.868063e-04
6.782400e-04
6.711423e-04
6.657397e-04
6.608656e-04
6.515219e-04
6.498019e-04
6.415166e-04
6.396627e-04
6.312024e-04
6.275299e-04
6.200554e-04
6.157515e-04
6.119307e-04
6.085474e-04
6.022424e-04
5.999795e-04
5.942357e-04
5.898377e-04
5.860626e-04
5.800711e-04
5.790407e-04
5.741111e-04
5.704548e-04
5.641379e-04
5.599893e-04
5.575190e-04
5.539041e-04
5.479263e-04
5.421782e-04
5.391022e-04
5.325563e-04
5.307946e-04
5.287716e-04
5.261489e-04
5.218667e-04
5.166457e-04
5.125508e-04
5.084347e-04
5.058611e-04
4.996041e-04
4.980346e-04
4.951439e-04
4.935095e-04
4.893484e-04
4.870362e-04
4.840455e-04
4.812594e-04
4.775743e-04
4.767948e-04
4.722217e-04
4.698480e-04
4.683858e-04
4.634792e-04
4.617740e-04
4.543337e-04
4.516184e-04
4.449180e-04
4.396601e-04
4.366644e-04
4.339830e-04
4.295432e-04
4.253939e-04
4.233475e-04
4.210773e-04
4.188463e-04
4.166132e-04
4.125747e-04
4.096852e-04
4.036845e-04
4.003443e-04
3.992694e-04
3.953720e-04
3.912887e-04
3.888166e-04
3.868936e-04
3.808663e-04
3.775616e-04
3.751924e-04
3.717684e-04
3.691579e-04
3.677488e-04
3.617464e-04
3.594853e-04
3.591871e-04
3.515264e-04
3.486804e-04
3.473930e-04
3.446720e-04
3.423904e-04
3.367163e-04
3.349847e-04
3.331893e-04
3.316366e-04
3.259193e-04
3.244737e-04
3.187426e-04
3.174383e-04
3.132617e-04
3.108129e-04
3.054310e-04
3.036375e-04
3.031214e-04
3.002085e-04
2.950077e-04
2.921793e-04
2.901249e-04
2.874698e-04
2.850661e-04
2.832178e-04
2.810058e-04
2.772224e-04
2.769002e-04
2.723899e-04
2.697654e-04
2.683319e-04
2.666420e-04
2.641394e-04
2.593462e-04
2.588270e-04
2.527855e-04
2.509340e-04
2.481915e-04
2.457131e-04
2.420835e-04
2.367318e-04
2.359178e-04
2.326975e-04
2.302845e-04
2.294489e-04
2.272256e-04
2.219230e-04
2.202028e-04
2.157865e-04
2.153067e-04
2.127416e-04
2.083823e-04
2.074688e-04
2.037371e-04
2.001513e-04
1.984351e-04
1.944619e-04
1.926680e-04
1.891929e-04
1.871280e-04
1.843237e-04
1.834616e-04
1.811311e-04
1.804315e-04
1.749920e-04
1.740950e-04
1.702384e-04
1.673652e-04
1.648749e-04
1.627481e-04
1.624565e-04
1.574833e-04
1.556449e-04
1.534537e-04
1.513047e-04
1.489743e-04
1.480717e-04
1.444729e-04
1.427566e-04
1.370312e-04
1.347384e-04
1.339163e-04
1.279454e-04
1.269657e-04
1.245213e-04
1.214173e-04
1.184319e-04
1.172881e-04
1.134576e-04
1.124200e-04
1.102916e-04
1.045913e-04
1.038209e-04
9.938906e-05
9.887260e-05
9.425584e-05
9.259694e-05
9.002363e-05
8.449906e-05
8.309980e-05
8.193558e-05
7.897832e-05
7.721563e-05
7.347653e-05
7.112795e-05
6.848929e-05
6.576063e-05
6.490117e-05
6.174522e-05
5.971583e-05
5.915859e-05
5.509131e-05
5.174410e-05
4.793557e-05
4.654720e-05
4.486110e-05
4.311839e-05
3.952676e-05
3.764407e-05
3.560061e-05
3.166085e-05
3.022161e-05
2.788419e-05
2.493185e-05
2.308173e-05
2.094777e-05
1.872901e-05
1.720047e-05
1.357752e-05
1.319869e-05
1.068143e-05
4.003446e-06
1.615173e-06
1.000928e-06
2.842153e-14
-5.199539e-06
-7.024072e-06
-1.041732e-05
-1.352354e-05
-1.617890e-05
-1.670676e-05
-1.747412e-05
-2.211502e-05
-2.495217e-05
-2.791399e-05
-2.853345e-05
-3.198474e-05
-3.431644e-05
-3.591027e-05
-4.020132e-05
-4.100481e-05
-4.600527e-05
-4.731867e-05
-5.147944e-05
-5.440971e-05
-5.717302e-05
-6.024400e-05
-6.165175e-05
-6.466115e-05
-7.060151e-05
-7.165690e-05
-7.235425e-05
-7.323649e-05
-7.812482e-05
-7.965280e-05
-8.129527e-05
-8.332153e-05
-8.869590e-05
-8.914290e-05
-9.137116e-05
-9.474429e-05
-9.774760e-05
-1.004203e-04
-1.032276e-04
-1.072750e-04
-1.101222e-04
-1.133174e-04
-1.160419e-04
-1.178324e-04
-1.201347e-04
-1.228257e-04
-1.254149e-04
-1.283995e-04
-1.320172e-04
-1.359755e-04
-1.388051e-04
-1.413811e-04
-1.446679e-04
-1.487003e-04
-1.508721e-04
-1.549507e-04
-1.580656e-04
-1.598316e-04
-1.660481e-04
-1.696411e-04
-1.719988e-04
-1.756743e-04
-1.773792e-04
-1.779844e-04
-1.793204e-04
-1.876760e-04
-1.888996e-04
-1.940598e-04
-1.976161e-04
-2.025936e-04
-2.040119e-04
-2.062401e-04
-2.122775e-04
-2.138443e-04
-2.182891e-04
-2.221135e-04
-2.244484e-04
-2.274490e-04
-2.325838e-04
-2.350638e-04
-2.388384e-04
-2.424569e-04
-2.436686e-04
-2.463601e-04
-2.531194e-04
-2.582006e-04
-2.620301e-04
-2.645664e-04
-2.679190e-04
-2.727365e-04
-2.775815e-04
-2.798341e-04
-2.807996e-04
-2.937303e-04
-2.960328e-04
-3.010354e-04
-3.044968e-04
-3.118186e-04
-3.170003e-04
-3.204736e-04
-3.218533e-04
-3.275539e-04
-3.311702e-04
-3.403456e-04
-3.489660e-04
-3.526699e-04
-3.630324e-04
-3.786098e-04
-3.832086e-04
-3.880738e-04
-4.182134e-04
