2.988142e+10
1.312654e+10
6.848707e+09
4.144473e+09
3.854001e+09
3.753156e+09
3.220764e+09
3.112776e+09
2.925806e+09
2.651619e+09
2.249734e+09
2.131537e+09
1.966702e+09
1.894619e+09
1.746367e+09
1.703963e+09
1.617378e+09
1.565791e+09
1.455278e+09
1.425636e+09
1.404966e+09
1.298660e+09
1.261918e+09
1.234000e+09
1.193541e+09
1.148660e+09
1.123999e+09
1.069540e+09
1.000884e+09
9.819643e+08
9.576856e+08
9.118425e+08
8.854223e+08
8.608679e+08
8.213389e+08
8.105508e+08
7.894432e+08
7.798236e+08
7.487069e+08
7.407299e+08
7.134268e+08
6.950129e+08
6.747452e+08
6.577756e+08
6.463400e+08
6.330442e+08
6.096769e+08
5.893585e+08
5.738563e+08
5.501036e+08
5.433894e+08
5.142448e+08
5.084539e+08
4.976816e+08
4.916382e+08
4.798385e+08
4.765891e+08
4.618876e+08
4.578222e+08
4.400629e+08
4.244804e+08
4.196570e+08
3.988730e+08
3.895640e+08
3.784038e+08
3.716292e+08
3.566073e+08
3.480224e+08
3.376741e+08
3.198029e+08
3.157861e+08
3.119197e+08
3.042223e+08
2.984039e+08
2.899813e+08
2.765101e+08
2.724109e+08
2.657024e+08
2.622968e+08
2.582306e+08
2.480210e+08
2.459423e+08
2.411616e+08
2.328802e+08
2.232818e+08
2.147240e+08
2.119445e+08
2.101050e+08
2.056466e+08
1.923443e+08
1.879391e+08
1.790008e+08
1.776919e+08
1.715422e+08
1.672985e+08
1.645574e+08
1.562996e+08
1.542618e+08
1.535604e+08
1.386290e+08
1.373740e+08
1.335546e+08
1.287057e+08
1.249931e+08
1.184429e+08
1.129083e+08
1.113146e+08
9.983566e+07
9.402391e+07
8.996595e+07
8.753996e+07
8.413441e+07
7.402502e+07
6.279588e+07
5.497876e+07
5.051958e+07
4.800826e+07
4.449451e+07
3.906457e+07
3.512033e+07
2.803145e+07
2.436753e+07
2.229490e+07
1.960831e+07
1.842639e+07
1.784771e+07
9.567847e+06
2.825382e+06
