8.884863e+04
3.635981e+03
2.461016e+03
1.852612e+03
1.126353e+03
8.843411e+02
4.953587e+02
4.279365e+02
3.015088e+02
2.627715e+02
2.431427e+02
2.197656e+02
1.931607e+02
1.717647e+02
1.638745e+02
1.491328e+02
1.436347e+02
1.320272e+02
1.145350e+02
1.071314e+02
1.027690e+02
9.719839e+01
8.917411e+01
8.586950e+01
7.988827e+01
6.946227e+01
6.675432e+01
5.939626e+01
5.707856e+01
5.482578e+01
5.321165e+01
4.804886e+01
4.441207e+01
4.204237e+01
4.012106e+01
3.832732e+01
3.644337e+01
3.576888e+01
3.123016e+01
2.925352e+01
2.860335e+01
2.627360e+01
2.326826e+01
2.323598e+01
2.270896e+01
2.137525e+01
1.995772e+01
1.831510e+01
1.637444e+01
1.576707e+01
1.465982e+01
1.402664e+01
1.308132e+01
1.247835e+01
1.098000e+01
1.083410e+01
9.400671e+00
9.303615e+00
8.879803e+00
8.006208e+00
7.795421e+00
7.309299e+00
6.806911e+00
6.050100e+00
5.947247e+00
5.101890e+00
4.551358e+00
4.441391e+00
4.234499e+00
4.057947e+00
3.461827e+00
3.088684e+00
2.862628e+00
2.548128e+00
2.257704e+00
2.183240e+00
2.141087e+00
2.021679e+00
1.859309e+00
1.799754e+00
1.656921e+00
1.536646e+00
1.482186e+00
1.369484e+00
1.254775e+00
1.192407e+00
1.179716e+00
1.118515e+00
1.059733e+00
1.012786e+00
9.076527e-01
8.777007e-01
8.195403e-01
7.655649e-01
7.599375e-01
7.462837e-01
7.050021e-01
6.653984e-01
6.385573e-01
5.840292e-01
5.700380e-01
4.798359e-01
4.627067e-01
4.421730e-01
3.965142e-01
3.817815e-01
3.640680e-01
3.426464e-01
3.159716e-01
3.066543e-01
2.870616e-01
2.618402e-01
2.411612e-01
2.324598e-01
2.268678e-01
2.199822e-01
2.042189e-01
1.950563e-01
1.831659e-01
1.767714e-01
1.569382e-01
1.503519e-01
1.357851e-01
1.315587e-01
1.231063e-01
1.147392e-01
1.125345e-01
1.057642e-01
1.008388e-01
9.405202e-02
8.850894e-02
8.277906e-02
7.378602e-02
6.962593e-02
6.862555e-02
6.537113e-02
6.244075e-02
5.756887e-02
5.544141e-02
4.936875e-02
4.787701e-02
4.641632e-02
4.400642e-02
4.273687e-02
4.045635e-02
3.814226e-02
3.761151e-02
3.548657e-02
3.247207e-02
3.182178e-02
2.903116e-02
2.770824e-02
2.592796e-02
2.550464e-02
2.289064e-02
2.033988e-02
1.945182e-02
1.743135e-02
1.658305e-02
1.533290e-02
1.500881e-02
1.362287e-02
1.324719e-02
1.120756e-02
1.065177e-02
1.030774e-02
9.900207e-03
9.703903e-03
8.865148e-03
8.721683e-03
8.085351e-03
7.760011e-03
7.652816e-03
6.432551e-03
6.232653e-03
6.121045e-03
5.892565e-03
5.453177e-03
5.218925e-03
4.889102e-03
4.491842e-03
4.278958e-03
3.980122e-03
3.723015e-03
3.599877e-03
3.450872e-03
3.186666e-03
3.059965e-03
2.984031e-03
2.712877e-03
2.549629e-03
2.414237e-03
2.315736e-03
2.209645e-03
2.125203e-03
1.995942e-03
1.975143e-03
1.899629e-03
1.851384e-03
1.779597e-03
1.738293e-03
1.589384e-03
1.522055e-03
1.462356e-03
1.442089e-03
1.419735e-03
1.347216e-03
1.333910e-03
1.292916e-03
1.272633e-03
1.263050e-03
1.217227e-03
1.183803e-03
1.161674e-03
1.139686e-03
1.135227e-03
1.120477e-03
1.094421e-03
1.082696e-03
1.061931e-03
1.056062e-03
1.047028e-03
1.035692e-03
1.015114e-03
1.008583e-03
9.882161e-04
9.757244e-04
9.585746e-04
9.498202e-04
9.340393e-04
9.220380e-04
9.124186e-04
9.079661e-04
9.023670e-04
8.705606e-04
8.600356e-04
8.469812e-04
8.399702e-04
8.331513e-04
8.263527e-04
8.216429e-04
8.059335e-04
7.808221e-04
7.735887e-04
7.685169e-04
7.633060e-04
7.526552e-04
7.367565e-04
7.222351e-04
7.098924e-04
6.999483e-04
6.911507e-04
6.761509e-04
6.721492e-04
6.628781e-04
6.559213e-04
6.432906e-04
6.339074e-04
6.285643e-04
6.143732e-04
6.087503e-04
6.051990e-04
5.978908e-04
5.797489e-04
5.610234e-04
5.585572e-04
5.519309e-04
5.293908e-04
5.240857e-04
5.188090e-04
5.096922e-04
4.992440e-04
4.939561e-04
4.808078e-04
4.616035e-04
4.569016e-04
4.499093e-04
4.440849e-04
4.225295e-04
4.183073e-04
4.087250e-04
4.023911e-04
3.907332e-04
3.810666e-04
3.712560e-04
3.617677e-04
3.553174e-04
3.392383e-04
3.321465e-04
3.224155e-04
3.146507e-04
3.011561e-04
2.932757e-04
2.881637e-04
2.858592e-04
2.761178e-04
2.597402e-04
2.510972e-04
2.455685e-04
2.323416e-04
2.244154e-04
2.167473e-04
2.154930e-04
2.064627e-04
1.967096e-04
1.881246e-04
1.771456e-04
1.642113e-04
1.550586e-04
1.487201e-04
1.371345e-04
1.262197e-04
1.182969e-04
1.012171e-04
9.145072e-05
8.660711e-05
8.097804e-05
7.183272e-05
6.272621e-05
4.828326e-05
4.607689e-05
4.122453e-05
2.660324e-05
1.671137e-05
7.619366e-06
1.974537e-13
4.207461e-14
-6.459988e-14
-1.079859e-13
-4.335320e-06
-6.403478e-06
-1.719024e-05
-3.287467e-05
-3.935170e-05
-5.100014e-05
-5.791379e-05
-6.640358e-05
-7.657637e-05
-8.302587e-05
-1.022590e-04
-1.134714e-04
-1.252302e-04
-1.302863e-04
-1.417622e-04
-1.518191e-04
-1.733597e-04
-1.824171e-04
-1.855265e-04
-1.933704e-04
-2.099039e-04
-2.220286e-04
-2.246270e-04
-2.423841e-04
-2.539429e-04
-2.584392e-04
-2.710120e-04
-2.799828e-04
-3.048495e-04
-3.189388e-04
-3.319497e-04
-3.350418e-04
-3.453926e-04
-3.517869e-04
-3.598233e-04
-3.772094e-04
-3.960197e-04
-4.056094e-04
-4.248394e-04
-4.354529e-04
-4.491781e-04
-4.644751e-04
-4.685282e-04
-4.801249e-04
-4.917296e-04
-5.044313e-04
-5.201335e-04
-5.399126e-04
-5.404578e-04
-5.568806e-04
-5.623361e-04
-6.063958e-04
-6.164319e-04
-6.402538e-04
-6.899900e-04
