1.259733e+08
1.900015e+07
2.311614e+06
1.274602e+06
8.919879e+05
3.201684e+05
2.381170e+05
1.103837e+05
2.122121e+04
8.302032e+03
2.768835e+03
9.099969e+02
5.212687e+02
2.781046e+02
1.854904e+02
5.145707e+01
4.664286e+01
4.328720e+01
3.771223e+01
3.125113e+01
2.749206e+01
1.940487e+01
1.916883e+01
1.731239e+01
1.649870e+01
1.418606e+01
1.256444e+01
1.163046e+01
1.079104e+01
1.060080e+01
1.020702e+01
9.582991e+00
9.177496e+00
8.920047e+00
7.920772e+00
7.541774e+00
7.311253e+00
6.316094e+00
6.158733e+00
5.911592e+00
5.282740e+00
5.008270e+00
4.716109e+00
4.491496e+00
4.146493e+00
4.050409e+00
3.878001e+00
3.483670e+00
3.213830e+00
3.137493e+00
2.938072e+00
2.697721e+00
2.549414e+00
2.445731e+00
2.199021e+00
1.825522e+00
1.789342e+00
1.679805e+00
1.474366e+00
1.358881e+00
1.179942e+00
1.138558e+00
9.611737e-01
7.911499e-01
6.770576e-01
6.605626e-01
5.265462e-01
4.754179e-01
3.539734e-01
3.402007e-01
2.979990e-01
2.117371e-01
1.816015e-01
1.119794e-01
7.811084e-02
4.490781e-02
3.297612e-02
5.246728e-11
-5.246778e-11
-1.084389e-02
-3.524137e-02
-1.222638e-01
-1.393865e-01
-2.091857e-01
-2.199149e-01
-2.546452e-01
-2.870286e-01
-3.449990e-01
-3.510631e-01
-3.998688e-01
-5.451472e-01
-6.741284e-01
-7.224942e-01
-8.180019e-01
-1.000614e+00
-1.181425e+00
-1.292151e+00
-1.511191e+00
-1.558526e+00
-1.864916e+00
-2.054784e+00
-2.224684e+00
-2.381856e+00
-2.674060e+00
-2.845980e+00
-3.223711e+00
-3.567167e+00
-3.767574e+00
-4.238891e+00
-4.826187e+00
-5.001114e+00
-5.200810e+00
-5.649153e+00
-5.993391e+00
-6.820460e+00
-7.832368e+00
-9.443912e+00
-9.762473e+00
-1.237500e+01
-1.430068e+01
-1.879946e+01
-1.971169e+01
-2.140640e+01
-2.666301e+01
-3.234235e+01
-3.859888e+01
-5.259855e+01
-5.894859e+01
