1.243717e+05
6.066129e+03
3.954193e+03
2.219073e+03
1.713283e+03
1.345166e+03
9.266260e+02
7.396286e+02
6.360140e+02
5.263082e+02
4.448692e+02
4.087091e+02
3.265216e+02
3.178373e+02
2.978072e+02
2.734861e+02
2.229348e+02
2.097736e+02
1.829183e+02
1.669336e+02
1.501239e+02
1.386345e+02
1.229065e+02
1.089541e+02
9.923196e+01
9.154267e+01
8.606011e+01
8.338156e+01
7.329951e+01
6.885754e+01
6.645469e+01
5.978881e+01
5.777004e+01
5.034153e+01
4.761042e+01
4.282907e+01
4.207786e+01
4.120471e+01
3.438704e+01
3.308467e+01
3.194812e+01
2.985596e+01
2.666283e+01
2.606567e+01
2.456442e+01
2.314254e+01
2.273601e+01
2.161416e+01
1.947005e+01
1.678958e+01
1.509325e+01
1.462167e+01
1.322930e+01
1.206525e+01
1.113492e+01
1.082820e+01
9.445605e+00
8.623260e+00
8.177601e+00
7.968615e+00
7.782501e+00
7.137320e+00
6.746616e+00
6.342525e+00
5.784221e+00
5.511029e+00
5.006253e+00
4.413141e+00
4.338829e+00
3.825398e+00
3.779095e+00
3.546769e+00
3.330042e+00
3.017796e+00
2.587088e+00
2.505745e+00
2.262530e+00
2.128634e+00
2.034094e+00
1.899283e+00
1.724415e+00
1.599402e+00
1.514701e+00
1.291214e+00
1.222294e+00
1.190000e+00
1.082293e+00
1.007925e+00
8.290254e-01
8.142980e-01
7.361023e-01
7.148606e-01
6.537334e-01
6.369195e-01
6.034570e-01
5.583537e-01
5.173170e-01
5.162610e-01
4.841829e-01
4.635099e-01
4.336075e-01
3.884596e-01
3.692610e-01
3.332004e-01
3.196614e-01
2.908465e-01
2.563189e-01
2.470490e-01
2.405670e-01
2.301593e-01
2.096422e-01
1.847123e-01
1.803873e-01
1.691910e-01
1.620025e-01
1.533177e-01
1.455616e-01
1.377498e-01
1.213920e-01
1.124649e-01
1.075261e-01
9.125292e-02
8.529385e-02
8.346779e-02
7.545988e-02
7.231618e-02
6.999623e-02
6.200571e-02
5.786005e-02
5.390725e-02
5.185129e-02
4.478339e-02
4.398440e-02
3.990987e-02
3.829697e-02
3.505745e-02
3.336840e-02
2.694384e-02
2.633723e-02
2.315034e-02
2.280636e-02
2.039964e-02
1.936184e-02
1.817169e-02
1.709575e-02
1.552890e-02
1.410704e-02
1.155347e-02
1.054685e-02
1.007193e-02
9.363195e-03
8.844213e-03
8.109404e-03
7.889900e-03
7.509906e-03
6.340599e-03
6.088759e-03
5.213406e-03
4.649728e-03
4.544732e-03
4.143470e-03
4.038853e-03
3.954605e-03
3.426276e-03
3.049022e-03
3.030573e-03
2.729604e-03
2.432774e-03
2.329746e-03
2.258297e-03
2.129730e-03
2.054937e-03
2.006521e-03
1.791163e-03
1.771340e-03
1.716117e-03
1.539569e-03
1.529260e-03
1.461014e-03
1.453115e-03
1.421661e-03
1.396367e-03
1.369174e-03
1.359129e-03
1.338149e-03
1.327428e-03
1.293568e-03
1.283696e-03
1.253713e-03
1.240235e-03
1.216583e-03
1.200631e-03
1.195520e-03
1.161605e-03
1.159591e-03
1.138348e-03
1.119575e-03
1.112784e-03
1.097645e-03
1.083279e-03
1.067032e-03
1.060067e-03
1.043524e-03
1.036445e-03
1.011839e-03
1.004298e-03
9.980241e-04
9.854091e-04
9.654607e-04
9.557647e-04
9.389243e-04
9.370372e-04
9.280154e-04
9.182525e-04
8.915862e-04
8.894096e-04
8.847323e-04
8.753658e-04
8.576224e-04
8.456758e-04
8.402449e-04
8.276088e-04
8.162411e-04
8.066173e-04
8.039759e-04
8.011935e-04
7.872130e-04
7.776442e-04
7.727199e-04
7.571355e-04
7.479866e-04
7.412643e-04
7.344170e-04
7.179565e-04
7.036856e-04
7.028710e-04
6.870233e-04
6.834289e-04
6.673128e-04
6.644545e-04
6.587786e-04
6.448544e-04
6.356512e-04
6.304218e-04
6.176814e-04
6.161043e-04
5.962690e-04
5.836213e-04
5.774102e-04
5.697195e-04
5.585006e-04
5.510697e-04
5.438491e-04
5.327844e-04
5.188283e-04
5.167557e-04
5.137028e-04
5.038176e-04
4.995446e-04
4.764152e-04
4.689943e-04
4.549148e-04
4.450464e-04
4.432415e-04
4.343160e-04
4.271630e-04
4.165448e-04
4.077305e-04
4.028534e-04
3.988472e-04
3.934996e-04
3.795096e-04
3.762571e-04
3.632195e-04
3.557191e-04
3.488708e-04
3.481822e-04
3.386956e-04
3.202357e-04
3.131405e-04
3.110890e-04
3.063091e-04
2.950658e-04
2.904334e-04
2.775808e-04
2.673073e-04
2.589859e-04
2.539739e-04
2.492321e-04
2.429181e-04
2.334591e-04
2.253506e-04
2.106247e-04
2.080850e-04
2.039289e-04
1.936019e-04
1.847091e-04
1.753210e-04
1.578304e-04
1.425707e-04
1.377768e-04
1.283659e-04
1.185398e-04
1.152339e-04
1.043105e-04
9.763127e-05
8.234340e-05
7.464299e-05
7.222256e-05
6.397127e-05
5.117981e-05
4.815853e-05
3.753534e-05
3.141692e-05
2.024903e-05
1.630378e-05
4.556560e-06
-1.558468e-06
-1.693821e-05
-1.852858e-05
-2.443061e-05
-4.636589e-05
-4.980570e-05
-5.353159e-05
-7.077211e-05
-7.337172e-05
-7.910098e-05
-8.938689e-05
-9.912032e-05
-1.054535e-04
-1.112441e-04
-1.244518e-04
-1.280300e-04
-1.347113e-04
-1.488182e-04
-1.545138e-04
-1.624299e-04
-1.695954e-04
-1.780125e-04
-1.860088e-04
-1.939788e-04
-2.105245e-04
-2.201131e-04
-2.394792e-04
-2.425977e-04
-2.448773e-04
-2.516146e-04
-2.717629e-04
-2.861080e-04
-2.905498e-04
-2.972975e-04
-3.057453e-04
-3.173216e-04
-3.353505e-04
-3.393981e-04
-3.416654e-04
-3.616373e-04
-3.643464e-04
-3.993351e-04
-4.035217e-04
-4.096008e-04
-4.244637e-04
-4.387743e-04
-4.440213e-04
-4.455028e-04
-4.671915e-04
-4.768757e-04
-4.874168e-04
-5.088968e-04
-5.139280e-04
-5.309419e-04
-5.385980e-04
-5.417127e-04
-5.668200e-04
-5.785635e-04
-6.047396e-04
-6.181033e-04
-6.307642e-04
-6.575670e-04
-6.664935e-04
-6.973486e-04
-7.272349e-04
-7.436970e-04
-7.488089e-04
