6.069089e+12
4.411242e+12
3.768796e+12
3.282764e+12
3.159585e+12
2.990868e+12
2.622493e+12
2.469299e+12
2.275092e+12
2.133278e+12
1.940330e+12
1.807114e+12
1.721081e+12
1.618346e+12
1.554323e+12
1.440071e+12
1.425742e+12
1.359046e+12
1.333545e+12
1.284072e+12
1.227376e+12
1.160519e+12
1.143159e+12
1.093664e+12
1.058844e+12
1.013926e+12
9.946893e+11
9.693646e+11
9.176254e+11
9.016881e+11
8.604170e+11
8.337179e+11
8.186191e+11
7.993993e+11
7.707613e+11
7.604230e+11
7.204854e+11
7.163090e+11
7.052936e+11
6.825445e+11
6.781204e+11
6.524288e+11
6.221246e+11
6.121096e+11
5.968070e+11
5.800529e+11
5.636057e+11
5.592893e+11
5.408347e+11
5.217471e+11
5.089821e+11
5.070901e+11
4.873656e+11
4.780806e+11
4.642327e+11
4.629210e+11
4.467981e+11
4.352094e+11
4.290460e+11
4.244298e+11
4.088269e+11
3.983010e+11
3.905364e+11
3.844252e+11
3.815973e+11
3.736676e+11
3.718555e+11
3.603943e+11
3.560774e+11
3.480516e+11
3.379250e+11
3.328219e+11
3.271785e+11
3.229776e+11
3.097226e+11
3.070609e+11
3.024744e+11
3.001740e+11
2.916918e+11
2.842851e+11
2.799705e+11
2.756801e+11
2.719988e+11
2.706604e+11
2.635099e+11
2.567125e+11
2.556224e+11
2.521276e+11
2.488748e+11
2.418534e+11
2.402979e+11
2.335518e+11
2.294577e+11
2.250933e+11
2.246684e+11
2.185008e+11
2.166278e+11
2.125447e+11
2.086493e+11
2.047581e+11
2.028573e+11
2.004340e+11
1.941668e+11
1.909070e+11
1.851347e+11
1.839767e+11
1.796650e+11
1.749204e+11
1.740870e+11
1.707041e+11
1.686637e+11
1.644307e+11
1.609539e+11
1.599740e+11
1.570579e+11
1.529320e+11
1.465376e+11
1.381441e+11
1.343645e+11
1.300185e+11
1.289141e+11
1.226399e+11
1.102085e+11
7.649448e+10
6.103914e+10
2.831049e+10
1.747562e+10
5.631048e+09
