6.699105e+05
3.204180e+05
2.254742e+05
1.529461e+05
1.401273e+05
1.198981e+05
1.137959e+05
9.644470e+04
8.265861e+04
7.467249e+04
6.454566e+04
6.138557e+04
5.475461e+04
4.728366e+04
4.490615e+04
3.435551e+04
3.298852e+04
2.577293e+04
2.401901e+04
1.518963e+04
1.277636e+04
1.180999e+04
9.205110e+03
7.394861e+03
6.392435e+03
5.996633e+03
5.372965e+03
3.820278e+03
3.443486e+03
3.058447e+03
2.923034e+03
2.453823e+03
2.280163e+03
1.986366e+03
1.651443e+03
1.087065e+03
1.010624e+03
8.792443e+02
7.309544e+02
6.286777e+02
5.151597e+02
4.477605e+02
3.699396e+02
3.487128e+02
2.928748e+02
2.699601e+02
1.977771e+02
1.378867e+02
1.276930e+02
1.219501e+02
8.981646e+01
8.826450e+01
7.550412e+01
5.746901e+01
5.398148e+01
3.200704e+01
2.935288e+01
2.777152e+01
2.120988e+01
1.738745e+01
1.649960e+01
1.382247e+01
1.247684e+01
8.582562e+00
7.927021e+00
6.580827e+00
5.627607e+00
5.065635e+00
3.820998e+00
3.309489e+00
2.976289e+00
2.534869e+00
1.856163e+00
1.550657e+00
9.914022e-01
8.716255e-01
6.784686e-01
6.425804e-01
4.355893e-01
4.280368e-01
2.945470e-01
2.568084e-01
2.402544e-01
1.707579e-01
1.608787e-01
9.607705e-02
8.216240e-02
5.483633e-02
5.402243e-02
4.737166e-02
4.600162e-02
4.438583e-02
4.382753e-02
4.200720e-02
3.817064e-02
3.798069e-02
3.736922e-02
3.595999e-02
3.150890e-02
3.116802e-02
3.068242e-02
3.028046e-02
2.905700e-02
2.833380e-02
2.784911e-02
2.622846e-02
2.544347e-02
2.466034e-02
2.405204e-02
2.347263e-02
2.296283e-02
2.141155e-02
2.021541e-02
2.000069e-02
1.955250e-02
1.730953e-02
1.703745e-02
1.689511e-02
1.614910e-02
1.564367e-02
1.544561e-02
1.476630e-02
1.443305e-02
1.380874e-02
1.272994e-02
8.897201e-03
2.722604e-12
-1.802799e-13
