8.332875e+04
3.636493e+03
2.274389e+03
1.906621e+03
1.149315e+03
7.947466e+02
6.910351e+02
5.299768e+02
4.356295e+02
3.902669e+02
3.431009e+02
3.247513e+02
2.990627e+02
2.974841e+02
2.556978e+02
2.492410e+02
2.444952e+02
2.095903e+02
2.006340e+02
1.907176e+02
1.760508e+02
1.714032e+02
1.607438e+02
1.511486e+02
1.427661e+02
1.367868e+02
1.303508e+02
1.277926e+02
1.206182e+02
1.148527e+02
1.127509e+02
1.055132e+02
1.036954e+02
9.452621e+01
9.427532e+01
8.416161e+01
8.148085e+01
7.608133e+01
7.347572e+01
6.861739e+01
6.284776e+01
6.206709e+01
6.043034e+01
5.645054e+01
5.369269e+01
5.129935e+01
4.880608e+01
4.543528e+01
4.393290e+01
4.271355e+01
3.747536e+01
3.557243e+01
3.298487e+01
3.178060e+01
2.799718e+01
2.731889e+01
2.649994e+01
2.477388e+01
2.396648e+01
2.184797e+01
2.126167e+01
1.850967e+01
1.764514e+01
1.679495e+01
1.517938e+01
1.421195e+01
1.345166e+01
1.318354e+01
1.180429e+01
1.150957e+01
1.093353e+01
1.023400e+01
9.231647e+00
9.078642e+00
8.554732e+00
7.804633e+00
7.174008e+00
6.951799e+00
6.831021e+00
6.385060e+00
6.064470e+00
5.695790e+00
5.411867e+00
5.144448e+00
4.876454e+00
4.647708e+00
4.388881e+00
3.968209e+00
3.896547e+00
3.718138e+00
3.580814e+00
3.347184e+00
3.252858e+00
3.181892e+00
3.178069e+00
3.038111e+00
2.819705e+00
2.770191e+00
2.620823e+00
2.462253e+00
2.327958e+00
2.173479e+00
2.088408e+00
2.044467e+00
1.807152e+00
1.757101e+00
1.631490e+00
1.596357e+00
1.465166e+00
1.401294e+00
1.283344e+00
1.272179e+00
1.086767e+00
1.067394e+00
1.033490e+00
9.684736e-01
8.962358e-01
8.884346e-01
8.150238e-01
7.985381e-01
7.294704e-01
7.072937e-01
6.855243e-01
6.557327e-01
6.290087e-01
5.991526e-01
5.837568e-01
5.628304e-01
5.214027e-01
4.913414e-01
4.804662e-01
4.567827e-01
4.288040e-01
4.247111e-01
3.816692e-01
3.591025e-01
3.453403e-01
3.272463e-01
3.260770e-01
3.048372e-01
2.830023e-01
2.588944e-01
2.445852e-01
2.370528e-01
2.181536e-01
2.059797e-01
1.896985e-01
1.862180e-01
1.760929e-01
1.633696e-01
1.571586e-01
1.525851e-01
1.475851e-01
1.409684e-01
1.278111e-01
1.233481e-01
1.203685e-01
1.176575e-01
1.102207e-01
9.982805e-02
9.032910e-02
8.924717e-02
8.520823e-02
7.929219e-02
7.525746e-02
7.203885e-02
6.965583e-02
6.555066e-02
6.229170e-02
6.041387e-02
5.845902e-02
5.772079e-02
5.351422e-02
5.090255e-02
4.701348e-02
4.626253e-02
4.251092e-02
3.795591e-02
3.639761e-02
3.517308e-02
3.485731e-02
3.339718e-02
3.182234e-02
2.947692e-02
2.889839e-02
2.684872e-02
2.644765e-02
2.579912e-02
2.342882e-02
2.067320e-02
1.881271e-02
1.829014e-02
1.713555e-02
1.580208e-02
1.515391e-02
1.503604e-02
1.392861e-02
1.293917e-02
1.172386e-02
1.127163e-02
1.048898e-02
9.775464e-03
9.097914e-03
8.671190e-03
8.573097e-03
8.423593e-03
8.086123e-03
7.860244e-03
7.168506e-03
7.074059e-03
6.620434e-03
6.105392e-03
5.775627e-03
5.666055e-03
5.308403e-03
4.974423e-03
4.654960e-03
4.356563e-03
4.237600e-03
4.078618e-03
3.399458e-03
3.156774e-03
3.021620e-03
2.980200e-03
2.699733e-03
2.606138e-03
2.483916e-03
2.363141e-03
2.212050e-03
2.149294e-03
2.108896e-03
2.015582e-03
2.000771e-03
1.901844e-03
1.784558e-03
1.738125e-03
1.697549e-03
1.672665e-03
1.629002e-03
1.556638e-03
1.494360e-03
1.465575e-03
1.430969e-03
1.354833e-03
1.300876e-03
1.282860e-03
1.241402e-03
1.205834e-03
1.187259e-03
1.152767e-03
1.123833e-03
1.114989e-03
1.087634e-03
1.079265e-03
1.059933e-03
1.034581e-03
1.026806e-03
1.009260e-03
1.002725e-03
9.781575e-04
9.505235e-04
9.426833e-04
9.275630e-04
9.088835e-04
9.069555e-04
9.005500e-04
8.900793e-04
8.605766e-04
8.572009e-04
8.368480e-04
8.170806e-04
8.079028e-04
7.930812e-04
7.882133e-04
7.688348e-04
7.506566e-04
7.409662e-04
7.342915e-04
7.096310e-04
7.055836e-04
6.962984e-04
6.828810e-04
6.729079e-04
6.703893e-04
6.501090e-04
6.366909e-04
6.293622e-04
6.218808e-04
6.135030e-04
5.894016e-04
5.863150e-04
5.747081e-04
5.732956e-04
5.533082e-04
5.496082e-04
5.349406e-04
5.297792e-04
5.253487e-04
5.105007e-04
5.053878e-04
4.785584e-04
4.776917e-04
4.685953e-04
4.573634e-04
4.403735e-04
4.356495e-04
4.282842e-04
4.150140e-04
4.076080e-04
3.986805e-04
3.882358e-04
3.757145e-04
3.638131e-04
3.521359e-04
3.378273e-04
3.349716e-04
3.179231e-04
3.059976e-04
3.043638e-04
2.927978e-04
2.880328e-04
2.728716e-04
2.541785e-04
2.442978e-04
2.378114e-04
2.312546e-04
2.176439e-04
2.072768e-04
2.003710e-04
1.909586e-04
1.757299e-04
1.714445e-04
1.581906e-04
1.522759e-04
1.484541e-04
1.261914e-04
1.212188e-04
1.032712e-04
9.893481e-05
9.103483e-05
7.976325e-05
7.238395e-05
7.024707e-05
4.723963e-05
3.051439e-05
2.727545e-05
8.020070e-06
4.911268e-06
7.942441e-14
1.576119e-14
-4.162337e-14
-3.209105e-06
-1.653557e-05
-2.114303e-05
-3.233420e-05
-3.488716e-05
-5.533198e-05
-5.814817e-05
-6.241043e-05
-7.007997e-05
-8.939533e-05
-1.070953e-04
-1.196043e-04
-1.332055e-04
-1.406773e-04
-1.484670e-04
-1.754394e-04
-1.781424e-04
-1.893230e-04
-2.134926e-04
-2.201348e-04
-2.346042e-04
-2.437788e-04
-2.532355e-04
-2.737509e-04
-2.828830e-04
-3.147838e-04
-3.242568e-04
-3.373153e-04
-3.581088e-04
-3.831115e-04
-4.080134e-04
-4.257547e-04
-4.460413e-04
