6.422794e+05
2.988439e+05
2.215808e+05
1.451161e+05
1.391972e+05
1.130294e+05
9.046702e+04
8.376158e+04
7.799979e+04
6.925829e+04
6.489161e+04
6.055470e+04
5.460364e+04
4.619093e+04
4.189792e+04
3.269360e+04
2.581238e+04
2.228231e+04
1.843984e+04
1.319350e+04
1.096619e+04
9.991004e+03
8.541029e+03
7.918210e+03
7.185558e+03
6.214049e+03
4.963825e+03
4.800988e+03
4.131323e+03
3.980497e+03
3.361470e+03
2.347406e+03
1.959959e+03
1.655474e+03
1.465520e+03
1.223935e+03
9.534433e+02
7.130325e+02
6.193115e+02
5.827376e+02
5.164659e+02
4.417526e+02
3.942497e+02
3.087971e+02
2.743608e+02
2.596768e+02
1.776518e+02
1.606203e+02
1.511801e+02
1.142691e+02
9.866592e+01
9.235533e+01
7.285000e+01
6.476588e+01
5.465162e+01
4.574408e+01
3.952858e+01
2.926923e+01
2.732621e+01
2.403631e+01
2.010236e+01
1.383528e+01
1.134448e+01
1.020593e+01
9.239982e+00
7.381160e+00
5.661992e+00
4.480894e+00
3.782368e+00
3.549002e+00
3.244935e+00
1.613238e+00
1.481030e+00
1.354146e+00
1.235982e+00
8.357685e-01
7.783377e-01
6.552222e-01
5.127213e-01
4.788602e-01
4.705527e-01
4.222828e-01
3.258257e-01
1.970514e-01
1.657744e-01
1.624951e-01
1.299969e-01
7.361552e-02
6.577931e-02
5.414790e-02
4.856494e-02
4.581869e-02
4.266483e-02
4.120072e-02
4.111002e-02
3.939930e-02
3.844065e-02
3.664066e-02
3.517772e-02
3.459411e-02
3.122916e-02
3.071750e-02
3.022340e-02
2.937671e-02
2.774119e-02
2.689560e-02
2.575244e-02
2.492419e-02
2.255159e-02
2.139275e-02
2.026339e-02
1.968660e-02
1.912183e-02
1.889588e-02
1.815625e-02
1.793521e-02
1.679651e-02
1.564376e-02
1.532408e-02
1.507268e-02
1.458195e-02
1.308504e-02
1.272757e-02
1.163929e-02
1.145994e-02
1.029021e-02
9.913475e-03
7.128697e-03
