2.075865e+12
1.642500e+12
1.613061e+12
1.334669e+12
1.238696e+12
1.200911e+12
1.130887e+12
1.032447e+12
9.466926e+11
8.972850e+11
8.435114e+11
8.037556e+11
7.598572e+11
7.333325e+11
6.951292e+11
6.753191e+11
6.544365e+11
6.206671e+11
5.857762e+11
5.605358e+11
5.496782e+11
5.298216e+11
4.942483e+11
4.830689e+11
4.767353e+11
4.444094e+11
4.068850e+11
4.061135e+11
4.002300e+11
3.933863e+11
3.708242e+11
3.477912e+11
3.393871e+11
3.321174e+11
3.197889e+11
3.150364e+11
3.046197e+11
2.931340e+11
2.909261e+11
2.792222e+11
2.695064e+11
2.623778e+11
2.543388e+11
2.488951e+11
2.443004e+11
2.402558e+11
2.252174e+11
2.184327e+11
2.094936e+11
2.061566e+11
2.017152e+11
1.937039e+11
1.895820e+11
1.816552e+11
1.736595e+11
1.711601e+11
1.670095e+11
1.650782e+11
1.612456e+11
1.581913e+11
1.571762e+11
1.461667e+11
1.447828e+11
1.400481e+11
1.379379e+11
1.331576e+11
1.302034e+11
1.264986e+11
1.243036e+11
1.232445e+11
1.205726e+11
1.178194e+11
1.154008e+11
1.148057e+11
1.079533e+11
1.070928e+11
1.053875e+11
1.048948e+11
1.021910e+11
9.825497e+10
9.762939e+10
9.470337e+10
9.405006e+10
9.044120e+10
8.945103e+10
8.918526e+10
8.694265e+10
8.574542e+10
8.355518e+10
8.261647e+10
8.050074e+10
7.969587e+10
7.910887e+10
7.742473e+10
7.371254e+10
7.286620e+10
7.129803e+10
7.077048e+10
6.959632e+10
6.797189e+10
6.670366e+10
6.588883e+10
6.533751e+10
6.466171e+10
6.268881e+10
6.152072e+10
6.055794e+10
5.938538e+10
5.755786e+10
5.707940e+10
5.574605e+10
5.515991e+10
5.437292e+10
5.334562e+10
5.292768e+10
5.258321e+10
5.070534e+10
4.884991e+10
4.713904e+10
4.579007e+10
4.559249e+10
4.456530e+10
4.310362e+10
4.266568e+10
3.738184e+10
3.525544e+10
3.394558e+10
2.596756e+10
