1.193736e+08
1.915398e+07
1.946208e+06
1.634889e+06
7.881992e+05
3.261094e+05
2.186752e+05
9.338909e+04
1.774383e+04
9.459243e+03
2.851835e+03
1.024014e+03
4.881956e+02
2.751759e+02
1.820557e+02
8.956396e+01
5.210591e+01
4.492181e+01
3.637330e+01
3.018483e+01
2.741886e+01
2.681512e+01
2.420444e+01
1.968350e+01
1.736857e+01
1.535008e+01
1.452231e+01
1.316135e+01
1.295721e+01
1.204660e+01
1.054899e+01
1.044928e+01
9.396855e+00
9.246569e+00
8.268605e+00
8.089037e+00
7.854362e+00
7.406967e+00
6.744882e+00
5.976965e+00
5.835823e+00
5.300352e+00
4.892859e+00
4.514858e+00
4.434227e+00
4.218662e+00
3.970296e+00
3.896718e+00
3.674171e+00
3.343118e+00
3.020458e+00
2.765892e+00
2.684827e+00
2.534523e+00
2.508821e+00
2.368615e+00
2.129966e+00
1.799558e+00
1.685206e+00
1.579345e+00
1.469193e+00
1.304192e+00
1.105477e+00
1.027211e+00
8.733118e-01
8.514345e-01
7.654799e-01
7.180895e-01
6.105096e-01
4.494674e-01
3.783891e-01
3.138661e-01
2.471778e-01
2.228126e-01
1.497946e-01
1.274069e-01
8.902147e-02
6.119444e-02
5.340701e-02
-3.688293e-03
-5.434691e-02
-1.306329e-01
-1.910687e-01
-2.329003e-01
-2.833504e-01
-4.202913e-01
-4.661447e-01
-5.235571e-01
-5.503532e-01
-6.002124e-01
-7.668199e-01
-8.725234e-01
-1.119434e+00
-1.292819e+00
-1.462036e+00
-1.573577e+00
-1.669622e+00
-1.872534e+00
-1.957883e+00
-2.347211e+00
-2.445237e+00
-2.546677e+00
-2.906305e+00
-3.379895e+00
-3.447742e+00
-3.703126e+00
-3.911619e+00
-4.499502e+00
-5.352784e+00
-5.960885e+00
-6.408231e+00
-6.853446e+00
-7.246948e+00
-8.625346e+00
-9.072300e+00
-1.014596e+01
-1.095611e+01
-1.198050e+01
-1.427976e+01
-1.592134e+01
-1.936774e+01
-2.202591e+01
-2.335043e+01
-2.584210e+01
-3.523508e+01
-4.085252e+01
-4.878386e+01
-7.523003e+01
