1.150451e+07
1.432252e+06
4.409563e+05
1.709807e+05
9.518992e+04
4.357903e+04
3.759840e+04
1.107750e+04
9.511026e+03
4.870878e+03
3.547521e+03
1.458594e+03
7.367072e+02
4.135206e+02
3.496093e+02
1.315751e+02
8.263001e+01
5.809620e+01
3.440807e+01
2.077168e+01
1.320368e+01
1.080287e+01
8.228765e+00
4.642517e+00
1.967017e+00
1.265344e+00
8.955703e-01
5.580055e-01
3.502064e-01
2.709226e-01
2.410501e-01
1.000429e-01
5.781201e-02
4.846470e-02
4.179864e-02
4.012555e-02
2.027580e-02
1.946683e-02
1.637684e-02
1.579610e-02
1.178069e-02
9.076959e-03
8.067407e-03
6.742556e-03
5.342334e-03
4.390655e-03
3.570062e-03
3.150121e-03
2.715229e-03
2.410137e-03
1.888059e-03
1.545681e-03
1.135430e-03
1.017012e-03
1.731858e-04
-2.380480e-04
-3.862795e-04
-9.435940e-04
-1.978530e-03
-2.146272e-03
-9.956305e-03
-1.004933e-02
-1.881802e-02
-3.521422e-02
