5.956166e+04
9.696790e+03
5.188099e+03
1.775813e+03
9.339377e+02
6.346219e+02
4.457283e+02
3.434801e+02
2.948972e+02
9.233124e+01
8.684602e+01
6.865293e+01
6.006841e+01
3.659736e+01
2.998883e+01
2.260393e+01
1.909075e+01
1.600541e+01
1.316981e+01
1.136865e+01
8.253484e+00
7.959114e+00
6.484032e+00
4.676166e+00
3.907410e+00
3.703852e+00
2.972532e+00
2.597434e+00
1.707194e+00
1.631704e+00
1.423813e+00
1.254950e+00
1.058401e+00
5.402566e-01
3.581798e-01
2.524529e-01
1.936488e-01
1.072901e-01
9.585114e-02
6.683645e-02
5.234022e-02
4.265947e-02
2.981895e-02
1.742066e-02
1.454462e-02
1.042950e-02
9.350117e-03
7.073572e-03
5.664795e-03
4.796413e-03
3.881865e-03
2.732135e-03
2.095998e-03
1.925684e-03
1.354003e-03
1.224222e-03
1.182801e-03
1.100647e-03
9.342146e-04
9.015268e-04
8.610447e-04
8.125576e-04
7.854697e-04
7.772316e-04
7.294525e-04
7.013883e-04
6.986252e-04
6.646426e-04
6.546474e-04
6.489524e-04
6.230869e-04
6.075142e-04
5.827055e-04
5.672163e-04
5.652013e-04
5.470687e-04
5.393229e-04
5.356828e-04
5.263039e-04
5.090201e-04
5.067849e-04
5.019485e-04
4.920721e-04
4.884642e-04
4.873116e-04
4.756225e-04
4.717885e-04
4.697973e-04
4.605545e-04
4.530606e-04
4.458014e-04
4.406378e-04
4.345524e-04
4.303111e-04
4.208324e-04
4.169821e-04
4.132914e-04
4.096461e-04
4.081763e-04
4.023562e-04
3.974801e-04
3.929767e-04
3.856288e-04
3.810290e-04
3.787848e-04
3.692729e-04
3.666711e-04
3.611440e-04
3.593371e-04
3.578437e-04
3.548187e-04
3.490809e-04
3.449634e-04
3.435222e-04
3.355911e-04
3.321519e-04
3.276537e-04
3.271172e-04
3.223826e-04
3.202056e-04
3.184566e-04
3.161465e-04
3.104124e-04
3.029929e-04
2.997025e-04
2.966757e-04
2.935514e-04
2.918554e-04
2.868848e-04
2.825899e-04
2.807927e-04
2.774921e-04
2.731792e-04
2.721892e-04
2.679586e-04
2.649705e-04
2.600728e-04
2.585164e-04
2.558447e-04
2.547594e-04
2.486508e-04
2.475486e-04
2.451784e-04
2.402674e-04
2.368355e-04
2.313267e-04
2.289677e-04
2.263935e-04
2.240495e-04
2.206987e-04
2.171263e-04
2.150879e-04
2.135018e-04
2.100079e-04
2.068688e-04
2.043222e-04
2.013791e-04
2.001318e-04
1.949302e-04
1.925456e-04
1.904283e-04
1.891323e-04
1.866005e-04
1.836159e-04
1.778914e-04
1.764642e-04
1.757615e-04
1.748836e-04
1.720568e-04
1.688382e-04
1.679507e-04
1.645608e-04
1.628929e-04
1.599862e-04
1.574279e-04
1.555521e-04
1.520847e-04
1.490718e-04
1.475950e-04
1.458571e-04
1.437536e-04
1.420848e-04
1.375252e-04
1.359859e-04
1.340794e-04
1.284341e-04
1.268406e-04
1.261195e-04
1.244693e-04
1.225324e-04
1.185504e-04
1.170771e-04
1.155693e-04
1.141944e-04
1.126956e-04
1.074131e-04
1.042119e-04
1.031885e-04
9.844965e-05
9.654422e-05
9.536537e-05
9.377526e-05
9.231435e-05
8.820989e-05
8.574877e-05
8.255494e-05
8.156060e-05
7.876070e-05
7.679177e-05
7.300267e-05
7.086539e-05
6.955019e-05
6.751913e-05
6.352477e-05
6.325522e-05
6.028598e-05
5.793245e-05
5.517664e-05
5.405100e-05
5.177980e-05
4.706417e-05
4.307327e-05
4.245699e-05
3.850427e-05
3.749080e-05
3.709764e-05
3.507310e-05
3.400816e-05
3.167426e-05
2.730493e-05
2.630398e-05
2.362819e-05
2.140534e-05
2.051645e-05
1.734983e-05
1.615902e-05
1.183179e-05
1.036946e-05
9.762936e-06
7.665026e-06
4.914528e-06
1.465544e-06
7.749780e-07
2.089880e-13
2.909670e-14
-6.371034e-16
-6.193899e-14
-1.831849e-06
-2.984888e-06
-5.544955e-06
-6.836320e-06
-9.811621e-06
-1.079673e-05
-1.375337e-05
-1.745554e-05
-1.975149e-05
-2.124772e-05
-2.622931e-05
-2.645854e-05
-3.114514e-05
-3.230158e-05
-3.311168e-05
-3.468295e-05
-3.494525e-05
-4.212086e-05
-4.307860e-05
-4.519707e-05
-4.552764e-05
-4.938594e-05
-5.277921e-05
-5.515872e-05
-5.850762e-05
-5.978027e-05
-6.034764e-05
-6.441330e-05
-6.601202e-05
-6.701605e-05
-6.935162e-05
-7.166370e-05
-7.386036e-05
-7.551207e-05
-7.921579e-05
-8.127212e-05
-8.179405e-05
-8.489296e-05
-8.790254e-05
-9.069461e-05
-9.420626e-05
-9.492858e-05
-9.586423e-05
-1.002917e-04
-1.026635e-04
-1.036515e-04
-1.060603e-04
-1.104505e-04
-1.110634e-04
-1.146073e-04
-1.166551e-04
-1.194350e-04
-1.214747e-04
-1.227752e-04
-1.232250e-04
-1.252338e-04
-1.310680e-04
-1.329279e-04
-1.350066e-04
-1.396683e-04
-1.447921e-04
-1.461921e-04
-1.504643e-04
-1.509614e-04
-1.528457e-04
-1.549259e-04
-1.587583e-04
-1.596924e-04
-1.631286e-04
-1.648174e-04
-1.684062e-04
-1.723970e-04
-1.759923e-04
-1.778516e-04
-1.798637e-04
-1.834557e-04
-1.846271e-04
-1.880642e-04
-1.909057e-04
-1.956348e-04
-1.979847e-04
-2.043652e-04
-2.058642e-04
-2.093841e-04
-2.113889e-04
-2.142361e-04
-2.163379e-04
-2.178543e-04
-2.205645e-04
-2.267437e-04
-2.298258e-04
-2.331077e-04
-2.376604e-04
-2.395222e-04
-2.428646e-04
-2.448622e-04
-2.499401e-04
-2.519418e-04
-2.537925e-04
-2.597657e-04
-2.646167e-04
-2.697900e-04
-2.725761e-04
-2.781021e-04
-2.795449e-04
-2.817563e-04
-2.867256e-04
-2.910830e-04
-2.979908e-04
-3.040154e-04
-3.082282e-04
-3.125559e-04
-3.179321e-04
-3.230971e-04
-3.258862e-04
-3.327125e-04
-3.391476e-04
-3.455539e-04
-3.520227e-04
-3.578831e-04
-3.633779e-04
-3.675596e-04
-3.773675e-04
-3.889320e-04
-3.944055e-04
-4.107353e-04
-4.152325e-04
-4.321981e-04
-4.521059e-04
-4.768156e-04
-4.774542e-04
-5.018433e-04
-5.138451e-04
-5.697144e-04
-6.618522e-04
-7.645678e-04
-1.094006e-03
