2.030211e+12
1.865294e+12
1.518284e+12
1.356464e+12
1.228010e+12
1.156475e+12
1.118518e+12
1.009516e+12
9.336650e+11
9.027151e+11
8.967550e+11
8.868858e+11
8.218412e+11
7.807232e+11
7.204642e+11
6.916662e+11
6.486665e+11
6.367496e+11
6.053968e+11
5.864942e+11
5.814018e+11
5.383682e+11
5.328344e+11
5.030317e+11
4.936847e+11
4.692197e+11
4.508250e+11
4.210649e+11
4.124274e+11
3.882670e+11
3.807413e+11
3.755299e+11
3.673034e+11
3.565859e+11
3.293772e+11
3.190889e+11
3.152730e+11
3.038522e+11
2.931720e+11
2.889561e+11
2.703317e+11
2.675536e+11
2.518025e+11
2.446028e+11
2.408222e+11
2.328946e+11
2.207000e+11
2.171925e+11
2.141428e+11
2.098688e+11
2.004116e+11
1.997411e+11
1.926867e+11
1.897569e+11
1.859524e+11
1.819884e+11
1.771865e+11
1.680632e+11
1.648889e+11
1.564259e+11
1.544156e+11
1.523962e+11
1.512348e+11
1.482416e+11
1.397035e+11
1.383129e+11
1.334645e+11
1.309532e+11
1.263415e+11
1.241785e+11
1.196849e+11
1.188481e+11
1.167862e+11
1.149267e+11
1.089009e+11
1.064361e+11
1.037068e+11
1.024455e+11
1.019304e+11
1.000776e+11
9.854089e+10
9.512533e+10
9.407830e+10
9.207311e+10
9.078846e+10
8.880422e+10
8.708597e+10
8.612273e+10
8.330020e+10
8.163645e+10
8.030120e+10
7.850879e+10
7.760742e+10
7.613943e+10
7.447674e+10
7.425326e+10
7.275599e+10
7.004778e+10
6.872955e+10
6.646812e+10
6.592536e+10
6.582554e+10
6.426565e+10
6.291106e+10
6.090615e+10
6.065870e+10
6.034410e+10
5.806202e+10
5.722187e+10
5.674423e+10
5.578706e+10
5.471747e+10
5.355907e+10
5.266944e+10
5.069265e+10
5.050081e+10
4.934878e+10
4.835910e+10
4.792812e+10
4.576468e+10
4.538583e+10
4.414699e+10
4.240849e+10
4.133473e+10
4.041917e+10
3.137145e+10
2.556729e+10
1.706705e+10
