1.239006e+05
6.167026e+03
3.628888e+03
2.242773e+03
1.788214e+03
1.449948e+03
9.619127e+02
7.495677e+02
7.175918e+02
6.378815e+02
4.382062e+02
3.798279e+02
3.512216e+02
3.023695e+02
2.874085e+02
2.670023e+02
2.203657e+02
1.924931e+02
1.778002e+02
1.650648e+02
1.465540e+02
1.336339e+02
1.165571e+02
1.080004e+02
9.640065e+01
9.333593e+01
8.833219e+01
8.418915e+01
7.820589e+01
6.445401e+01
6.251013e+01
5.922319e+01
5.525421e+01
5.367452e+01
4.930692e+01
4.839756e+01
4.540402e+01
4.134783e+01
3.911145e+01
3.431123e+01
3.312930e+01
3.265794e+01
3.012188e+01
2.746717e+01
2.668643e+01
2.421400e+01
2.305476e+01
2.205246e+01
2.036952e+01
1.712041e+01
1.583597e+01
1.447278e+01
1.397939e+01
1.270556e+01
1.159642e+01
1.017629e+01
9.857799e+00
9.329868e+00
9.046165e+00
8.488622e+00
7.961694e+00
7.365958e+00
6.693502e+00
6.586576e+00
6.207008e+00
5.757601e+00
5.162121e+00
4.974995e+00
4.378997e+00
4.244198e+00
3.981659e+00
3.706667e+00
3.547416e+00
3.036041e+00
2.796271e+00
2.545763e+00
2.422428e+00
2.290042e+00
2.149923e+00
1.856769e+00
1.719312e+00
1.673078e+00
1.476113e+00
1.392459e+00
1.331506e+00
1.274385e+00
1.251777e+00
1.144116e+00
1.025812e+00
9.205704e-01
8.730202e-01
8.001529e-01
7.671438e-01
7.165186e-01
6.558157e-01
6.340166e-01
5.995249e-01
5.712666e-01
5.484380e-01
4.967090e-01
4.934779e-01
4.189788e-01
4.092889e-01
3.823415e-01
3.527168e-01
3.378039e-01
3.136070e-01
2.965979e-01
2.701257e-01
2.463773e-01
2.362003e-01
2.277923e-01
2.193009e-01
2.129339e-01
1.927431e-01
1.822116e-01
1.729396e-01
1.498056e-01
1.453737e-01
1.342663e-01
1.184713e-01
1.109052e-01
1.076381e-01
9.851845e-02
9.346747e-02
8.978466e-02
8.574928e-02
8.329809e-02
7.726647e-02
7.516960e-02
6.765594e-02
6.323057e-02
5.929356e-02
5.505489e-02
5.298239e-02
4.936391e-02
4.786080e-02
4.053486e-02
3.981468e-02
3.585451e-02
3.444118e-02
3.256241e-02
3.017269e-02
2.741081e-02
2.585696e-02
2.404910e-02
2.213495e-02
2.172666e-02
1.959868e-02
1.821974e-02
1.601373e-02
1.512555e-02
1.446370e-02
1.393960e-02
1.261024e-02
1.160963e-02
1.066522e-02
9.941027e-03
9.800474e-03
8.691741e-03
8.017195e-03
7.647721e-03
7.440086e-03
6.893780e-03
6.450810e-03
6.122005e-03
5.954294e-03
5.876201e-03
5.460000e-03
5.009136e-03
4.827586e-03
4.358337e-03
3.849876e-03
3.407211e-03
3.288439e-03
3.193644e-03
3.103280e-03
2.801938e-03
2.711228e-03
2.491808e-03
2.380696e-03
2.340638e-03
2.189423e-03
1.973393e-03
1.861722e-03
1.742029e-03
1.695720e-03
1.580564e-03
1.536617e-03
1.454453e-03
1.423250e-03
1.392887e-03
1.379486e-03
1.367647e-03
1.321039e-03
1.301132e-03
1.292346e-03
1.270228e-03
1.246752e-03
1.213975e-03
1.208832e-03
1.171860e-03
1.165128e-03
1.139997e-03
1.132069e-03
1.130565e-03
1.098908e-03
1.094921e-03
1.085641e-03
1.076780e-03
1.051310e-03
1.044729e-03
1.028743e-03
1.014679e-03
1.004631e-03
9.829098e-04
9.743868e-04
9.608562e-04
9.530974e-04
9.366063e-04
9.319095e-04
9.168044e-04
9.113131e-04
8.961413e-04
8.882128e-04
8.772833e-04
8.656295e-04
8.511301e-04
8.446153e-04
8.326321e-04
8.219976e-04
8.196129e-04
8.106031e-04
7.924907e-04
7.915532e-04
7.756688e-04
7.567070e-04
7.540833e-04
7.356863e-04
7.237613e-04
7.216397e-04
7.089885e-04
6.983293e-04
6.921953e-04
6.689420e-04
6.661523e-04
6.519457e-04
6.469741e-04
6.317720e-04
6.263108e-04
6.182089e-04
5.993773e-04
5.946870e-04
5.868145e-04
5.848858e-04
5.722830e-04
5.592747e-04
5.510613e-04
5.363703e-04
5.257747e-04
5.156591e-04
5.076982e-04
5.011114e-04
4.872030e-04
4.831474e-04
4.689185e-04
4.583642e-04
4.536240e-04
4.436956e-04
4.280973e-04
4.260152e-04
4.209713e-04
4.200000e-04
4.115831e-04
4.018011e-04
3.884395e-04
3.827576e-04
3.757123e-04
3.651834e-04
3.632070e-04
3.576304e-04
3.427948e-04
3.298013e-04
3.183080e-04
3.093186e-04
3.044908e-04
2.961517e-04
2.779050e-04
2.745681e-04
2.576111e-04
2.494503e-04
2.439208e-04
2.348388e-04
2.300290e-04
2.278473e-04
2.162035e-04
2.066530e-04
2.051266e-04
1.864239e-04
1.771282e-04
1.573798e-04
1.532836e-04
1.514036e-04
1.376375e-04
1.222801e-04
1.121126e-04
1.071272e-04
1.011277e-04
9.094769e-05
8.429716e-05
6.516895e-05
5.684538e-05
4.907789e-05
4.324277e-05
3.994320e-05
3.158658e-05
2.036611e-05
1.306966e-05
5.036512e-06
-2.722470e-06
-8.053063e-06
-1.941822e-05
-2.792296e-05
-4.354907e-05
-5.564352e-05
-5.866827e-05
-7.235129e-05
-8.009379e-05
-8.650933e-05
-1.015114e-04
-1.027142e-04
-1.224121e-04
-1.270918e-04
-1.350849e-04
-1.407605e-04
-1.535534e-04
-1.640457e-04
-1.792888e-04
-1.800832e-04
-1.948599e-04
-2.020839e-04
-2.087021e-04
-2.196026e-04
-2.247731e-04
-2.306108e-04
-2.339487e-04
-2.396277e-04
-2.623484e-04
-2.670445e-04
-2.783098e-04
-3.075639e-04
-3.222923e-04
-3.318048e-04
-3.330390e-04
-3.456830e-04
-3.491579e-04
-3.582156e-04
-3.655143e-04
-3.714449e-04
-3.977132e-04
-3.999074e-04
-4.127217e-04
-4.241349e-04
-4.376103e-04
-4.545888e-04
-4.635268e-04
-4.766351e-04
-4.812821e-04
-4.973597e-04
-5.156936e-04
-5.216439e-04
-5.312741e-04
-5.376363e-04
-5.583824e-04
-5.689312e-04
-5.773258e-04
-5.915317e-04
-6.178413e-04
-6.637229e-04
-6.698241e-04
-7.093775e-04
-7.318211e-04
-7.432289e-04
-7.990501e-04
