7.598151e+12
7.027247e+12
4.718627e+12
3.913215e+12
3.861171e+12
3.356910e+12
3.053565e+12
2.991912e+12
2.621385e+12
2.569333e+12
2.331592e+12
2.316537e+12
2.168128e+12
2.028904e+12
1.981827e+12
1.883324e+12
1.810902e+12
1.765985e+12
1.739884e+12
1.685532e+12
1.584953e+12
1.500002e+12
1.499274e+12
1.407739e+12
1.353639e+12
1.302695e+12
1.293849e+12
1.247029e+12
1.202137e+12
1.166424e+12
1.115734e+12
1.107683e+12
1.082660e+12
1.034271e+12
1.017974e+12
9.748231e+11
9.643369e+11
9.265870e+11
9.103742e+11
9.059493e+11
8.833139e+11
8.659494e+11
8.453280e+11
8.251756e+11
7.980592e+11
7.937056e+11
7.839180e+11
7.552023e+11
7.512523e+11
7.367558e+11
7.095997e+11
7.053597e+11
6.938315e+11
6.880490e+11
6.720460e+11
6.643434e+11
6.530206e+11
6.326166e+11
6.266989e+11
6.161634e+11
6.100858e+11
5.878917e+11
5.801759e+11
5.706512e+11
5.628034e+11
5.500610e+11
5.323839e+11
5.301030e+11
5.239361e+11
5.130554e+11
5.060358e+11
4.990797e+11
4.830733e+11
4.809664e+11
4.717643e+11
4.626667e+11
4.521553e+11
4.446477e+11
4.390235e+11
4.344913e+11
4.295606e+11
4.194077e+11
4.146768e+11
4.052465e+11
4.026569e+11
4.002107e+11
3.956140e+11
3.885041e+11
3.832971e+11
3.782940e+11
3.735397e+11
3.658509e+11
3.599781e+11
3.519322e+11
3.475836e+11
3.458069e+11
3.410768e+11
3.372211e+11
3.279210e+11
3.246843e+11
3.173297e+11
3.127973e+11
3.109411e+11
3.062806e+11
2.997929e+11
2.952191e+11
2.891248e+11
2.878436e+11
2.802958e+11
2.782621e+11
2.748810e+11
2.692537e+11
2.634640e+11
2.630574e+11
2.556103e+11
2.457463e+11
2.410856e+11
2.341269e+11
2.330728e+11
2.216906e+11
2.207048e+11
2.021597e+11
1.969451e+11
1.892043e+11
1.734512e+11
1.695193e+11
1.391121e+11
3.705490e+09
