5.912623e+04
1.045769e+04
5.759083e+03
1.837002e+03
1.004728e+03
7.469702e+02
5.395491e+02
4.042492e+02
2.676397e+02
2.599871e+02
1.945052e+02
1.505051e+02
1.267375e+02
1.151375e+02
8.533448e+01
7.559529e+01
7.219708e+01
5.208112e+01
4.992821e+01
3.897297e+01
3.297425e+01
2.588336e+01
2.172300e+01
1.812245e+01
1.641473e+01
1.370995e+01
1.167592e+01
1.100829e+01
9.449226e+00
8.832340e+00
7.938242e+00
7.468355e+00
6.361500e+00
5.805665e+00
4.488762e+00
3.353467e+00
2.917138e+00
2.646363e+00
2.260315e+00
1.389687e+00
1.274530e+00
9.849008e-01
8.888112e-01
7.311363e-01
6.299116e-01
4.883875e-01
4.049480e-01
2.505585e-01
2.419301e-01
2.218400e-01
1.653165e-01
1.495659e-01
1.367798e-01
1.173533e-01
7.616717e-02
6.649078e-02
5.308456e-02
4.514089e-02
4.151786e-02
4.015775e-02
2.818300e-02
1.644361e-02
1.418152e-02
1.080180e-02
9.029727e-03
7.721484e-03
5.835671e-03
5.098490e-03
4.050428e-03
3.075647e-03
2.376966e-03
2.060649e-03
1.629119e-03
1.542543e-03
1.263556e-03
1.202379e-03
1.022177e-03
1.011074e-03
8.746635e-04
8.403274e-04
8.125277e-04
7.951921e-04
7.702759e-04
7.176406e-04
6.680110e-04
6.507196e-04
6.402566e-04
6.333814e-04
6.070620e-04
5.787613e-04
5.655075e-04
5.583966e-04
5.544630e-04
5.414923e-04
5.227413e-04
5.206923e-04
5.096644e-04
5.025418e-04
4.988187e-04
4.820314e-04
4.745775e-04
4.685160e-04
4.658873e-04
4.574519e-04
4.522294e-04
4.482500e-04
4.393655e-04
4.288177e-04
4.263864e-04
4.216782e-04
4.172451e-04
4.091955e-04
4.086193e-04
4.023361e-04
3.957743e-04
3.910000e-04
3.834524e-04
3.770726e-04
3.757029e-04
3.744877e-04
3.654367e-04
3.589679e-04
3.554469e-04
3.526149e-04
3.472881e-04
3.462016e-04
3.438004e-04
3.391808e-04
3.315962e-04
3.307323e-04
3.283959e-04
3.248649e-04
3.189096e-04
3.170984e-04
3.120109e-04
3.041001e-04
3.025723e-04
2.966030e-04
2.909026e-04
2.898163e-04
2.875402e-04
2.872083e-04
2.809777e-04
2.760873e-04
2.741364e-04
2.688263e-04
2.672271e-04
2.659592e-04
2.637123e-04
2.618440e-04
2.557242e-04
2.549199e-04
2.504977e-04
2.486294e-04
2.452169e-04
2.431981e-04
2.366423e-04
2.346657e-04
2.313918e-04
2.291391e-04
2.239675e-04
2.202672e-04
2.187959e-04
2.184575e-04
2.145023e-04
2.130851e-04
2.100220e-04
2.071126e-04
2.043852e-04
2.041198e-04
1.959442e-04
1.949958e-04
1.911497e-04
1.901268e-04
1.890491e-04
1.842674e-04
1.814455e-04
1.778161e-04
1.776840e-04
1.739588e-04
1.714029e-04
1.678541e-04
1.650775e-04
1.642692e-04
1.600928e-04
1.579408e-04
1.535179e-04
1.529014e-04
1.499285e-04
1.490612e-04
1.462586e-04
1.443888e-04
1.435407e-04
1.406651e-04
1.366682e-04
1.338078e-04
1.327109e-04
1.319183e-04
1.270916e-04
1.262390e-04
1.235865e-04
1.197691e-04
1.180867e-04
1.161614e-04
1.126340e-04
1.091745e-04
1.058919e-04
1.030391e-04
1.014244e-04
9.893118e-05
9.442954e-05
9.352118e-05
9.152971e-05
9.124719e-05
8.828032e-05
8.542420e-05
8.211716e-05
8.088623e-05
7.860034e-05
7.697408e-05
7.493523e-05
7.160669e-05
7.117291e-05
6.515511e-05
6.441402e-05
6.020442e-05
5.848207e-05
5.515391e-05
5.274301e-05
5.023938e-05
4.840081e-05
4.806364e-05
4.430850e-05
4.241347e-05
3.955252e-05
3.873758e-05
3.586359e-05
3.194944e-05
2.983999e-05
2.843015e-05
2.639231e-05
2.567460e-05
2.306227e-05
2.090206e-05
1.819543e-05
1.431354e-05
1.200372e-05
6.350600e-06
4.825978e-06
2.634783e-06
3.677965e-13
1.284041e-13
3.342500e-14
2.673373e-14
-1.292296e-13
-1.996861e-13
-3.199038e-13
-9.207225e-07
-3.218014e-06
-4.647453e-06
-6.932162e-06
-8.186072e-06
-1.366683e-05
-1.572281e-05
-1.895354e-05
-1.998250e-05
-2.245567e-05
-2.541424e-05
-2.785584e-05
-2.922950e-05
-3.079749e-05
-3.129280e-05
-3.786309e-05
-3.890596e-05
-4.182271e-05
-4.294167e-05
-4.559030e-05
-4.801227e-05
-5.126878e-05
-5.245890e-05
-5.519527e-05
-5.728249e-05
-5.892663e-05
-6.193206e-05
-6.280163e-05
-6.775854e-05
-6.925817e-05
-7.220160e-05
-7.500944e-05
-7.573698e-05
-7.773556e-05
-7.892065e-05
-8.249673e-05
-8.665884e-05
-8.869627e-05
-9.136661e-05
-9.506610e-05
-9.621881e-05
-1.001505e-04
-1.008541e-04
-1.047238e-04
-1.089647e-04
-1.107120e-04
-1.133299e-04
-1.144263e-04
-1.190933e-04
-1.205728e-04
-1.251121e-04
-1.256159e-04
-1.296147e-04
-1.322286e-04
-1.356741e-04
-1.374937e-04
-1.389070e-04
-1.447887e-04
-1.468643e-04
-1.480931e-04
-1.529412e-04
-1.539536e-04
-1.554390e-04
-1.568261e-04
-1.635823e-04
-1.657559e-04
-1.705671e-04
-1.724268e-04
-1.756753e-04
-1.776473e-04
-1.798534e-04
-1.840287e-04
-1.924044e-04
-1.944646e-04
-1.954123e-04
-2.015735e-04
-2.022918e-04
-2.054541e-04
-2.075415e-04
-2.127847e-04
-2.144521e-04
-2.158487e-04
-2.176604e-04
-2.193894e-04
-2.250923e-04
-2.290403e-04
-2.314155e-04
-2.358830e-04
-2.383782e-04
-2.429140e-04
-2.456824e-04
-2.486436e-04
-2.497548e-04
-2.552814e-04
-2.579258e-04
-2.598554e-04
-2.625502e-04
-2.680409e-04
-2.722403e-04
-2.796201e-04
-2.833679e-04
-2.881193e-04
-2.917525e-04
-2.977300e-04
-3.013265e-04
-3.055494e-04
-3.088481e-04
-3.124413e-04
-3.211127e-04
-3.266882e-04
-3.366048e-04
-3.385203e-04
-3.510635e-04
-3.540551e-04
-3.664650e-04
-3.671320e-04
-3.747863e-04
-3.841950e-04
-3.979174e-04
-4.071545e-04
-4.219681e-04
-4.263637e-04
-4.659673e-04
-5.014950e-04
-5.924153e-04
-8.047231e-04
-8.793507e-04
