3.422241e+05
2.478637e+05
1.748354e+05
1.402373e+05
1.194221e+05
1.123859e+05
1.039708e+05
9.877084e+04
8.972620e+04
7.538141e+04
6.887927e+04
6.494969e+04
5.856813e+04
5.482316e+04
4.735835e+04
4.537725e+04
3.508212e+04
3.036940e+04
2.171542e+04
1.478249e+04
1.458902e+04
1.271203e+04
1.064895e+04
9.756442e+03
8.137081e+03
7.596057e+03
6.905857e+03
6.534354e+03
5.569798e+03
5.051421e+03
4.492432e+03
3.929250e+03
3.070381e+03
2.666021e+03
1.944521e+03
1.888328e+03
1.387174e+03
1.296836e+03
1.196379e+03
9.174349e+02
7.658721e+02
6.966316e+02
6.380295e+02
5.103561e+02
4.823237e+02
3.733837e+02
3.208513e+02
2.680483e+02
2.361565e+02
2.010972e+02
1.906311e+02
1.413461e+02
1.273501e+02
1.153567e+02
9.573500e+01
8.881861e+01
8.682239e+01
5.823660e+01
5.601972e+01
5.078875e+01
4.437545e+01
2.982637e+01
2.721307e+01
2.410871e+01
2.253994e+01
1.232675e+01
1.117066e+01
9.115152e+00
8.298398e+00
6.796233e+00
5.823965e+00
5.015266e+00
4.852185e+00
4.439136e+00
3.443502e+00
3.078121e+00
2.691329e+00
1.679094e+00
1.582587e+00
1.424915e+00
1.126700e+00
9.820749e-01
9.310983e-01
8.347766e-01
7.685675e-01
4.749714e-01
2.527438e-01
1.927880e-01
1.642661e-01
1.592929e-01
1.224164e-01
1.080017e-01
7.880584e-02
6.054157e-02
5.833884e-02
4.730382e-02
3.431463e-02
3.227840e-02
3.135145e-02
3.026956e-02
2.822489e-02
2.714278e-02
2.474886e-02
2.276396e-02
2.265027e-02
2.201090e-02
2.166900e-02
2.106703e-02
2.031011e-02
1.963549e-02
1.865141e-02
1.769863e-02
1.755605e-02
1.719854e-02
1.674318e-02
1.652066e-02
1.623293e-02
1.567757e-02
1.419346e-02
1.355154e-02
1.308472e-02
1.289620e-02
1.162074e-02
1.098333e-02
9.950695e-03
5.715427e-12
2.701104e-12
-1.339765e-12
