8.871809e+04
3.665635e+03
2.500852e+03
1.892606e+03
9.975528e+02
7.396443e+02
5.202822e+02
4.020149e+02
3.227228e+02
2.663141e+02
2.368824e+02
2.114619e+02
1.874077e+02
1.805208e+02
1.571965e+02
1.511072e+02
1.400903e+02
1.269700e+02
1.112391e+02
1.068323e+02
1.030322e+02
9.037381e+01
8.585526e+01
7.793766e+01
7.548633e+01
7.081156e+01
6.407478e+01
6.320279e+01
5.949776e+01
5.436672e+01
4.970070e+01
4.813430e+01
4.629922e+01
4.484643e+01
4.314100e+01
3.716289e+01
3.418859e+01
3.333271e+01
3.035371e+01
2.883875e+01
2.730800e+01
2.427822e+01
2.320237e+01
2.245868e+01
2.049350e+01
1.873509e+01
1.806103e+01
1.658182e+01
1.585601e+01
1.372722e+01
1.346016e+01
1.236745e+01
1.233635e+01
1.108276e+01
1.082757e+01
1.004640e+01
8.795310e+00
8.309243e+00
7.823514e+00
7.583016e+00
7.135302e+00
6.484892e+00
5.841323e+00
5.175167e+00
4.920010e+00
4.781699e+00
4.591626e+00
4.210674e+00
3.924632e+00
3.573558e+00
2.988170e+00
2.852391e+00
2.702888e+00
2.636605e+00
2.468994e+00
2.232715e+00
2.143836e+00
1.774187e+00
1.758572e+00
1.621114e+00
1.506618e+00
1.451741e+00
1.363036e+00
1.330509e+00
1.186021e+00
1.171448e+00
1.055858e+00
1.018445e+00
9.837328e-01
9.342899e-01
9.006909e-01
8.672476e-01
7.944180e-01
7.377700e-01
6.811619e-01
6.607954e-01
6.204422e-01
5.716006e-01
5.606969e-01
5.382473e-01
5.244572e-01
4.988992e-01
4.584083e-01
4.249409e-01
3.870756e-01
3.511525e-01
3.322890e-01
3.244985e-01
3.076833e-01
3.043368e-01
2.786127e-01
2.530596e-01
2.413150e-01
2.343859e-01
2.176379e-01
2.127177e-01
2.053031e-01
1.930694e-01
1.689501e-01
1.560166e-01
1.413972e-01
1.380027e-01
1.285648e-01
1.226557e-01
1.065769e-01
9.979888e-02
9.376016e-02
9.226310e-02
8.733033e-02
8.115001e-02
7.822772e-02
7.646794e-02
7.082552e-02
6.937564e-02
6.269074e-02
5.859896e-02
5.525526e-02
5.250486e-02
5.027358e-02
4.804539e-02
4.415607e-02
4.188604e-02
3.982311e-02
3.826438e-02
3.698159e-02
3.612399e-02
3.202831e-02
2.814848e-02
2.691156e-02
2.562554e-02
2.381852e-02
2.262917e-02
2.013762e-02
1.897007e-02
1.708528e-02
1.557472e-02
1.509765e-02
1.441651e-02
1.344281e-02
1.243642e-02
1.196330e-02
1.169835e-02
1.065809e-02
1.052477e-02
9.911746e-03
9.341716e-03
9.049257e-03
8.158491e-03
7.996767e-03
7.825178e-03
7.672863e-03
7.026181e-03
6.782022e-03
5.741865e-03
5.523336e-03
5.248260e-03
5.183098e-03
4.610572e-03
4.466074e-03
4.127623e-03
3.606820e-03
3.440666e-03
3.355319e-03
3.256304e-03
3.061077e-03
2.922191e-03
2.756670e-03
2.605425e-03
2.483960e-03
2.395884e-03
2.333438e-03
2.244232e-03
2.101231e-03
2.082491e-03
2.019968e-03
1.879491e-03
1.813486e-03
1.751225e-03
1.738787e-03
1.626066e-03
1.593247e-03
1.554071e-03
1.483654e-03
1.455124e-03
1.420723e-03
1.369867e-03
1.333687e-03
1.317953e-03
1.263928e-03
1.249392e-03
1.242785e-03
1.211328e-03
1.185378e-03
1.168975e-03
1.160274e-03
1.140164e-03
1.116283e-03
1.096606e-03
1.074869e-03
1.060300e-03
1.037962e-03
1.034396e-03
1.031809e-03
1.016129e-03
1.007357e-03
9.960956e-04
9.773672e-04
9.720086e-04
9.378689e-04
9.343759e-04
9.253273e-04
9.097233e-04
8.823968e-04
8.649253e-04
8.618165e-04
8.469341e-04
8.456719e-04
8.301500e-04
8.171371e-04
8.071967e-04
8.031412e-04
7.898964e-04
7.787351e-04
7.611982e-04
7.443491e-04
7.339520e-04
7.292586e-04
7.163890e-04
7.051561e-04
7.016002e-04
6.808158e-04
6.684003e-04
6.674312e-04
6.579571e-04
6.440833e-04
6.396577e-04
6.265910e-04
6.182860e-04
6.079695e-04
6.028357e-04
5.887657e-04
5.829202e-04
5.693749e-04
5.659325e-04
5.490726e-04
5.486791e-04
5.402591e-04
5.233996e-04
5.117141e-04
5.073920e-04
5.018683e-04
4.854652e-04
4.795002e-04
4.720108e-04
4.643067e-04
4.563562e-04
4.458488e-04
4.439209e-04
4.359614e-04
4.201506e-04
4.141296e-04
3.983843e-04
3.949129e-04
3.842585e-04
3.740573e-04
3.689131e-04
3.594391e-04
3.405220e-04
3.347496e-04
3.225014e-04
3.138317e-04
3.071899e-04
3.005727e-04
2.969231e-04
2.853604e-04
2.801732e-04
2.671107e-04
2.587772e-04
2.553951e-04
2.331505e-04
2.300081e-04
2.163626e-04
2.097515e-04
2.033367e-04
1.923409e-04
1.852244e-04
1.723129e-04
1.681843e-04
1.598972e-04
1.559196e-04
1.488920e-04
1.342694e-04
1.316215e-04
1.128317e-04
1.033286e-04
9.059135e-05
8.173083e-05
6.993046e-05
6.471619e-05
6.046999e-05
4.609291e-05
4.347648e-05
2.868396e-05
1.999727e-05
1.155829e-05
5.481688e-06
6.326951e-14
-6.328668e-14
-1.734182e-06
-1.054108e-05
-2.545125e-05
-3.064625e-05
-3.641246e-05
-4.603186e-05
-5.002696e-05
-5.850612e-05
-7.655861e-05
-8.156804e-05
-9.242427e-05
-1.025048e-04
-1.085635e-04
-1.140698e-04
-1.253891e-04
-1.379318e-04
-1.472615e-04
-1.603223e-04
-1.767133e-04
-1.781581e-04
-2.039322e-04
-2.081040e-04
-2.118589e-04
-2.253669e-04
-2.324564e-04
-2.373180e-04
-2.558313e-04
-2.666156e-04
-2.889791e-04
-2.995626e-04
-3.047219e-04
-3.145341e-04
-3.219370e-04
-3.359022e-04
-3.500352e-04
-3.539651e-04
-3.587322e-04
-3.851650e-04
-4.000968e-04
-4.135927e-04
-4.201612e-04
-4.265266e-04
-4.337357e-04
-4.583165e-04
-4.723462e-04
-4.834010e-04
-4.943796e-04
-5.051782e-04
-5.223622e-04
-5.324141e-04
-5.578941e-04
-5.823339e-04
-5.986214e-04
-6.133332e-04
-6.657177e-04
-7.020116e-04
