3.311412e+10
1.648636e+10
6.042637e+09
4.372492e+09
4.020082e+09
3.116196e+09
3.058182e+09
3.002027e+09
2.899099e+09
2.425223e+09
2.359089e+09
2.275561e+09
2.047681e+09
1.823372e+09
1.774740e+09
1.718319e+09
1.691932e+09
1.585685e+09
1.508940e+09
1.456794e+09
1.423394e+09
1.383243e+09
1.319481e+09
1.269432e+09
1.225456e+09
1.177578e+09
1.154328e+09
1.114844e+09
1.064621e+09
1.024306e+09
1.004671e+09
9.818701e+08
9.512381e+08
9.106437e+08
8.822081e+08
8.363281e+08
8.001018e+08
7.732641e+08
7.683599e+08
7.361501e+08
7.127978e+08
6.992112e+08
6.647731e+08
6.628796e+08
6.476204e+08
6.309650e+08
6.061189e+08
5.900646e+08
5.855814e+08
5.744867e+08
5.565425e+08
5.310634e+08
5.239700e+08
5.095917e+08
5.074671e+08
4.984838e+08
4.821340e+08
4.749340e+08
4.674422e+08
4.508165e+08
4.429818e+08
4.406054e+08
4.288815e+08
4.230651e+08
4.119833e+08
3.912843e+08
3.765263e+08
3.719476e+08
3.576957e+08
3.519210e+08
3.382092e+08
3.253432e+08
3.203127e+08
3.136562e+08
3.101365e+08
3.060693e+08
2.924955e+08
2.847151e+08
2.826008e+08
2.748919e+08
2.715108e+08
2.666146e+08
2.548966e+08
2.432534e+08
2.389349e+08
2.293033e+08
2.282886e+08
2.190115e+08
2.146072e+08
2.083267e+08
2.033539e+08
1.940068e+08
1.865594e+08
1.844643e+08
1.721259e+08
1.681603e+08
1.662139e+08
1.610127e+08
1.551677e+08
1.469874e+08
1.444762e+08
1.408300e+08
1.344122e+08
1.270533e+08
1.244922e+08
1.201125e+08
1.152315e+08
1.075584e+08
9.956566e+07
9.853650e+07
9.018654e+07
8.610932e+07
8.112090e+07
7.848189e+07
7.097234e+07
6.738174e+07
6.210846e+07
5.724542e+07
5.159183e+07
4.925759e+07
4.316384e+07
3.278621e+07
3.133906e+07
2.475100e+07
1.316384e+07
1.090801e+07
5.137432e+06
2.127235e+06
