1.235045e+05
5.996032e+03
4.796421e+03
2.763488e+03
1.607144e+03
1.276196e+03
8.047687e+02
7.013315e+02
5.915105e+02
5.198379e+02
4.233048e+02
3.661724e+02
3.394877e+02
3.016703e+02
2.712485e+02
2.657422e+02
2.401196e+02
2.085104e+02
2.040210e+02
1.771276e+02
1.421688e+02
1.297129e+02
1.269668e+02
1.178409e+02
1.051034e+02
9.737667e+01
9.364306e+01
8.874469e+01
8.090131e+01
7.965483e+01
6.977608e+01
6.588924e+01
5.751740e+01
5.368596e+01
5.223459e+01
4.886085e+01
4.495010e+01
4.253528e+01
3.962098e+01
3.656068e+01
3.401327e+01
3.319911e+01
2.995629e+01
2.810166e+01
2.608699e+01
2.511700e+01
2.287519e+01
2.070961e+01
1.981096e+01
1.892811e+01
1.735786e+01
1.619305e+01
1.443086e+01
1.338217e+01
1.178032e+01
1.059916e+01
1.010623e+01
9.600087e+00
8.982132e+00
8.544082e+00
7.810246e+00
7.427916e+00
6.726306e+00
6.368708e+00
6.085139e+00
5.860502e+00
5.384080e+00
4.663528e+00
4.523498e+00
4.030059e+00
3.919632e+00
3.621051e+00
3.311210e+00
2.904003e+00
2.843256e+00
2.576752e+00
2.357410e+00
2.168040e+00
2.026869e+00
1.946537e+00
1.810828e+00
1.646489e+00
1.618641e+00
1.499176e+00
1.281583e+00
1.089357e+00
1.050596e+00
9.593016e-01
8.802729e-01
8.260095e-01
7.852049e-01
7.489041e-01
6.657647e-01
6.343285e-01
6.092865e-01
5.979795e-01
5.586309e-01
5.493265e-01
4.896153e-01
4.751744e-01
4.668786e-01
3.916921e-01
3.615671e-01
3.329113e-01
3.199845e-01
3.067028e-01
2.873797e-01
2.663641e-01
2.254016e-01
2.111662e-01
2.062375e-01
1.988082e-01
1.916587e-01
1.701013e-01
1.439301e-01
1.374369e-01
1.274577e-01
1.178937e-01
1.162495e-01
1.092238e-01
9.513935e-02
8.679002e-02
8.038635e-02
7.110180e-02
5.820715e-02
5.739330e-02
5.423724e-02
4.988631e-02
4.831281e-02
4.455736e-02
4.346086e-02
4.137992e-02
3.883534e-02
3.644357e-02
3.276190e-02
2.828153e-02
2.602618e-02
2.459150e-02
2.167002e-02
2.134820e-02
1.853269e-02
1.786746e-02
1.664136e-02
1.532595e-02
1.515602e-02
1.382087e-02
1.324893e-02
1.060062e-02
1.019446e-02
9.792656e-03
8.747789e-03
8.087964e-03
7.217071e-03
6.869736e-03
6.345675e-03
5.718549e-03
5.332238e-03
4.928836e-03
4.554685e-03
4.468288e-03
4.048454e-03
3.890175e-03
3.675353e-03
3.489944e-03
3.314397e-03
3.231584e-03
3.020056e-03
2.599450e-03
2.448220e-03
2.192206e-03
2.063806e-03
1.814002e-03
1.724814e-03
1.694360e-03
1.587921e-03
1.534342e-03
1.441602e-03
1.431124e-03
1.412194e-03
1.365877e-03
1.318810e-03
1.299536e-03
1.283940e-03
1.266374e-03
1.245258e-03
1.239288e-03
1.219728e-03
1.208040e-03
1.195506e-03
1.184631e-03
1.162444e-03
1.149569e-03
1.131279e-03
1.104521e-03
1.097023e-03
1.083039e-03
1.075819e-03
1.064328e-03
1.045218e-03
1.038661e-03
1.031347e-03
1.027727e-03
1.020236e-03
1.015730e-03
9.889858e-04
9.819204e-04
9.774843e-04
9.507851e-04
9.471827e-04
9.312765e-04
9.125290e-04
9.084659e-04
8.883174e-04
8.757222e-04
8.746213e-04
8.670105e-04
8.625946e-04
8.502410e-04
8.429706e-04
8.305798e-04
8.258615e-04
8.182146e-04
8.007919e-04
7.953265e-04
7.872268e-04
7.794661e-04
7.677551e-04
7.660029e-04
7.516414e-04
7.461958e-04
7.385088e-04
7.258257e-04
7.162241e-04
7.097238e-04
7.060465e-04
7.026596e-04
6.927012e-04
6.802499e-04
6.750686e-04
6.659399e-04
6.581087e-04
6.433636e-04
6.416462e-04
6.375529e-04
6.232180e-04
6.182156e-04
6.049977e-04
5.961303e-04
5.856951e-04
5.809562e-04
5.777935e-04
5.630798e-04
5.605855e-04
5.464982e-04
5.451418e-04
5.409616e-04
5.370299e-04
5.251261e-04
5.226264e-04
5.164070e-04
5.147135e-04
5.026354e-04
4.908477e-04
4.886513e-04
4.771348e-04
4.622775e-04
4.580304e-04
4.524415e-04
4.421895e-04
4.329235e-04
4.245962e-04
4.209664e-04
4.133161e-04
4.061593e-04
4.020788e-04
3.939687e-04
3.859968e-04
3.829695e-04
3.736253e-04
3.595336e-04
3.524006e-04
3.456699e-04
3.417897e-04
3.300328e-04
3.232602e-04
3.178148e-04
3.096234e-04
2.991709e-04
2.898625e-04
2.832375e-04
2.721898e-04
2.682500e-04
2.652846e-04
2.569196e-04
2.506548e-04
2.399421e-04
2.298323e-04
2.273355e-04
2.195890e-04
2.111677e-04
2.057013e-04
1.959358e-04
1.950534e-04
1.845819e-04
1.814287e-04
1.688984e-04
1.605422e-04
1.589644e-04
1.504810e-04
1.431664e-04
1.327890e-04
1.278206e-04
1.194670e-04
1.154084e-04
1.007823e-04
9.360477e-05
9.163478e-05
7.851127e-05
6.998720e-05
5.939111e-05
5.382039e-05
4.668206e-05
4.314749e-05
3.085388e-05
2.361142e-05
1.579530e-05
1.241320e-05
-5.858475e-06
-1.408641e-05
-1.503841e-05
-1.804656e-05
-3.301461e-05
-4.344186e-05
-5.090189e-05
-5.745560e-05
-6.706025e-05
-6.793535e-05
-8.207684e-05
-9.137209e-05
-1.003820e-04
-1.100712e-04
-1.146337e-04
-1.187715e-04
-1.288727e-04
-1.341121e-04
-1.498550e-04
-1.536483e-04
-1.623500e-04
-1.627783e-04
-1.810442e-04
-1.876970e-04
-2.023039e-04
-2.062871e-04
-2.121951e-04
-2.203525e-04
-2.244870e-04
-2.382561e-04
-2.401879e-04
-2.528652e-04
-2.618853e-04
-2.645456e-04
-2.810696e-04
-2.896544e-04
-3.044186e-04
-3.185504e-04
-3.303069e-04
-3.392088e-04
-3.548572e-04
-3.734585e-04
-3.884904e-04
-3.938802e-04
-4.003637e-04
-4.152948e-04
-4.199393e-04
-4.261474e-04
-4.355604e-04
-4.582748e-04
-4.816057e-04
-5.032168e-04
-5.218696e-04
-5.257945e-04
-5.684747e-04
-5.738538e-04
-5.978324e-04
