3.110297e+10
1.423654e+10
7.992468e+09
5.279084e+09
4.059242e+09
3.509114e+09
3.069003e+09
2.908146e+09
2.681677e+09
2.440605e+09
2.317896e+09
2.203384e+09
2.016772e+09
1.988006e+09
1.945984e+09
1.816327e+09
1.796450e+09
1.699716e+09
1.539361e+09
1.487489e+09
1.407323e+09
1.346402e+09
1.323608e+09
1.267435e+09
1.228220e+09
1.167757e+09
1.126322e+09
1.074128e+09
1.051339e+09
1.022225e+09
9.890940e+08
9.651537e+08
9.570169e+08
9.255863e+08
9.048076e+08
8.657846e+08
8.290781e+08
7.985791e+08
7.840766e+08
7.644753e+08
7.493638e+08
7.102033e+08
7.090425e+08
7.035277e+08
6.722733e+08
6.626074e+08
6.394313e+08
6.197429e+08
6.123901e+08
5.917588e+08
5.855380e+08
5.773165e+08
5.629659e+08
5.381075e+08
5.238219e+08
5.196881e+08
5.122907e+08
5.004504e+08
4.847699e+08
4.711784e+08
4.654498e+08
4.522042e+08
4.392780e+08
4.289590e+08
4.269010e+08
4.075103e+08
3.957579e+08
3.805452e+08
3.721293e+08
3.650186e+08
3.574510e+08
3.544934e+08
3.414043e+08
3.400251e+08
3.250017e+08
3.210102e+08
3.198095e+08
3.065773e+08
3.029902e+08
2.910786e+08
2.820934e+08
2.771227e+08
2.665794e+08
2.611489e+08
2.474913e+08
2.466330e+08
2.398917e+08
2.359840e+08
2.252256e+08
2.169001e+08
2.146976e+08
2.049040e+08
1.958073e+08
1.897647e+08
1.853519e+08
1.756017e+08
1.696529e+08
1.647688e+08
1.587162e+08
1.546378e+08
1.478327e+08
1.432894e+08
1.382385e+08
1.339749e+08
1.306678e+08
1.228447e+08
1.155806e+08
1.118749e+08
1.027226e+08
9.632191e+07
9.082441e+07
8.522394e+07
7.833350e+07
6.843747e+07
6.218973e+07
5.248398e+07
4.798793e+07
4.394007e+07
4.011422e+07
3.830456e+07
3.509168e+07
3.210421e+07
2.686978e+07
2.027765e+07
1.894376e+07
1.482287e+07
1.102833e+06
7.984808e+05
