1.110195e+10
9.969089e+08
2.190837e+08
1.097984e+08
7.261172e+07
6.593232e+07
5.665825e+07
4.000261e+07
3.658153e+07
3.624017e+07
2.891338e+07
2.504649e+07
1.835962e+07
1.573594e+07
1.523974e+07
1.152929e+07
1.074438e+07
9.111619e+06
7.929372e+06
7.159854e+06
5.661569e+06
4.596934e+06
4.421911e+06
3.867906e+06
3.176610e+06
2.649888e+06
2.453704e+06
1.993063e+06
1.797063e+06
1.728025e+06
1.472565e+06
1.180648e+06
1.106063e+06
1.020762e+06
8.699024e+05
7.975762e+05
7.487885e+05
6.550321e+05
5.904121e+05
5.053454e+05
4.933351e+05
3.833827e+05
3.792705e+05
3.252558e+05
2.460714e+05
2.393390e+05
2.167072e+05
1.973590e+05
1.784084e+05
1.444788e+05
1.118779e+05
1.013088e+05
8.817725e+04
7.292882e+04
6.226979e+04
5.346893e+04
3.274496e+04
2.778454e+04
2.106823e+04
1.890557e+04
1.634384e+04
1.462228e+04
9.845418e+03
8.827866e+03
5.713459e+03
5.090222e+03
3.893069e+03
3.036554e+03
2.471815e+03
1.632442e+03
1.274954e+03
8.774560e+02
7.087795e+02
6.280605e+02
4.966338e+02
3.671774e+02
2.586442e+02
1.620195e+02
1.333633e+02
1.199606e+02
9.107144e+01
5.334686e+01
3.881083e+01
3.295734e+01
2.250250e+01
1.875562e+01
1.564951e+01
9.002420e+00
6.902435e+00
5.228723e+00
3.868396e+00
2.416429e+00
1.919942e+00
1.683017e+00
1.581452e+00
1.005767e+00
6.708496e-01
4.349807e-01
3.611758e-01
3.140521e-01
2.073218e-01
1.869934e-01
1.484603e-01
1.241525e-01
1.006125e-01
7.845532e-02
7.204599e-02
6.847681e-02
5.998943e-02
5.401126e-02
4.020875e-02
3.717611e-02
3.045867e-02
2.580177e-02
2.214561e-02
1.971003e-02
1.731562e-02
9.849259e-03
6.291234e-03
2.713825e-03
-1.352325e-03
-6.928657e-03
-7.575502e-03
-1.598745e-02
-1.879301e-02
-2.090415e-02
-2.737583e-02
-2.929898e-02
