2.145395e+05
2.361139e+04
5.222870e+03
1.595124e+03
2.304771e+02
2.690397e+01
1.124286e+01
5.077520e+00
1.281158e+00
2.256579e-01
7.446893e-02
4.317723e-02
3.968554e-02
3.848463e-02
2.722490e-02
2.558861e-02
2.404029e-02
2.175325e-02
2.035998e-02
2.017833e-02
1.706704e-02
1.629943e-02
1.530289e-02
1.419327e-02
1.283642e-02
1.253750e-02
1.211050e-02
1.174611e-02
1.153054e-02
1.101732e-02
1.054285e-02
9.707124e-03
9.625509e-03
9.478512e-03
8.645031e-03
8.511631e-03
8.304953e-03
8.103393e-03
7.782690e-03
7.518842e-03
7.425561e-03
6.893824e-03
6.656799e-03
6.635667e-03
6.239124e-03
6.031722e-03
5.783818e-03
5.708288e-03
5.515746e-03
5.196319e-03
5.144735e-03
4.814053e-03
4.595574e-03
4.420506e-03
4.367035e-03
4.066183e-03
3.991035e-03
3.897153e-03
3.519653e-03
3.495722e-03
3.299508e-03
3.143094e-03
3.101136e-03
2.836253e-03
2.675995e-03
2.532690e-03
2.451669e-03
2.301748e-03
2.103982e-03
1.907102e-03
1.845530e-03
1.815081e-03
1.644720e-03
1.501996e-03
1.319107e-03
1.097640e-03
9.475003e-04
9.291109e-04
8.547688e-04
8.028593e-04
6.701208e-04
6.360216e-04
5.818300e-04
4.584374e-04
3.936984e-04
3.453700e-04
2.661723e-04
8.182506e-05
4.591878e-05
-2.097193e-04
-4.627542e-04
-5.676224e-04
-7.535268e-04
-9.332623e-04
-1.060522e-03
-1.362315e-03
-1.590113e-03
-1.957355e-03
-2.088329e-03
-2.455418e-03
-2.592105e-03
-3.306366e-03
-3.687803e-03
-4.230587e-03
-4.359442e-03
-5.378381e-03
-6.259486e-03
-6.359816e-03
-6.864327e-03
-7.965758e-03
-8.246257e-03
-8.521948e-03
-9.847780e-03
-1.028160e-02
-1.237772e-02
-1.310891e-02
-1.625074e-02
-1.830269e-02
-1.932225e-02
-2.132230e-02
-2.365951e-02
-2.960321e-02
-3.539742e-02
-4.099498e-02
-4.351051e-02
-5.064839e-02
-5.728373e-02
-7.993051e-02
