2.993880e+10
8.033780e+09
6.938245e+09
6.249461e+09
5.222714e+09
4.333054e+09
3.662386e+09
2.956557e+09
2.848290e+09
2.243144e+09
2.134562e+09
2.033354e+09
1.854430e+09
1.692556e+09
1.624330e+09
1.495485e+09
1.431530e+09
1.303086e+09
1.255871e+09
1.235052e+09
1.178112e+09
1.112232e+09
1.050520e+09
9.842097e+08
9.636532e+08
9.555400e+08
9.135180e+08
8.519450e+08
8.208948e+08
8.113837e+08
8.060743e+08
7.714994e+08
7.422513e+08
7.391884e+08
7.008483e+08
6.784311e+08
6.559801e+08
6.507537e+08
6.279372e+08
6.021794e+08
5.610452e+08
5.438722e+08
5.210448e+08
5.196412e+08
5.126627e+08
5.051881e+08
4.882967e+08
4.576143e+08
4.520622e+08
4.427733e+08
4.355779e+08
4.216028e+08
3.961657e+08
3.882901e+08
3.753705e+08
3.640134e+08
3.595918e+08
3.494618e+08
3.450163e+08
3.414707e+08
3.317857e+08
3.216796e+08
3.137355e+08
3.082212e+08
3.021947e+08
2.963712e+08
2.838957e+08
2.809781e+08
2.688989e+08
2.586921e+08
2.581044e+08
2.451233e+08
2.373177e+08
2.331617e+08
2.279226e+08
2.236253e+08
2.161180e+08
2.091828e+08
1.984954e+08
1.940532e+08
1.921955e+08
1.857366e+08
1.831542e+08
1.773347e+08
1.678582e+08
1.607696e+08
1.577352e+08
1.569684e+08
1.511695e+08
1.411972e+08
1.396903e+08
1.332406e+08
1.317299e+08
1.278130e+08
1.237419e+08
1.190944e+08
1.152864e+08
1.105741e+08
1.079734e+08
1.059629e+08
1.017767e+08
9.889374e+07
9.633982e+07
8.971626e+07
8.538926e+07
8.397990e+07
8.081121e+07
7.089335e+07
6.286142e+07
5.936394e+07
5.803783e+07
4.777038e+07
4.583540e+07
4.441624e+07
4.259243e+07
3.989575e+07
3.718429e+07
3.131569e+07
2.200356e+07
2.042201e+07
1.981293e+07
1.860019e+07
1.754458e+07
1.564812e+07
1.204386e+07
1.146617e+07
8.210344e+06
1.987859e+06
