1.263531e+05
6.111473e+03
2.899745e+03
2.251940e+03
1.916444e+03
1.796835e+03
1.466770e+03
8.679374e+02
7.987700e+02
7.197396e+02
6.454174e+02
4.516504e+02
3.150628e+02
3.048274e+02
2.857488e+02
2.382241e+02
1.911297e+02
1.688612e+02
1.566530e+02
1.420950e+02
1.372060e+02
1.168574e+02
1.084457e+02
9.464670e+01
8.209734e+01
8.135138e+01
7.199041e+01
6.517918e+01
6.330539e+01
5.893250e+01
5.321478e+01
5.054240e+01
4.559460e+01
4.124137e+01
4.100331e+01
3.840860e+01
3.633420e+01
3.207281e+01
3.150000e+01
3.062173e+01
2.759519e+01
2.443982e+01
2.325548e+01
2.108869e+01
2.074040e+01
1.852598e+01
1.739631e+01
1.608425e+01
1.557024e+01
1.494154e+01
1.422642e+01
1.170183e+01
1.033768e+01
1.002895e+01
9.297451e+00
8.882272e+00
7.842576e+00
7.707431e+00
7.430630e+00
6.696075e+00
5.771747e+00
5.585753e+00
5.395178e+00
4.892180e+00
4.327953e+00
4.026659e+00
3.704328e+00
3.573805e+00
3.422875e+00
3.015706e+00
2.846140e+00
2.726885e+00
2.522950e+00
2.318251e+00
2.193249e+00
2.120809e+00
2.034491e+00
1.934117e+00
1.846341e+00
1.649934e+00
1.431221e+00
1.375128e+00
1.305483e+00
1.204108e+00
1.059412e+00
1.008337e+00
9.162959e-01
8.938416e-01
7.898795e-01
7.096563e-01
6.761582e-01
6.452625e-01
6.336185e-01
5.693886e-01
5.322259e-01
5.120267e-01
5.029617e-01
4.741653e-01
4.426448e-01
4.182903e-01
4.146170e-01
3.898631e-01
3.454843e-01
3.236947e-01
3.189175e-01
2.759615e-01
2.548183e-01
2.477585e-01
2.388158e-01
2.293572e-01
1.954747e-01
1.823172e-01
1.775499e-01
1.610968e-01
1.582580e-01
1.429375e-01
1.335484e-01
1.163335e-01
1.042911e-01
1.032138e-01
9.424331e-02
8.703159e-02
8.357646e-02
8.137590e-02
7.358712e-02
7.038105e-02
6.616277e-02
5.734690e-02
5.494877e-02
5.387128e-02
5.113466e-02
3.748379e-02
3.508649e-02
3.301114e-02
3.053292e-02
2.893319e-02
2.724601e-02
2.642565e-02
2.424517e-02
2.307860e-02
2.136587e-02
1.736769e-02
1.668222e-02
1.520253e-02
1.365567e-02
1.292668e-02
1.261276e-02
1.142938e-02
9.910147e-03
9.377282e-03
9.101428e-03
8.948353e-03
8.235893e-03
8.153122e-03
7.952520e-03
7.694832e-03
7.243818e-03
6.311787e-03
6.146335e-03
5.720139e-03
5.356687e-03
4.377067e-03
3.949941e-03
3.836301e-03
3.520881e-03
3.243666e-03
3.154303e-03
3.007932e-03
2.811486e-03
2.633987e-03
2.366443e-03
2.198819e-03
2.066288e-03
1.891609e-03
1.859882e-03
1.825104e-03
1.714525e-03
1.691222e-03
1.675066e-03
1.606754e-03
1.526694e-03
1.482068e-03
1.478381e-03
1.457423e-03
1.432881e-03
1.379913e-03
1.353805e-03
1.348959e-03
1.322509e-03
1.310654e-03
1.302837e-03
1.265230e-03
1.239076e-03
1.213407e-03
1.206697e-03
1.193979e-03
1.174218e-03
1.173478e-03
1.165638e-03
1.146226e-03
1.116164e-03
1.108832e-03
1.098474e-03
1.087150e-03
1.063624e-03
1.051954e-03
1.039956e-03
1.031519e-03
1.027273e-03
1.002781e-03
9.844131e-04
9.672128e-04
9.521979e-04
9.406139e-04
9.223334e-04
9.107597e-04
9.098178e-04
8.931907e-04
8.836191e-04
8.801603e-04
8.528836e-04
8.448862e-04
8.396322e-04
8.240781e-04
8.219082e-04
8.083096e-04
8.065759e-04
7.861372e-04
7.816419e-04
7.574336e-04
7.439801e-04
7.343933e-04
7.290687e-04
7.128128e-04
7.057988e-04
6.972988e-04
6.916958e-04
6.664605e-04
6.638183e-04
6.562116e-04
6.403248e-04
6.360666e-04
6.309883e-04
6.114312e-04
6.067295e-04
5.834784e-04
5.763834e-04
5.726769e-04
5.622417e-04
5.612638e-04
5.458755e-04
5.355108e-04
5.277500e-04
5.215000e-04
5.121728e-04
5.030636e-04
4.974991e-04
4.865370e-04
4.798638e-04
4.556922e-04
4.538401e-04
4.393516e-04
4.379546e-04
4.305883e-04
4.122201e-04
4.046753e-04
3.923133e-04
3.810497e-04
3.791920e-04
3.732572e-04
3.567724e-04
3.494883e-04
3.376056e-04
3.356248e-04
3.179745e-04
3.030668e-04
2.990492e-04
2.895379e-04
2.848453e-04
2.789650e-04
2.730380e-04
2.603776e-04
2.496731e-04
2.337441e-04
2.292880e-04
2.261447e-04
2.147378e-04
2.066058e-04
1.914752e-04
1.787367e-04
1.743709e-04
1.636626e-04
1.632452e-04
1.590391e-04
1.518723e-04
1.374293e-04
1.176560e-04
1.138246e-04
1.001744e-04
9.282514e-05
8.680653e-05
7.088133e-05
6.068023e-05
5.561711e-05
4.697615e-05
4.016169e-05
3.449110e-05
1.655740e-05
8.109518e-06
-1.604576e-07
-1.584918e-05
-3.201682e-05
-3.499530e-05
-4.910928e-05
-5.261086e-05
-5.790148e-05
-6.926608e-05
-7.762916e-05
-8.644412e-05
-9.413084e-05
-9.742242e-05
-1.116625e-04
-1.201922e-04
-1.313883e-04
-1.413344e-04
-1.505208e-04
-1.597358e-04
-1.694972e-04
-1.752265e-04
-1.842946e-04
-2.040915e-04
-2.137966e-04
-2.242349e-04
-2.352705e-04
-2.501443e-04
-2.528523e-04
-2.649071e-04
-2.682025e-04
-2.876080e-04
-3.086491e-04
-3.161026e-04
-3.253228e-04
-3.305383e-04
-3.374298e-04
-3.454399e-04
-3.501207e-04
-3.723357e-04
-3.763971e-04
-3.953608e-04
-3.991155e-04
-4.170163e-04
-4.265576e-04
-4.534846e-04
-4.593502e-04
-4.755478e-04
-4.871528e-04
-4.984657e-04
-5.036602e-04
-5.252677e-04
-5.323039e-04
-5.416675e-04
-5.495765e-04
-5.633005e-04
-5.840089e-04
-5.896314e-04
-5.948060e-04
-6.051306e-04
-6.149304e-04
-6.384375e-04
-6.462351e-04
-6.558454e-04
-6.744510e-04
-6.884654e-04
-7.080035e-04
-7.342998e-04
-7.563526e-04
-7.725629e-04
-7.787766e-04
-7.937331e-04
-8.088696e-04
-8.314530e-04
-8.736696e-04
-9.200707e-04
-9.308520e-04
