1.239424e+08
1.816858e+07
1.611594e+06
1.148785e+06
7.833502e+05
3.626033e+05
2.830603e+05
1.097872e+05
3.512322e+04
2.235175e+04
5.653749e+03
1.498937e+03
4.734097e+02
2.946903e+02
8.944383e+01
6.994872e+01
4.737978e+01
4.436965e+01
3.843118e+01
3.441381e+01
2.932722e+01
2.049462e+01
1.873704e+01
1.741456e+01
1.706487e+01
1.484801e+01
1.397600e+01
1.330409e+01
1.167735e+01
1.122492e+01
1.054248e+01
9.595493e+00
9.224503e+00
8.446314e+00
7.856111e+00
7.553600e+00
7.417816e+00
6.983910e+00
6.919968e+00
6.503102e+00
6.152934e+00
5.462606e+00
5.073423e+00
4.825847e+00
4.627857e+00
4.480427e+00
4.252653e+00
4.065756e+00
3.696187e+00
3.579680e+00
3.294478e+00
3.102669e+00
2.965750e+00
2.445524e+00
2.312113e+00
2.199507e+00
2.041727e+00
1.854931e+00
1.702473e+00
1.668397e+00
1.509236e+00
1.277195e+00
1.142178e+00
8.741275e-01
8.597685e-01
7.484583e-01
6.183187e-01
5.071568e-01
3.434863e-01
2.959453e-01
2.615252e-01
2.497767e-01
1.345415e-01
1.246814e-01
9.726067e-02
2.304238e-02
-2.328306e-10
-2.536881e-02
-4.840140e-02
-8.113052e-02
-1.463517e-01
-1.688107e-01
-2.121285e-01
-2.822314e-01
-3.792702e-01
-5.276134e-01
-5.675614e-01
-6.089368e-01
-7.068406e-01
-7.976962e-01
-9.969256e-01
-1.124240e+00
-1.191270e+00
-1.334227e+00
-1.486423e+00
-1.760952e+00
-1.910349e+00
-2.205725e+00
-2.285689e+00
-2.397491e+00
-2.680977e+00
-3.081514e+00
-3.370102e+00
-3.658345e+00
-4.066673e+00
-4.348739e+00
-5.099535e+00
-5.259443e+00
-5.552031e+00
-6.345896e+00
-6.890353e+00
-7.805552e+00
-8.751751e+00
-9.806034e+00
-1.117097e+01
-1.156714e+01
-1.273720e+01
-1.365063e+01
-1.580098e+01
-1.794814e+01
-2.401071e+01
-2.509859e+01
-3.118346e+01
-3.193198e+01
-4.098780e+01
-4.589738e+01
-5.675299e+01
-9.388931e+01
