5.968679e+04
9.821358e+03
4.933214e+03
1.710993e+03
7.061181e+02
5.648644e+02
4.140437e+02
3.025201e+02
2.458240e+02
1.599226e+02
1.391518e+02
8.139468e+01
6.328082e+01
5.875579e+01
5.505349e+01
3.626060e+01
3.135975e+01
2.185170e+01
2.105325e+01
1.844590e+01
1.684674e+01
1.413025e+01
1.126980e+01
1.074185e+01
7.838242e+00
5.789419e+00
5.210668e+00
4.663055e+00
4.052144e+00
3.674054e+00
3.184927e+00
1.968101e+00
1.665323e+00
9.480081e-01
6.646665e-01
6.364048e-01
5.527062e-01
3.910493e-01
3.373338e-01
2.816127e-01
2.631224e-01
1.618248e-01
1.197198e-01
1.008367e-01
9.335112e-02
8.738332e-02
6.839854e-02
4.634271e-02
3.853491e-02
3.726392e-02
2.462539e-02
1.511820e-02
1.342440e-02
7.348225e-03
7.165721e-03
5.227500e-03
5.124899e-03
3.752543e-03
2.557135e-03
2.213190e-03
1.801688e-03
1.408151e-03
1.373659e-03
1.203910e-03
1.169013e-03
9.162994e-04
8.856286e-04
8.561048e-04
8.214202e-04
7.851340e-04
7.597989e-04
7.323559e-04
7.141639e-04
6.859839e-04
6.442193e-04
6.327589e-04
6.286742e-04
6.226882e-04
6.033492e-04
5.881504e-04
5.725772e-04
5.607068e-04
5.516650e-04
5.467254e-04
5.291364e-04
5.140340e-04
5.106330e-04
5.098440e-04
4.987930e-04
4.921830e-04
4.907748e-04
4.728487e-04
4.658788e-04
4.607175e-04
4.576971e-04
4.478140e-04
4.417379e-04
4.358357e-04
4.268233e-04
4.196594e-04
4.171546e-04
4.155989e-04
4.017537e-04
3.902598e-04
3.888367e-04
3.856527e-04
3.790570e-04
3.724156e-04
3.659416e-04
3.619011e-04
3.612883e-04
3.561086e-04
3.490399e-04
3.487458e-04
3.415316e-04
3.379080e-04
3.327756e-04
3.297971e-04
3.255343e-04
3.243420e-04
3.212526e-04
3.156722e-04
3.087340e-04
3.056141e-04
3.023437e-04
2.995239e-04
2.979210e-04
2.932303e-04
2.920517e-04
2.875202e-04
2.822819e-04
2.771082e-04
2.757768e-04
2.713223e-04
2.671214e-04
2.630611e-04
2.611784e-04
2.586125e-04
2.551986e-04
2.527164e-04
2.507775e-04
2.488334e-04
2.439852e-04
2.406895e-04
2.392163e-04
2.352223e-04
2.343174e-04
2.330701e-04
2.274987e-04
2.251889e-04
2.234957e-04
2.223898e-04
2.164186e-04
2.134924e-04
2.110623e-04
2.096452e-04
2.061723e-04
2.026764e-04
1.996150e-04
1.972845e-04
1.964424e-04
1.945535e-04
1.900177e-04
1.877843e-04
1.848289e-04
1.811075e-04
1.797820e-04
1.766805e-04
1.741925e-04
1.694863e-04
1.683741e-04
1.666702e-04
1.654784e-04
1.595321e-04
1.583490e-04
1.540002e-04
1.514446e-04
1.508419e-04
1.490657e-04
1.471536e-04
1.432939e-04
1.430055e-04
1.399072e-04
1.366285e-04
1.340327e-04
1.333895e-04
1.282723e-04
1.279860e-04
1.257767e-04
1.234600e-04
1.186347e-04
1.168033e-04
1.152570e-04
1.140561e-04
1.128551e-04
1.102777e-04
1.061686e-04
1.051773e-04
1.010603e-04
9.939360e-05
9.658875e-05
9.410545e-05
9.288010e-05
9.149779e-05
8.979217e-05
8.516166e-05
8.343929e-05
8.272213e-05
8.076122e-05
7.799228e-05
7.605035e-05
7.515321e-05
7.079824e-05
7.050242e-05
6.805687e-05
6.468307e-05
6.138582e-05
6.027695e-05
5.990059e-05
5.730071e-05
5.190380e-05
5.132988e-05
4.973758e-05
4.604038e-05
4.341741e-05
4.252658e-05
4.123223e-05
3.887759e-05
3.681159e-05
3.445710e-05
3.344411e-05
3.114897e-05
2.752088e-05
2.623651e-05
2.589740e-05
2.324105e-05
1.958716e-05
1.821812e-05
1.555390e-05
1.374179e-05
1.240285e-05
7.360235e-06
7.152107e-06
3.546431e-06
1.311444e-06
-1.829899e-14
-3.126522e-14
-7.580292e-14
-5.901961e-07
-2.087571e-06
-4.136163e-06
-7.281848e-06
-7.408438e-06
-9.506046e-06
-1.289157e-05
-1.504229e-05
-1.556117e-05
-1.871716e-05
-2.198246e-05
-2.265135e-05
-2.648018e-05
-2.750715e-05
-3.175606e-05
-3.404036e-05
-3.417318e-05
-3.483889e-05
-3.825191e-05
-4.283241e-05
-4.444289e-05
-4.714742e-05
-4.969596e-05
-5.170310e-05
-5.290498e-05
-5.545507e-05
-5.718557e-05
-6.022429e-05
-6.242182e-05
-6.544136e-05
-6.727756e-05
-6.902929e-05
-7.102708e-05
-7.268764e-05
-7.495162e-05
-7.654956e-05
-8.227526e-05
-8.343366e-05
-8.673835e-05
-8.817091e-05
-8.976393e-05
-9.096459e-05
-9.179670e-05
-9.665697e-05
-9.922762e-05
-1.021674e-04
-1.023403e-04
-1.047413e-04
-1.104760e-04
-1.115008e-04
-1.134898e-04
-1.149248e-04
-1.216992e-04
-1.228728e-04
-1.268217e-04
-1.275071e-04
-1.313297e-04
-1.338970e-04
-1.358253e-04
-1.393278e-04
-1.409568e-04
-1.432265e-04
-1.465466e-04
-1.485135e-04
-1.523291e-04
-1.539360e-04
-1.549785e-04
-1.599342e-04
-1.610331e-04
-1.633921e-04
-1.654227e-04
-1.660844e-04
-1.698831e-04
-1.717183e-04
-1.800286e-04
-1.821164e-04
-1.828038e-04
-1.862090e-04
-1.879671e-04
-1.892159e-04
-1.899441e-04
-1.983875e-04
-1.998286e-04
-2.019742e-04
-2.054207e-04
-2.060190e-04
-2.123785e-04
-2.147514e-04
-2.169298e-04
-2.188831e-04
-2.206626e-04
-2.222210e-04
-2.325143e-04
-2.329638e-04
-2.357280e-04
-2.407515e-04
-2.418161e-04
-2.447873e-04
-2.492519e-04
-2.535073e-04
-2.572020e-04
-2.602922e-04
-2.621530e-04
-2.702808e-04
-2.729675e-04
-2.736912e-04
-2.801797e-04
-2.871889e-04
-2.910704e-04
-2.930247e-04
-2.971577e-04
-3.021827e-04
-3.054433e-04
-3.112483e-04
-3.134744e-04
-3.163868e-04
-3.270237e-04
-3.282282e-04
-3.339296e-04
-3.450557e-04
-3.534059e-04
-3.620093e-04
-3.701845e-04
-3.740969e-04
-3.829277e-04
-3.873067e-04
-3.956105e-04
-4.076955e-04
-4.284628e-04
-4.451120e-04
-4.483856e-04
-4.773382e-04
-5.620770e-04
-7.157635e-04
-8.659389e-04
-1.268252e-03
