2.948811e+10
1.237819e+10
6.075926e+09
4.309045e+09
3.762720e+09
3.260793e+09
3.229970e+09
3.050582e+09
2.744238e+09
2.351585e+09
2.293384e+09
2.188895e+09
1.932242e+09
1.859917e+09
1.729151e+09
1.614809e+09
1.567089e+09
1.511873e+09
1.444553e+09
1.386778e+09
1.330638e+09
1.261431e+09
1.222474e+09
1.206135e+09
1.120516e+09
1.074698e+09
1.039901e+09
9.951519e+08
9.638676e+08
9.331807e+08
9.249460e+08
8.861868e+08
8.683098e+08
8.465094e+08
8.122620e+08
7.947324e+08
7.651434e+08
7.235741e+08
7.171377e+08
7.152162e+08
6.801896e+08
6.638106e+08
6.631564e+08
6.348566e+08
6.126056e+08
6.095352e+08
5.874296e+08
5.693911e+08
5.603923e+08
5.490598e+08
5.316541e+08
5.245509e+08
5.196598e+08
5.011611e+08
4.980071e+08
4.753488e+08
4.565604e+08
4.539032e+08
4.452611e+08
4.388106e+08
4.209437e+08
4.132045e+08
3.971154e+08
3.788286e+08
3.693010e+08
3.609214e+08
3.548127e+08
3.453920e+08
3.378709e+08
3.318493e+08
3.243584e+08
3.140289e+08
3.091636e+08
2.958446e+08
2.880878e+08
2.826712e+08
2.812444e+08
2.724411e+08
2.669558e+08
2.647563e+08
2.596592e+08
2.574574e+08
2.538568e+08
2.412888e+08
2.341435e+08
2.281033e+08
2.222790e+08
2.204411e+08
2.067257e+08
2.030031e+08
1.994912e+08
1.894378e+08
1.875079e+08
1.797159e+08
1.744491e+08
1.687481e+08
1.652357e+08
1.575361e+08
1.569276e+08
1.514677e+08
1.449409e+08
1.381380e+08
1.339856e+08
1.308738e+08
1.251224e+08
1.163941e+08
1.146749e+08
1.132874e+08
1.099656e+08
9.777381e+07
9.643556e+07
9.112635e+07
7.973342e+07
7.099430e+07
6.605664e+07
6.115138e+07
5.266539e+07
4.951919e+07
4.595170e+07
4.109070e+07
3.785884e+07
3.209485e+07
2.845839e+07
2.654542e+07
1.991263e+07
9.466703e+06
2.733106e+06
9.579971e+05
