3.067941e+10
1.468660e+10
7.712166e+09
4.928181e+09
4.125478e+09
3.470531e+09
3.326021e+09
2.893316e+09
2.816134e+09
2.632543e+09
2.175964e+09
2.143818e+09
2.006305e+09
1.927524e+09
1.829860e+09
1.799923e+09
1.678726e+09
1.636542e+09
1.517337e+09
1.394101e+09
1.378012e+09
1.329538e+09
1.254341e+09
1.180433e+09
1.159776e+09
1.143634e+09
1.049559e+09
1.017228e+09
9.846924e+08
9.489545e+08
8.965636e+08
8.890874e+08
8.620599e+08
8.255967e+08
8.038232e+08
7.613386e+08
7.530190e+08
7.504586e+08
7.137439e+08
7.036889e+08
6.923812e+08
6.733555e+08
6.520853e+08
6.467917e+08
6.155813e+08
6.116449e+08
5.979953e+08
5.838828e+08
5.773635e+08
5.590368e+08
5.545473e+08
5.270156e+08
5.238089e+08
5.081772e+08
4.941630e+08
4.850863e+08
4.598698e+08
4.512803e+08
4.397005e+08
4.282823e+08
4.259423e+08
4.048321e+08
4.031622e+08
3.916667e+08
3.829200e+08
3.776893e+08
3.620317e+08
3.593682e+08
3.436775e+08
3.402429e+08
3.301660e+08
3.194730e+08
3.080500e+08
2.957458e+08
2.937961e+08
2.819663e+08
2.730540e+08
2.710799e+08
2.637494e+08
2.549333e+08
2.466758e+08
2.327140e+08
2.311096e+08
2.257184e+08
2.191744e+08
2.139741e+08
2.047569e+08
2.016968e+08
1.979929e+08
1.910978e+08
1.857741e+08
1.740890e+08
1.707825e+08
1.675388e+08
1.600814e+08
1.559999e+08
1.525369e+08
1.465283e+08
1.459590e+08
1.356592e+08
1.342655e+08
1.270486e+08
1.241498e+08
1.181319e+08
1.063705e+08
1.026333e+08
9.229665e+07
8.877637e+07
7.859522e+07
7.754216e+07
7.359581e+07
6.828752e+07
6.327007e+07
5.786543e+07
5.711320e+07
4.911954e+07
4.370618e+07
4.080636e+07
3.372880e+07
2.770603e+07
2.320568e+07
1.904388e+07
1.757344e+07
1.477788e+07
1.306877e+07
1.189878e+07
5.350410e+06
1.838242e+06
