4.248127e+05
3.282046e+05
2.345982e+05
2.047447e+05
1.764281e+05
1.696134e+05
1.558455e+05
1.454712e+05
1.252765e+05
1.071848e+05
9.375036e+04
8.280555e+04
7.662681e+04
6.467068e+04
5.579354e+04
5.370532e+04
4.771950e+04
3.451061e+04
2.893210e+04
2.455163e+04
2.216637e+04
1.894829e+04
1.840363e+04
1.633224e+04
1.458392e+04
1.355155e+04
1.151682e+04
9.544020e+03
8.300521e+03
7.805035e+03
6.690543e+03
5.903905e+03
4.810254e+03
3.586778e+03
3.146711e+03
2.796847e+03
2.600875e+03
2.238222e+03
1.818891e+03
1.767350e+03
1.353109e+03
1.286944e+03
1.075329e+03
9.506654e+02
8.578005e+02
7.477140e+02
6.269083e+02
5.271916e+02
3.380953e+02
3.220943e+02
2.187512e+02
2.034668e+02
1.788300e+02
1.667084e+02
1.367114e+02
1.205542e+02
9.452550e+01
8.491753e+01
6.967034e+01
6.584557e+01
5.729105e+01
4.063298e+01
3.621198e+01
3.200304e+01
3.066886e+01
2.551865e+01
2.389360e+01
1.329754e+01
1.237016e+01
8.533854e+00
7.308259e+00
6.598453e+00
5.047323e+00
3.842921e+00
3.466803e+00
2.897031e+00
2.690734e+00
1.588856e+00
1.500597e+00
1.193695e+00
1.095388e+00
1.010062e+00
8.140985e-01
5.690905e-01
4.090823e-01
3.914141e-01
3.517023e-01
2.409597e-01
2.196092e-01
1.353486e-01
1.102334e-01
9.254169e-02
8.454746e-02
6.593978e-02
5.131806e-02
5.106026e-02
4.973979e-02
4.900438e-02
4.494901e-02
4.428418e-02
4.215170e-02
4.145204e-02
4.073986e-02
4.002113e-02
3.810817e-02
3.640361e-02
3.469328e-02
3.409033e-02
3.370497e-02
3.265819e-02
3.172108e-02
3.082651e-02
3.022868e-02
2.948700e-02
2.915819e-02
2.855010e-02
2.719663e-02
2.679764e-02
2.615497e-02
2.608771e-02
2.419036e-02
2.281601e-02
2.242943e-02
2.148242e-02
2.007509e-02
1.898647e-02
1.703196e-02
-4.301632e-03
