1.238832e+05
6.131427e+03
4.129955e+03
2.485714e+03
1.570415e+03
1.226215e+03
8.137635e+02
7.547270e+02
6.215964e+02
5.137272e+02
4.439512e+02
3.937142e+02
3.583020e+02
3.134145e+02
2.519550e+02
2.369002e+02
2.098562e+02
1.976100e+02
1.888245e+02
1.594251e+02
1.380922e+02
1.315762e+02
1.207062e+02
1.165596e+02
1.111770e+02
9.934805e+01
9.331638e+01
8.526330e+01
8.145966e+01
7.052869e+01
6.657596e+01
5.988383e+01
5.797977e+01
5.085179e+01
4.892057e+01
4.716190e+01
4.442583e+01
4.143121e+01
3.821054e+01
3.415977e+01
3.172297e+01
2.982582e+01
2.742157e+01
2.651966e+01
2.378144e+01
2.302557e+01
2.198312e+01
2.140273e+01
2.001579e+01
1.893710e+01
1.629323e+01
1.308700e+01
1.190494e+01
1.155395e+01
1.106162e+01
1.056290e+01
9.965035e+00
9.761024e+00
8.730153e+00
8.480657e+00
7.525408e+00
6.979500e+00
6.853782e+00
6.051562e+00
5.761786e+00
5.312979e+00
4.535358e+00
4.299309e+00
4.189506e+00
3.606231e+00
3.513546e+00
3.244869e+00
2.992959e+00
2.766422e+00
2.535359e+00
2.330506e+00
2.273576e+00
2.136954e+00
1.937469e+00
1.801369e+00
1.695876e+00
1.495062e+00
1.428890e+00
1.360531e+00
1.196311e+00
1.134900e+00
1.054376e+00
9.349316e-01
8.759158e-01
8.080465e-01
7.756350e-01
7.650295e-01
7.204498e-01
6.492077e-01
6.019955e-01
5.742974e-01
5.596058e-01
5.391762e-01
4.920302e-01
4.753258e-01
4.390714e-01
4.088024e-01
3.699080e-01
3.247405e-01
3.049375e-01
2.773876e-01
2.708063e-01
2.590016e-01
2.385991e-01
2.271906e-01
2.171709e-01
1.995550e-01
1.804606e-01
1.690140e-01
1.625030e-01
1.463566e-01
1.263492e-01
1.204624e-01
1.114257e-01
1.075858e-01
1.024406e-01
9.548093e-02
8.716056e-02
8.100683e-02
7.401211e-02
6.902335e-02
6.811538e-02
6.407351e-02
5.604408e-02
5.531450e-02
5.311706e-02
4.907291e-02
4.522305e-02
3.932471e-02
3.564423e-02
3.305468e-02
2.998347e-02
2.825256e-02
2.539882e-02
2.466821e-02
2.243255e-02
2.057259e-02
1.872930e-02
1.641756e-02
1.506951e-02
1.453536e-02
1.359623e-02
1.219287e-02
1.141120e-02
1.104352e-02
9.920228e-03
9.165150e-03
8.233037e-03
8.204080e-03
7.894522e-03
7.386848e-03
7.072461e-03
6.821088e-03
6.409249e-03
5.620852e-03
5.199865e-03
4.624454e-03
4.284313e-03
4.095401e-03
3.399506e-03
3.340310e-03
2.993182e-03
2.846985e-03
2.788526e-03
2.636715e-03
2.582283e-03
2.380795e-03
2.298293e-03
2.209168e-03
2.112470e-03
1.852634e-03
1.663446e-03
1.615258e-03
1.572828e-03
1.481049e-03
1.416073e-03
1.387825e-03
1.371069e-03
1.336348e-03
1.330834e-03
1.316569e-03
1.285414e-03
1.278054e-03
1.254178e-03
1.237919e-03
1.217669e-03
1.205551e-03
1.191414e-03
1.188460e-03
1.162517e-03
1.159174e-03
1.130577e-03
1.114943e-03
1.104813e-03
1.089741e-03
1.083368e-03
1.056634e-03
1.037516e-03
1.027524e-03
1.014872e-03
1.008463e-03
9.989953e-04
9.947924e-04
9.749124e-04
9.591572e-04
9.511444e-04
9.462233e-04
9.271436e-04
9.183755e-04
9.017171e-04
8.970848e-04
8.900687e-04
8.725549e-04
8.661865e-04
8.538743e-04
8.459144e-04
8.388037e-04
8.349269e-04
8.197326e-04
8.145995e-04
8.057710e-04
7.858586e-04
7.709184e-04
7.645906e-04
7.599154e-04
7.493668e-04
7.455281e-04
7.394781e-04
7.238985e-04
7.101331e-04
6.930904e-04
6.856629e-04
6.790622e-04
6.753067e-04
6.646016e-04
6.578138e-04
6.461884e-04
6.411019e-04
6.380905e-04
6.250605e-04
6.195628e-04
6.101787e-04
6.044210e-04
5.969366e-04
5.847391e-04
5.751328e-04
5.723826e-04
5.676814e-04
5.584722e-04
5.515609e-04
5.399596e-04
5.344403e-04
5.293454e-04
5.163163e-04
5.073191e-04
4.991324e-04
4.866136e-04
4.813978e-04
4.728101e-04
4.640354e-04
4.611795e-04
4.492492e-04
4.414203e-04
4.324216e-04
4.227030e-04
4.176023e-04
4.059161e-04
4.035824e-04
3.965145e-04
3.912043e-04
3.754042e-04
3.729991e-04
3.624716e-04
3.613479e-04
3.518039e-04
3.425381e-04
3.312724e-04
3.265238e-04
3.173099e-04
3.088833e-04
3.037573e-04
2.874909e-04
2.795288e-04
2.739993e-04
2.715778e-04
2.571865e-04
2.481008e-04
2.389544e-04
2.285459e-04
2.213874e-04
2.158247e-04
2.072724e-04
2.022054e-04
1.957294e-04
1.918113e-04
1.792887e-04
1.757262e-04
1.672434e-04
1.532599e-04
1.464858e-04
1.378645e-04
1.319995e-04
1.250092e-04
1.126389e-04
1.073952e-04
1.023679e-04
9.777640e-05
9.251570e-05
7.987090e-05
7.116216e-05
6.460374e-05
5.770545e-05
4.241974e-05
3.934351e-05
2.674617e-05
1.022952e-05
5.659840e-06
-5.105945e-06
-1.366882e-05
-2.100674e-05
-3.442613e-05
-3.596751e-05
-4.640996e-05
-5.585853e-05
-5.939067e-05
-6.619045e-05
-8.064053e-05
-8.588835e-05
-9.457055e-05
-9.734713e-05
-1.085496e-04
-1.143396e-04
-1.215447e-04
-1.304784e-04
-1.452933e-04
-1.604639e-04
-1.686476e-04
-1.745596e-04
-1.814868e-04
-1.855289e-04
-1.919808e-04
-2.102009e-04
-2.147664e-04
-2.218198e-04
-2.336878e-04
-2.531596e-04
-2.644425e-04
-2.667962e-04
-2.719129e-04
-2.845346e-04
-2.903637e-04
-3.046342e-04
-3.128340e-04
-3.281314e-04
-3.414303e-04
-3.442531e-04
-3.547453e-04
-3.728105e-04
-3.911696e-04
-4.005565e-04
-4.034309e-04
-4.140721e-04
-4.224616e-04
-4.452628e-04
-4.597940e-04
-4.645629e-04
-4.730503e-04
-5.001784e-04
-5.141427e-04
-5.290802e-04
-5.401622e-04
-5.588095e-04
-5.686022e-04
-5.838269e-04
-6.168518e-04
-6.202380e-04
-6.269705e-04
-6.667249e-04
-7.263389e-04
