4.395899e+09
1.744064e+08
1.043747e+08
3.687778e+07
1.919214e+07
1.391610e+07
7.908202e+06
5.923222e+06
4.425940e+06
3.222464e+06
2.239258e+06
1.941579e+06
1.357835e+06
1.200994e+06
9.845081e+05
7.854966e+05
4.771335e+05
3.110440e+05
2.119396e+05
1.587031e+05
1.106547e+05
7.775084e+04
5.440592e+04
3.298861e+04
2.169024e+04
1.335308e+04
6.786916e+03
4.525378e+03
3.982030e+03
3.157557e+03
1.915691e+03
1.305855e+03
1.176166e+03
8.120793e+02
6.614924e+02
5.049806e+02
3.921636e+02
2.333693e+02
1.328769e+02
6.817015e+01
4.487325e+01
3.194839e+01
1.992923e+01
1.321139e+01
9.086087e+00
4.450713e+00
2.572442e+00
2.058939e+00
1.873065e+00
1.115307e+00
5.912651e-01
4.866394e-01
3.564262e-01
1.986603e-01
1.113178e-01
8.732862e-02
4.790179e-02
4.015329e-02
3.092716e-02
2.038309e-02
1.860500e-02
1.807595e-02
1.710836e-02
1.452558e-02
1.357276e-02
1.196598e-02
1.095576e-02
1.043653e-02
9.714626e-03
8.827458e-03
7.923371e-03
6.896554e-03
6.798031e-03
6.547899e-03
5.936912e-03
5.679860e-03
5.023260e-03
4.726063e-03
4.171052e-03
3.808422e-03
3.650987e-03
3.145750e-03
3.102284e-03
2.732777e-03
2.558765e-03
2.224342e-03
2.107797e-03
1.967463e-03
1.862962e-03
1.546552e-03
1.488129e-03
1.288604e-03
1.216548e-03
8.064042e-04
5.481377e-04
3.815153e-04
1.926549e-04
-6.123200e-05
-2.501463e-04
-4.246821e-04
-4.991855e-04
-5.193514e-04
-9.161836e-04
-1.170978e-03
-1.441335e-03
-1.482587e-03
-1.751470e-03
-1.797551e-03
-2.064563e-03
-2.420387e-03
-2.554663e-03
-2.799521e-03
-3.293765e-03
-3.510038e-03
-4.061928e-03
-4.404211e-03
-4.624696e-03
-5.518660e-03
-5.566726e-03
-6.154325e-03
-7.211118e-03
-8.995942e-03
-1.047717e-02
-1.094267e-02
-1.402507e-02
-1.585689e-02
-2.568470e-02
-1.584193e+02
