5.876165e+04
1.340236e+04
6.733754e+03
1.950082e+03
1.308245e+03
1.067025e+03
7.663283e+02
5.233843e+02
4.166756e+02
3.318734e+02
2.834019e+02
1.960704e+02
1.820044e+02
1.654898e+02
1.378098e+02
1.105155e+02
8.649371e+01
7.438901e+01
6.895766e+01
6.600990e+01
6.345973e+01
4.823738e+01
4.128901e+01
3.463093e+01
3.337210e+01
2.507273e+01
2.243342e+01
2.093531e+01
1.737942e+01
1.467602e+01
1.230579e+01
1.209377e+01
1.010789e+01
9.327065e+00
8.074882e+00
6.190895e+00
5.732249e+00
5.493264e+00
4.764672e+00
4.345098e+00
3.674736e+00
3.051245e+00
2.544432e+00
2.217206e+00
2.061627e+00
1.500484e+00
1.292395e+00
8.393784e-01
7.547070e-01
5.708928e-01
5.459105e-01
4.879037e-01
4.088099e-01
3.681596e-01
2.750634e-01
2.430303e-01
2.307792e-01
1.814997e-01
1.328534e-01
1.087550e-01
1.024979e-01
7.410772e-02
7.111240e-02
6.741794e-02
4.295353e-02
3.715112e-02
3.204359e-02
2.373557e-02
1.902775e-02
1.742281e-02
1.498751e-02
1.354245e-02
1.159921e-02
1.111855e-02
9.185049e-03
7.408691e-03
5.594231e-03
4.030810e-03
3.540453e-03
3.164224e-03
2.811302e-03
2.267350e-03
1.600764e-03
1.456983e-03
1.275942e-03
1.210503e-03
1.054266e-03
1.021141e-03
9.466331e-04
8.585722e-04
7.812915e-04
7.501721e-04
7.243072e-04
6.859712e-04
6.727863e-04
6.496842e-04
6.436168e-04
6.188696e-04
6.081337e-04
5.801186e-04
5.763451e-04
5.638361e-04
5.580802e-04
5.554813e-04
5.433523e-04
5.372644e-04
5.254487e-04
5.043806e-04
4.982851e-04
4.957675e-04
4.887525e-04
4.841584e-04
4.753111e-04
4.552068e-04
4.473803e-04
4.444807e-04
4.400316e-04
4.347731e-04
4.313239e-04
4.243420e-04
4.205498e-04
4.185970e-04
4.117853e-04
4.032503e-04
3.984851e-04
3.941050e-04
3.913526e-04
3.844679e-04
3.837612e-04
3.765293e-04
3.725014e-04
3.721745e-04
3.694227e-04
3.593507e-04
3.581682e-04
3.505381e-04
3.448784e-04
3.407714e-04
3.361799e-04
3.330082e-04
3.250386e-04
3.214654e-04
3.193563e-04
3.148322e-04
3.140478e-04
3.116989e-04
3.068658e-04
3.062802e-04
3.014081e-04
2.999573e-04
2.949960e-04
2.908492e-04
2.884342e-04
2.855423e-04
2.810504e-04
2.766504e-04
2.724273e-04
2.681963e-04
2.663446e-04
2.616086e-04
2.611263e-04
2.553394e-04
2.538860e-04
2.524055e-04
2.492345e-04
2.444659e-04
2.422679e-04
2.391330e-04
2.353037e-04
2.339948e-04
2.304077e-04
2.292302e-04
2.279625e-04
2.212765e-04
2.186572e-04
2.152034e-04
2.126880e-04
2.097294e-04
2.060294e-04
2.029765e-04
2.006474e-04
1.975255e-04
1.970625e-04
1.930723e-04
1.914830e-04
1.882989e-04
1.872095e-04
1.822515e-04
1.811879e-04
1.776202e-04
1.772757e-04
1.739128e-04
1.696804e-04
1.653793e-04
1.626388e-04
1.596894e-04
1.592173e-04
1.551507e-04
1.536521e-04
1.523750e-04
1.508152e-04
1.443844e-04
1.415465e-04
1.403040e-04
1.397680e-04
1.361497e-04
1.338816e-04
1.316061e-04
1.298358e-04
1.263587e-04
1.241628e-04
1.221867e-04
1.202393e-04
1.161692e-04
1.138245e-04
1.122577e-04
1.101090e-04
1.053406e-04
1.024810e-04
9.912437e-05
9.791138e-05
9.583629e-05
9.355920e-05
9.129131e-05
9.078399e-05
8.673758e-05
8.482708e-05
8.245175e-05
7.847058e-05
7.713616e-05
7.459961e-05
7.135650e-05
6.963548e-05
6.875567e-05
6.616038e-05
6.109099e-05
5.972223e-05
5.527916e-05
5.455345e-05
5.001746e-05
4.815188e-05
4.554749e-05
4.436258e-05
4.245822e-05
4.084873e-05
3.827162e-05
3.522523e-05
3.260734e-05
3.211677e-05
3.005548e-05
2.786327e-05
2.518967e-05
2.401524e-05
1.715156e-05
1.608927e-05
1.534822e-05
1.403758e-05
1.116074e-05
1.019939e-05
7.397904e-06
3.198679e-06
1.436369e-13
4.877939e-14
3.667542e-15
-5.389861e-14
-4.284334e-07
-4.773447e-06
-7.107025e-06
-1.038845e-05
-1.172609e-05
-1.311844e-05
-1.614558e-05
-1.811494e-05
-2.302675e-05
-2.633255e-05
-2.724061e-05
-3.062934e-05
-3.147105e-05
-3.221475e-05
-3.681614e-05
-3.978543e-05
-4.212538e-05
-4.356366e-05
-4.472838e-05
-4.676278e-05
-4.768702e-05
-5.018716e-05
-5.219583e-05
-5.626363e-05
-5.792642e-05
-5.857790e-05
-6.065465e-05
-6.370936e-05
-6.689493e-05
-7.150525e-05
-7.335881e-05
-7.795297e-05
-7.944446e-05
-8.194556e-05
-8.480839e-05
-8.698033e-05
-8.895354e-05
-9.476994e-05
-9.568287e-05
-9.767181e-05
-1.012926e-04
-1.042894e-04
-1.065213e-04
-1.085582e-04
-1.111623e-04
-1.144715e-04
-1.171045e-04
-1.198932e-04
-1.230226e-04
-1.261747e-04
-1.277089e-04
-1.289238e-04
-1.374996e-04
-1.407557e-04
-1.426682e-04
-1.460251e-04
-1.481182e-04
-1.489493e-04
-1.494830e-04
-1.524277e-04
-1.563047e-04
-1.593658e-04
-1.629735e-04
-1.657556e-04
-1.680340e-04
-1.733668e-04
-1.762345e-04
-1.765958e-04
-1.792975e-04
-1.807060e-04
-1.857256e-04
-1.899892e-04
-1.925452e-04
-1.950407e-04
-1.970611e-04
-2.012941e-04
-2.047971e-04
-2.085105e-04
-2.105417e-04
-2.167015e-04
-2.192563e-04
-2.262056e-04
-2.300716e-04
-2.350189e-04
-2.420827e-04
-2.435407e-04
-2.473932e-04
-2.491836e-04
-2.522525e-04
-2.587978e-04
-2.595847e-04
-2.626088e-04
-2.686081e-04
-2.728283e-04
-2.773120e-04
-2.813574e-04
-2.868807e-04
-2.903118e-04
-2.995778e-04
-3.051088e-04
-3.064596e-04
-3.194115e-04
-3.225445e-04
-3.259717e-04
-3.332401e-04
-3.413729e-04
-3.496089e-04
-3.582528e-04
-3.691275e-04
-3.853150e-04
-3.968824e-04
-4.035388e-04
-4.189797e-04
-4.568085e-04
-4.692193e-04
-6.541499e-04
-6.908721e-04
-8.075974e-04
-9.610106e-04
