2.131297e+05
2.419749e+04
4.549171e+03
1.722912e+03
1.986703e+02
2.509411e+01
9.197053e+00
5.457616e+00
1.459446e+00
1.984276e-01
5.503768e-02
4.360102e-02
4.011172e-02
3.239839e-02
3.188131e-02
2.685737e-02
2.634421e-02
2.278430e-02
2.174575e-02
2.161158e-02
1.992282e-02
1.743167e-02
1.576559e-02
1.492495e-02
1.415825e-02
1.399563e-02
1.331664e-02
1.285823e-02
1.261433e-02
1.196320e-02
1.123052e-02
1.039694e-02
1.034283e-02
9.623921e-03
9.455389e-03
9.361365e-03
8.976563e-03
8.596458e-03
8.447356e-03
7.915050e-03
7.693470e-03
7.525289e-03
7.228097e-03
7.134844e-03
6.786623e-03
6.361316e-03
6.186052e-03
6.061844e-03
5.764268e-03
5.655477e-03
5.261424e-03
4.972568e-03
4.908318e-03
4.750298e-03
4.567781e-03
4.481014e-03
4.272998e-03
3.913637e-03
3.660116e-03
3.598968e-03
3.454015e-03
3.249976e-03
2.971314e-03
2.675245e-03
2.577232e-03
2.409548e-03
2.261568e-03
2.069395e-03
1.987356e-03
1.834887e-03
1.665046e-03
1.545991e-03
1.491455e-03
1.374955e-03
1.358574e-03
1.270594e-03
1.183541e-03
9.544404e-04
9.018185e-04
7.953481e-04
7.255604e-04
6.826282e-04
6.279162e-04
4.955310e-04
4.835341e-04
3.964425e-04
2.909256e-04
1.829979e-04
1.187829e-04
4.234678e-05
-2.441392e-04
-4.356743e-04
-5.468358e-04
-7.619074e-04
-1.071463e-03
-1.298272e-03
-1.348609e-03
-1.560528e-03
-2.007990e-03
-2.309022e-03
-2.638580e-03
-3.172560e-03
-3.595785e-03
-4.229091e-03
-4.622114e-03
-5.042545e-03
-5.681077e-03
-5.794079e-03
-6.916850e-03
-7.429841e-03
-8.416657e-03
-9.563909e-03
-9.985577e-03
-1.077288e-02
-1.160099e-02
-1.397535e-02
-1.817737e-02
-1.982662e-02
-2.322065e-02
-2.780464e-02
-2.845446e-02
-2.977476e-02
-3.463863e-02
-3.637628e-02
-4.750064e-02
-5.279766e-02
-6.330374e-02
-1.236962e-01
