8.885912e+04
3.792408e+03
2.468428e+03
1.751693e+03
1.152892e+03
7.750917e+02
5.224014e+02
4.119413e+02
2.949356e+02
2.820834e+02
2.560299e+02
2.140720e+02
1.999689e+02
1.604672e+02
1.463522e+02
1.420271e+02
1.331639e+02
1.227535e+02
1.136936e+02
1.081645e+02
1.034033e+02
9.774892e+01
8.591073e+01
7.837261e+01
7.298060e+01
7.154931e+01
6.394305e+01
6.101726e+01
5.787712e+01
5.627457e+01
5.255660e+01
4.537505e+01
4.172832e+01
3.984310e+01
3.865095e+01
3.613032e+01
3.431792e+01
3.329650e+01
3.047869e+01
2.816739e+01
2.651411e+01
2.400923e+01
2.372317e+01
2.265458e+01
2.106075e+01
1.943970e+01
1.897175e+01
1.781034e+01
1.663992e+01
1.461199e+01
1.413517e+01
1.379128e+01
1.198043e+01
1.188488e+01
1.132034e+01
1.033955e+01
9.305207e+00
8.648913e+00
8.214060e+00
7.690958e+00
6.852314e+00
6.411430e+00
5.707733e+00
5.518106e+00
5.396165e+00
4.725278e+00
4.508976e+00
4.273264e+00
4.157674e+00
3.525498e+00
3.073890e+00
2.949216e+00
2.547385e+00
2.477587e+00
2.200190e+00
2.113833e+00
1.975646e+00
1.845332e+00
1.739297e+00
1.689279e+00
1.602437e+00
1.540791e+00
1.320052e+00
1.283304e+00
1.229307e+00
1.101837e+00
1.058036e+00
1.025065e+00
1.009093e+00
9.482855e-01
8.965871e-01
8.662753e-01
8.320956e-01
8.006687e-01
7.507920e-01
7.105191e-01
6.900649e-01
6.460868e-01
5.794274e-01
5.021574e-01
4.915759e-01
4.258190e-01
4.049024e-01
4.016308e-01
3.689179e-01
3.427709e-01
3.298276e-01
3.042799e-01
2.875617e-01
2.766368e-01
2.563068e-01
2.347544e-01
2.302695e-01
2.154659e-01
2.086120e-01
1.986385e-01
1.896787e-01
1.851722e-01
1.634294e-01
1.575143e-01
1.490607e-01
1.400045e-01
1.303635e-01
1.277949e-01
1.225461e-01
1.071666e-01
1.043840e-01
9.499680e-02
8.741839e-02
8.479607e-02
7.756421e-02
7.617915e-02
7.251545e-02
6.686719e-02
6.174761e-02
6.016483e-02
5.330556e-02
5.043390e-02
4.890451e-02
4.811190e-02
4.585686e-02
3.918908e-02
3.615928e-02
3.539483e-02
3.337910e-02
3.009639e-02
2.954670e-02
2.894821e-02
2.822250e-02
2.587992e-02
2.495652e-02
2.330963e-02
2.076080e-02
1.854682e-02
1.768260e-02
1.720848e-02
1.557389e-02
1.500071e-02
1.444907e-02
1.407624e-02
1.308880e-02
1.277368e-02
1.242274e-02
1.105281e-02
1.074121e-02
1.018585e-02
9.872413e-03
9.013426e-03
8.300881e-03
7.780379e-03
7.637031e-03
6.730031e-03
6.515777e-03
6.232553e-03
5.770407e-03
5.632755e-03
5.430941e-03
4.801360e-03
4.562935e-03
4.074677e-03
3.930661e-03
3.769320e-03
3.713986e-03
3.503247e-03
3.205271e-03
2.659966e-03
2.571332e-03
2.492061e-03
2.391500e-03
2.175031e-03
2.123476e-03
2.018337e-03
1.977474e-03
1.948165e-03
1.879590e-03
1.727278e-03
1.705413e-03
1.597521e-03
1.562226e-03
1.519201e-03
1.473485e-03
1.433545e-03
1.352973e-03
1.335309e-03
1.300625e-03
1.278001e-03
1.271924e-03
1.251077e-03
1.241296e-03
1.214333e-03
1.184096e-03
1.157313e-03
1.151040e-03
1.132315e-03
1.121696e-03
1.110633e-03
1.089637e-03
1.071118e-03
1.052548e-03
1.042307e-03
1.018039e-03
1.008240e-03
9.980839e-04
9.842226e-04
9.795553e-04
9.667620e-04
9.558664e-04
9.343374e-04
9.305990e-04
9.302184e-04
9.036530e-04
8.956040e-04
8.875497e-04
8.715051e-04
8.633476e-04
8.456379e-04
8.419218e-04
8.297723e-04
8.194572e-04
8.069504e-04
7.887894e-04
7.782720e-04
7.641335e-04
7.537176e-04
7.408147e-04
7.358078e-04
7.277767e-04
7.057491e-04
6.937461e-04
6.913968e-04
6.863453e-04
6.769757e-04
6.631694e-04
6.587992e-04
6.537780e-04
6.398036e-04
6.216102e-04
6.177754e-04
6.087870e-04
6.017725e-04
5.915443e-04
5.781134e-04
5.674101e-04
5.549096e-04
5.479826e-04
5.396254e-04
5.348005e-04
5.295481e-04
5.162735e-04
5.038506e-04
4.973647e-04
4.874523e-04
4.810428e-04
4.725427e-04
4.624458e-04
4.572660e-04
4.481905e-04
4.402729e-04
4.271568e-04
4.095525e-04
4.037331e-04
3.978695e-04
3.764674e-04
3.750193e-04
3.632555e-04
3.546870e-04
3.493862e-04
3.370750e-04
3.347908e-04
3.264456e-04
3.137443e-04
3.098737e-04
2.903772e-04
2.847505e-04
2.806854e-04
2.682083e-04
2.639017e-04
2.633777e-04
2.575621e-04
2.351473e-04
2.237584e-04
2.139996e-04
2.109167e-04
2.042705e-04
2.015126e-04
1.881055e-04
1.853379e-04
1.719449e-04
1.678317e-04
1.580595e-04
1.523856e-04
1.398268e-04
1.296163e-04
1.141478e-04
1.117218e-04
9.626280e-05
9.216488e-05
8.793546e-05
8.260029e-05
6.839275e-05
6.558219e-05
5.292281e-05
3.819814e-05
3.446787e-05
3.025035e-05
1.171271e-05
1.539262e-06
-1.147988e-05
-1.965748e-05
-2.638100e-05
-3.480918e-05
-3.959320e-05
-5.079473e-05
-5.675292e-05
-7.306683e-05
-8.646332e-05
-9.877139e-05
-1.080806e-04
-1.163194e-04
-1.241273e-04
-1.308556e-04
-1.439494e-04
-1.583966e-04
-1.651764e-04
-1.733410e-04
-1.856956e-04
-1.976824e-04
-2.079596e-04
-2.133100e-04
-2.261100e-04
-2.368063e-04
-2.480396e-04
-2.622072e-04
-2.684910e-04
-2.774184e-04
-2.853218e-04
-3.075019e-04
-3.114945e-04
-3.303000e-04
-3.342329e-04
-3.443175e-04
-3.562703e-04
-3.740359e-04
-3.940288e-04
-3.983137e-04
-4.027301e-04
-4.198451e-04
-4.274596e-04
-4.329254e-04
-4.469015e-04
-4.616574e-04
-4.807127e-04
-4.884471e-04
-4.927991e-04
-5.091015e-04
-5.282721e-04
-5.367102e-04
-5.597284e-04
-5.839263e-04
-5.966274e-04
-6.180930e-04
-6.523281e-04
-6.648594e-04
-7.003398e-04
