1.266125e+05
5.999944e+03
2.917281e+03
2.465361e+03
1.803080e+03
1.700710e+03
1.403282e+03
9.168409e+02
7.694029e+02
7.161922e+02
5.993833e+02
4.972549e+02
3.583998e+02
3.009903e+02
2.396131e+02
2.227847e+02
1.844455e+02
1.755186e+02
1.517236e+02
1.308399e+02
1.135602e+02
1.079707e+02
9.894636e+01
8.525006e+01
8.210172e+01
7.955056e+01
7.764648e+01
7.078524e+01
5.862172e+01
5.392416e+01
4.967941e+01
4.772150e+01
4.526061e+01
4.125011e+01
3.912685e+01
3.668190e+01
3.339380e+01
3.310901e+01
2.965004e+01
2.703771e+01
2.574189e+01
2.512814e+01
2.353964e+01
2.257836e+01
1.981666e+01
1.906474e+01
1.683737e+01
1.631127e+01
1.512464e+01
1.407281e+01
1.308879e+01
1.151559e+01
1.057224e+01
9.860248e+00
9.617255e+00
8.790912e+00
8.031167e+00
7.523916e+00
7.225071e+00
6.789754e+00
6.667564e+00
6.482583e+00
5.590976e+00
5.245021e+00
4.874650e+00
4.422904e+00
4.163828e+00
3.811630e+00
3.779677e+00
3.309056e+00
3.116109e+00
2.668964e+00
2.572586e+00
2.418671e+00
2.144247e+00
1.965050e+00
1.887553e+00
1.817600e+00
1.678898e+00
1.509611e+00
1.439107e+00
1.362484e+00
1.297233e+00
1.276518e+00
1.148952e+00
1.092609e+00
9.397477e-01
9.259589e-01
8.405445e-01
7.885523e-01
7.498953e-01
7.368601e-01
7.299185e-01
6.765026e-01
6.081412e-01
5.470919e-01
5.242895e-01
4.129176e-01
3.956480e-01
3.939510e-01
3.582677e-01
3.331001e-01
3.250648e-01
2.970755e-01
2.715107e-01
2.682416e-01
2.522262e-01
2.408189e-01
2.278145e-01
2.055837e-01
1.876558e-01
1.809374e-01
1.687813e-01
1.554811e-01
1.532215e-01
1.358403e-01
1.255991e-01
1.156745e-01
1.066013e-01
9.628205e-02
9.227531e-02
8.215318e-02
7.913189e-02
7.007261e-02
6.738706e-02
6.272765e-02
6.072938e-02
5.908596e-02
5.562529e-02
5.295776e-02
5.035557e-02
4.412214e-02
4.186195e-02
3.822406e-02
3.423027e-02
3.376524e-02
3.047458e-02
2.877157e-02
2.808134e-02
2.608920e-02
2.394086e-02
2.311783e-02
2.270944e-02
2.045582e-02
2.024651e-02
1.899379e-02
1.743084e-02
1.582558e-02
1.428997e-02
1.118230e-02
1.096570e-02
9.785686e-03
9.645493e-03
9.154493e-03
8.655536e-03
7.581832e-03
6.815404e-03
6.594361e-03
5.635551e-03
5.169500e-03
4.767570e-03
4.290565e-03
4.182275e-03
3.937155e-03
3.488617e-03
3.245568e-03
2.995446e-03
2.772810e-03
2.673601e-03
2.562371e-03
2.279853e-03
2.176381e-03
2.090610e-03
2.028174e-03
1.878240e-03
1.834314e-03
1.723369e-03
1.609267e-03
1.574700e-03
1.557590e-03
1.532588e-03
1.472731e-03
1.451904e-03
1.429261e-03
1.413863e-03
1.379464e-03
1.373510e-03
1.334303e-03
1.324906e-03
1.307433e-03
1.298027e-03
1.258170e-03
1.228117e-03
1.206835e-03
1.191184e-03
1.186706e-03
1.156633e-03
1.151413e-03
1.128293e-03
1.120824e-03
1.098578e-03
1.093504e-03
1.090308e-03
1.069579e-03
1.059703e-03
1.056816e-03
1.036556e-03
1.030299e-03
1.022151e-03
1.003282e-03
9.905841e-04
9.688640e-04
9.634704e-04
9.533698e-04
9.476896e-04
9.280844e-04
9.177276e-04
9.002272e-04
8.910638e-04
8.809713e-04
8.622576e-04
8.514999e-04
8.395328e-04
8.318192e-04
8.216446e-04
8.081438e-04
7.928269e-04
7.826094e-04
7.712432e-04
7.694867e-04
7.449241e-04
7.407859e-04
7.251868e-04
7.094109e-04
6.989216e-04
6.934209e-04
6.925230e-04
6.857278e-04
6.697046e-04
6.635401e-04
6.408576e-04
6.367483e-04
6.290151e-04
6.174709e-04
6.042810e-04
5.946587e-04
5.922329e-04
5.878177e-04
5.675001e-04
5.558569e-04
5.442334e-04
5.340649e-04
5.217018e-04
5.160653e-04
5.110714e-04
5.038852e-04
4.949260e-04
4.861219e-04
4.636569e-04
4.589036e-04
4.454839e-04
4.442454e-04
4.372355e-04
4.282907e-04
4.142921e-04
3.998031e-04
3.911582e-04
3.746737e-04
3.675250e-04
3.635597e-04
3.486983e-04
3.435660e-04
3.380805e-04
3.249381e-04
3.150009e-04
3.020659e-04
2.960936e-04
2.843878e-04
2.794616e-04
2.679995e-04
2.605524e-04
2.428923e-04
2.385233e-04
2.280745e-04
2.245676e-04
2.161051e-04
2.122292e-04
1.961324e-04
1.851048e-04
1.790714e-04
1.722607e-04
1.649619e-04
1.537339e-04
1.404425e-04
1.267927e-04
1.182691e-04
1.057947e-04
9.829508e-05
9.546628e-05
8.440552e-05
7.111778e-05
6.202798e-05
5.878777e-05
4.595540e-05
3.627785e-05
2.545333e-05
1.655363e-05
-3.385586e-06
-1.899592e-05
-2.774284e-05
-3.127008e-05
-4.456591e-05
-5.398606e-05
-5.720862e-05
-6.239118e-05
-7.564852e-05
-7.976566e-05
-9.050527e-05
-9.440455e-05
-1.114439e-04
-1.161147e-04
-1.316228e-04
-1.324816e-04
-1.431575e-04
-1.475974e-04
-1.596307e-04
-1.864396e-04
-1.893359e-04
-2.012794e-04
-2.056133e-04
-2.079282e-04
-2.228162e-04
-2.334321e-04
-2.352045e-04
-2.516089e-04
-2.651270e-04
-2.767599e-04
-2.911348e-04
-2.983164e-04
-3.072720e-04
-3.129969e-04
-3.285054e-04
-3.347707e-04
-3.567301e-04
-3.766708e-04
-3.830008e-04
-3.946521e-04
-3.972245e-04
-4.004768e-04
-4.131566e-04
-4.254185e-04
-4.480617e-04
-4.506599e-04
-4.606075e-04
-4.687534e-04
-4.844089e-04
-4.971926e-04
-5.076595e-04
-5.183878e-04
-5.212802e-04
-5.373993e-04
-5.528651e-04
-5.629912e-04
-5.749148e-04
-5.823316e-04
-5.884780e-04
-6.017309e-04
-6.274439e-04
-6.421583e-04
-6.530000e-04
-6.844909e-04
-6.975093e-04
-7.016240e-04
-7.168902e-04
-7.396639e-04
-7.542262e-04
-7.693583e-04
-7.868827e-04
-8.120702e-04
-8.247265e-04
-8.606922e-04
-8.712743e-04
-9.224123e-04
-9.475817e-04
