8.883156e+04
3.793733e+03
2.502673e+03
1.923059e+03
1.034797e+03
8.235735e+02
5.173036e+02
4.145322e+02
3.043649e+02
2.819901e+02
2.621717e+02
2.080465e+02
2.009819e+02
1.633163e+02
1.614464e+02
1.333879e+02
1.262159e+02
1.234448e+02
1.146831e+02
1.037408e+02
9.774496e+01
9.471397e+01
8.558997e+01
7.637639e+01
7.272907e+01
7.030623e+01
6.552802e+01
6.357663e+01
6.017132e+01
5.608926e+01
5.366588e+01
4.837883e+01
4.416630e+01
4.329340e+01
3.972163e+01
3.809282e+01
3.577719e+01
3.308514e+01
3.135251e+01
2.980917e+01
2.893913e+01
2.738371e+01
2.464692e+01
2.310610e+01
2.261326e+01
2.054490e+01
1.822556e+01
1.759254e+01
1.653380e+01
1.521294e+01
1.493926e+01
1.352656e+01
1.281144e+01
1.204312e+01
1.128460e+01
9.851846e+00
9.341355e+00
9.079356e+00
8.233641e+00
7.938069e+00
7.252065e+00
6.873164e+00
6.119870e+00
5.879796e+00
5.473033e+00
5.094936e+00
4.854305e+00
4.598062e+00
4.282525e+00
4.060675e+00
3.688057e+00
3.251566e+00
2.996293e+00
2.800382e+00
2.509814e+00
2.373771e+00
2.220108e+00
2.106096e+00
1.891978e+00
1.802241e+00
1.781880e+00
1.563660e+00
1.522705e+00
1.471936e+00
1.318634e+00
1.248216e+00
1.158489e+00
1.142565e+00
1.053932e+00
1.026457e+00
9.499030e-01
9.145511e-01
8.940983e-01
8.613481e-01
7.519076e-01
7.044600e-01
6.109217e-01
5.945734e-01
5.764484e-01
5.469859e-01
5.021552e-01
4.939739e-01
4.673208e-01
4.509732e-01
4.091647e-01
3.997435e-01
3.906735e-01
3.459029e-01
3.316045e-01
3.116799e-01
2.770761e-01
2.669574e-01
2.633663e-01
2.313920e-01
2.279423e-01
2.229947e-01
2.075586e-01
1.941763e-01
1.803205e-01
1.663350e-01
1.596686e-01
1.522536e-01
1.469202e-01
1.423881e-01
1.369261e-01
1.258312e-01
1.206250e-01
1.098893e-01
1.005158e-01
9.351826e-02
9.016666e-02
8.292220e-02
7.495552e-02
7.403702e-02
7.304623e-02
7.020601e-02
6.617367e-02
6.148732e-02
5.679874e-02
5.526002e-02
5.361418e-02
5.058847e-02
5.019029e-02
4.257804e-02
4.216347e-02
3.652766e-02
3.448452e-02
3.190634e-02
3.008518e-02
2.947775e-02
2.716680e-02
2.579911e-02
2.406758e-02
2.283866e-02
2.256353e-02
2.069886e-02
1.999366e-02
1.850259e-02
1.703191e-02
1.613844e-02
1.586692e-02
1.518063e-02
1.456479e-02
1.310282e-02
1.203210e-02
1.153667e-02
1.047588e-02
9.956839e-03
9.246123e-03
8.811333e-03
8.439668e-03
7.861964e-03
7.635142e-03
7.050436e-03
6.720006e-03
6.490482e-03
6.219186e-03
6.078938e-03
5.703544e-03
5.442627e-03
5.232996e-03
5.015510e-03
4.776923e-03
4.588280e-03
4.386730e-03
4.144243e-03
4.006957e-03
3.911218e-03
3.695085e-03
3.628745e-03
3.051657e-03
2.931190e-03
2.694931e-03
2.566826e-03
2.496435e-03
2.388666e-03
2.186205e-03
2.091432e-03
1.988617e-03
1.904837e-03
1.842298e-03
1.819646e-03
1.744489e-03
1.678631e-03
1.571350e-03
1.558922e-03
1.518239e-03
1.475197e-03
1.446436e-03
1.391603e-03
1.365150e-03
1.350473e-03
1.318568e-03
1.287826e-03
1.275499e-03
1.247102e-03
1.218044e-03
1.195907e-03
1.177332e-03
1.147756e-03
1.135338e-03
1.129761e-03
1.111729e-03
1.097780e-03
1.087805e-03
1.059295e-03
1.050805e-03
1.042871e-03
1.041388e-03
9.937083e-04
9.797711e-04
9.674912e-04
9.593675e-04
9.563377e-04
9.422796e-04
9.092796e-04
8.919989e-04
8.806571e-04
8.755824e-04
8.630469e-04
8.510377e-04
8.446756e-04
8.379575e-04
8.161974e-04
8.045165e-04
7.946273e-04
7.896606e-04
7.811055e-04
7.651271e-04
7.440576e-04
7.394125e-04
7.289166e-04
7.227284e-04
7.186857e-04
6.970713e-04
6.831186e-04
6.720847e-04
6.700473e-04
6.557868e-04
6.412707e-04
6.325318e-04
6.242534e-04
6.193969e-04
6.020062e-04
5.977369e-04
5.874914e-04
5.812302e-04
5.727769e-04
5.664563e-04
5.632436e-04
5.475776e-04
5.312614e-04
5.256421e-04
5.094974e-04
5.085156e-04
4.903930e-04
4.753231e-04
4.714221e-04
4.545067e-04
4.500311e-04
4.436676e-04
4.336373e-04
4.225394e-04
4.104526e-04
4.023931e-04
3.902991e-04
3.861425e-04
3.729266e-04
3.647412e-04
3.614825e-04
3.501932e-04
3.453580e-04
3.340876e-04
3.199761e-04
3.118547e-04
3.036085e-04
2.946095e-04
2.829657e-04
2.755965e-04
2.499009e-04
2.441750e-04
2.409419e-04
2.344908e-04
2.207911e-04
2.106035e-04
2.052177e-04
1.924336e-04
1.778291e-04
1.694450e-04
1.617695e-04
1.387666e-04
1.332849e-04
1.286681e-04
1.261521e-04
1.163996e-04
9.589790e-05
9.000408e-05
8.018134e-05
6.791687e-05
6.545723e-05
5.365822e-05
3.667682e-05
3.222672e-05
2.474063e-05
1.884760e-05
1.137953e-05
4.392159e-06
1.695222e-13
-7.117489e-15
-3.120365e-14
-4.425919e-14
-7.938741e-06
-1.329657e-05
-2.116959e-05
-3.443978e-05
-5.539015e-05
-6.346892e-05
-6.717810e-05
-6.838091e-05
-8.922555e-05
-9.506516e-05
-1.004191e-04
-1.107757e-04
-1.142726e-04
-1.171910e-04
-1.316248e-04
-1.384978e-04
-1.656615e-04
-1.682711e-04
-1.860692e-04
-1.969415e-04
-1.994929e-04
-2.119051e-04
-2.264769e-04
-2.307735e-04
-2.422860e-04
-2.663927e-04
-2.751848e-04
-2.801457e-04
-2.846840e-04
-2.939416e-04
-3.121915e-04
-3.187325e-04
-3.225639e-04
-3.447180e-04
-3.620365e-04
-3.705666e-04
-3.800360e-04
-4.002982e-04
-4.070972e-04
-4.292692e-04
-4.417130e-04
-4.439334e-04
-4.837771e-04
-4.887389e-04
-5.020146e-04
-5.293610e-04
-5.490100e-04
-5.552093e-04
-5.815687e-04
-5.942599e-04
-6.122637e-04
-6.399729e-04
-6.776304e-04
