8.901418e+04
3.685339e+03
2.425486e+03
1.887944e+03
1.094656e+03
7.882961e+02
5.219850e+02
3.752354e+02
3.171749e+02
2.711988e+02
2.522713e+02
2.103175e+02
1.789989e+02
1.694392e+02
1.530948e+02
1.365216e+02
1.306126e+02
1.182788e+02
1.165915e+02
1.105866e+02
1.020690e+02
8.923057e+01
8.087546e+01
8.032362e+01
7.734566e+01
7.199384e+01
6.588461e+01
6.396067e+01
6.256557e+01
5.984307e+01
5.402785e+01
5.217518e+01
4.461819e+01
4.347784e+01
4.121883e+01
3.704233e+01
3.560088e+01
3.492622e+01
3.029268e+01
2.931539e+01
2.832627e+01
2.537679e+01
2.447270e+01
2.344868e+01
2.067163e+01
1.969252e+01
1.905995e+01
1.753443e+01
1.660544e+01
1.601311e+01
1.556720e+01
1.414935e+01
1.305882e+01
1.221132e+01
1.194115e+01
1.177258e+01
1.021937e+01
9.641265e+00
9.536887e+00
8.194799e+00
7.765778e+00
7.197808e+00
6.515306e+00
5.928603e+00
5.560246e+00
5.372886e+00
5.181754e+00
4.862917e+00
4.386800e+00
3.589106e+00
3.394081e+00
3.127227e+00
2.989825e+00
2.705107e+00
2.576714e+00
2.433549e+00
2.297132e+00
2.130577e+00
1.910665e+00
1.727711e+00
1.653390e+00
1.619287e+00
1.439173e+00
1.358273e+00
1.262105e+00
1.221948e+00
1.167700e+00
1.090403e+00
1.042633e+00
9.908526e-01
9.339809e-01
8.748491e-01
8.519351e-01
7.955451e-01
7.654005e-01
7.414875e-01
7.213266e-01
6.774377e-01
6.063149e-01
6.026466e-01
5.512821e-01
5.426373e-01
4.989263e-01
4.721206e-01
4.513853e-01
4.036574e-01
3.874947e-01
3.828875e-01
3.481586e-01
3.253438e-01
2.987317e-01
2.932912e-01
2.724534e-01
2.660354e-01
2.484703e-01
2.354518e-01
2.191793e-01
2.133976e-01
2.012284e-01
1.931478e-01
1.659286e-01
1.524412e-01
1.410244e-01
1.316240e-01
1.293900e-01
1.206988e-01
1.136110e-01
1.093554e-01
1.030841e-01
9.739064e-02
9.234753e-02
8.836739e-02
8.355477e-02
8.128504e-02
8.059832e-02
7.735209e-02
7.018104e-02
6.486145e-02
6.100958e-02
5.672477e-02
5.409110e-02
5.256422e-02
4.865792e-02
4.392895e-02
4.358870e-02
4.074571e-02
3.896152e-02
3.482966e-02
3.209165e-02
2.963081e-02
2.701935e-02
2.672271e-02
2.642369e-02
2.360376e-02
2.233276e-02
2.053164e-02
1.997758e-02
1.859171e-02
1.696927e-02
1.607036e-02
1.471256e-02
1.414933e-02
1.323286e-02
1.298487e-02
1.215383e-02
1.165576e-02
1.075416e-02
9.817114e-03
9.306985e-03
8.702358e-03
8.295954e-03
7.816864e-03
7.390759e-03
7.148663e-03
6.636442e-03
6.516104e-03
6.295476e-03
5.940391e-03
5.701169e-03
5.283020e-03
5.091456e-03
4.766074e-03
4.442274e-03
4.109203e-03
3.864766e-03
3.705003e-03
3.576848e-03
3.546366e-03
3.308157e-03
3.161878e-03
2.810649e-03
2.765683e-03
2.622042e-03
2.468318e-03
2.329417e-03
2.122397e-03
2.053231e-03
1.837502e-03
1.799840e-03
1.721100e-03
1.690508e-03
1.614976e-03
1.574571e-03
1.544209e-03
1.492982e-03
1.480785e-03
1.438034e-03
1.407847e-03
1.341776e-03
1.336634e-03
1.321385e-03
1.287283e-03
1.268240e-03
1.231729e-03
1.219797e-03
1.210086e-03
1.187798e-03
1.150909e-03
1.133711e-03
1.120149e-03
1.113002e-03
1.068619e-03
1.066250e-03
1.050429e-03
1.049765e-03
1.040536e-03
9.976382e-04
9.937545e-04
9.849999e-04
9.721144e-04
9.477297e-04
9.423874e-04
9.260176e-04
9.198941e-04
8.940861e-04
8.853414e-04
8.788126e-04
8.703920e-04
8.627497e-04
8.347740e-04
8.317405e-04
8.124463e-04
7.946742e-04
7.915928e-04
7.771644e-04
7.694670e-04
7.670194e-04
7.479624e-04
7.312734e-04
7.145557e-04
7.092676e-04
7.005896e-04
6.946445e-04
6.795940e-04
6.711913e-04
6.648724e-04
6.614302e-04
6.525318e-04
6.361815e-04
6.313151e-04
6.187444e-04
6.053299e-04
5.973259e-04
5.854384e-04
5.835874e-04
5.689305e-04
5.583225e-04
5.474160e-04
5.306789e-04
5.184562e-04
5.057694e-04
4.951572e-04
4.905771e-04
4.727847e-04
4.702116e-04
4.632997e-04
4.439109e-04
4.406211e-04
4.235398e-04
4.219286e-04
4.182459e-04
4.151005e-04
3.961640e-04
3.832624e-04
3.771279e-04
3.669064e-04
3.394426e-04
3.384829e-04
3.317721e-04
3.234045e-04
3.091769e-04
3.000394e-04
2.960308e-04
2.912324e-04
2.810294e-04
2.641510e-04
2.560591e-04
2.513598e-04
2.429770e-04
2.321971e-04
2.214208e-04
2.059786e-04
2.033491e-04
1.998983e-04
1.868805e-04
1.754823e-04
1.571105e-04
1.541732e-04
1.429116e-04
1.360499e-04
1.227439e-04
1.180983e-04
1.049770e-04
9.884501e-05
8.623417e-05
7.433618e-05
6.461181e-05
5.810670e-05
4.247102e-05
2.873219e-05
2.315764e-05
5.026466e-06
2.996867e-06
1.066818e-13
5.292275e-14
2.292042e-14
-3.690354e-14
-8.663372e-14
-9.050154e-14
-2.143946e-06
-1.605041e-05
-1.815252e-05
-2.033705e-05
-3.195665e-05
-3.272877e-05
-4.237725e-05
-5.265999e-05
-6.207577e-05
-6.762203e-05
-8.011810e-05
-9.325406e-05
-1.010743e-04
-1.119918e-04
-1.145739e-04
-1.276164e-04
-1.410556e-04
-1.548453e-04
-1.717019e-04
-1.733192e-04
-1.816177e-04
-1.850540e-04
-1.944415e-04
-2.130560e-04
-2.206536e-04
-2.285647e-04
-2.346520e-04
-2.434411e-04
-2.712072e-04
-2.963057e-04
-3.027717e-04
-3.061822e-04
-3.133231e-04
-3.307676e-04
-3.392546e-04
-3.484764e-04
-3.547710e-04
-3.758086e-04
-3.953575e-04
-4.006330e-04
-4.191557e-04
-4.200899e-04
-4.414230e-04
-4.639882e-04
-4.789779e-04
-4.913032e-04
-4.974033e-04
-5.065679e-04
-5.295611e-04
-5.477890e-04
-5.679478e-04
-5.878531e-04
-6.049731e-04
-6.193260e-04
-6.846522e-04
