6.402969e+09
8.178104e+08
1.018940e+08
8.631679e+07
8.076846e+07
5.918079e+07
4.502927e+07
4.391996e+07
2.965402e+07
2.304619e+07
1.921611e+07
1.831837e+07
1.636016e+07
1.315197e+07
1.151316e+07
7.545690e+06
6.665324e+06
6.085963e+06
5.710480e+06
3.912280e+06
3.229930e+06
2.874118e+06
2.521945e+06
1.808420e+06
1.590613e+06
1.550167e+06
1.315962e+06
9.476842e+05
7.425932e+05
6.619838e+05
6.329821e+05
5.732825e+05
5.562418e+05
4.868071e+05
4.593368e+05
3.969877e+05
3.272888e+05
2.791111e+05
2.562527e+05
2.345501e+05
1.922608e+05
1.478999e+05
1.333930e+05
1.173557e+05
9.759432e+04
8.652073e+04
8.051485e+04
7.052038e+04
5.974988e+04
5.113368e+04
3.433702e+04
3.073373e+04
2.655481e+04
2.601169e+04
2.283050e+04
1.817488e+04
1.658874e+04
1.444762e+04
1.197377e+04
1.053131e+04
1.023573e+04
8.751062e+03
8.182873e+03
5.449817e+03
4.658883e+03
3.212748e+03
2.767088e+03
2.256933e+03
1.941331e+03
1.391073e+03
8.256492e+02
7.571988e+02
6.143552e+02
5.642033e+02
3.407793e+02
3.120739e+02
2.455388e+02
1.726650e+02
1.538809e+02
6.471310e+01
5.341843e+01
3.474198e+01
2.537731e+01
1.392794e+01
1.235573e+01
9.417558e+00
6.934216e+00
2.881180e+00
2.077685e+00
1.650558e+00
1.027650e+00
5.025241e-01
4.129075e-01
2.441832e-01
1.918228e-01
1.672534e-01
5.859242e-02
4.493012e-02
2.868202e-02
1.503782e-02
1.139434e-02
9.953104e-03
8.937394e-03
7.607010e-03
6.441695e-03
5.822007e-03
5.444601e-03
4.644433e-03
4.092266e-03
3.135646e-03
2.308286e-03
1.988457e-03
1.512598e-03
1.380642e-03
1.111955e-03
4.420104e-04
3.629624e-05
-3.061284e-04
-6.173321e-04
-1.379556e-03
-2.064446e-03
-2.402159e-03
-2.815669e-03
-4.515299e-03
-5.627367e-03
-6.667342e-03
-7.407123e-03
-1.158068e-02
