1.251937e+10
9.724266e+08
2.355023e+08
1.115057e+08
1.067155e+08
7.118069e+07
6.316475e+07
5.286410e+07
4.680564e+07
4.092632e+07
3.337047e+07
2.638807e+07
2.472453e+07
2.259871e+07
1.795577e+07
1.553221e+07
1.301066e+07
1.053672e+07
9.611539e+06
9.119565e+06
7.117900e+06
6.578120e+06
5.012856e+06
4.729474e+06
4.459750e+06
4.280364e+06
3.787212e+06
3.337577e+06
2.934392e+06
2.589900e+06
2.390369e+06
2.043522e+06
1.972051e+06
1.681887e+06
1.486312e+06
1.218087e+06
1.045652e+06
9.443606e+05
8.112804e+05
7.355134e+05
7.206534e+05
6.317736e+05
6.065896e+05
5.329313e+05
4.204068e+05
3.940847e+05
3.707426e+05
3.500967e+05
3.096109e+05
2.812517e+05
2.492028e+05
2.343101e+05
2.154359e+05
1.744725e+05
1.482990e+05
1.349826e+05
1.294370e+05
9.543638e+04
7.196517e+04
6.497225e+04
6.321418e+04
5.865196e+04
5.273636e+04
4.218603e+04
3.183200e+04
2.803927e+04
2.677997e+04
2.243349e+04
1.928681e+04
1.820102e+04
1.645786e+04
1.283308e+04
9.547902e+03
7.380204e+03
7.159934e+03
5.943235e+03
5.247244e+03
4.712149e+03
4.070997e+03
2.984005e+03
2.260504e+03
1.567955e+03
1.329680e+03
1.186637e+03
1.022742e+03
8.328614e+02
5.533110e+02
3.943313e+02
3.502102e+02
2.460669e+02
1.965552e+02
1.235062e+02
9.483173e+01
5.489814e+01
3.899784e+01
3.316127e+01
2.362435e+01
1.749357e+01
1.446695e+01
1.209049e+01
6.362720e+00
5.096425e+00
1.588976e+00
1.356067e+00
1.158817e+00
9.917629e-01
6.652738e-01
4.406772e-01
3.645089e-01
2.539275e-01
1.658659e-01
1.412275e-01
1.215076e-01
8.377448e-02
7.531935e-02
6.792237e-02
6.370664e-02
3.967168e-02
3.484608e-02
2.581407e-02
1.304516e-02
5.701465e-03
8.897935e-04
-2.331749e-02
-3.506627e-02
-3.758527e-02
-4.835019e-02
-7.481731e-02
