2.150008e+05
1.927688e+04
6.025779e+03
2.129153e+03
2.331295e+02
2.468316e+01
1.256060e+01
7.026101e+00
1.587281e+00
2.948591e-01
7.209367e-02
4.451418e-02
4.281770e-02
3.752501e-02
3.273999e-02
2.817824e-02
2.607709e-02
2.373208e-02
2.259436e-02
2.057368e-02
1.960337e-02
1.813007e-02
1.789586e-02
1.661085e-02
1.542508e-02
1.410071e-02
1.386327e-02
1.333457e-02
1.282317e-02
1.192923e-02
1.176868e-02
1.132427e-02
1.094174e-02
1.009556e-02
9.703450e-03
9.142606e-03
9.080870e-03
8.593512e-03
8.143747e-03
7.998944e-03
7.508202e-03
7.289677e-03
7.180284e-03
6.585563e-03
6.440110e-03
6.224640e-03
5.889073e-03
5.577903e-03
5.197865e-03
4.958068e-03
4.706050e-03
4.652863e-03
4.280435e-03
4.145909e-03
3.906830e-03
3.732097e-03
3.643589e-03
3.405797e-03
3.233805e-03
3.130747e-03
3.010005e-03
2.915185e-03
2.720266e-03
2.475205e-03
2.400643e-03
2.302935e-03
2.061859e-03
1.945664e-03
1.799228e-03
1.641131e-03
1.563564e-03
1.458485e-03
1.370094e-03
1.164887e-03
1.091312e-03
1.044259e-03
9.197381e-04
8.616565e-04
8.200154e-04
7.979010e-04
6.999621e-04
6.272756e-04
5.011808e-04
4.436597e-04
3.894498e-04
3.186934e-04
1.705028e-04
2.656286e-05
-2.797592e-04
-3.585685e-04
-4.109419e-04
-7.625460e-04
-7.952592e-04
-1.012729e-03
-1.209570e-03
-1.782555e-03
-1.911213e-03
-2.440264e-03
-2.782377e-03
-3.134996e-03
-3.453700e-03
-4.190705e-03
-4.960026e-03
-5.255002e-03
-5.729360e-03
-6.155876e-03
-6.607729e-03
-6.714245e-03
-7.720693e-03
-8.107889e-03
-8.677153e-03
-1.000434e-02
-1.094204e-02
-1.148290e-02
-1.316171e-02
-1.448500e-02
-1.642366e-02
-1.831316e-02
-2.082942e-02
-2.454624e-02
-2.787876e-02
-3.083839e-02
-3.579813e-02
-3.977633e-02
-4.267375e-02
-4.785639e-02
-6.793921e-02
-1.016869e-01
