1.287014e+08
1.729488e+07
2.238689e+06
1.089989e+06
8.837196e+05
3.379163e+05
2.857838e+05
1.177606e+05
1.370881e+04
9.513341e+03
3.800354e+03
9.374482e+02
4.522608e+02
1.729562e+02
7.329445e+01
5.333681e+01
4.246474e+01
3.488524e+01
3.223008e+01
2.570522e+01
2.302758e+01
1.970453e+01
1.915530e+01
1.639724e+01
1.466189e+01
1.345778e+01
1.244574e+01
1.177216e+01
1.161977e+01
1.005588e+01
9.699535e+00
9.121383e+00
8.916148e+00
8.543795e+00
8.038688e+00
7.567649e+00
7.393598e+00
7.082622e+00
6.544837e+00
6.411122e+00
6.008426e+00
5.663051e+00
5.300461e+00
5.025124e+00
4.880732e+00
4.504280e+00
4.201138e+00
4.066436e+00
3.885736e+00
3.608781e+00
3.195238e+00
3.112976e+00
2.838227e+00
2.668377e+00
2.507217e+00
2.091818e+00
1.956952e+00
1.906028e+00
1.582486e+00
1.462469e+00
1.154665e+00
1.056006e+00
1.001643e+00
9.260753e-01
8.498074e-01
8.013819e-01
6.106526e-01
5.622252e-01
4.535551e-01
3.313993e-01
2.620533e-01
1.978170e-01
1.278255e-01
1.065631e-01
8.552008e-02
7.163973e-02
4.812206e-02
3.363290e-02
9.141733e-04
-8.833553e-10
-2.898236e-02
-7.656211e-02
-1.520468e-01
-1.694412e-01
-3.004683e-01
-3.466457e-01
-3.754505e-01
-3.961999e-01
-5.654603e-01
-6.689817e-01
-7.162815e-01
-7.886605e-01
-9.717646e-01
-1.215593e+00
-1.376193e+00
-1.431402e+00
-1.519225e+00
-1.607689e+00
-1.935192e+00
-2.024635e+00
-2.223312e+00
-2.483764e+00
-2.717435e+00
-3.033855e+00
-3.365988e+00
-3.618913e+00
-3.791130e+00
-3.852663e+00
-4.118847e+00
-4.982990e+00
-5.168279e+00
-6.195281e+00
-6.438265e+00
-6.709088e+00
-7.305134e+00
-7.753892e+00
-8.992771e+00
-9.589503e+00
-1.033060e+01
-1.134316e+01
-1.448061e+01
-1.644124e+01
-1.697553e+01
-2.037342e+01
-2.314867e+01
-3.694133e+01
-4.758769e+01
-5.967251e+01
