1.980778e+05
2.423357e+04
4.392225e+03
1.657676e+03
2.147911e+02
2.360031e+01
9.104270e+00
4.956086e+00
1.094460e+00
1.507713e-01
6.170128e-02
4.008216e-02
3.589964e-02
3.270074e-02
2.656052e-02
2.509969e-02
2.329539e-02
2.272535e-02
2.177436e-02
1.968331e-02
1.791566e-02
1.629585e-02
1.554887e-02
1.545386e-02
1.495955e-02
1.443079e-02
1.329003e-02
1.293209e-02
1.208181e-02
1.118642e-02
1.098182e-02
1.051737e-02
1.015857e-02
9.749130e-03
9.218713e-03
8.851823e-03
8.712383e-03
8.283946e-03
8.048271e-03
7.613259e-03
7.240257e-03
7.106041e-03
6.826949e-03
6.672767e-03
6.402019e-03
6.257754e-03
5.992365e-03
5.671795e-03
5.172963e-03
5.120437e-03
4.805737e-03
4.720508e-03
4.221312e-03
4.045967e-03
3.931369e-03
3.633917e-03
3.462955e-03
3.322671e-03
3.141466e-03
2.884412e-03
2.831403e-03
2.752709e-03
2.433569e-03
2.339004e-03
2.198884e-03
2.056255e-03
1.881071e-03
1.755163e-03
1.684930e-03
1.488543e-03
1.385979e-03
1.308754e-03
1.286529e-03
1.246540e-03
1.084163e-03
9.653914e-04
9.313751e-04
8.480105e-04
7.737558e-04
7.021309e-04
5.393199e-04
4.922194e-04
4.330890e-04
3.196884e-04
2.303826e-04
1.437935e-04
-6.362881e-05
-3.141512e-04
-4.863784e-04
-7.372400e-04
-8.872094e-04
-9.547670e-04
-1.243402e-03
-1.326356e-03
-1.652675e-03
-1.925459e-03
-2.023028e-03
-2.306476e-03
-2.455818e-03
-2.906728e-03
-3.254712e-03
-3.273290e-03
-3.538194e-03
-4.406868e-03
-4.803421e-03
-5.613747e-03
-5.657229e-03
-6.313832e-03
-7.173989e-03
-7.957900e-03
-8.527119e-03
-9.156849e-03
-9.658523e-03
-1.142280e-02
-1.183702e-02
-1.378260e-02
-1.597848e-02
-1.847278e-02
-2.221948e-02
-2.570331e-02
-2.729878e-02
-2.880009e-02
-2.992805e-02
-4.194351e-02
-4.460461e-02
-5.451060e-02
-7.528332e-02
-1.204166e-01
