5.857111e+04
1.149982e+04
6.403977e+03
1.503508e+03
1.043574e+03
6.864554e+02
5.173984e+02
3.183696e+02
3.028430e+02
2.474908e+02
2.028636e+02
1.747027e+02
1.375544e+02
1.073260e+02
1.011095e+02
7.940659e+01
7.411152e+01
6.702228e+01
6.252420e+01
3.804551e+01
3.650638e+01
2.780700e+01
2.385473e+01
2.036214e+01
1.696276e+01
1.434286e+01
1.310314e+01
1.145332e+01
1.093380e+01
1.023004e+01
8.089119e+00
6.943582e+00
4.820019e+00
4.793485e+00
3.882049e+00
3.855360e+00
3.143694e+00
2.790949e+00
2.526819e+00
2.441381e+00
1.879634e+00
1.435496e+00
1.168025e+00
7.428477e-01
7.022647e-01
4.264980e-01
3.280028e-01
2.892416e-01
2.457464e-01
2.111298e-01
1.791208e-01
1.596799e-01
1.365627e-01
9.960985e-02
8.624144e-02
6.813867e-02
5.610783e-02
4.839292e-02
4.239891e-02
3.369609e-02
2.911850e-02
2.383133e-02
1.837166e-02
1.626666e-02
1.254173e-02
1.061329e-02
7.384616e-03
7.009541e-03
6.065275e-03
5.330055e-03
4.574453e-03
3.373328e-03
1.750666e-03
1.557129e-03
1.412554e-03
1.300204e-03
1.241875e-03
1.159973e-03
1.091472e-03
1.046802e-03
8.459198e-04
8.072659e-04
7.967629e-04
7.584334e-04
7.154456e-04
6.820608e-04
6.602429e-04
6.344001e-04
6.149136e-04
5.945799e-04
5.777819e-04
5.591752e-04
5.478500e-04
5.404593e-04
5.275240e-04
5.107200e-04
4.990441e-04
4.912083e-04
4.892026e-04
4.773396e-04
4.755706e-04
4.640595e-04
4.549948e-04
4.477051e-04
4.429754e-04
4.378775e-04
4.322608e-04
4.275488e-04
4.165675e-04
4.141193e-04
4.100356e-04
4.084176e-04
4.000925e-04
3.983229e-04
3.966075e-04
3.857336e-04
3.827128e-04
3.786871e-04
3.751434e-04
3.703645e-04
3.658964e-04
3.633310e-04
3.570850e-04
3.485430e-04
3.454406e-04
3.391111e-04
3.366586e-04
3.344165e-04
3.278270e-04
3.252318e-04
3.233815e-04
3.171446e-04
3.136534e-04
3.114321e-04
3.102468e-04
3.046054e-04
3.039972e-04
2.994868e-04
2.942732e-04
2.910417e-04
2.899648e-04
2.857663e-04
2.814554e-04
2.775607e-04
2.744611e-04
2.703153e-04
2.674855e-04
2.656599e-04
2.637543e-04
2.606219e-04
2.597413e-04
2.566019e-04
2.543506e-04
2.531686e-04
2.474482e-04
2.416996e-04
2.400563e-04
2.366416e-04
2.334531e-04
2.306753e-04
2.281371e-04
2.253870e-04
2.229874e-04
2.197480e-04
2.172146e-04
2.159157e-04
2.131199e-04
2.073943e-04
2.046492e-04
2.036490e-04
2.014324e-04
1.972850e-04
1.960930e-04
1.928919e-04
1.903945e-04
1.872615e-04
1.856000e-04
1.841054e-04
1.818282e-04
1.800810e-04
1.777913e-04
1.740682e-04
1.706269e-04
1.684892e-04
1.663043e-04
1.639526e-04
1.624747e-04
1.577904e-04
1.527204e-04
1.510987e-04
1.494109e-04
1.463431e-04
1.447598e-04
1.406995e-04
1.382050e-04
1.357040e-04
1.335322e-04
1.316386e-04
1.299095e-04
1.287630e-04
1.258083e-04
1.243068e-04
1.221304e-04
1.198777e-04
1.139643e-04
1.124543e-04
1.104067e-04
1.075540e-04
1.049009e-04
1.037328e-04
1.023998e-04
9.900149e-05
9.668945e-05
9.642133e-05
9.356206e-05
9.240856e-05
8.710937e-05
8.524031e-05
8.236394e-05
8.064428e-05
7.814894e-05
7.633826e-05
7.483685e-05
7.277013e-05
6.741676e-05
6.671604e-05
6.477101e-05
6.403895e-05
6.237472e-05
5.867454e-05
5.846257e-05
5.325505e-05
4.858186e-05
4.649508e-05
4.620906e-05
4.353342e-05
4.139079e-05
3.726185e-05
3.565661e-05
3.271411e-05
3.119537e-05
2.803012e-05
2.494444e-05
2.423468e-05
2.093436e-05
1.931099e-05
1.718219e-05
1.453093e-05
1.290063e-05
1.150092e-05
1.014946e-05
6.173372e-06
4.151099e-06
7.443219e-07
1.637053e-13
6.054116e-14
1.405822e-14
-4.450612e-14
-1.155402e-06
-4.056618e-06
-6.183515e-06
-1.111866e-05
-1.379143e-05
-1.594805e-05
-1.713905e-05
-1.814226e-05
-1.904311e-05
-2.290938e-05
-2.559336e-05
-2.842086e-05
-3.033796e-05
-3.199140e-05
-3.579221e-05
-3.787108e-05
-4.075349e-05
-4.306377e-05
-4.339806e-05
-4.719404e-05
-4.831083e-05
-5.176426e-05
-5.446366e-05
-5.647715e-05
-5.921393e-05
-6.394023e-05
-6.714843e-05
-6.896982e-05
-7.002894e-05
-7.242408e-05
-7.632693e-05
-7.888986e-05
-7.945024e-05
-8.096665e-05
-8.457177e-05
-8.696183e-05
-9.013798e-05
-9.125556e-05
-9.386749e-05
-9.478381e-05
-9.867211e-05
-1.006053e-04
-1.021773e-04
-1.042964e-04
-1.067531e-04
-1.076022e-04
-1.130264e-04
-1.177385e-04
-1.195326e-04
-1.214968e-04
-1.243871e-04
-1.263626e-04
-1.298037e-04
-1.317076e-04
-1.359485e-04
-1.372555e-04
-1.394438e-04
-1.442312e-04
-1.460296e-04
-1.488740e-04
-1.537738e-04
-1.595282e-04
-1.628380e-04
-1.637100e-04
-1.668571e-04
-1.695497e-04
-1.726470e-04
-1.754711e-04
-1.759289e-04
-1.801536e-04
-1.844936e-04
-1.865917e-04
-1.875435e-04
-1.910025e-04
-1.949328e-04
-1.981458e-04
-2.001587e-04
-2.044713e-04
-2.097381e-04
-2.136494e-04
-2.173095e-04
-2.187796e-04
-2.208035e-04
-2.247307e-04
-2.305291e-04
-2.317059e-04
-2.341657e-04
-2.372929e-04
-2.440513e-04
-2.460985e-04
-2.523668e-04
-2.544253e-04
-2.556025e-04
-2.595404e-04
-2.609407e-04
-2.658221e-04
-2.681298e-04
-2.715280e-04
-2.760314e-04
-2.779004e-04
-2.875384e-04
-2.886206e-04
-2.891318e-04
-2.953190e-04
-3.065245e-04
-3.086794e-04
-3.166099e-04
-3.242440e-04
-3.256716e-04
-3.304613e-04
-3.403820e-04
-3.465448e-04
-3.494360e-04
-3.566757e-04
-3.603731e-04
-3.664202e-04
-3.757365e-04
-3.847473e-04
-3.987881e-04
-4.162841e-04
-4.269980e-04
-4.380428e-04
-5.233682e-04
-6.275271e-04
-9.133328e-04
-1.121480e-03
