1.843473e+05
2.315601e+04
5.215259e+03
1.735272e+03
2.558776e+02
2.279479e+01
1.015430e+01
6.019239e+00
1.328354e+00
2.168245e-01
5.437717e-02
4.480017e-02
3.546667e-02
3.425534e-02
3.137143e-02
2.533075e-02
2.340636e-02
2.248336e-02
2.181610e-02
1.958203e-02
1.771315e-02
1.640719e-02
1.550984e-02
1.478724e-02
1.344339e-02
1.313593e-02
1.222013e-02
1.189534e-02
1.157403e-02
1.036991e-02
1.024435e-02
9.680652e-03
9.239554e-03
8.745102e-03
8.186983e-03
7.854671e-03
7.588204e-03
7.388145e-03
6.983258e-03
6.718554e-03
6.621630e-03
6.075114e-03
5.967139e-03
5.892728e-03
5.649042e-03
5.438021e-03
5.341345e-03
4.968191e-03
4.757752e-03
4.468753e-03
4.150482e-03
3.914766e-03
3.862667e-03
3.772881e-03
3.569235e-03
3.410161e-03
3.167070e-03
3.056594e-03
2.915588e-03
2.730434e-03
2.671048e-03
2.524611e-03
2.389217e-03
2.189443e-03
2.128310e-03
1.984373e-03
1.906881e-03
1.794149e-03
1.772159e-03
1.530181e-03
1.456289e-03
1.409047e-03
1.187740e-03
1.143851e-03
1.026726e-03
9.730489e-04
8.921616e-04
7.983536e-04
7.865767e-04
7.097729e-04
6.380524e-04
6.059146e-04
5.714007e-04
4.526231e-04
4.087586e-04
2.776166e-04
2.218366e-04
1.280084e-04
7.638137e-05
-1.018078e-04
-3.348964e-04
-4.552966e-04
-5.218312e-04
-6.563958e-04
-9.328481e-04
-1.000948e-03
-1.513474e-03
-1.674587e-03
-2.048709e-03
-2.194121e-03
-2.343358e-03
-2.839288e-03
-3.021725e-03
-4.098246e-03
-4.130543e-03
-4.601938e-03
-5.280197e-03
-5.617949e-03
-6.360691e-03
-7.159439e-03
-7.844232e-03
-8.434793e-03
-9.661799e-03
-1.089755e-02
-1.199352e-02
-1.363947e-02
-1.481185e-02
-1.700052e-02
-1.788042e-02
-2.165720e-02
-2.275390e-02
-2.450847e-02
-3.003653e-02
-3.094213e-02
-3.656159e-02
-4.324584e-02
-6.118893e-02
-8.502118e-02
