2.261705e+10
1.302238e+10
6.547909e+09
4.266121e+09
3.838447e+09
3.687192e+09
3.122226e+09
2.962246e+09
2.865481e+09
2.583642e+09
2.520657e+09
2.273209e+09
2.109829e+09
2.040265e+09
1.867183e+09
1.796089e+09
1.679652e+09
1.649299e+09
1.575855e+09
1.440038e+09
1.386232e+09
1.324419e+09
1.285563e+09
1.237365e+09
1.215083e+09
1.174268e+09
1.114222e+09
1.100205e+09
1.050265e+09
9.803098e+08
9.592223e+08
9.351571e+08
9.133595e+08
8.721048e+08
8.486543e+08
8.383021e+08
8.043954e+08
7.956799e+08
7.843948e+08
7.556561e+08
7.133571e+08
7.022950e+08
6.893812e+08
6.851284e+08
6.503984e+08
6.299150e+08
6.120104e+08
5.982970e+08
5.885849e+08
5.403964e+08
5.334940e+08
5.180379e+08
5.081307e+08
4.976545e+08
4.793571e+08
4.779545e+08
4.705401e+08
4.579416e+08
4.514212e+08
4.464048e+08
4.329417e+08
4.120141e+08
4.107100e+08
3.879873e+08
3.790709e+08
3.713763e+08
3.651129e+08
3.595347e+08
3.447780e+08
3.371975e+08
3.312725e+08
3.235663e+08
3.116490e+08
3.073280e+08
3.026692e+08
2.906828e+08
2.834159e+08
2.725476e+08
2.708624e+08
2.595603e+08
2.562463e+08
2.472464e+08
2.356606e+08
2.298692e+08
2.256587e+08
2.229724e+08
2.136097e+08
2.104059e+08
2.025489e+08
1.982706e+08
1.904140e+08
1.854910e+08
1.810488e+08
1.781117e+08
1.739815e+08
1.653314e+08
1.645608e+08
1.538324e+08
1.476866e+08
1.430475e+08
1.370488e+08
1.300088e+08
1.263761e+08
1.254430e+08
1.226941e+08
1.158311e+08
1.085721e+08
1.046939e+08
9.989180e+07
9.924239e+07
9.368663e+07
8.935962e+07
8.358467e+07
8.293783e+07
7.984462e+07
7.631530e+07
6.967919e+07
6.092268e+07
5.705337e+07
5.037071e+07
3.674660e+07
2.621655e+07
2.577848e+07
2.016601e+07
1.878249e+07
1.586393e+07
1.017475e+07
3.968431e+06
