2.156595e+12
1.842849e+12
1.768120e+12
1.496808e+12
1.359204e+12
1.324631e+12
1.232603e+12
1.179628e+12
1.089594e+12
9.410917e+11
9.373342e+11
8.983946e+11
8.901313e+11
7.927826e+11
7.705432e+11
7.271937e+11
6.949608e+11
6.775466e+11
6.602439e+11
6.391046e+11
6.116732e+11
5.869087e+11
5.424691e+11
5.172031e+11
4.891407e+11
4.855319e+11
4.686803e+11
4.316451e+11
4.274531e+11
4.075115e+11
3.902626e+11
3.824496e+11
3.530331e+11
3.460128e+11
3.441084e+11
3.389524e+11
3.224930e+11
3.159429e+11
3.083327e+11
3.049157e+11
2.915627e+11
2.768990e+11
2.709066e+11
2.525615e+11
2.488650e+11
2.402324e+11
2.315800e+11
2.267695e+11
2.230013e+11
2.205590e+11
2.102233e+11
1.984589e+11
1.968735e+11
1.877913e+11
1.848952e+11
1.793741e+11
1.766655e+11
1.746943e+11
1.691532e+11
1.672559e+11
1.618978e+11
1.607707e+11
1.552474e+11
1.533657e+11
1.509367e+11
1.456663e+11
1.410122e+11
1.366544e+11
1.342495e+11
1.309770e+11
1.295382e+11
1.251197e+11
1.225718e+11
1.196326e+11
1.168608e+11
1.137697e+11
1.114971e+11
1.101011e+11
1.076122e+11
1.053884e+11
1.028204e+11
1.014884e+11
9.904985e+10
9.639997e+10
9.472969e+10
9.159265e+10
9.107190e+10
8.868207e+10
8.698062e+10
8.563350e+10
8.520896e+10
8.367426e+10
8.219281e+10
7.951752e+10
7.616988e+10
7.529735e+10
7.426621e+10
7.284019e+10
7.215830e+10
7.086037e+10
6.989985e+10
6.844400e+10
6.680872e+10
6.618907e+10
6.541747e+10
6.399928e+10
6.162395e+10
6.117101e+10
6.022345e+10
5.883336e+10
5.789064e+10
5.717520e+10
5.642911e+10
5.467768e+10
5.352895e+10
5.255448e+10
5.002185e+10
4.940009e+10
4.800570e+10
4.624794e+10
4.550470e+10
4.438938e+10
4.294559e+10
4.125493e+10
3.992661e+10
2.738621e+10
2.063686e+10
3.549806e+09
