5.853305e+04
1.213969e+04
7.804510e+03
1.548456e+03
9.542564e+02
7.098516e+02
5.905782e+02
3.028414e+02
2.719457e+02
2.656497e+02
1.911646e+02
1.577439e+02
1.210731e+02
1.061307e+02
9.782925e+01
9.444491e+01
7.957084e+01
5.332157e+01
5.173036e+01
4.482428e+01
3.131827e+01
2.735365e+01
2.298204e+01
1.907744e+01
1.707190e+01
1.510841e+01
1.443087e+01
1.260347e+01
1.024242e+01
8.706676e+00
8.050744e+00
7.371441e+00
5.990531e+00
5.811198e+00
4.803565e+00
4.300981e+00
3.493348e+00
3.083229e+00
2.637411e+00
2.147688e+00
1.899537e+00
1.682778e+00
1.500389e+00
1.093722e+00
9.271302e-01
7.836679e-01
6.268958e-01
5.242784e-01
4.988450e-01
4.899051e-01
4.377746e-01
3.024246e-01
2.365011e-01
2.021967e-01
1.665797e-01
1.290115e-01
9.673463e-02
7.234506e-02
6.760852e-02
5.434418e-02
4.047903e-02
2.760385e-02
2.336812e-02
2.082635e-02
1.956685e-02
1.661235e-02
1.441389e-02
1.249429e-02
1.146567e-02
9.081732e-03
7.165148e-03
6.414659e-03
5.544787e-03
4.423697e-03
3.933277e-03
3.039877e-03
2.475074e-03
2.184910e-03
2.110696e-03
1.849192e-03
1.551286e-03
1.341661e-03
1.285103e-03
1.159037e-03
1.073408e-03
1.028346e-03
9.814857e-04
8.939733e-04
8.023583e-04
7.810995e-04
7.401451e-04
7.008897e-04
6.743919e-04
6.689948e-04
6.545563e-04
6.282764e-04
6.042783e-04
5.745405e-04
5.645514e-04
5.524568e-04
5.457355e-04
5.342594e-04
5.216961e-04
5.200382e-04
5.100162e-04
5.036944e-04
4.930974e-04
4.879851e-04
4.823133e-04
4.785621e-04
4.662419e-04
4.556303e-04
4.477691e-04
4.394776e-04
4.348567e-04
4.289159e-04
4.211988e-04
4.155505e-04
4.083351e-04
4.055889e-04
3.996263e-04
3.901399e-04
3.871919e-04
3.835201e-04
3.790032e-04
3.734796e-04
3.714768e-04
3.634703e-04
3.616606e-04
3.530070e-04
3.518350e-04
3.479019e-04
3.460036e-04
3.427462e-04
3.392602e-04
3.314650e-04
3.271039e-04
3.215305e-04
3.193103e-04
3.171985e-04
3.154239e-04
3.116552e-04
3.088007e-04
3.042856e-04
3.007410e-04
2.990559e-04
2.967863e-04
2.941037e-04
2.911912e-04
2.851261e-04
2.806236e-04
2.766474e-04
2.757297e-04
2.732363e-04
2.675612e-04
2.658125e-04
2.613090e-04
2.588231e-04
2.562165e-04
2.520857e-04
2.483125e-04
2.447539e-04
2.433955e-04
2.402025e-04
2.384149e-04
2.339995e-04
2.324826e-04
2.302314e-04
2.292912e-04
2.248637e-04
2.205279e-04
2.177059e-04
2.152958e-04
2.139622e-04
2.125729e-04
2.096127e-04
2.059801e-04
2.022589e-04
1.994658e-04
1.964379e-04
1.927321e-04
1.908240e-04
1.872611e-04
1.839246e-04
1.809626e-04
1.778487e-04
1.733161e-04
1.730687e-04
1.699310e-04
1.685539e-04
1.632747e-04
1.607462e-04
1.592118e-04
1.532666e-04
1.526994e-04
1.510914e-04
1.485377e-04
1.477458e-04
1.449320e-04
1.403952e-04
1.389050e-04
1.351229e-04
1.343966e-04
1.315916e-04
1.294465e-04
1.254073e-04
1.237255e-04
1.221299e-04
1.186965e-04
1.152281e-04
1.129236e-04
1.108417e-04
1.066659e-04
1.048118e-04
1.029833e-04
1.014417e-04
9.825418e-05
9.742613e-05
9.468148e-05
9.190444e-05
8.748691e-05
8.700931e-05
8.180082e-05
7.960438e-05
7.661684e-05
7.548160e-05
7.318566e-05
6.895862e-05
6.744830e-05
6.714812e-05
6.425360e-05
6.164205e-05
5.884721e-05
5.711389e-05
5.368747e-05
5.234206e-05
4.901682e-05
4.707213e-05
4.396971e-05
4.198404e-05
3.913114e-05
3.762763e-05
3.467447e-05
3.242457e-05
3.204663e-05
2.893064e-05
2.699671e-05
2.451995e-05
2.006952e-05
1.849791e-05
1.421135e-05
1.115977e-05
1.039962e-05
6.466231e-06
4.334616e-06
3.547868e-06
1.073508e-06
3.502734e-07
7.105427e-14
-2.917496e-06
-6.243331e-06
-7.608327e-06
-1.031303e-05
-1.144114e-05
-1.401826e-05
-1.562439e-05
-1.844295e-05
-2.380899e-05
-2.500279e-05
-2.625417e-05
-2.821055e-05
-3.154690e-05
-3.226437e-05
-3.542264e-05
-3.684847e-05
-4.142106e-05
-4.391672e-05
-4.523732e-05
-4.929002e-05
-5.380630e-05
-5.395805e-05
-5.467356e-05
-5.705305e-05
-5.946302e-05
-6.171995e-05
-6.239442e-05
-6.432604e-05
-6.855113e-05
-7.131109e-05
-7.451957e-05
-7.545223e-05
-7.719346e-05
-7.982562e-05
-8.254196e-05
-8.426810e-05
-9.119671e-05
-9.411188e-05
-9.796888e-05
-9.871819e-05
-9.938055e-05
-1.011630e-04
-1.048181e-04
-1.097172e-04
-1.105451e-04
-1.127837e-04
-1.147420e-04
-1.163459e-04
-1.194133e-04
-1.243387e-04
-1.258708e-04
-1.284095e-04
-1.295857e-04
-1.343259e-04
-1.351918e-04
-1.370965e-04
-1.402802e-04
-1.409333e-04
-1.461010e-04
-1.490625e-04
-1.548791e-04
-1.569616e-04
-1.609532e-04
-1.624068e-04
-1.647642e-04
-1.669267e-04
-1.691990e-04
-1.709187e-04
-1.727151e-04
-1.811758e-04
-1.839152e-04
-1.849411e-04
-1.883422e-04
-1.903004e-04
-1.972098e-04
-2.001429e-04
-2.017059e-04
-2.079357e-04
-2.111654e-04
-2.141397e-04
-2.150535e-04
-2.161761e-04
-2.195008e-04
-2.237814e-04
-2.259607e-04
-2.307334e-04
-2.396253e-04
-2.404365e-04
-2.426005e-04
-2.465852e-04
-2.500883e-04
-2.538213e-04
-2.595869e-04
-2.640301e-04
-2.668007e-04
-2.699259e-04
-2.778882e-04
-2.809139e-04
-2.875359e-04
-2.921894e-04
-2.939315e-04
-2.965421e-04
-3.006508e-04
-3.133157e-04
-3.143479e-04
-3.213102e-04
-3.229685e-04
-3.269591e-04
-3.337957e-04
-3.404017e-04
-3.500050e-04
-3.540106e-04
-3.627827e-04
-3.768535e-04
-3.897141e-04
-3.966691e-04
-4.247132e-04
-4.448066e-04
-4.601827e-04
-6.222281e-04
-6.386972e-04
-7.011180e-04
-8.022213e-04
-1.301801e-03
-1.441513e-03
