1.235636e+08
2.317156e+07
1.915918e+06
1.059072e+06
8.083140e+05
2.949616e+05
2.037211e+05
1.154644e+05
1.460378e+04
8.772504e+03
2.589410e+03
6.697700e+02
4.866986e+02
9.838688e+01
7.861166e+01
5.766227e+01
5.386279e+01
4.490242e+01
3.728431e+01
2.733063e+01
2.554268e+01
2.211590e+01
1.994122e+01
1.763244e+01
1.532672e+01
1.439909e+01
1.335758e+01
1.207172e+01
1.169382e+01
1.057405e+01
1.026226e+01
8.835080e+00
8.510671e+00
8.110888e+00
7.659145e+00
7.514588e+00
7.030215e+00
6.894085e+00
6.415009e+00
6.124256e+00
5.960629e+00
5.348641e+00
5.061118e+00
4.998632e+00
4.560036e+00
4.451555e+00
4.175467e+00
4.012938e+00
3.838360e+00
3.671332e+00
3.488964e+00
3.256299e+00
2.976357e+00
2.708015e+00
2.586655e+00
2.337717e+00
2.149895e+00
1.996641e+00
1.837986e+00
1.743550e+00
1.376692e+00
1.185467e+00
1.144657e+00
1.064689e+00
8.749107e-01
7.813260e-01
6.740516e-01
6.376994e-01
4.037137e-01
3.156511e-01
2.855094e-01
1.867111e-01
1.104072e-01
7.700931e-02
5.232261e-02
3.395586e-02
1.074845e-09
6.915847e-10
-5.928089e-10
-9.277106e-03
-4.664779e-02
-6.411669e-02
-1.278484e-01
-1.717066e-01
-3.022681e-01
-3.946826e-01
-4.120209e-01
-4.662323e-01
-6.089944e-01
-6.966026e-01
-7.419212e-01
-8.955886e-01
-9.700435e-01
-1.023742e+00
-1.211487e+00
-1.397596e+00
-1.476098e+00
-1.917063e+00
-1.976045e+00
-2.268337e+00
-2.524158e+00
-2.605187e+00
-3.061771e+00
-3.535284e+00
-3.648861e+00
-3.911947e+00
-4.343932e+00
-4.900301e+00
-5.311032e+00
-5.766536e+00
-6.173148e+00
-6.514019e+00
-6.733473e+00
-7.316667e+00
-8.033154e+00
-8.827764e+00
-1.123077e+01
-1.274139e+01
-1.561933e+01
-1.638172e+01
-1.874674e+01
-2.238176e+01
-2.329556e+01
-3.193165e+01
-3.740836e+01
-4.425333e+01
-4.893129e+01
-6.470377e+01
