3.725902e+05
2.401024e+05
1.806468e+05
1.744270e+05
1.313909e+05
1.226766e+05
1.118522e+05
1.047209e+05
9.617119e+04
8.679720e+04
7.933787e+04
6.309304e+04
5.994879e+04
5.181893e+04
4.423289e+04
3.901807e+04
3.316595e+04
3.073723e+04
2.053132e+04
1.812542e+04
1.436594e+04
1.247553e+04
1.100408e+04
1.090920e+04
8.391688e+03
8.131663e+03
6.522296e+03
6.361539e+03
4.903516e+03
4.671794e+03
4.133253e+03
3.107121e+03
2.394222e+03
2.202473e+03
2.094543e+03
1.753270e+03
1.535880e+03
1.276703e+03
1.180976e+03
9.394096e+02
7.623282e+02
7.146860e+02
6.544331e+02
5.107734e+02
4.828983e+02
4.283058e+02
2.926456e+02
2.483964e+02
2.444773e+02
1.856845e+02
1.568102e+02
1.249060e+02
1.128488e+02
1.019895e+02
6.001920e+01
4.912982e+01
4.497406e+01
3.566352e+01
2.918010e+01
2.489792e+01
2.318417e+01
1.901200e+01
1.580692e+01
1.338469e+01
1.193511e+01
1.011622e+01
9.110959e+00
7.761262e+00
6.187968e+00
5.591657e+00
4.607045e+00
3.925724e+00
3.808287e+00
3.498664e+00
3.087384e+00
2.262682e+00
1.430300e+00
8.942234e-01
6.946335e-01
5.088778e-01
4.279241e-01
3.700151e-01
3.541848e-01
3.281355e-01
2.132965e-01
2.029130e-01
1.977556e-01
7.969399e-02
7.613529e-02
7.322446e-02
6.574825e-02
6.062446e-02
5.324313e-02
3.721378e-02
3.373485e-02
3.291946e-02
3.065861e-02
2.932491e-02
2.784205e-02
2.761273e-02
2.697792e-02
2.571105e-02
2.470594e-02
2.401303e-02
2.381252e-02
2.244892e-02
2.190005e-02
2.138535e-02
2.119529e-02
2.070775e-02
2.034095e-02
2.017526e-02
1.967955e-02
1.910155e-02
1.901216e-02
1.792875e-02
1.652212e-02
1.592050e-02
1.544023e-02
1.534952e-02
1.495047e-02
1.448198e-02
1.259158e-02
1.226241e-02
9.435309e-03
6.095891e-03
-1.554339e-12
-5.792890e-12
