1.277232e+05
6.471158e+03
2.945750e+03
2.754524e+03
1.742314e+03
1.502886e+03
1.465895e+03
1.026587e+03
8.913817e+02
6.747925e+02
6.397077e+02
4.771017e+02
2.845657e+02
2.698498e+02
2.175673e+02
1.971552e+02
1.622023e+02
1.614326e+02
1.340774e+02
1.164002e+02
1.146552e+02
1.093425e+02
9.056148e+01
8.143445e+01
7.266519e+01
6.482861e+01
5.992293e+01
5.704634e+01
5.490067e+01
5.196493e+01
4.741389e+01
4.191271e+01
3.718422e+01
3.615302e+01
3.367361e+01
3.176289e+01
3.043334e+01
2.953939e+01
2.807238e+01
2.631785e+01
2.531560e+01
2.214553e+01
2.151905e+01
2.021875e+01
1.711149e+01
1.602637e+01
1.428157e+01
1.384619e+01
1.192390e+01
1.090971e+01
1.044633e+01
1.013976e+01
9.302038e+00
8.681457e+00
8.545443e+00
7.958040e+00
7.220396e+00
6.723136e+00
5.806247e+00
5.489911e+00
5.082232e+00
4.773528e+00
4.627779e+00
3.826209e+00
3.798903e+00
3.257027e+00
2.999374e+00
2.909508e+00
2.711545e+00
2.618201e+00
2.478642e+00
2.230245e+00
2.111474e+00
2.024305e+00
1.812762e+00
1.757667e+00
1.465299e+00
1.420775e+00
1.323587e+00
1.180895e+00
1.117846e+00
1.029878e+00
1.015141e+00
8.879417e-01
8.596943e-01
8.211208e-01
7.850515e-01
7.297284e-01
6.753070e-01
6.375991e-01
5.678765e-01
5.268385e-01
5.227134e-01
4.637167e-01
4.368558e-01
4.061402e-01
3.961453e-01
3.698834e-01
3.591909e-01
3.485837e-01
3.193169e-01
3.037069e-01
2.727278e-01
2.700011e-01
2.510170e-01
2.311672e-01
2.051490e-01
1.903738e-01
1.732670e-01
1.658754e-01
1.545945e-01
1.426951e-01
1.389939e-01
1.379556e-01
1.219485e-01
1.148333e-01
1.082780e-01
1.022201e-01
9.546044e-02
9.258532e-02
8.876178e-02
7.564396e-02
6.806107e-02
6.501538e-02
5.891757e-02
5.829103e-02
5.464398e-02
5.142118e-02
4.213592e-02
4.014475e-02
3.967957e-02
3.816053e-02
3.494516e-02
3.095326e-02
2.999936e-02
2.898495e-02
2.730061e-02
2.437660e-02
2.327642e-02
2.185701e-02
1.864909e-02
1.817468e-02
1.658684e-02
1.592070e-02
1.445606e-02
1.341826e-02
1.271241e-02
1.176906e-02
9.978039e-03
9.803766e-03
9.422023e-03
9.072321e-03
8.693896e-03
8.237428e-03
6.799407e-03
5.961312e-03
5.640431e-03
4.993669e-03
4.753700e-03
4.304217e-03
3.999723e-03
3.764496e-03
3.438025e-03
3.400718e-03
3.177439e-03
2.957226e-03
2.923504e-03
2.815330e-03
2.457742e-03
2.328000e-03
2.252667e-03
2.118946e-03
2.006667e-03
1.963630e-03
1.784390e-03
1.755001e-03
1.655909e-03
1.541142e-03
1.530646e-03
1.464465e-03
1.421454e-03
1.419838e-03
1.404691e-03
1.376726e-03
1.322831e-03
1.317125e-03
1.291730e-03
1.281072e-03
1.273643e-03
1.243081e-03
1.232411e-03
1.206413e-03
1.203342e-03
1.181365e-03
1.144079e-03
1.138340e-03
1.123162e-03
1.097517e-03
1.082611e-03
1.068795e-03
1.066694e-03
1.062513e-03
1.047540e-03
1.029629e-03
1.024035e-03
9.919631e-04
9.879589e-04
9.677113e-04
9.637697e-04
9.327174e-04
9.268469e-04
9.197783e-04
9.106116e-04
8.794756e-04
8.718727e-04
8.644720e-04
8.569435e-04
8.374052e-04
8.248671e-04
8.222503e-04
8.103698e-04
8.019081e-04
7.865839e-04
7.756359e-04
7.647594e-04
7.565223e-04
7.470327e-04
7.365065e-04
7.253645e-04
7.175422e-04
7.099989e-04
6.866669e-04
6.859259e-04
6.764891e-04
6.655047e-04
6.593382e-04
6.440137e-04
6.394826e-04
6.347624e-04
6.240850e-04
6.076903e-04
5.904915e-04
5.875193e-04
5.752696e-04
5.694924e-04
5.618532e-04
5.498458e-04
5.411974e-04
5.287774e-04
5.234729e-04
4.915292e-04
4.898979e-04
4.856598e-04
4.697868e-04
4.634559e-04
4.573967e-04
4.451502e-04
4.350783e-04
4.339613e-04
4.195179e-04
4.139631e-04
4.013313e-04
3.954661e-04
3.891027e-04
3.740116e-04
3.671575e-04
3.623197e-04
3.425734e-04
3.390272e-04
3.244470e-04
3.156828e-04
3.092010e-04
3.047324e-04
2.969406e-04
2.782766e-04
2.659749e-04
2.525603e-04
2.485030e-04
2.350578e-04
2.311459e-04
2.133263e-04
2.106381e-04
2.063524e-04
1.888911e-04
1.752392e-04
1.715650e-04
1.643275e-04
1.544684e-04
1.465510e-04
1.288325e-04
1.258339e-04
1.158435e-04
1.076324e-04
1.050665e-04
1.014913e-04
8.688592e-05
7.737840e-05
5.933883e-05
5.589759e-05
4.801032e-05
3.954122e-05
2.746564e-05
2.420369e-05
2.207252e-05
1.304663e-05
-2.235758e-06
-4.234362e-06
-2.277967e-05
-3.345526e-05
-4.173623e-05
-5.520418e-05
-6.627710e-05
-6.856792e-05
-7.843255e-05
-9.387264e-05
-1.025894e-04
-1.064094e-04
-1.137390e-04
-1.285684e-04
-1.331116e-04
-1.399805e-04
-1.515925e-04
-1.573633e-04
-1.708080e-04
-1.779580e-04
-1.877937e-04
-2.032695e-04
-2.080587e-04
-2.154685e-04
-2.275385e-04
-2.405915e-04
-2.549638e-04
-2.700380e-04
-2.768291e-04
-2.797042e-04
-2.888466e-04
-3.019842e-04
-3.104990e-04
-3.264826e-04
-3.359046e-04
-3.579021e-04
-3.615560e-04
-3.701515e-04
-3.831437e-04
-3.843087e-04
-3.999194e-04
-4.110601e-04
-4.209510e-04
-4.344794e-04
-4.512833e-04
-4.533897e-04
-4.574425e-04
-4.675036e-04
-4.790576e-04
-4.958713e-04
-5.017580e-04
-5.186005e-04
-5.267504e-04
-5.426354e-04
-5.487835e-04
-5.740462e-04
-5.768471e-04
-5.942343e-04
-6.051726e-04
-6.173630e-04
-6.221957e-04
-6.432256e-04
-6.587809e-04
-6.638676e-04
-6.708870e-04
-6.858418e-04
-7.051377e-04
-7.277124e-04
-7.508562e-04
-7.689250e-04
-7.794359e-04
-7.914272e-04
-8.063074e-04
-8.345387e-04
-8.544427e-04
-9.105550e-04
-9.309423e-04
-9.490734e-04
-9.694610e-04
