3.360935e+12
2.596078e+12
2.391239e+12
2.203090e+12
1.939543e+12
1.608189e+12
1.548360e+12
1.456214e+12
1.377247e+12
1.296242e+12
1.267316e+12
1.160842e+12
1.057427e+12
1.024150e+12
9.737404e+11
9.546885e+11
9.084359e+11
8.850799e+11
8.551620e+11
8.445742e+11
7.982401e+11
7.769480e+11
7.717702e+11
7.237378e+11
6.684591e+11
6.288386e+11
6.155305e+11
5.890235e+11
5.698520e+11
5.594599e+11
5.245297e+11
5.093604e+11
5.084657e+11
4.807746e+11
4.652026e+11
4.585526e+11
4.476359e+11
4.315807e+11
4.216566e+11
4.097682e+11
4.060227e+11
3.738038e+11
3.712000e+11
3.511728e+11
3.492693e+11
3.476177e+11
3.343092e+11
3.224959e+11
3.173418e+11
3.165381e+11
3.035918e+11
2.988401e+11
2.830122e+11
2.773830e+11
2.678465e+11
2.590312e+11
2.525785e+11
2.435409e+11
2.373500e+11
2.342283e+11
2.247284e+11
2.176314e+11
2.165257e+11
2.124705e+11
2.075945e+11
2.030821e+11
1.995366e+11
1.932444e+11
1.886041e+11
1.807517e+11
1.766402e+11
1.737701e+11
1.713347e+11
1.677938e+11
1.658818e+11
1.636313e+11
1.597371e+11
1.565880e+11
1.544481e+11
1.529322e+11
1.503974e+11
1.464639e+11
1.431406e+11
1.376559e+11
1.366350e+11
1.327552e+11
1.285639e+11
1.253926e+11
1.244684e+11
1.234224e+11
1.213195e+11
1.173046e+11
1.156994e+11
1.155747e+11
1.117073e+11
1.100115e+11
1.076751e+11
1.062448e+11
1.055007e+11
1.017952e+11
1.005459e+11
9.764998e+10
9.678004e+10
9.357505e+10
9.040904e+10
8.930001e+10
8.866002e+10
8.636218e+10
8.534510e+10
8.230639e+10
8.125248e+10
7.793130e+10
7.652906e+10
7.552025e+10
7.480109e+10
7.250073e+10
7.021634e+10
6.947579e+10
6.787349e+10
6.568921e+10
6.260257e+10
6.208450e+10
5.864837e+10
5.630289e+10
5.164759e+10
4.901248e+10
3.668580e+10
3.620492e+10
