3.431575e+10
1.291131e+10
6.243003e+09
4.607303e+09
4.430152e+09
4.204109e+09
3.405700e+09
3.052207e+09
2.759744e+09
2.534627e+09
2.387897e+09
2.339394e+09
2.150048e+09
1.948504e+09
1.824544e+09
1.698693e+09
1.606570e+09
1.538616e+09
1.483211e+09
1.392411e+09
1.348536e+09
1.289920e+09
1.193829e+09
1.184989e+09
1.142702e+09
1.081686e+09
1.047787e+09
1.027021e+09
9.745745e+08
9.648596e+08
9.052996e+08
8.821731e+08
8.539503e+08
8.344858e+08
8.054344e+08
7.680618e+08
7.544348e+08
7.298085e+08
7.186785e+08
6.902649e+08
6.637437e+08
6.571637e+08
6.371693e+08
6.280093e+08
6.122326e+08
5.947548e+08
5.777220e+08
5.671889e+08
5.634177e+08
5.471498e+08
5.326472e+08
5.209325e+08
5.125251e+08
4.954642e+08
4.785740e+08
4.649188e+08
4.619536e+08
4.425412e+08
4.323819e+08
4.228775e+08
4.076372e+08
3.931889e+08
3.869460e+08
3.743589e+08
3.650468e+08
3.462129e+08
3.400556e+08
3.350084e+08
3.277580e+08
3.238179e+08
3.137556e+08
3.090934e+08
3.015043e+08
2.991173e+08
2.858230e+08
2.735164e+08
2.696826e+08
2.654369e+08
2.491140e+08
2.467059e+08
2.410609e+08
2.375091e+08
2.267008e+08
2.128925e+08
2.089451e+08
2.040087e+08
2.005296e+08
1.944791e+08
1.894244e+08
1.808941e+08
1.754054e+08
1.697571e+08
1.653968e+08
1.649627e+08
1.544833e+08
1.427833e+08
1.375639e+08
1.340126e+08
1.260256e+08
1.204963e+08
1.147762e+08
1.051027e+08
1.023071e+08
9.758153e+07
9.533528e+07
9.002129e+07
8.761083e+07
8.297805e+07
7.818328e+07
7.386402e+07
6.768759e+07
6.269013e+07
5.855094e+07
5.446367e+07
4.976565e+07
4.529526e+07
3.361218e+07
3.182363e+07
1.831989e+07
1.541093e+07
1.423518e+07
1.379413e+07
1.345630e+07
1.302159e+07
1.169753e+07
5.203002e+06
4.130780e+06
3.796272e+06
