8.469593e+04
3.465318e+03
2.273578e+03
1.845704e+03
1.293282e+03
8.171514e+02
6.350066e+02
4.364999e+02
3.575764e+02
3.163199e+02
3.109156e+02
2.726527e+02
2.452151e+02
2.136522e+02
2.083653e+02
1.998226e+02
1.746263e+02
1.586767e+02
1.531570e+02
1.449624e+02
1.336216e+02
1.315682e+02
1.238056e+02
1.171616e+02
1.081472e+02
1.001162e+02
9.457173e+01
9.385233e+01
8.593718e+01
8.486550e+01
8.080938e+01
7.725143e+01
7.170538e+01
6.475278e+01
6.332353e+01
6.156837e+01
6.002654e+01
5.368300e+01
5.180407e+01
5.092541e+01
4.692392e+01
3.904951e+01
3.694536e+01
3.648167e+01
3.568513e+01
3.283212e+01
3.076730e+01
3.060682e+01
2.681591e+01
2.548089e+01
2.442045e+01
2.349325e+01
2.193681e+01
1.932237e+01
1.889714e+01
1.749867e+01
1.658266e+01
1.574043e+01
1.444138e+01
1.386769e+01
1.345835e+01
1.228293e+01
1.125403e+01
1.060085e+01
1.032876e+01
9.435102e+00
8.792838e+00
8.365625e+00
7.908487e+00
7.150320e+00
6.522627e+00
5.973031e+00
5.607981e+00
5.041936e+00
4.837801e+00
4.703356e+00
4.259959e+00
4.222830e+00
3.957652e+00
3.641465e+00
3.492803e+00
3.294605e+00
3.171730e+00
2.872645e+00
2.678714e+00
2.601173e+00
2.448264e+00
2.299291e+00
2.167872e+00
2.084151e+00
2.023293e+00
1.881115e+00
1.850219e+00
1.703057e+00
1.636666e+00
1.535930e+00
1.513964e+00
1.403128e+00
1.281693e+00
1.152779e+00
1.137276e+00
1.049082e+00
9.230835e-01
9.138030e-01
8.663459e-01
8.392079e-01
8.212749e-01
7.842607e-01
7.375218e-01
6.870444e-01
6.348741e-01
6.098405e-01
5.839748e-01
5.826886e-01
5.337848e-01
5.234012e-01
4.855313e-01
4.615610e-01
4.360184e-01
4.151909e-01
3.898479e-01
3.819751e-01
3.718113e-01
3.440397e-01
3.392042e-01
3.202049e-01
3.007761e-01
2.843112e-01
2.758918e-01
2.574440e-01
2.429581e-01
2.119886e-01
2.091645e-01
1.950627e-01
1.795065e-01
1.683843e-01
1.647651e-01
1.546613e-01
1.492656e-01
1.473708e-01
1.389167e-01
1.340242e-01
1.279079e-01
1.212101e-01
1.194692e-01
1.160603e-01
1.138236e-01
1.088093e-01
1.002832e-01
9.338191e-02
7.869955e-02
6.990982e-02
6.775068e-02
6.208664e-02
5.955224e-02
5.673683e-02
4.992369e-02
4.891409e-02
4.228152e-02
4.112642e-02
3.992535e-02
3.656306e-02
3.491326e-02
3.304211e-02
3.115244e-02
2.873138e-02
2.808326e-02
2.404201e-02
2.304542e-02
2.120123e-02
2.064169e-02
2.012904e-02
1.961258e-02
1.848596e-02
1.777265e-02
1.692723e-02
1.560136e-02
1.538587e-02
1.458705e-02
1.381497e-02
1.361356e-02
1.296408e-02
1.269671e-02
1.133706e-02
1.080929e-02
1.030879e-02
9.441999e-03
9.294365e-03
8.611100e-03
8.096358e-03
7.766407e-03
7.183053e-03
6.187099e-03
5.990433e-03
5.276522e-03
5.143880e-03
5.048770e-03
4.940934e-03
4.586295e-03
4.370625e-03
4.259977e-03
3.931017e-03
3.678574e-03
3.439707e-03
3.197160e-03
3.097171e-03
2.981889e-03
2.966872e-03
2.728185e-03
2.670974e-03
2.595155e-03
2.421158e-03
2.390661e-03
2.314515e-03
2.206570e-03
2.110439e-03
2.024804e-03
1.917858e-03
1.707236e-03
1.620708e-03
1.591938e-03
1.514795e-03
1.460483e-03
1.451160e-03
1.385239e-03
1.355390e-03
1.319475e-03
1.291641e-03
1.230776e-03
1.208666e-03
1.196731e-03
1.178671e-03
1.159894e-03
1.137143e-03
1.123048e-03
1.116445e-03
1.092119e-03
1.083444e-03
1.059872e-03
1.032708e-03
1.024127e-03
1.008269e-03
1.000296e-03
9.744241e-04
9.645608e-04
9.437455e-04
9.401736e-04
9.206925e-04
9.112102e-04
8.981078e-04
8.758520e-04
8.532039e-04
8.412916e-04
8.388525e-04
8.348075e-04
8.163911e-04
8.042954e-04
7.878514e-04
7.785281e-04
7.716096e-04
7.610039e-04
7.535367e-04
7.464376e-04
7.290920e-04
7.259343e-04
7.085750e-04
7.009088e-04
6.956785e-04
6.865251e-04
6.500601e-04
6.480780e-04
6.395776e-04
6.362681e-04
6.229950e-04
6.144755e-04
6.095248e-04
5.884240e-04
5.725804e-04
5.697763e-04
5.655696e-04
5.476329e-04
5.421332e-04
5.275735e-04
5.245152e-04
5.124479e-04
5.050727e-04
4.958372e-04
4.892252e-04
4.831132e-04
4.707039e-04
4.613767e-04
4.521794e-04
4.494070e-04
4.295078e-04
4.237088e-04
4.129472e-04
4.051724e-04
3.993756e-04
3.867178e-04
3.797374e-04
3.712240e-04
3.635776e-04
3.567821e-04
3.534212e-04
3.421177e-04
3.334647e-04
3.146858e-04
3.039542e-04
3.008315e-04
2.920627e-04
2.806285e-04
2.758092e-04
2.505943e-04
2.410503e-04
2.394465e-04
2.266922e-04
2.053162e-04
2.020216e-04
1.972071e-04
1.870110e-04
1.818522e-04
1.712718e-04
1.708883e-04
1.575853e-04
1.474787e-04
1.354778e-04
1.231710e-04
1.123573e-04
1.055585e-04
9.616897e-05
9.279814e-05
6.902350e-05
6.781775e-05
6.140816e-05
4.244991e-05
3.069713e-05
2.451184e-05
1.545947e-05
1.002385e-05
9.520068e-14
-3.842511e-14
-3.358382e-07
-1.275693e-05
-1.501450e-05
-2.051960e-05
-2.349879e-05
-3.528495e-05
-5.076007e-05
-7.051901e-05
-7.719824e-05
-8.483708e-05
-1.031398e-04
-1.113167e-04
-1.158137e-04
-1.408800e-04
-1.508769e-04
-1.541197e-04
-1.654633e-04
-1.755308e-04
-1.911946e-04
-1.992804e-04
-2.143108e-04
-2.292120e-04
-2.361872e-04
-2.474681e-04
-2.564526e-04
-2.821566e-04
-2.975281e-04
-3.001172e-04
-3.170812e-04
-3.269092e-04
-3.329758e-04
-3.411581e-04
-3.622531e-04
-3.801553e-04
-3.851301e-04
-4.209034e-04
-4.347107e-04
-4.525471e-04
-4.836369e-04
-5.105392e-04
-5.212381e-04
-5.361771e-04
-5.601096e-04
