8.645334e+04
3.325913e+03
2.373120e+03
1.778114e+03
1.147592e+03
7.607961e+02
5.427047e+02
4.411906e+02
2.982585e+02
2.819692e+02
2.701111e+02
2.615740e+02
1.978438e+02
1.781721e+02
1.709173e+02
1.488459e+02
1.459467e+02
1.312647e+02
1.283877e+02
1.207386e+02
1.107947e+02
1.078960e+02
9.748435e+01
9.270711e+01
8.925711e+01
8.272874e+01
8.025683e+01
7.435134e+01
6.574924e+01
6.460716e+01
6.254279e+01
5.820599e+01
5.648911e+01
5.061463e+01
4.797183e+01
4.365960e+01
4.189165e+01
4.042526e+01
3.839876e+01
3.472706e+01
3.153867e+01
2.975171e+01
2.750840e+01
2.619258e+01
2.562989e+01
2.393578e+01
2.271130e+01
2.064314e+01
1.940190e+01
1.782961e+01
1.697283e+01
1.608310e+01
1.533995e+01
1.444555e+01
1.333348e+01
1.298081e+01
1.183371e+01
1.085945e+01
9.933520e+00
9.747327e+00
9.023338e+00
8.031041e+00
7.414877e+00
7.107293e+00
6.731989e+00
5.925865e+00
5.669593e+00
5.534839e+00
4.925145e+00
4.565032e+00
3.948351e+00
3.630807e+00
3.506064e+00
3.335325e+00
2.863180e+00
2.734061e+00
2.568735e+00
2.385344e+00
2.292214e+00
2.148489e+00
2.011363e+00
1.862382e+00
1.778409e+00
1.613081e+00
1.487250e+00
1.454287e+00
1.380365e+00
1.347822e+00
1.322411e+00
1.259436e+00
1.093996e+00
1.052420e+00
1.023777e+00
9.770179e-01
9.129350e-01
8.743081e-01
7.897115e-01
7.672240e-01
7.274202e-01
6.633734e-01
6.431537e-01
6.065516e-01
5.701296e-01
5.411005e-01
5.211958e-01
4.908167e-01
4.661167e-01
4.400070e-01
4.192668e-01
3.897898e-01
3.726317e-01
3.559767e-01
3.197103e-01
3.122270e-01
2.920724e-01
2.753975e-01
2.652205e-01
2.554852e-01
2.395592e-01
2.256571e-01
2.167344e-01
2.096567e-01
1.968034e-01
1.669013e-01
1.613957e-01
1.520763e-01
1.439286e-01
1.381138e-01
1.308824e-01
1.232334e-01
1.168066e-01
1.104856e-01
1.033325e-01
9.766363e-02
9.291895e-02
8.485150e-02
8.160152e-02
7.608823e-02
7.234057e-02
7.125058e-02
6.647416e-02
6.485040e-02
5.817388e-02
5.379806e-02
5.288546e-02
4.953711e-02
4.650630e-02
4.573862e-02
4.112812e-02
3.885980e-02
3.756817e-02
3.683520e-02
3.560002e-02
3.286214e-02
3.131294e-02
3.025301e-02
2.843052e-02
2.693395e-02
2.457926e-02
2.289892e-02
2.177746e-02
2.149900e-02
2.000429e-02
1.880809e-02
1.781613e-02
1.653711e-02
1.473895e-02
1.316490e-02
1.224343e-02
1.144092e-02
1.058755e-02
1.013539e-02
9.987704e-03
9.377718e-03
9.047941e-03
8.399840e-03
7.871727e-03
7.704882e-03
7.465872e-03
6.587856e-03
6.013758e-03
5.856656e-03
5.118689e-03
4.876149e-03
4.585713e-03
4.395999e-03
4.286668e-03
4.039546e-03
3.853161e-03
3.688024e-03
3.584898e-03
3.395737e-03
3.155936e-03
3.058618e-03
3.010268e-03
2.585623e-03
2.490053e-03
2.403521e-03
2.314403e-03
2.144531e-03
2.088987e-03
2.010582e-03
1.940456e-03
1.878916e-03
1.817670e-03
1.658297e-03
1.620044e-03
1.607221e-03
1.585880e-03
1.558879e-03
1.500844e-03
1.482075e-03
1.465632e-03
1.419259e-03
1.357762e-03
1.314838e-03
1.300540e-03
1.293017e-03
1.270011e-03
1.241583e-03
1.237231e-03
1.193964e-03
1.147052e-03
1.129511e-03
1.120046e-03
1.109937e-03
1.083220e-03
1.067458e-03
1.045035e-03
1.033100e-03
1.026782e-03
1.005822e-03
9.914879e-04
9.614354e-04
9.534350e-04
9.442957e-04
9.277352e-04
9.251772e-04
8.974352e-04
8.945524e-04
8.890283e-04
8.803553e-04
8.656539e-04
8.538606e-04
8.379656e-04
8.321527e-04
8.187389e-04
8.045798e-04
7.946821e-04
7.749835e-04
7.522973e-04
7.505362e-04
7.400688e-04
7.274633e-04
7.159338e-04
7.077954e-04
7.044270e-04
6.826204e-04
6.778848e-04
6.751658e-04
6.684447e-04
6.521076e-04
6.379262e-04
6.336641e-04
6.212874e-04
6.123005e-04
6.068680e-04
5.934853e-04
5.706465e-04
5.613950e-04
5.522022e-04
5.454723e-04
5.392253e-04
5.299576e-04
5.183822e-04
5.078997e-04
4.899736e-04
4.803295e-04
4.682795e-04
4.672547e-04
4.499354e-04
4.429318e-04
4.371672e-04
4.273292e-04
4.198628e-04
4.048838e-04
3.942016e-04
3.923257e-04
3.818438e-04
3.772631e-04
3.680172e-04
3.587077e-04
3.479866e-04
3.317631e-04
3.206209e-04
3.133306e-04
3.035350e-04
2.924143e-04
2.858356e-04
2.721590e-04
2.657482e-04
2.599751e-04
2.541314e-04
2.461269e-04
2.318673e-04
2.253470e-04
2.194030e-04
2.122930e-04
1.968468e-04
1.858855e-04
1.761378e-04
1.672183e-04
1.644239e-04
1.503454e-04
1.441399e-04
1.320638e-04
1.208055e-04
1.063667e-04
9.949738e-05
9.436723e-05
7.881703e-05
7.061062e-05
6.569015e-05
5.143134e-05
4.243838e-05
3.077012e-05
2.513902e-05
1.784030e-05
5.549248e-06
2.169550e-13
5.512296e-14
-2.269919e-14
-9.163284e-14
-1.586504e-13
-2.561674e-06
-8.400878e-06
-2.312907e-05
-3.309446e-05
-4.149465e-05
-4.303805e-05
-5.704135e-05
-6.612601e-05
-7.179146e-05
-7.355730e-05
-8.642972e-05
-9.644049e-05
-1.113059e-04
-1.197986e-04
-1.287485e-04
-1.434560e-04
-1.568156e-04
-1.654410e-04
-1.716693e-04
-1.868504e-04
-2.029897e-04
-2.146821e-04
-2.158186e-04
-2.234397e-04
-2.385751e-04
-2.541435e-04
-2.667625e-04
-2.714964e-04
-2.829657e-04
-3.066697e-04
-3.102247e-04
-3.235271e-04
-3.355810e-04
-3.590184e-04
-3.727973e-04
-3.850461e-04
-3.912223e-04
-4.057864e-04
-4.222248e-04
-4.364616e-04
-4.402919e-04
-4.544125e-04
-4.709027e-04
-4.761265e-04
-4.865517e-04
-5.152719e-04
-5.332789e-04
-5.606078e-04
-5.782769e-04
-5.965654e-04
