4.031138e+05
3.482178e+05
2.719251e+05
2.402651e+05
1.817522e+05
1.706689e+05
1.566656e+05
1.482670e+05
1.373510e+05
1.294912e+05
1.115707e+05
9.586071e+04
9.331798e+04
8.443373e+04
7.426395e+04
6.809355e+04
6.311326e+04
4.683916e+04
4.101132e+04
3.642259e+04
3.009468e+04
2.703024e+04
2.595052e+04
2.195614e+04
1.876663e+04
1.621839e+04
1.605274e+04
1.379698e+04
1.125798e+04
1.022201e+04
9.373471e+03
8.798803e+03
8.161524e+03
6.322839e+03
5.724452e+03
4.934243e+03
3.960177e+03
3.694220e+03
3.209298e+03
2.379287e+03
2.251187e+03
2.180993e+03
2.066452e+03
1.683740e+03
1.554799e+03
1.361893e+03
1.306551e+03
1.159560e+03
1.091049e+03
8.598854e+02
6.995219e+02
5.589747e+02
5.216366e+02
4.864124e+02
4.450339e+02
3.922474e+02
3.403926e+02
3.115312e+02
2.649733e+02
1.832132e+02
1.816889e+02
1.440695e+02
1.233321e+02
9.537491e+01
9.163489e+01
8.634564e+01
6.513490e+01
5.203246e+01
5.038558e+01
4.227167e+01
3.025420e+01
2.264972e+01
1.844233e+01
1.664497e+01
1.590641e+01
1.263529e+01
9.045582e+00
5.034296e+00
4.358393e+00
4.243579e+00
3.571643e+00
3.463833e+00
2.414774e+00
2.213330e+00
2.096992e+00
1.991299e+00
1.634831e+00
1.254458e+00
1.144495e+00
9.848836e-01
8.414261e-01
6.909153e-01
4.672189e-01
4.216186e-01
3.364032e-01
2.015340e-01
1.707548e-01
1.547961e-01
1.474370e-01
1.390057e-01
1.084410e-01
9.244148e-02
8.638034e-02
8.279186e-02
6.308125e-02
5.471263e-02
4.792554e-02
4.558545e-02
4.102219e-02
4.008718e-02
3.607880e-02
3.544483e-02
3.451950e-02
3.420359e-02
3.393465e-02
3.176282e-02
2.982554e-02
2.739034e-02
2.723443e-02
2.573945e-02
2.534446e-02
2.426314e-02
2.306794e-02
2.265044e-02
2.191425e-02
2.366655e-11
3.812624e-12
1.013362e-12
