8.801274e+12
7.148739e+12
4.829822e+12
3.970156e+12
3.555412e+12
3.434993e+12
3.115760e+12
2.864363e+12
2.703620e+12
2.634332e+12
2.493077e+12
2.231637e+12
2.124839e+12
2.079826e+12
1.975668e+12
1.879595e+12
1.809299e+12
1.784234e+12
1.676536e+12
1.618356e+12
1.583147e+12
1.534388e+12
1.502098e+12
1.442520e+12
1.418221e+12
1.382327e+12
1.319576e+12
1.256181e+12
1.211709e+12
1.206623e+12
1.123274e+12
1.109463e+12
1.090016e+12
1.060727e+12
1.026992e+12
1.008133e+12
9.945690e+11
9.840843e+11
9.612989e+11
9.374566e+11
8.876924e+11
8.755049e+11
8.356656e+11
8.204175e+11
8.145961e+11
8.134763e+11
8.061609e+11
7.832847e+11
7.589238e+11
7.398364e+11
7.262071e+11
7.150575e+11
6.966272e+11
6.857471e+11
6.697225e+11
6.569722e+11
6.450703e+11
6.363886e+11
6.290250e+11
6.157729e+11
5.946177e+11
5.764254e+11
5.729391e+11
5.697246e+11
5.586918e+11
5.430802e+11
5.374740e+11
5.308512e+11
5.282105e+11
5.136888e+11
5.087733e+11
5.061879e+11
4.955877e+11
4.801300e+11
4.737226e+11
4.634779e+11
4.542051e+11
4.498951e+11
4.448099e+11
4.339788e+11
4.300630e+11
4.209829e+11
4.142142e+11
4.068893e+11
4.054140e+11
3.993855e+11
3.968424e+11
3.857410e+11
3.781714e+11
3.722642e+11
3.662231e+11
3.626442e+11
3.540713e+11
3.488916e+11
3.415959e+11
3.375881e+11
3.352908e+11
3.310175e+11
3.264069e+11
3.228199e+11
3.200500e+11
3.170329e+11
3.081801e+11
3.056019e+11
2.952928e+11
2.940936e+11
2.870011e+11
2.861149e+11
2.789423e+11
2.756037e+11
2.701292e+11
2.675497e+11
2.658918e+11
2.610211e+11
2.535695e+11
2.504997e+11
2.458469e+11
2.450064e+11
2.416157e+11
2.355557e+11
2.332358e+11
2.221014e+11
2.176885e+11
2.165975e+11
1.676431e+11
1.246137e+11
1.595620e+10
7.908541e+09
