2.938994e+10
1.466948e+10
7.092693e+09
4.248967e+09
4.117303e+09
3.458141e+09
3.114414e+09
2.964272e+09
2.830306e+09
2.637154e+09
2.530971e+09
2.300663e+09
2.255728e+09
1.890756e+09
1.883917e+09
1.816181e+09
1.766677e+09
1.665947e+09
1.619198e+09
1.554939e+09
1.428005e+09
1.386354e+09
1.265556e+09
1.241975e+09
1.221473e+09
1.200805e+09
1.153659e+09
1.098109e+09
1.057369e+09
1.048796e+09
1.007021e+09
9.854335e+08
9.651647e+08
9.312198e+08
8.849010e+08
8.663472e+08
8.504556e+08
8.407052e+08
8.191576e+08
7.885933e+08
7.657020e+08
7.354781e+08
7.179713e+08
6.832205e+08
6.574089e+08
6.517330e+08
6.447962e+08
6.146222e+08
6.013416e+08
5.931082e+08
5.762052e+08
5.610225e+08
5.350281e+08
5.222059e+08
5.169623e+08
4.957526e+08
4.868956e+08
4.756138e+08
4.714517e+08
4.458732e+08
4.410622e+08
4.365032e+08
4.287458e+08
4.089707e+08
3.924164e+08
3.908303e+08
3.770299e+08
3.708585e+08
3.571205e+08
3.493603e+08
3.351647e+08
3.243081e+08
3.231276e+08
3.184437e+08
3.105976e+08
2.982938e+08
2.890950e+08
2.830097e+08
2.716204e+08
2.695556e+08
2.638906e+08
2.593747e+08
2.392461e+08
2.310393e+08
2.200584e+08
2.181521e+08
2.107804e+08
1.997193e+08
1.947475e+08
1.858338e+08
1.842414e+08
1.802893e+08
1.715828e+08
1.688313e+08
1.552726e+08
1.514452e+08
1.499582e+08
1.406522e+08
1.382288e+08
1.326578e+08
1.252032e+08
1.209766e+08
1.168181e+08
1.105216e+08
1.071857e+08
1.031103e+08
9.970083e+07
8.723178e+07
8.126936e+07
7.625968e+07
6.885682e+07
6.190652e+07
6.116763e+07
5.233568e+07
4.700738e+07
4.181417e+07
3.999649e+07
3.719408e+07
3.282760e+07
3.108977e+07
2.852275e+07
2.785699e+07
1.383414e+07
7.162044e+06
6.420702e+06
1.851787e+06
8.210736e+05
5.166876e+04
