1.725056e+06
1.768208e+05
8.937994e+04
3.039038e+04
7.036898e+03
5.785559e+03
1.821140e+03
6.155429e+02
5.866651e+02
2.424820e+02
1.278737e+02
5.185456e+01
2.033866e+01
8.342362e+00
7.026384e+00
3.615170e+00
2.217514e+00
1.146282e+00
6.183757e-01
4.734442e-01
3.526931e-01
1.762097e-01
1.543656e-01
1.526564e-01
1.417112e-01
1.358136e-01
1.258783e-01
1.222556e-01
1.170632e-01
1.152844e-01
1.119473e-01
1.088582e-01
1.038040e-01
1.036958e-01
1.021434e-01
9.886817e-02
9.695217e-02
9.623675e-02
8.977070e-02
8.678808e-02
8.557499e-02
8.473772e-02
8.254553e-02
8.166800e-02
7.756361e-02
7.584799e-02
7.373952e-02
7.274165e-02
6.912776e-02
6.785161e-02
6.633469e-02
6.472332e-02
6.238404e-02
5.996490e-02
5.893152e-02
5.790293e-02
5.641166e-02
5.509616e-02
5.344186e-02
5.228320e-02
5.044688e-02
4.914226e-02
4.827056e-02
4.719423e-02
4.438042e-02
4.225773e-02
4.091169e-02
3.955796e-02
3.907932e-02
3.757888e-02
3.494521e-02
3.343679e-02
3.200423e-02
3.066442e-02
2.878406e-02
2.598817e-02
2.470685e-02
2.177022e-02
2.054550e-02
1.805039e-02
1.643913e-02
1.479894e-02
1.404110e-02
1.193082e-02
1.101808e-02
1.069263e-02
7.032481e-03
3.053622e-03
1.777266e-03
2.374812e-04
-2.041109e-03
-6.345578e-03
-7.478303e-03
-8.654310e-03
-1.180477e-02
-1.263162e-02
-1.571403e-02
-1.706348e-02
-2.177963e-02
-2.424411e-02
-2.763286e-02
-2.987656e-02
-3.251924e-02
-3.475491e-02
-3.686377e-02
-3.965300e-02
-4.394479e-02
-4.735788e-02
-4.969147e-02
-5.544303e-02
-5.923248e-02
-6.176209e-02
-6.718860e-02
-7.802105e-02
-7.938280e-02
-8.631327e-02
-9.776571e-02
-1.085901e-01
-1.229674e-01
-1.394517e-01
-1.600314e-01
-1.701466e-01
-1.829937e-01
-2.019992e-01
-2.114845e-01
-2.384485e-01
-2.619019e-01
-3.320107e-01
