2.226750e+05
2.330442e+04
4.739173e+03
1.357365e+03
2.076211e+02
2.404910e+01
9.902369e+00
5.413201e+00
1.023706e+00
2.208095e-01
7.159984e-02
5.033017e-02
4.361000e-02
3.528943e-02
2.993908e-02
2.647482e-02
2.569390e-02
2.362470e-02
2.030099e-02
1.833180e-02
1.726018e-02
1.693672e-02
1.569724e-02
1.533995e-02
1.411547e-02
1.372215e-02
1.279088e-02
1.213466e-02
1.150425e-02
1.123332e-02
1.058028e-02
1.026739e-02
9.970427e-03
9.594101e-03
9.555890e-03
9.088739e-03
8.912142e-03
8.718004e-03
8.243850e-03
7.893655e-03
7.437794e-03
7.047513e-03
6.486537e-03
6.432498e-03
6.314253e-03
6.060275e-03
6.000175e-03
5.582711e-03
5.476563e-03
5.339641e-03
5.087445e-03
4.759822e-03
4.560662e-03
4.315264e-03
4.266690e-03
4.145504e-03
4.018717e-03
3.636453e-03
3.425222e-03
3.332520e-03
3.168245e-03
3.060884e-03
2.758673e-03
2.571424e-03
2.462435e-03
2.285519e-03
2.199457e-03
2.023567e-03
1.996512e-03
1.960298e-03
1.703511e-03
1.496463e-03
1.437020e-03
1.326140e-03
1.204761e-03
1.185365e-03
1.096232e-03
1.061551e-03
9.432273e-04
9.115284e-04
8.187547e-04
7.224056e-04
6.348652e-04
6.202032e-04
4.734299e-04
4.218459e-04
1.989560e-04
8.585308e-05
-1.128906e-04
-2.116385e-04
-3.422186e-04
-4.462176e-04
-7.851920e-04
-9.846912e-04
-1.204379e-03
-1.459245e-03
-1.509236e-03
-2.017646e-03
-2.516893e-03
-2.937153e-03
-3.142712e-03
-3.313271e-03
-3.799668e-03
-4.293506e-03
-4.435161e-03
-5.414708e-03
-5.678742e-03
-6.018509e-03
-7.133640e-03
-7.173262e-03
-8.578742e-03
-1.004286e-02
-1.064004e-02
-1.171929e-02
-1.297830e-02
-1.346258e-02
-1.546563e-02
-1.927950e-02
-1.978559e-02
-2.141821e-02
-2.481929e-02
-2.611182e-02
-3.570541e-02
-4.288345e-02
-4.583851e-02
-5.622958e-02
-6.521966e-02
-1.331592e-01
