6.723321e+09
4.544916e+08
7.958905e+07
5.599401e+07
3.580780e+07
3.455475e+07
2.635499e+07
2.219076e+07
1.813138e+07
1.758520e+07
1.552625e+07
1.181287e+07
8.929914e+06
6.510092e+06
6.182459e+06
4.768120e+06
4.161062e+06
2.714758e+06
2.383373e+06
2.055332e+06
1.675036e+06
1.567244e+06
1.475573e+06
1.109844e+06
1.003725e+06
7.809581e+05
7.222326e+05
6.293480e+05
5.482262e+05
4.886632e+05
3.527925e+05
2.512285e+05
1.991803e+05
1.868322e+05
1.598406e+05
1.154973e+05
1.025754e+05
7.552117e+04
6.312697e+04
4.356721e+04
3.319412e+04
1.928487e+04
1.484506e+04
1.096642e+04
7.762419e+03
3.901453e+03
1.851809e+03
1.548815e+03
8.675335e+02
7.300937e+02
4.335468e+02
3.353863e+02
2.162892e+02
1.611846e+02
9.964396e+01
7.793115e+01
5.905300e+01
4.325694e+01
3.948170e+01
3.210841e+01
1.995813e+01
1.166110e+01
1.052815e+01
5.727790e+00
3.425184e+00
1.968095e+00
1.548851e+00
8.458030e-01
6.387208e-01
4.815334e-01
3.246358e-01
2.713862e-01
1.299466e-01
8.468699e-02
5.642738e-02
5.041537e-02
2.750580e-02
1.915315e-02
1.747796e-02
1.519346e-02
1.492213e-02
1.253228e-02
1.082212e-02
9.061920e-03
8.065939e-03
6.896973e-03
6.526345e-03
6.181820e-03
4.828667e-03
3.913653e-03
3.530205e-03
3.380298e-03
2.902276e-03
2.528565e-03
2.209082e-03
1.990807e-03
1.754002e-03
1.580582e-03
1.413685e-03
1.020016e-03
7.454286e-04
5.503428e-04
4.524351e-04
3.827570e-04
2.116261e-04
5.688887e-05
-3.313041e-05
-3.591615e-04
-7.090003e-04
-9.449233e-04
-1.081716e-03
-1.330471e-03
-1.575311e-03
-1.780335e-03
-2.295899e-03
-2.701899e-03
-3.372415e-03
-3.551338e-03
-3.996857e-03
-5.091482e-03
-5.541787e-03
-6.217122e-03
-7.201436e-03
-7.971913e-03
-8.863023e-03
-1.124004e-02
-1.548625e-02
-5.072179e-02
