7.494572e+12
4.326873e+12
4.184899e+12
3.745370e+12
3.157816e+12
2.832400e+12
2.580612e+12
2.312143e+12
2.231114e+12
2.002502e+12
1.978350e+12
1.905710e+12
1.769060e+12
1.674295e+12
1.601569e+12
1.534848e+12
1.488421e+12
1.438992e+12
1.416980e+12
1.366856e+12
1.309058e+12
1.262862e+12
1.230930e+12
1.160689e+12
1.144558e+12
1.126816e+12
1.083510e+12
1.045926e+12
9.876768e+11
9.719831e+11
9.548686e+11
9.140882e+11
8.939009e+11
8.603579e+11
8.475656e+11
8.216653e+11
8.121494e+11
7.865596e+11
7.776611e+11
7.571721e+11
7.494384e+11
7.277993e+11
7.162321e+11
6.887273e+11
6.744796e+11
6.609890e+11
6.268737e+11
6.219915e+11
6.019929e+11
6.003039e+11
5.808705e+11
5.675249e+11
5.605478e+11
5.403734e+11
5.361480e+11
5.285342e+11
5.268657e+11
5.208795e+11
5.044550e+11
5.024283e+11
4.977260e+11
4.849854e+11
4.739668e+11
4.621761e+11
4.616658e+11
4.470855e+11
4.403703e+11
4.347647e+11
4.185186e+11
4.128931e+11
4.084642e+11
4.017482e+11
3.970368e+11
3.881020e+11
3.770689e+11
3.730134e+11
3.674576e+11
3.564817e+11
3.544077e+11
3.443258e+11
3.399431e+11
3.341235e+11
3.320252e+11
3.303655e+11
3.271506e+11
3.207929e+11
3.184531e+11
3.154235e+11
3.110770e+11
3.009830e+11
2.945314e+11
2.935315e+11
2.866182e+11
2.851590e+11
2.770074e+11
2.709336e+11
2.684342e+11
2.661254e+11
2.635660e+11
2.595118e+11
2.570706e+11
2.517192e+11
2.465402e+11
2.439065e+11
2.423265e+11
2.342049e+11
2.326072e+11
2.280809e+11
2.231263e+11
2.218309e+11
2.209961e+11
2.148101e+11
2.119948e+11
2.105251e+11
2.078161e+11
2.046216e+11
2.016414e+11
1.961036e+11
1.925927e+11
1.908295e+11
1.877258e+11
1.863146e+11
1.825386e+11
1.793225e+11
1.675203e+11
1.617176e+11
1.555919e+11
1.519617e+11
