4.552771e+04
9.538452e+03
1.121236e+03
3.666715e+02
2.605120e+02
1.114562e+02
9.814270e+01
3.585733e+01
2.951497e+01
2.168688e+01
7.637528e+00
6.062127e+00
3.171445e+00
7.946995e-01
5.756229e-01
4.702968e-01
8.653378e-02
6.507157e-02
4.807059e-02
2.305614e-02
1.501707e-02
5.720757e-03
4.116460e-03
3.089278e-03
2.400643e-03
2.089038e-03
1.967179e-03
1.952247e-03
1.830097e-03
1.793137e-03
1.604483e-03
1.583864e-03
1.561851e-03
1.510139e-03
1.439529e-03
1.409651e-03
1.360877e-03
1.333613e-03
1.294184e-03
1.255607e-03
1.238714e-03
1.203454e-03
1.177324e-03
1.153460e-03
1.130230e-03
1.089237e-03
1.079877e-03
1.059194e-03
1.039561e-03
1.032642e-03
1.006973e-03
1.002200e-03
9.842123e-04
9.749445e-04
9.624324e-04
9.385180e-04
9.204329e-04
9.019994e-04
8.998794e-04
8.757273e-04
8.715368e-04
8.593019e-04
8.546345e-04
8.403165e-04
8.317409e-04
8.231035e-04
8.143135e-04
8.042253e-04
7.802522e-04
7.718010e-04
7.636309e-04
7.549242e-04
7.391981e-04
7.335600e-04
7.227590e-04
7.125337e-04
6.998230e-04
6.866794e-04
6.832994e-04
6.814531e-04
6.680214e-04
6.668955e-04
6.533923e-04
6.427669e-04
6.356025e-04
6.267422e-04
6.105956e-04
6.041478e-04
5.996696e-04
5.954174e-04
5.858549e-04
5.778270e-04
5.667684e-04
5.561354e-04
5.498221e-04
5.376991e-04
5.255934e-04
5.220727e-04
5.149267e-04
5.091733e-04
4.998708e-04
4.914107e-04
4.828164e-04
4.698339e-04
4.614324e-04
4.550352e-04
4.469092e-04
4.331420e-04
4.294807e-04
4.274129e-04
4.175475e-04
4.102656e-04
4.008770e-04
3.970781e-04
3.871231e-04
3.754516e-04
3.692139e-04
3.664204e-04
3.525745e-04
3.421716e-04
3.358510e-04
3.314701e-04
3.249130e-04
3.193687e-04
3.061570e-04
3.016235e-04
2.953461e-04
2.911671e-04
2.819304e-04
2.706018e-04
2.656257e-04
2.546395e-04
2.424092e-04
2.388967e-04
2.336816e-04
2.243123e-04
2.195708e-04
1.986087e-04
1.903212e-04
1.861411e-04
1.762629e-04
1.696718e-04
1.589802e-04
1.527026e-04
1.422969e-04
1.376510e-04
1.245778e-04
1.116906e-04
1.041926e-04
9.628785e-05
8.299402e-05
8.048389e-05
7.307674e-05
7.144702e-05
6.032523e-05
5.201222e-05
4.577504e-05
3.520454e-05
3.048807e-05
2.168921e-05
1.651476e-05
5.193038e-06
2.842157e-14
-1.439078e-06
-1.113668e-05
-2.433211e-05
-3.904094e-05
-4.269969e-05
-5.746017e-05
-6.977805e-05
-7.173866e-05
-8.903536e-05
-9.961781e-05
-1.020509e-04
-1.079304e-04
-1.297640e-04
-1.306617e-04
-1.497655e-04
-1.652895e-04
-1.736292e-04
-1.861211e-04
-2.052926e-04
-2.150166e-04
-2.212969e-04
-2.448016e-04
-2.832964e-04
-2.989592e-04
-4.901718e-04
-5.141926e-04
-8.409309e-04
-9.720880e-04
-3.430921e-03
