8.898919e+04
3.682372e+03
2.587886e+03
1.801057e+03
1.136198e+03
8.069459e+02
5.354919e+02
4.352726e+02
3.082469e+02
2.894933e+02
2.550589e+02
2.079850e+02
1.869048e+02
1.743896e+02
1.627929e+02
1.486140e+02
1.295480e+02
1.285051e+02
1.179614e+02
1.137380e+02
1.067319e+02
1.018209e+02
9.000522e+01
7.981174e+01
7.504619e+01
7.455135e+01
6.920715e+01
6.799998e+01
6.575668e+01
5.892486e+01
5.474443e+01
5.156168e+01
5.012473e+01
4.703752e+01
4.174303e+01
3.966415e+01
3.856593e+01
3.550430e+01
3.310065e+01
3.034470e+01
2.990034e+01
2.764514e+01
2.515248e+01
2.455228e+01
2.404036e+01
2.152717e+01
1.987292e+01
1.910994e+01
1.769309e+01
1.543274e+01
1.418466e+01
1.376039e+01
1.333606e+01
1.270133e+01
1.225553e+01
1.154801e+01
9.932994e+00
9.280150e+00
8.552312e+00
7.996576e+00
7.805771e+00
7.701057e+00
6.801071e+00
6.496708e+00
6.219655e+00
5.213758e+00
5.048848e+00
4.839517e+00
4.380474e+00
4.182755e+00
3.641555e+00
3.245984e+00
3.005771e+00
2.699026e+00
2.479570e+00
2.401034e+00
2.171030e+00
2.077428e+00
1.970919e+00
1.860653e+00
1.762100e+00
1.597174e+00
1.505091e+00
1.386120e+00
1.322577e+00
1.227760e+00
1.205387e+00
1.176267e+00
1.126869e+00
1.081393e+00
1.031604e+00
9.808969e-01
9.634304e-01
8.706827e-01
8.651183e-01
8.256366e-01
7.206351e-01
6.928521e-01
6.276039e-01
5.788505e-01
5.554761e-01
5.410942e-01
4.946252e-01
4.674033e-01
4.314541e-01
4.021962e-01
3.894064e-01
3.684083e-01
3.299251e-01
2.995616e-01
2.957734e-01
2.945211e-01
2.666895e-01
2.434929e-01
2.272828e-01
2.171696e-01
2.140397e-01
1.975732e-01
1.899750e-01
1.846779e-01
1.638428e-01
1.596000e-01
1.481533e-01
1.397766e-01
1.285240e-01
1.222033e-01
1.124975e-01
1.093214e-01
1.035385e-01
9.974148e-02
9.406822e-02
8.797030e-02
8.434874e-02
7.846390e-02
7.502273e-02
7.189600e-02
6.835054e-02
6.733583e-02
5.942319e-02
5.546755e-02
5.471797e-02
5.213598e-02
4.656069e-02
4.325438e-02
4.255139e-02
3.895717e-02
3.773281e-02
3.565390e-02
3.429912e-02
3.281638e-02
3.101637e-02
2.887863e-02
2.760212e-02
2.503829e-02
2.297678e-02
2.195407e-02
2.145526e-02
2.072774e-02
1.924173e-02
1.799610e-02
1.648960e-02
1.509769e-02
1.424000e-02
1.369892e-02
1.322920e-02
1.194710e-02
1.136813e-02
1.061562e-02
1.047534e-02
9.465710e-03
9.197139e-03
8.507696e-03
8.031451e-03
7.229904e-03
7.180493e-03
6.741391e-03
6.423587e-03
6.201028e-03
5.832670e-03
5.350504e-03
4.926021e-03
4.597057e-03
4.449662e-03
4.162712e-03
3.906853e-03
3.765527e-03
3.633864e-03
3.488946e-03
3.345620e-03
3.310214e-03
3.191076e-03
3.033518e-03
2.784397e-03
2.703635e-03
2.316337e-03
2.272123e-03
2.068934e-03
2.024641e-03
1.916622e-03
1.888031e-03
1.846732e-03
1.773300e-03
1.754886e-03
1.683577e-03
1.635852e-03
1.560126e-03
1.529619e-03
1.525407e-03
1.469152e-03
1.440659e-03
1.413540e-03
1.392696e-03
1.333832e-03
1.291974e-03
1.266253e-03
1.255114e-03
1.235265e-03
1.229067e-03
1.200548e-03
1.179839e-03
1.167226e-03
1.152015e-03
1.114588e-03
1.107227e-03
1.086146e-03
1.070516e-03
1.062116e-03
1.043484e-03
1.025095e-03
1.006982e-03
1.000216e-03
9.798799e-04
9.744617e-04
9.705048e-04
9.460115e-04
9.259485e-04
9.241317e-04
9.037344e-04
8.946975e-04
8.861831e-04
8.795342e-04
8.628924e-04
8.526630e-04
8.339932e-04
8.237823e-04
8.141634e-04
8.064590e-04
7.987567e-04
7.869502e-04
7.756853e-04
7.597929e-04
7.383233e-04
7.277550e-04
7.233538e-04
7.119059e-04
6.960114e-04
6.879447e-04
6.626027e-04
6.579953e-04
6.493740e-04
6.464418e-04
6.320105e-04
6.198104e-04
6.051630e-04
6.035282e-04
5.895075e-04
5.845568e-04
5.759294e-04
5.700065e-04
5.577159e-04
5.479412e-04
5.361004e-04
5.237418e-04
5.136358e-04
5.088360e-04
4.973836e-04
4.911007e-04
4.719601e-04
4.677461e-04
4.557332e-04
4.455984e-04
4.386960e-04
4.186568e-04
4.176624e-04
4.104829e-04
4.037979e-04
3.900128e-04
3.762102e-04
3.634251e-04
3.596236e-04
3.521238e-04
3.424767e-04
3.344617e-04
3.286510e-04
3.167495e-04
3.101645e-04
2.954971e-04
2.869535e-04
2.789051e-04
2.747656e-04
2.618244e-04
2.517377e-04
2.435597e-04
2.312994e-04
2.290582e-04
2.231590e-04
2.116862e-04
2.011463e-04
1.835087e-04
1.807791e-04
1.743726e-04
1.676719e-04
1.655564e-04
1.534682e-04
1.402226e-04
1.151465e-04
1.106626e-04
9.565137e-05
8.973604e-05
8.102026e-05
6.758601e-05
6.136321e-05
5.509461e-05
4.643355e-05
4.178493e-05
3.282604e-05
1.717118e-05
9.754171e-06
2.723727e-16
-1.739757e-06
-4.775389e-06
-1.475273e-05
-2.953147e-05
-4.266671e-05
-5.312620e-05
-6.152823e-05
-7.229509e-05
-7.815752e-05
-8.835498e-05
-9.360509e-05
-1.015510e-04
-1.075837e-04
-1.140379e-04
-1.282239e-04
-1.506726e-04
-1.571692e-04
-1.609076e-04
-1.771611e-04
-1.970434e-04
-2.139392e-04
-2.192825e-04
-2.303097e-04
-2.454853e-04
-2.530094e-04
-2.627232e-04
-2.714180e-04
-2.786219e-04
-2.872987e-04
-2.984424e-04
-3.136156e-04
-3.176773e-04
-3.253601e-04
-3.413173e-04
-3.536159e-04
-3.667928e-04
-3.838332e-04
-3.915955e-04
-3.990806e-04
-4.055714e-04
-4.290295e-04
-4.420436e-04
-4.545074e-04
-4.755253e-04
-4.806269e-04
-5.002990e-04
-5.203113e-04
-5.371387e-04
-5.567626e-04
-5.602510e-04
-5.862910e-04
-6.150726e-04
-6.303086e-04
-6.593305e-04
-6.777912e-04
