1.286518e+05
6.187276e+03
3.164076e+03
2.827376e+03
2.002010e+03
1.795401e+03
1.385772e+03
1.107658e+03
8.991874e+02
7.222624e+02
6.975920e+02
5.041266e+02
3.161217e+02
2.639518e+02
2.500517e+02
2.056794e+02
1.854315e+02
1.481814e+02
1.296622e+02
1.216515e+02
1.018747e+02
9.385866e+01
9.163296e+01
7.555660e+01
7.104468e+01
6.823110e+01
6.401081e+01
6.316748e+01
5.819879e+01
5.406817e+01
4.907246e+01
4.512228e+01
4.081388e+01
3.444887e+01
3.359953e+01
3.063102e+01
2.838309e+01
2.575635e+01
2.553063e+01
2.414078e+01
2.292903e+01
2.144290e+01
1.914166e+01
1.726769e+01
1.701626e+01
1.593561e+01
1.433832e+01
1.337912e+01
1.181992e+01
1.115528e+01
1.082553e+01
9.927472e+00
9.168960e+00
8.189372e+00
7.799722e+00
7.617772e+00
6.545676e+00
5.623022e+00
5.329525e+00
5.043364e+00
4.859318e+00
4.532529e+00
4.262369e+00
3.829279e+00
3.704516e+00
3.072503e+00
2.948663e+00
2.762741e+00
2.700245e+00
2.478175e+00
2.388013e+00
2.221481e+00
2.086597e+00
2.042313e+00
1.853486e+00
1.747160e+00
1.588794e+00
1.405421e+00
1.360966e+00
1.281995e+00
1.155604e+00
1.111628e+00
1.043601e+00
9.692813e-01
8.428771e-01
8.056849e-01
7.602252e-01
7.477062e-01
7.151693e-01
6.894445e-01
6.628103e-01
6.100053e-01
5.723581e-01
5.300428e-01
5.069112e-01
4.489898e-01
4.307947e-01
3.825220e-01
3.620330e-01
3.396267e-01
3.196827e-01
3.136652e-01
2.756171e-01
2.477393e-01
2.403635e-01
2.084251e-01
2.049909e-01
2.005936e-01
1.758620e-01
1.755375e-01
1.549943e-01
1.451481e-01
1.400213e-01
1.335563e-01
1.221349e-01
1.038471e-01
9.933685e-02
9.660274e-02
8.850794e-02
8.244387e-02
8.042362e-02
7.529552e-02
7.283231e-02
6.944876e-02
5.758296e-02
5.609326e-02
5.116811e-02
4.605415e-02
4.276189e-02
4.055518e-02
3.887623e-02
3.563910e-02
3.055172e-02
2.942021e-02
2.835791e-02
2.718986e-02
2.584840e-02
2.520622e-02
2.207014e-02
1.931532e-02
1.798670e-02
1.731560e-02
1.620010e-02
1.503333e-02
1.360260e-02
1.125605e-02
1.032901e-02
9.485024e-03
8.812934e-03
8.256081e-03
7.688970e-03
6.907497e-03
5.990522e-03
5.829006e-03
5.149942e-03
4.761428e-03
4.411607e-03
4.203001e-03
4.055896e-03
3.987935e-03
3.563446e-03
3.474895e-03
3.366547e-03
2.911367e-03
2.824866e-03
2.686008e-03
2.566495e-03
2.458111e-03
2.285984e-03
2.165216e-03
1.937849e-03
1.851532e-03
1.729026e-03
1.704528e-03
1.667658e-03
1.633216e-03
1.568845e-03
1.519781e-03
1.482280e-03
1.473287e-03
1.434615e-03
1.397548e-03
1.376285e-03
1.346741e-03
1.318056e-03
1.285415e-03
1.273602e-03
1.249767e-03
1.243307e-03
1.224443e-03
1.198153e-03
1.190184e-03
1.176485e-03
1.169196e-03
1.163746e-03
1.136927e-03
1.118329e-03
1.099524e-03
1.092950e-03
1.065584e-03
1.052396e-03
1.040198e-03
1.023729e-03
1.016138e-03
1.000487e-03
9.869346e-04
9.822958e-04
9.748189e-04
9.597593e-04
9.454875e-04
9.350840e-04
9.225708e-04
9.122620e-04
9.041437e-04
8.919028e-04
8.655362e-04
8.585946e-04
8.473592e-04
8.406295e-04
8.275417e-04
8.191344e-04
8.181902e-04
8.095302e-04
7.839557e-04
7.807795e-04
7.681981e-04
7.478864e-04
7.344121e-04
7.228483e-04
7.193307e-04
7.056581e-04
6.949373e-04
6.852696e-04
6.808236e-04
6.629000e-04
6.567460e-04
6.559253e-04
6.256097e-04
6.159605e-04
6.081699e-04
5.972099e-04
5.900330e-04
5.818589e-04
5.716637e-04
5.586949e-04
5.528152e-04
5.365114e-04
5.279633e-04
5.204061e-04
5.121786e-04
5.022791e-04
4.968708e-04
4.850499e-04
4.764234e-04
4.711722e-04
4.608530e-04
4.528421e-04
4.472032e-04
4.443847e-04
4.351571e-04
4.238119e-04
4.062105e-04
3.898751e-04
3.796220e-04
3.754374e-04
3.634299e-04
3.481360e-04
3.440747e-04
3.286352e-04
3.224146e-04
3.150134e-04
2.977517e-04
2.891601e-04
2.809799e-04
2.721034e-04
2.679066e-04
2.603844e-04
2.468913e-04
2.392824e-04
2.313027e-04
2.243872e-04
2.196847e-04
2.007062e-04
1.978095e-04
1.875015e-04
1.859595e-04
1.780755e-04
1.612735e-04
1.533209e-04
1.516106e-04
1.369602e-04
1.216272e-04
1.197465e-04
1.128179e-04
1.016877e-04
9.681709e-05
8.753330e-05
7.921823e-05
6.719141e-05
6.134660e-05
5.177951e-05
4.222431e-05
2.716421e-05
1.623673e-05
1.105664e-05
3.633946e-06
-1.010132e-05
-1.329499e-05
-2.507598e-05
-2.771006e-05
-3.946564e-05
-4.369921e-05
-6.814766e-05
-7.400390e-05
-8.799664e-05
-9.205571e-05
-1.055591e-04
-1.104236e-04
-1.144930e-04
-1.234018e-04
-1.269359e-04
-1.360279e-04
-1.400969e-04
-1.483852e-04
-1.684542e-04
-1.813218e-04
-1.924849e-04
-2.096050e-04
-2.350944e-04
-2.493192e-04
-2.512714e-04
-2.529285e-04
-2.715351e-04
-2.778730e-04
-2.846891e-04
-3.061005e-04
-3.152068e-04
-3.203367e-04
-3.277962e-04
-3.408362e-04
-3.476599e-04
-3.561417e-04
-3.683060e-04
-3.843452e-04
-3.990366e-04
-4.048593e-04
-4.170178e-04
-4.262624e-04
-4.326118e-04
-4.348347e-04
-4.539857e-04
-4.622371e-04
-4.790189e-04
-4.877671e-04
-5.059644e-04
-5.150584e-04
-5.203316e-04
-5.309412e-04
-5.498304e-04
-5.563506e-04
-5.732303e-04
-5.857162e-04
-6.070355e-04
-6.198072e-04
-6.263047e-04
-6.406827e-04
-6.531302e-04
-6.697153e-04
-6.835076e-04
-7.003965e-04
-7.145302e-04
-7.258044e-04
-7.397598e-04
-7.614527e-04
-7.687791e-04
-7.883697e-04
-8.126203e-04
-8.374046e-04
-8.493019e-04
-8.707473e-04
-9.094833e-04
-9.261050e-04
-9.532289e-04
-9.707428e-04
