8.464583e+04
3.332340e+03
2.331869e+03
1.757156e+03
1.197565e+03
7.369020e+02
5.632838e+02
4.839757e+02
3.514541e+02
3.242034e+02
3.054063e+02
2.783000e+02
2.445516e+02
2.282459e+02
2.154154e+02
2.105678e+02
1.882168e+02
1.813652e+02
1.742631e+02
1.578644e+02
1.471712e+02
1.369571e+02
1.287323e+02
1.256657e+02
1.212222e+02
1.108154e+02
1.049542e+02
9.865121e+01
9.290884e+01
9.145174e+01
8.643484e+01
8.315297e+01
7.390092e+01
6.567773e+01
6.421940e+01
6.209834e+01
5.863412e+01
5.398417e+01
5.041941e+01
4.824873e+01
4.507779e+01
4.327769e+01
3.857199e+01
3.735387e+01
3.547787e+01
3.375538e+01
3.190126e+01
3.055122e+01
2.753197e+01
2.670645e+01
2.575019e+01
2.493997e+01
2.399255e+01
2.208170e+01
1.921448e+01
1.810950e+01
1.713025e+01
1.686933e+01
1.551629e+01
1.471712e+01
1.397565e+01
1.357134e+01
1.258212e+01
1.094913e+01
1.041733e+01
9.612466e+00
9.366920e+00
8.165399e+00
7.909984e+00
7.740450e+00
6.542739e+00
6.326655e+00
5.655311e+00
5.547728e+00
4.856022e+00
4.348300e+00
4.185156e+00
4.058609e+00
3.706270e+00
3.605868e+00
3.458616e+00
3.251127e+00
3.024831e+00
2.745884e+00
2.708251e+00
2.649381e+00
2.489591e+00
2.366040e+00
2.267592e+00
2.151463e+00
2.126026e+00
1.982938e+00
1.926027e+00
1.747080e+00
1.650127e+00
1.568263e+00
1.430047e+00
1.371920e+00
1.346375e+00
1.293106e+00
1.257466e+00
1.186284e+00
1.137009e+00
1.028637e+00
9.841416e-01
9.340109e-01
9.046811e-01
7.785264e-01
7.620420e-01
7.182958e-01
6.569397e-01
6.548614e-01
6.047827e-01
5.789829e-01
5.439923e-01
5.186733e-01
4.776234e-01
4.379720e-01
4.314751e-01
4.265127e-01
4.052227e-01
3.804496e-01
3.587247e-01
3.473191e-01
3.011715e-01
2.924398e-01
2.860050e-01
2.602429e-01
2.484289e-01
2.246191e-01
2.236412e-01
2.188694e-01
1.898130e-01
1.782171e-01
1.623440e-01
1.563643e-01
1.534270e-01
1.352068e-01
1.291957e-01
1.246513e-01
1.212381e-01
1.167871e-01
1.144752e-01
1.075271e-01
1.059990e-01
9.748235e-02
9.112209e-02
8.552158e-02
8.207391e-02
7.409759e-02
7.262722e-02
6.754414e-02
6.261531e-02
5.908595e-02
5.884114e-02
5.244891e-02
5.162656e-02
4.809992e-02
4.645582e-02
4.087107e-02
3.993754e-02
3.681267e-02
3.592519e-02
3.399390e-02
2.984740e-02
2.947317e-02
2.594710e-02
2.435438e-02
2.318972e-02
2.274252e-02
2.188367e-02
2.036036e-02
1.891065e-02
1.874427e-02
1.746129e-02
1.543428e-02
1.508554e-02
1.438665e-02
1.304803e-02
1.242715e-02
1.197709e-02
1.094638e-02
1.021977e-02
1.005381e-02
9.860075e-03
9.379956e-03
9.097153e-03
8.736467e-03
8.427704e-03
7.931777e-03
6.761121e-03
6.588848e-03
6.302765e-03
5.625403e-03
4.925240e-03
4.861050e-03
4.528071e-03
4.293900e-03
3.996558e-03
3.734023e-03
3.501866e-03
3.362578e-03
3.058854e-03
2.994969e-03
2.907595e-03
2.804550e-03
2.743567e-03
2.599869e-03
2.394745e-03
2.323364e-03
2.239563e-03
1.988975e-03
1.933378e-03
1.801230e-03
1.716931e-03
1.642525e-03
1.610354e-03
1.574870e-03
1.520565e-03
1.495907e-03
1.430650e-03
1.403784e-03
1.332839e-03
1.281274e-03
1.272636e-03
1.249688e-03
1.225464e-03
1.209131e-03
1.192649e-03
1.180040e-03
1.139403e-03
1.116853e-03
1.111288e-03
1.089048e-03
1.081891e-03
1.074292e-03
1.066304e-03
1.043426e-03
1.013548e-03
1.010866e-03
9.989694e-04
9.835600e-04
9.655119e-04
9.611751e-04
9.590512e-04
9.292866e-04
9.163569e-04
9.128315e-04
9.045303e-04
8.807639e-04
8.658037e-04
8.419585e-04
8.382626e-04
8.318751e-04
8.123194e-04
8.096921e-04
7.939111e-04
7.732213e-04
7.641733e-04
7.564825e-04
7.462060e-04
7.385559e-04
7.293827e-04
7.239484e-04
7.049751e-04
6.981981e-04
6.896855e-04
6.635258e-04
6.606326e-04
6.357969e-04
6.345604e-04
6.238840e-04
6.170266e-04
6.041787e-04
5.923087e-04
5.832750e-04
5.804324e-04
5.731088e-04
5.556355e-04
5.506679e-04
5.402484e-04
5.315689e-04
5.254918e-04
5.017782e-04
4.968871e-04
4.935941e-04
4.875802e-04
4.742160e-04
4.647392e-04
4.535812e-04
4.401039e-04
4.350212e-04
4.190904e-04
4.130515e-04
4.067319e-04
3.932518e-04
3.801868e-04
3.798904e-04
3.653403e-04
3.597994e-04
3.520068e-04
3.463989e-04
3.357869e-04
3.284018e-04
3.146581e-04
3.109142e-04
2.897956e-04
2.821157e-04
2.757297e-04
2.741470e-04
2.687706e-04
2.528380e-04
2.355961e-04
2.321565e-04
2.247117e-04
2.132757e-04
2.049456e-04
1.980074e-04
1.874041e-04
1.803164e-04
1.656974e-04
1.629200e-04
1.572659e-04
1.456146e-04
1.349924e-04
1.257895e-04
1.125007e-04
1.078167e-04
8.922808e-05
8.454239e-05
7.334784e-05
6.642090e-05
5.546040e-05
5.022033e-05
4.004876e-05
3.023346e-05
2.467846e-05
1.824714e-05
1.067238e-05
7.550661e-14
4.822150e-14
9.952224e-15
-2.111645e-06
-1.312227e-05
-2.648701e-05
-3.887728e-05
-4.749031e-05
-5.573811e-05
-6.178442e-05
-7.858295e-05
-8.604985e-05
-1.005489e-04
-1.134793e-04
-1.199041e-04
-1.205850e-04
-1.368241e-04
-1.505114e-04
-1.627751e-04
-1.744772e-04
-1.885212e-04
-2.075112e-04
-2.160533e-04
-2.232217e-04
-2.356029e-04
-2.548874e-04
-2.744587e-04
-2.848623e-04
-2.883387e-04
-3.091734e-04
-3.281660e-04
-3.324382e-04
-3.482832e-04
-3.587102e-04
-3.684000e-04
-3.857391e-04
-3.942091e-04
-4.349216e-04
-4.441266e-04
-4.562692e-04
-4.729310e-04
-4.830526e-04
-5.127967e-04
-5.187513e-04
-5.620901e-04
