1.291318e+08
2.010229e+07
2.102576e+06
1.450351e+06
1.036566e+06
3.022202e+05
1.583548e+05
9.910002e+04
1.935205e+04
9.553365e+03
2.567274e+03
9.998478e+02
4.759518e+02
2.165658e+02
7.045885e+01
6.106362e+01
5.424705e+01
4.228509e+01
3.896829e+01
3.412363e+01
2.892081e+01
1.991128e+01
1.822499e+01
1.672727e+01
1.482037e+01
1.364505e+01
1.292676e+01
1.223870e+01
1.154436e+01
1.070273e+01
1.019566e+01
9.921961e+00
9.395062e+00
8.908569e+00
8.221278e+00
7.391977e+00
6.895086e+00
6.811459e+00
6.397302e+00
5.835683e+00
5.719287e+00
5.418272e+00
5.127796e+00
4.754035e+00
4.390694e+00
4.150491e+00
3.900028e+00
3.737239e+00
3.610157e+00
3.477205e+00
3.145246e+00
2.890982e+00
2.733639e+00
2.539415e+00
2.425334e+00
2.306176e+00
2.063036e+00
1.874390e+00
1.695045e+00
1.454463e+00
1.262118e+00
1.139889e+00
9.733551e-01
9.206297e-01
8.096115e-01
6.961229e-01
6.528830e-01
4.683229e-01
4.265313e-01
2.902282e-01
2.530715e-01
2.278509e-01
1.917528e-01
1.529031e-01
1.055923e-01
9.768134e-02
7.640303e-02
4.049479e-02
9.829067e-03
-1.164154e-10
-1.456944e-02
-6.173323e-02
-1.190911e-01
-1.436500e-01
-1.801154e-01
-2.909850e-01
-2.978640e-01
-3.286245e-01
-3.823276e-01
-4.574385e-01
-5.261642e-01
-7.021392e-01
-7.902502e-01
-8.748943e-01
-9.581374e-01
-1.079256e+00
-1.300896e+00
-1.524359e+00
-1.644302e+00
-2.006737e+00
-2.166387e+00
-2.332987e+00
-2.442660e+00
-2.507728e+00
-3.006419e+00
-3.263468e+00
-3.437909e+00
-3.635130e+00
-4.070211e+00
-4.336327e+00
-5.277956e+00
-5.500701e+00
-5.968419e+00
-6.141110e+00
-6.990383e+00
-7.100034e+00
-7.804568e+00
-8.539132e+00
-9.854486e+00
-1.095617e+01
-1.538646e+01
-1.680893e+01
-1.733210e+01
-2.559603e+01
-2.993019e+01
-5.273650e+01
-5.489638e+01
-7.302885e+01
