1.551689e+10
1.135367e+09
2.496540e+08
1.117505e+08
9.663474e+07
7.408468e+07
5.646483e+07
4.969530e+07
4.344476e+07
4.099848e+07
2.777589e+07
2.571335e+07
2.040109e+07
1.663759e+07
1.507859e+07
1.253267e+07
1.032582e+07
9.450786e+06
7.911892e+06
6.447973e+06
4.649814e+06
4.533382e+06
3.905506e+06
3.440474e+06
2.820289e+06
2.708596e+06
2.059120e+06
1.861220e+06
1.588252e+06
1.505205e+06
1.428268e+06
1.249464e+06
1.075483e+06
9.305677e+05
8.134959e+05
7.603450e+05
6.899404e+05
6.341318e+05
5.291834e+05
4.097677e+05
3.862648e+05
3.735889e+05
3.410453e+05
3.098824e+05
2.737800e+05
2.216188e+05
1.639422e+05
1.457589e+05
1.182549e+05
9.499518e+04
8.126481e+04
7.476855e+04
6.132359e+04
5.628746e+04
4.338157e+04
3.176032e+04
2.788247e+04
2.006342e+04
1.798513e+04
9.975544e+03
8.957941e+03
6.698600e+03
3.107098e+03
2.866410e+03
2.101487e+03
1.873650e+03
1.328017e+03
1.029022e+03
9.040106e+02
3.280591e+02
2.711205e+02
2.386509e+02
1.782822e+02
9.011093e+01
8.451332e+01
6.927767e+01
2.813696e+01
2.340592e+01
2.187645e+01
1.140213e+01
1.105635e+01
7.955503e+00
3.775242e+00
2.886625e+00
2.254645e+00
1.112689e+00
8.636190e-01
7.764192e-01
5.392873e-01
4.580365e-01
3.647155e-01
2.735702e-01
2.098186e-01
1.403629e-01
1.333355e-01
9.538709e-02
7.019395e-02
5.330849e-02
4.250671e-02
4.061787e-02
3.893745e-02
3.404302e-02
2.530604e-02
2.356286e-02
2.060811e-02
1.860683e-02
1.636459e-02
1.445602e-02
1.172403e-02
1.125703e-02
9.159650e-03
7.342774e-03
5.935769e-03
3.299002e-03
2.244234e-03
1.293894e-03
5.959139e-04
-1.947506e-03
-2.953780e-03
-4.148855e-03
-8.572780e-03
-1.186610e-02
-1.402965e-02
-1.683698e-02
-1.987807e-02
-2.245929e-02
-2.511051e-02
-4.252419e-02
