7.076270e+05
2.959371e+05
2.460483e+05
1.457221e+05
1.224791e+05
1.213313e+05
9.745232e+04
9.578456e+04
8.653788e+04
7.511073e+04
6.501029e+04
6.376657e+04
5.636768e+04
5.133664e+04
4.703605e+04
4.133066e+04
3.421859e+04
2.943853e+04
2.192425e+04
1.907840e+04
1.458633e+04
1.104801e+04
1.020517e+04
8.644317e+03
7.079219e+03
6.287176e+03
5.793317e+03
4.876895e+03
4.265215e+03
3.780012e+03
2.942201e+03
2.480754e+03
2.050892e+03
1.819489e+03
1.510945e+03
1.246651e+03
1.054129e+03
8.439286e+02
7.654441e+02
6.939679e+02
5.436811e+02
5.012493e+02
4.428094e+02
3.743422e+02
2.432535e+02
2.239267e+02
2.085214e+02
1.946997e+02
1.536520e+02
1.267380e+02
9.360200e+01
7.719830e+01
5.755144e+01
4.794754e+01
3.805754e+01
3.631772e+01
2.920851e+01
2.363337e+01
2.180116e+01
1.724831e+01
1.200365e+01
1.044730e+01
8.916759e+00
7.938327e+00
6.028206e+00
5.334328e+00
5.009899e+00
4.797871e+00
2.811080e+00
1.824899e+00
1.643685e+00
1.519139e+00
1.242994e+00
1.033276e+00
8.455230e-01
7.384198e-01
6.145571e-01
5.077969e-01
3.491343e-01
2.709945e-01
2.028123e-01
1.145261e-01
7.421947e-02
6.688733e-02
6.364284e-02
5.869920e-02
5.500762e-02
5.429175e-02
5.070829e-02
4.882456e-02
4.662530e-02
4.155653e-02
3.789719e-02
3.657220e-02
3.552640e-02
3.546266e-02
3.397417e-02
3.370986e-02
3.221970e-02
3.100870e-02
3.046380e-02
2.951784e-02
2.672310e-02
2.584578e-02
2.504976e-02
2.423465e-02
2.384449e-02
2.338224e-02
2.290691e-02
2.268851e-02
2.221009e-02
2.183116e-02
2.067463e-02
1.945969e-02
1.898448e-02
1.883193e-02
1.737921e-02
1.709358e-02
1.635350e-02
1.482710e-02
1.404672e-02
1.354760e-02
1.272570e-02
1.247538e-02
1.206882e-02
1.041857e-02
8.510568e-03
6.234623e-03
