1.986277e+05
2.064628e+04
6.821046e+03
2.169086e+03
2.490873e+02
2.727457e+01
1.383742e+01
6.673618e+00
1.369751e+00
3.129227e-01
8.024012e-02
4.194692e-02
3.709103e-02
3.345229e-02
2.993092e-02
2.728871e-02
2.476933e-02
2.081366e-02
1.882195e-02
1.803649e-02
1.743176e-02
1.660395e-02
1.588999e-02
1.450522e-02
1.402068e-02
1.386895e-02
1.332476e-02
1.268011e-02
1.216067e-02
1.194958e-02
1.153299e-02
1.099850e-02
1.034707e-02
9.357171e-03
9.155964e-03
8.929594e-03
8.340235e-03
8.289019e-03
7.757553e-03
7.522781e-03
7.115420e-03
6.917370e-03
6.843395e-03
6.568840e-03
6.352407e-03
6.308557e-03
6.016433e-03
5.584470e-03
5.435502e-03
5.064147e-03
4.761254e-03
4.590607e-03
4.269668e-03
4.230186e-03
4.052486e-03
3.812970e-03
3.758376e-03
3.670856e-03
3.441125e-03
3.205534e-03
3.078777e-03
2.762818e-03
2.579751e-03
2.375567e-03
2.247737e-03
2.184348e-03
2.067207e-03
1.955289e-03
1.833468e-03
1.699358e-03
1.556990e-03
1.486074e-03
1.406418e-03
1.284094e-03
1.218700e-03
9.945646e-04
9.479443e-04
8.688935e-04
8.128731e-04
7.228667e-04
6.863092e-04
6.215433e-04
4.823572e-04
4.221353e-04
2.782395e-04
1.443952e-04
7.963848e-05
-6.411690e-05
-3.280237e-04
-6.545294e-04
-8.254781e-04
-9.397948e-04
-1.292739e-03
-1.499095e-03
-1.594115e-03
-1.807235e-03
-2.307605e-03
-2.691954e-03
-2.939820e-03
-3.213519e-03
-3.801375e-03
-3.966826e-03
-4.702496e-03
-5.100884e-03
-5.395546e-03
-6.266690e-03
-6.493909e-03
-7.343407e-03
-8.335861e-03
-9.118820e-03
-9.534029e-03
-1.040309e-02
-1.119202e-02
-1.181117e-02
-1.317480e-02
-1.480118e-02
-1.543742e-02
-1.656751e-02
-1.886624e-02
-2.081604e-02
-2.494084e-02
-2.772395e-02
-2.863335e-02
-3.007906e-02
-4.098381e-02
-4.425791e-02
-5.930752e-02
-8.692436e-02
