5.925161e+04
1.037048e+04
5.948760e+03
1.550877e+03
8.280577e+02
6.470451e+02
4.473935e+02
3.132167e+02
2.154538e+02
1.869361e+02
1.579495e+02
1.235410e+02
9.249221e+01
7.102765e+01
5.916544e+01
4.937139e+01
3.889889e+01
3.682504e+01
2.949595e+01
2.245524e+01
1.706028e+01
1.660946e+01
1.339646e+01
1.069145e+01
9.629086e+00
7.797987e+00
7.115595e+00
5.216660e+00
4.521205e+00
3.208326e+00
2.946246e+00
2.657208e+00
2.258568e+00
2.013306e+00
1.582129e+00
1.405869e+00
1.182291e+00
9.219649e-01
7.783915e-01
4.275434e-01
3.755555e-01
2.954240e-01
1.970855e-01
1.765145e-01
1.169448e-01
1.041296e-01
9.153669e-02
7.131148e-02
6.903587e-02
4.064471e-02
3.496773e-02
3.235520e-02
2.063996e-02
1.855532e-02
1.688622e-02
1.540325e-02
1.076444e-02
1.041284e-02
8.804367e-03
6.758844e-03
6.635441e-03
3.657005e-03
2.870157e-03
2.380523e-03
2.179931e-03
2.057322e-03
1.589213e-03
1.292468e-03
1.201793e-03
1.153676e-03
1.069260e-03
1.022481e-03
9.999970e-04
9.067288e-04
8.173432e-04
7.760164e-04
7.505026e-04
7.144830e-04
6.766221e-04
6.538396e-04
6.032966e-04
6.012109e-04
5.951785e-04
5.644840e-04
5.603266e-04
5.482439e-04
5.468055e-04
5.292249e-04
5.139895e-04
5.097453e-04
4.918922e-04
4.744422e-04
4.724593e-04
4.698292e-04
4.595631e-04
4.498475e-04
4.444308e-04
4.413007e-04
4.357792e-04
4.269462e-04
4.229152e-04
4.126742e-04
4.071135e-04
4.021371e-04
4.017736e-04
3.969592e-04
3.899541e-04
3.827637e-04
3.803295e-04
3.739272e-04
3.712185e-04
3.686568e-04
3.622460e-04
3.564435e-04
3.498183e-04
3.470635e-04
3.453841e-04
3.382912e-04
3.348080e-04
3.302410e-04
3.268140e-04
3.214193e-04
3.181341e-04
3.142911e-04
3.092430e-04
3.051455e-04
3.004084e-04
2.979898e-04
2.968165e-04
2.930122e-04
2.912918e-04
2.867495e-04
2.859643e-04
2.815274e-04
2.773430e-04
2.737774e-04
2.704961e-04
2.664835e-04
2.634236e-04
2.618671e-04
2.593148e-04
2.560991e-04
2.524942e-04
2.517652e-04
2.426414e-04
2.401261e-04
2.399811e-04
2.351209e-04
2.346073e-04
2.324808e-04
2.281726e-04
2.236802e-04
2.222246e-04
2.202599e-04
2.189185e-04
2.116366e-04
2.111170e-04
2.075992e-04
2.052537e-04
2.038573e-04
2.003751e-04
1.946569e-04
1.937794e-04
1.890047e-04
1.867336e-04
1.839243e-04
1.818631e-04
1.800776e-04
1.782969e-04
1.733194e-04
1.713125e-04
1.702952e-04
1.641312e-04
1.624450e-04
1.603105e-04
1.583590e-04
1.566208e-04
1.533965e-04
1.528318e-04
1.501719e-04
1.462702e-04
1.452569e-04
1.420982e-04
1.407838e-04
1.386169e-04
1.356058e-04
1.346774e-04
1.318515e-04
1.312274e-04
1.267361e-04
1.248353e-04
1.234577e-04
1.211554e-04
1.185663e-04
1.165372e-04
1.135307e-04
1.122288e-04
1.101984e-04
1.074852e-04
1.055037e-04
1.034972e-04
1.021939e-04
9.694876e-05
9.533857e-05
9.309741e-05
9.255554e-05
8.667650e-05
8.351346e-05
8.181894e-05
8.096564e-05
7.925907e-05
7.635931e-05
7.363848e-05
7.134585e-05
7.028399e-05
6.753892e-05
6.566419e-05
6.160177e-05
5.977213e-05
5.892344e-05
5.637814e-05
5.426550e-05
5.210309e-05
5.044564e-05
4.750403e-05
4.487834e-05
4.428594e-05
4.283198e-05
3.926212e-05
3.755973e-05
3.537445e-05
3.301969e-05
3.036034e-05
2.984898e-05
2.611406e-05
2.400896e-05
2.098164e-05
1.975528e-05
1.889593e-05
1.466780e-05
1.238950e-05
9.917588e-06
9.126943e-06
7.159395e-06
3.836803e-06
1.710582e-07
3.602958e-13
9.833003e-14
-9.612140e-15
-5.248623e-14
-1.473654e-13
-2.835153e-13
-1.268090e-06
-2.489280e-06
-4.889696e-06
-7.500983e-06
-1.031167e-05
-1.132327e-05
-1.267333e-05
-1.529281e-05
-1.721017e-05
-1.951895e-05
-2.184398e-05
-2.345067e-05
-2.944142e-05
-3.193680e-05
-3.260959e-05
-3.477385e-05
-3.634923e-05
-3.883509e-05
-4.108018e-05
-4.287706e-05
-4.432712e-05
-4.845731e-05
-5.034143e-05
-5.397220e-05
-5.513896e-05
-5.738571e-05
-5.785779e-05
-5.956971e-05
-6.362132e-05
-6.578105e-05
-6.957870e-05
-7.081518e-05
-7.527782e-05
-7.599160e-05
-7.769296e-05
-8.109827e-05
-8.234218e-05
-8.642246e-05
-8.785529e-05
-8.851288e-05
-9.137567e-05
-9.410659e-05
-9.714186e-05
-9.822336e-05
-1.005519e-04
-1.037082e-04
-1.052854e-04
-1.087253e-04
-1.163906e-04
-1.174150e-04
-1.198505e-04
-1.240580e-04
-1.268060e-04
-1.278372e-04
-1.288760e-04
-1.327660e-04
-1.354467e-04
-1.372214e-04
-1.389981e-04
-1.416915e-04
-1.433338e-04
-1.470604e-04
-1.512612e-04
-1.526150e-04
-1.577936e-04
-1.596296e-04
-1.627675e-04
-1.641985e-04
-1.668970e-04
-1.702646e-04
-1.728514e-04
-1.740997e-04
-1.759435e-04
-1.798289e-04
-1.832238e-04
-1.870380e-04
-1.893179e-04
-1.903113e-04
-1.926696e-04
-1.983730e-04
-1.989254e-04
-2.035336e-04
-2.065961e-04
-2.107399e-04
-2.119564e-04
-2.158260e-04
-2.197171e-04
-2.216433e-04
-2.223291e-04
-2.312298e-04
-2.364725e-04
-2.380783e-04
-2.413323e-04
-2.440334e-04
-2.473157e-04
-2.542890e-04
-2.552186e-04
-2.629304e-04
-2.656830e-04
-2.701640e-04
-2.778153e-04
-2.807477e-04
-2.834331e-04
-2.880454e-04
-2.929786e-04
-2.964123e-04
-2.997286e-04
-3.060858e-04
-3.094463e-04
-3.121519e-04
-3.151979e-04
-3.186110e-04
-3.323068e-04
-3.362107e-04
-3.442645e-04
-3.497336e-04
-3.554362e-04
-3.600428e-04
-3.697995e-04
-3.774434e-04
-3.861290e-04
-3.961160e-04
-4.082828e-04
-4.245033e-04
-4.318623e-04
-4.514745e-04
-4.923389e-04
-5.007311e-04
-5.829949e-04
-6.740242e-04
-8.014233e-04
-1.188450e-03
