2.233294e+12
1.900827e+12
1.828363e+12
1.562872e+12
1.496545e+12
1.446011e+12
1.306349e+12
1.150431e+12
1.068042e+12
9.959527e+11
9.614382e+11
9.048226e+11
8.656459e+11
8.445453e+11
8.114709e+11
7.651958e+11
7.232161e+11
7.032259e+11
6.823502e+11
6.719808e+11
6.373497e+11
5.788064e+11
5.623550e+11
5.472968e+11
5.218897e+11
5.102510e+11
4.962711e+11
4.803989e+11
4.523719e+11
4.366877e+11
4.192912e+11
4.119832e+11
3.837836e+11
3.744757e+11
3.599877e+11
3.503817e+11
3.387714e+11
3.221223e+11
3.104229e+11
3.035987e+11
2.936272e+11
2.865424e+11
2.784778e+11
2.697502e+11
2.644272e+11
2.565296e+11
2.542957e+11
2.375207e+11
2.317096e+11
2.252999e+11
2.145476e+11
2.086513e+11
2.005056e+11
1.959722e+11
1.862725e+11
1.825275e+11
1.782661e+11
1.712895e+11
1.666151e+11
1.637339e+11
1.624944e+11
1.581614e+11
1.555323e+11
1.534296e+11
1.466360e+11
1.420408e+11
1.363344e+11
1.338151e+11
1.303554e+11
1.258250e+11
1.257347e+11
1.228605e+11
1.200909e+11
1.184853e+11
1.150686e+11
1.137497e+11
1.106258e+11
1.078487e+11
1.058846e+11
1.040176e+11
1.011644e+11
9.813955e+10
9.613225e+10
9.437232e+10
8.912552e+10
8.894932e+10
8.767760e+10
8.653713e+10
8.534272e+10
8.336109e+10
8.188871e+10
8.129397e+10
7.952467e+10
7.672965e+10
7.616465e+10
7.572033e+10
7.546914e+10
7.279866e+10
7.241977e+10
7.094098e+10
6.932236e+10
6.785708e+10
6.582292e+10
6.490315e+10
6.324793e+10
6.241886e+10
6.120729e+10
6.069779e+10
5.980562e+10
5.852167e+10
5.747626e+10
5.646162e+10
5.433215e+10
5.281271e+10
5.225572e+10
5.155306e+10
5.038402e+10
4.938498e+10
4.711411e+10
4.556762e+10
4.538572e+10
4.442736e+10
4.099852e+10
4.027819e+10
3.139173e+10
1.564695e+10
1.132826e+10
3.632837e+09
