2.144651e+12
1.909847e+12
1.620535e+12
1.482673e+12
1.402575e+12
1.230747e+12
1.146821e+12
1.083701e+12
1.061672e+12
9.972866e+11
9.035129e+11
8.658173e+11
7.406089e+11
7.336047e+11
7.152667e+11
6.684912e+11
6.582395e+11
6.146019e+11
5.787988e+11
5.690056e+11
5.365830e+11
5.212616e+11
4.973245e+11
4.923679e+11
4.755550e+11
4.690038e+11
4.315052e+11
4.217315e+11
4.030800e+11
3.881558e+11
3.811961e+11
3.745884e+11
3.585747e+11
3.467620e+11
3.408986e+11
3.217893e+11
3.119041e+11
2.956748e+11
2.870202e+11
2.813073e+11
2.740512e+11
2.708703e+11
2.614849e+11
2.509403e+11
2.404800e+11
2.383734e+11
2.241052e+11
2.231028e+11
2.131360e+11
2.115354e+11
2.064919e+11
1.970217e+11
1.932771e+11
1.892104e+11
1.870012e+11
1.812385e+11
1.735870e+11
1.685791e+11
1.653822e+11
1.593523e+11
1.571957e+11
1.557112e+11
1.507857e+11
1.440965e+11
1.415086e+11
1.413170e+11
1.356327e+11
1.319981e+11
1.299920e+11
1.283327e+11
1.230476e+11
1.222867e+11
1.172181e+11
1.164069e+11
1.147421e+11
1.141326e+11
1.110171e+11
1.071464e+11
1.045683e+11
1.030553e+11
1.016902e+11
1.011031e+11
9.613486e+10
9.569642e+10
9.372537e+10
9.335146e+10
9.210134e+10
8.894972e+10
8.547689e+10
8.213101e+10
8.156689e+10
7.943003e+10
7.837842e+10
7.736064e+10
7.657795e+10
7.380117e+10
7.134529e+10
7.067161e+10
6.906123e+10
6.791209e+10
6.650011e+10
6.581316e+10
6.452887e+10
6.369500e+10
6.172384e+10
6.011775e+10
5.947862e+10
5.819577e+10
5.731713e+10
5.636554e+10
5.546318e+10
5.375000e+10
5.240438e+10
5.187154e+10
4.994869e+10
4.917948e+10
4.430297e+10
4.306759e+10
4.230082e+10
3.840512e+10
3.710818e+10
3.256686e+10
3.159416e+10
1.723755e+10
1.545680e+10
9.747541e+09
5.610870e+09
2.362567e+09
