1.046053e+10
3.186347e+08
9.011466e+07
4.745126e+07
3.260820e+07
2.831850e+07
2.285404e+07
1.741290e+07
1.488812e+07
1.320651e+07
1.038039e+07
8.453239e+06
6.832564e+06
6.452359e+06
4.942654e+06
3.804927e+06
3.235211e+06
2.696128e+06
2.007388e+06
1.661453e+06
1.413075e+06
1.154774e+06
1.058659e+06
8.676192e+05
8.186784e+05
6.353931e+05
6.026661e+05
4.193957e+05
3.682592e+05
2.744401e+05
2.233559e+05
2.089759e+05
1.464898e+05
1.108973e+05
9.766466e+04
7.020711e+04
5.692057e+04
4.026792e+04
2.924802e+04
2.309229e+04
1.872673e+04
1.832614e+04
1.503398e+04
1.094448e+04
8.817410e+03
6.425448e+03
5.582623e+03
3.056217e+03
2.222688e+03
2.027755e+03
1.759481e+03
1.308598e+03
1.014872e+03
6.863973e+02
4.810208e+02
3.752418e+02
3.164019e+02
2.417244e+02
1.489691e+02
1.353355e+02
9.233713e+01
6.267216e+01
5.816571e+01
2.795630e+01
2.443485e+01
2.053190e+01
1.605680e+01
6.949152e+00
5.560885e+00
4.891115e+00
2.533039e+00
2.064390e+00
1.339296e+00
9.622567e-01
8.970870e-01
5.515677e-01
4.841692e-01
3.506216e-01
2.303539e-01
1.916062e-01
1.074047e-01
6.958219e-02
4.834618e-02
4.479215e-02
4.277008e-02
3.794769e-02
2.700222e-02
2.051581e-02
1.895066e-02
1.629787e-02
1.502419e-02
1.311820e-02
1.255263e-02
1.121314e-02
8.546473e-03
7.669098e-03
6.469612e-03
5.542976e-03
4.600266e-03
4.052301e-03
3.594489e-03
3.232980e-03
2.379322e-03
1.942726e-03
1.348733e-03
1.007346e-03
8.564197e-04
6.830712e-04
3.496323e-04
2.180611e-04
-3.485019e-05
-6.127247e-04
-7.953594e-04
-1.127683e-03
-1.300550e-03
-2.009003e-03
-3.094418e-03
-3.890499e-03
-4.975260e-03
-5.637018e-03
-7.367668e-03
-8.221128e-03
-9.730359e-03
-1.139881e-02
-1.530585e-02
-2.606556e-02
-2.967401e-02
-3.129764e-01
