7.118611e+05
3.119970e+05
2.275703e+05
1.900534e+05
1.460584e+05
1.205588e+05
1.102127e+05
1.081838e+05
1.020805e+05
8.114965e+04
8.070155e+04
6.848484e+04
6.253927e+04
5.546799e+04
4.294424e+04
3.560254e+04
3.324837e+04
2.461941e+04
1.927144e+04
1.567796e+04
1.386105e+04
1.192089e+04
1.044971e+04
9.305941e+03
7.810045e+03
6.799298e+03
6.569259e+03
5.719787e+03
4.996256e+03
3.842980e+03
2.903492e+03
2.377791e+03
2.197331e+03
1.990629e+03
1.540179e+03
1.223183e+03
1.001210e+03
9.557259e+02
7.942069e+02
6.717903e+02
5.192715e+02
4.464815e+02
4.104105e+02
3.733926e+02
3.147026e+02
2.424651e+02
2.291960e+02
1.667894e+02
1.334326e+02
1.092756e+02
8.146390e+01
7.578180e+01
6.199331e+01
5.437637e+01
4.980045e+01
4.133322e+01
2.490821e+01
2.237890e+01
1.963084e+01
1.703218e+01
1.446652e+01
1.329688e+01
1.062250e+01
8.973168e+00
8.162685e+00
5.997916e+00
4.715210e+00
3.599777e+00
3.456724e+00
2.277426e+00
2.215024e+00
1.940387e+00
1.381432e+00
1.103932e+00
8.181703e-01
6.890497e-01
6.099948e-01
4.613073e-01
4.336159e-01
3.749983e-01
3.014739e-01
2.217028e-01
1.438515e-01
1.218915e-01
9.921584e-02
9.417844e-02
8.537520e-02
7.397669e-02
7.232131e-02
6.052623e-02
5.769022e-02
5.623422e-02
5.192997e-02
4.585148e-02
4.297682e-02
4.118787e-02
3.938497e-02
3.768018e-02
3.558236e-02
3.350542e-02
3.222114e-02
3.151174e-02
2.972185e-02
2.900308e-02
2.835321e-02
2.782624e-02
2.606574e-02
2.577065e-02
2.461116e-02
2.408995e-02
2.350463e-02
2.288053e-02
2.104279e-02
2.052598e-02
1.964963e-02
1.846365e-02
1.815282e-02
1.692176e-02
1.636999e-02
1.577525e-02
1.559126e-02
1.318843e-02
1.189553e-02
1.064595e-02
9.220280e-03
5.976966e-12
5.382481e-12
-4.145573e-12
