4.669229e+05
2.789120e+05
1.613726e+05
1.418410e+05
1.220303e+05
1.036306e+05
9.669623e+04
8.275362e+04
7.855782e+04
6.742594e+04
6.274143e+04
5.863560e+04
5.542118e+04
4.414863e+04
4.041231e+04
3.532182e+04
2.780339e+04
2.265395e+04
2.097128e+04
1.358003e+04
1.217030e+04
9.555181e+03
7.929208e+03
7.361683e+03
7.339117e+03
4.842523e+03
4.757994e+03
4.037263e+03
3.864768e+03
3.730568e+03
3.608886e+03
2.734879e+03
2.299667e+03
2.098218e+03
1.602711e+03
1.330898e+03
1.155127e+03
1.004577e+03
7.928574e+02
7.028028e+02
6.406879e+02
5.548631e+02
4.496932e+02
2.951134e+02
2.747345e+02
2.526740e+02
2.153316e+02
1.729689e+02
1.637615e+02
1.474106e+02
1.118564e+02
9.066160e+01
7.592033e+01
7.157774e+01
5.880201e+01
4.707730e+01
4.071073e+01
3.695467e+01
3.143782e+01
2.592059e+01
1.915438e+01
1.846559e+01
1.638701e+01
1.542011e+01
1.006489e+01
9.311860e+00
8.399621e+00
6.569544e+00
3.977362e+00
3.421118e+00
2.721281e+00
2.156228e+00
2.043077e+00
1.814282e+00
1.569783e+00
1.423620e+00
1.123039e+00
7.987986e-01
5.887433e-01
4.838323e-01
4.590290e-01
3.340161e-01
3.267888e-01
2.927016e-01
2.407633e-01
1.400389e-01
1.143602e-01
9.738199e-02
8.650482e-02
8.386014e-02
7.451805e-02
6.511790e-02
4.597870e-02
4.080062e-02
3.568523e-02
3.411612e-02
3.251848e-02
2.971958e-02
2.830847e-02
2.708269e-02
2.533278e-02
2.433604e-02
2.217621e-02
2.097527e-02
2.057431e-02
1.930206e-02
1.904113e-02
1.842810e-02
1.786813e-02
1.742903e-02
1.734710e-02
1.623657e-02
1.535537e-02
1.518657e-02
1.476626e-02
1.447746e-02
1.365613e-02
1.312674e-02
1.278452e-02
1.172428e-02
1.121530e-02
1.040374e-02
8.411120e-03
8.178817e-03
6.290268e-03
5.626550e-03
2.006716e-12
-5.239095e-12
