6.031048e+05
3.276005e+05
2.085944e+05
1.567671e+05
1.222522e+05
1.168026e+05
1.081189e+05
9.171392e+04
8.718543e+04
7.760594e+04
7.672003e+04
5.515310e+04
5.293726e+04
4.732819e+04
4.344290e+04
3.269049e+04
2.976718e+04
2.543989e+04
2.025910e+04
1.258967e+04
1.049114e+04
9.305295e+03
7.832198e+03
6.606780e+03
6.464759e+03
5.951430e+03
5.494040e+03
4.652683e+03
3.902850e+03
3.697998e+03
2.957453e+03
2.634423e+03
2.532155e+03
1.724286e+03
1.492217e+03
1.395968e+03
1.140193e+03
9.842683e+02
7.357633e+02
7.138879e+02
5.046002e+02
4.761550e+02
4.190962e+02
3.880322e+02
3.269406e+02
2.911541e+02
2.488406e+02
1.833197e+02
1.285386e+02
1.169652e+02
9.596712e+01
9.130941e+01
7.073169e+01
6.859759e+01
5.567725e+01
4.732465e+01
4.187693e+01
2.800883e+01
2.531897e+01
2.331894e+01
1.994132e+01
1.326811e+01
1.178399e+01
8.689357e+00
7.606342e+00
4.834877e+00
3.649925e+00
3.490762e+00
3.282355e+00
2.940962e+00
2.140095e+00
1.794719e+00
1.407118e+00
1.224636e+00
1.101748e+00
1.000063e+00
8.187901e-01
5.084532e-01
4.815396e-01
4.532433e-01
3.700809e-01
3.557671e-01
3.147694e-01
2.741526e-01
1.853558e-01
1.696580e-01
1.312855e-01
1.161117e-01
8.071998e-02
5.162355e-02
4.921509e-02
4.696356e-02
4.494887e-02
4.271546e-02
3.948953e-02
3.909905e-02
3.783767e-02
3.699958e-02
3.479003e-02
3.351768e-02
3.342361e-02
3.097553e-02
3.000749e-02
2.879691e-02
2.771448e-02
2.715854e-02
2.557103e-02
2.514520e-02
2.411957e-02
2.317346e-02
2.262300e-02
2.248139e-02
2.207321e-02
2.201788e-02
1.962538e-02
1.918052e-02
1.890351e-02
1.846490e-02
1.709617e-02
1.547600e-02
1.527247e-02
1.452680e-02
1.422328e-02
1.409239e-02
1.302673e-02
1.151484e-02
9.411101e-03
4.886262e-12
