1.069397e+13
8.402969e+12
5.698479e+12
4.595078e+12
4.462291e+12
3.975363e+12
3.614462e+12
3.409797e+12
3.265021e+12
2.919183e+12
2.843780e+12
2.603835e+12
2.580901e+12
2.359876e+12
2.325904e+12
2.247633e+12
2.162251e+12
2.104349e+12
2.047263e+12
1.945957e+12
1.935453e+12
1.861292e+12
1.769923e+12
1.681335e+12
1.609053e+12
1.582040e+12
1.542320e+12
1.501449e+12
1.479412e+12
1.463130e+12
1.416161e+12
1.387935e+12
1.322417e+12
1.302064e+12
1.255624e+12
1.243940e+12
1.217687e+12
1.155551e+12
1.133499e+12
1.112857e+12
1.084635e+12
1.071452e+12
1.045578e+12
1.025056e+12
1.015008e+12
9.781913e+11
9.605186e+11
9.552362e+11
9.192979e+11
9.103456e+11
8.996038e+11
8.769833e+11
8.591688e+11
8.495338e+11
8.392188e+11
8.241203e+11
8.084921e+11
7.945058e+11
7.867419e+11
7.690997e+11
7.573374e+11
7.418450e+11
7.388772e+11
7.262262e+11
7.059048e+11
6.952222e+11
6.873531e+11
6.784090e+11
6.721567e+11
6.647499e+11
6.531223e+11
6.250013e+11
6.195964e+11
6.191942e+11
6.016308e+11
5.948616e+11
5.901027e+11
5.801818e+11
5.786198e+11
5.698393e+11
5.513869e+11
5.496859e+11
5.458104e+11
5.367814e+11
5.308200e+11
5.253305e+11
5.121943e+11
5.034413e+11
5.017684e+11
4.958590e+11
4.856857e+11
4.784330e+11
4.757938e+11
4.685530e+11
4.651330e+11
4.634993e+11
4.576056e+11
4.428617e+11
4.401866e+11
4.289619e+11
4.279908e+11
4.230570e+11
4.092161e+11
4.021451e+11
3.941211e+11
3.926462e+11
3.893981e+11
3.865289e+11
3.801051e+11
3.745466e+11
3.678748e+11
3.600119e+11
3.531856e+11
3.520182e+11
3.391311e+11
3.368240e+11
3.313814e+11
3.234258e+11
3.150210e+11
3.047109e+11
2.998188e+11
2.950752e+11
2.868056e+11
2.797527e+11
2.655395e+11
2.173011e+11
1.981073e+11
1.443596e+11
