1.263134e+05
6.024635e+03
3.196253e+03
2.326819e+03
1.854804e+03
1.685210e+03
1.212330e+03
9.165691e+02
7.846141e+02
7.528651e+02
6.131458e+02
4.320506e+02
3.153969e+02
2.906771e+02
2.597374e+02
2.341368e+02
1.958771e+02
1.859460e+02
1.461561e+02
1.384017e+02
1.229093e+02
1.127965e+02
1.011843e+02
8.983968e+01
8.557127e+01
8.072813e+01
7.545646e+01
6.704317e+01
6.581966e+01
5.808275e+01
5.231385e+01
5.013177e+01
4.602836e+01
4.472689e+01
4.331566e+01
3.959177e+01
3.487876e+01
3.408126e+01
3.053146e+01
2.896731e+01
2.612477e+01
2.523011e+01
2.411108e+01
2.204534e+01
1.970414e+01
1.926798e+01
1.902670e+01
1.685478e+01
1.607951e+01
1.468051e+01
1.326783e+01
1.205402e+01
1.093261e+01
9.971908e+00
9.548092e+00
8.580489e+00
8.017555e+00
7.751035e+00
7.493822e+00
6.997518e+00
6.417615e+00
5.914435e+00
5.731601e+00
5.313991e+00
5.059943e+00
4.389017e+00
4.245156e+00
3.933979e+00
3.763772e+00
3.562511e+00
3.122799e+00
2.996417e+00
2.511857e+00
2.335294e+00
2.228904e+00
2.045903e+00
1.876201e+00
1.783286e+00
1.762852e+00
1.545305e+00
1.463035e+00
1.341826e+00
1.293871e+00
1.237815e+00
1.197758e+00
1.080892e+00
1.065813e+00
9.691299e-01
8.897568e-01
8.580900e-01
7.493398e-01
7.204273e-01
6.684912e-01
6.354994e-01
5.874556e-01
5.540043e-01
4.917760e-01
4.621716e-01
4.512520e-01
4.029471e-01
3.615038e-01
3.415630e-01
3.069500e-01
2.877325e-01
2.659000e-01
2.640930e-01
2.574371e-01
2.499921e-01
2.223934e-01
2.159150e-01
1.976484e-01
1.926481e-01
1.909629e-01
1.796414e-01
1.683734e-01
1.659262e-01
1.511525e-01
1.470299e-01
1.357810e-01
1.207209e-01
1.064548e-01
9.710781e-02
8.899548e-02
8.776267e-02
7.907616e-02
7.543367e-02
7.207636e-02
6.499384e-02
6.405918e-02
6.023429e-02
5.482343e-02
5.019233e-02
4.660460e-02
4.442157e-02
4.139486e-02
3.774489e-02
3.547218e-02
3.311348e-02
3.202706e-02
3.039935e-02
2.961037e-02
2.797875e-02
2.402227e-02
2.059709e-02
2.008198e-02
1.910760e-02
1.775631e-02
1.606997e-02
1.374530e-02
1.234750e-02
1.148857e-02
1.083244e-02
1.011484e-02
8.632272e-03
8.193283e-03
7.557750e-03
7.465617e-03
6.443199e-03
6.097550e-03
5.950078e-03
5.909741e-03
5.336979e-03
5.099426e-03
5.007684e-03
4.417739e-03
4.003346e-03
3.951932e-03
3.119435e-03
2.777637e-03
2.567900e-03
2.366902e-03
2.280540e-03
2.261588e-03
2.033242e-03
1.950687e-03
1.946352e-03
1.855393e-03
1.803028e-03
1.664357e-03
1.586885e-03
1.573772e-03
1.546834e-03
1.525062e-03
1.484229e-03
1.461488e-03
1.423964e-03
1.385660e-03
1.355111e-03
1.349044e-03
1.323205e-03
1.292825e-03
1.274389e-03
1.261877e-03
1.248445e-03
1.207949e-03
1.195291e-03
1.183311e-03
1.175812e-03
1.159692e-03
1.153326e-03
1.139594e-03
1.124492e-03
1.116702e-03
1.091089e-03
1.076452e-03
1.067522e-03
1.062316e-03
1.038037e-03
1.013987e-03
9.952529e-04
9.949536e-04
9.877875e-04
9.817402e-04
9.674949e-04
9.538848e-04
9.304177e-04
9.132868e-04
9.013842e-04
8.957197e-04
8.879936e-04
8.743054e-04
8.647178e-04
8.568235e-04
8.358872e-04
8.348883e-04
8.221713e-04
8.161446e-04
7.979656e-04
7.899359e-04
7.824929e-04
7.627519e-04
7.572700e-04
7.480892e-04
7.269961e-04
7.220803e-04
7.152648e-04
7.118818e-04
7.056879e-04
6.888498e-04
6.852062e-04
6.745968e-04
6.533782e-04
6.442787e-04
6.329555e-04
6.235467e-04
6.067664e-04
6.005143e-04
5.898440e-04
5.803996e-04
5.738478e-04
5.615383e-04
5.536189e-04
5.491999e-04
5.382428e-04
5.297997e-04
5.235088e-04
5.093731e-04
5.015957e-04
4.928802e-04
4.826463e-04
4.788214e-04
4.688920e-04
4.557538e-04
4.518364e-04
4.410637e-04
4.253292e-04
4.163652e-04
4.046423e-04
3.978811e-04
3.792674e-04
3.751854e-04
3.493947e-04
3.452042e-04
3.373551e-04
3.293159e-04
3.259279e-04
3.117098e-04
3.067099e-04
2.933855e-04
2.850571e-04
2.730603e-04
2.641154e-04
2.577687e-04
2.480219e-04
2.385280e-04
2.277347e-04
2.220709e-04
2.133531e-04
2.022216e-04
1.945279e-04
1.843599e-04
1.731317e-04
1.702757e-04
1.610014e-04
1.586081e-04
1.393518e-04
1.266956e-04
1.134545e-04
1.091319e-04
1.001603e-04
9.421954e-05
8.609993e-05
7.116934e-05
6.074721e-05
5.466966e-05
4.757632e-05
4.162647e-05
3.529860e-05
2.352113e-05
1.569747e-05
8.130257e-06
-1.326565e-06
-1.238304e-05
-2.690785e-05
-4.232346e-05
-4.865148e-05
-5.724613e-05
-5.954561e-05
-7.239018e-05
-7.405491e-05
-9.606545e-05
-1.062965e-04
-1.135940e-04
-1.217457e-04
-1.324867e-04
-1.337940e-04
-1.421167e-04
-1.667423e-04
-1.745045e-04
-1.798530e-04
-1.983593e-04
-1.988850e-04
-2.150228e-04
-2.306123e-04
-2.400435e-04
-2.537734e-04
-2.586253e-04
-2.691238e-04
-2.809087e-04
-2.869275e-04
-2.930547e-04
-3.025023e-04
-3.092193e-04
-3.230425e-04
-3.267992e-04
-3.424724e-04
-3.570952e-04
-3.785148e-04
-3.894679e-04
-4.007263e-04
-4.177079e-04
-4.248125e-04
-4.328395e-04
-4.344978e-04
-4.442815e-04
-4.572285e-04
-4.645837e-04
-4.672751e-04
-4.985093e-04
-5.040363e-04
-5.151452e-04
-5.366934e-04
-5.499692e-04
-5.553598e-04
-5.755089e-04
-5.886804e-04
-5.912879e-04
-6.122987e-04
-6.299381e-04
-6.464904e-04
-6.515570e-04
-6.590031e-04
-6.925949e-04
-7.170156e-04
-7.391052e-04
-7.532848e-04
-7.654142e-04
-7.912574e-04
-7.976667e-04
-8.342761e-04
-8.477382e-04
-8.647769e-04
-8.945949e-04
-9.555454e-04
