5.956887e+04
1.100759e+04
5.497007e+03
1.335767e+03
9.426431e+02
6.691544e+02
6.068919e+02
3.333895e+02
2.954760e+02
2.206874e+02
1.656624e+02
1.175363e+02
1.027585e+02
8.997871e+01
7.961173e+01
6.876400e+01
6.253200e+01
5.444127e+01
4.281956e+01
4.140340e+01
2.975481e+01
2.312905e+01
1.976963e+01
1.709421e+01
1.347681e+01
1.180715e+01
9.402559e+00
8.731170e+00
8.037454e+00
7.002000e+00
5.515890e+00
4.868354e+00
4.562225e+00
3.846618e+00
3.484796e+00
2.569980e+00
2.103494e+00
1.997471e+00
1.680104e+00
1.263798e+00
1.042405e+00
9.614514e-01
8.719365e-01
6.567702e-01
5.727630e-01
5.175321e-01
3.705051e-01
2.278837e-01
2.249472e-01
1.987870e-01
1.529122e-01
1.263420e-01
1.146886e-01
8.212465e-02
5.369385e-02
4.782163e-02
3.813089e-02
3.359734e-02
2.819189e-02
2.593246e-02
1.772475e-02
1.713395e-02
1.270852e-02
1.067488e-02
6.395982e-03
5.287674e-03
4.263290e-03
3.714746e-03
2.734551e-03
2.352539e-03
2.016914e-03
1.765779e-03
1.601606e-03
1.566664e-03
1.533120e-03
1.470424e-03
1.168843e-03
1.024840e-03
9.856065e-04
9.185403e-04
8.209656e-04
7.785374e-04
7.315033e-04
6.947942e-04
6.698389e-04
6.299061e-04
6.190332e-04
6.055415e-04
5.900798e-04
5.807680e-04
5.625898e-04
5.562275e-04
5.473541e-04
5.290155e-04
5.255383e-04
5.222259e-04
5.047070e-04
4.950188e-04
4.879970e-04
4.879076e-04
4.770902e-04
4.658376e-04
4.643665e-04
4.615527e-04
4.573835e-04
4.443225e-04
4.378641e-04
4.309846e-04
4.248676e-04
4.177365e-04
4.119050e-04
4.052832e-04
4.024087e-04
4.000280e-04
3.953696e-04
3.876074e-04
3.838848e-04
3.820075e-04
3.746011e-04
3.690601e-04
3.657715e-04
3.597795e-04
3.584627e-04
3.502160e-04
3.461910e-04
3.419264e-04
3.386637e-04
3.352618e-04
3.318667e-04
3.257888e-04
3.242574e-04
3.206469e-04
3.167123e-04
3.156315e-04
3.119071e-04
3.091154e-04
3.009117e-04
2.971600e-04
2.954043e-04
2.915094e-04
2.880156e-04
2.836888e-04
2.813513e-04
2.782214e-04
2.761515e-04
2.735781e-04
2.685841e-04
2.660434e-04
2.623178e-04
2.566573e-04
2.550039e-04
2.545435e-04
2.523137e-04
2.496060e-04
2.458362e-04
2.424002e-04
2.386937e-04
2.368495e-04
2.341844e-04
2.317506e-04
2.299889e-04
2.259973e-04
2.213290e-04
2.171793e-04
2.158433e-04
2.137492e-04
2.127567e-04
2.095338e-04
2.070386e-04
2.035897e-04
2.006248e-04
1.965168e-04
1.949303e-04
1.882543e-04
1.874928e-04
1.845069e-04
1.824489e-04
1.795993e-04
1.781491e-04
1.754986e-04
1.747157e-04
1.719989e-04
1.700821e-04
1.640103e-04
1.615710e-04
1.557978e-04
1.540843e-04
1.527469e-04
1.504785e-04
1.497819e-04
1.466187e-04
1.449745e-04
1.413339e-04
1.390599e-04
1.378368e-04
1.357944e-04
1.320746e-04
1.285491e-04
1.262788e-04
1.253222e-04
1.236232e-04
1.203859e-04
1.163297e-04
1.157314e-04
1.150585e-04
1.119118e-04
1.081311e-04
1.057904e-04
1.040061e-04
1.010504e-04
9.852149e-05
9.627495e-05
9.362128e-05
9.181889e-05
8.826882e-05
8.454421e-05
8.314226e-05
8.171055e-05
7.856292e-05
7.719894e-05
7.365719e-05
7.247972e-05
6.970955e-05
6.639447e-05
6.538814e-05
6.305832e-05
5.814284e-05
5.797872e-05
5.719536e-05
5.266235e-05
5.174033e-05
4.907441e-05
4.513167e-05
4.456290e-05
4.231009e-05
4.003492e-05
3.928020e-05
3.613085e-05
3.345940e-05
3.023411e-05
2.807287e-05
2.621760e-05
2.337432e-05
2.219774e-05
1.642945e-05
1.482857e-05
1.400378e-05
1.271057e-05
1.113190e-05
9.779655e-06
5.779270e-06
1.554663e-06
3.317748e-07
2.840779e-14
-2.883784e-06
-3.224254e-06
-5.153652e-06
-7.052565e-06
-9.191748e-06
-1.158584e-05
-1.569211e-05
-1.877524e-05
-2.099337e-05
-2.241170e-05
-2.395677e-05
-2.558965e-05
-2.911989e-05
-3.117219e-05
-3.289576e-05
-3.438781e-05
-3.771981e-05
-3.930372e-05
-4.222411e-05
-4.389195e-05
-4.808418e-05
-5.098577e-05
-5.301019e-05
-5.978265e-05
-6.075251e-05
-6.349283e-05
-6.530854e-05
-6.689461e-05
-6.972474e-05
-7.079839e-05
-7.339295e-05
-7.672035e-05
-7.870502e-05
-7.963357e-05
-8.199595e-05
-8.395613e-05
-8.812664e-05
-8.922959e-05
-9.301761e-05
-9.393397e-05
-9.676283e-05
-9.939071e-05
-1.015579e-04
-1.041124e-04
-1.070503e-04
-1.117213e-04
-1.147778e-04
-1.159544e-04
-1.165039e-04
-1.195099e-04
-1.216464e-04
-1.264058e-04
-1.274349e-04
-1.292191e-04
-1.327020e-04
-1.354580e-04
-1.372762e-04
-1.403234e-04
-1.426313e-04
-1.460310e-04
-1.499718e-04
-1.513618e-04
-1.549630e-04
-1.564712e-04
-1.611113e-04
-1.658915e-04
-1.681651e-04
-1.703492e-04
-1.724768e-04
-1.750018e-04
-1.789901e-04
-1.810320e-04
-1.834918e-04
-1.878231e-04
-1.897757e-04
-1.931199e-04
-1.946998e-04
-1.955736e-04
-2.012825e-04
-2.031966e-04
-2.080231e-04
-2.109337e-04
-2.168281e-04
-2.169703e-04
-2.193888e-04
-2.234868e-04
-2.267746e-04
-2.296720e-04
-2.320566e-04
-2.351183e-04
-2.367216e-04
-2.423672e-04
-2.454301e-04
-2.474042e-04
-2.534610e-04
-2.566025e-04
-2.615368e-04
-2.622381e-04
-2.701901e-04
-2.750899e-04
-2.807449e-04
-2.820964e-04
-2.858917e-04
-2.887907e-04
-2.946404e-04
-2.963623e-04
-3.116046e-04
-3.131787e-04
-3.178501e-04
-3.196326e-04
-3.233337e-04
-3.305673e-04
-3.360653e-04
-3.385276e-04
-3.494738e-04
-3.602149e-04
-3.691352e-04
-3.749936e-04
-3.835157e-04
-3.885204e-04
-3.980021e-04
-4.079439e-04
-4.466446e-04
-4.765042e-04
-4.988848e-04
-5.489641e-04
-6.471334e-04
-7.087037e-04
-9.583343e-04
-1.293993e-03
