1.421712e+08
1.350821e+07
1.626213e+06
7.204619e+05
5.167762e+05
1.509354e+05
1.371242e+05
4.071985e+04
1.327044e+04
2.352518e+03
9.830150e+02
1.974701e+02
1.227943e+02
7.778806e+01
7.280791e+01
5.953564e+01
3.676558e+01
3.440655e+01
3.202649e+01
3.035280e+01
2.808092e+01
2.341148e+01
2.104270e+01
1.733090e+01
1.589195e+01
1.416955e+01
1.368731e+01
1.338577e+01
1.280052e+01
1.159768e+01
1.106815e+01
1.074661e+01
1.064584e+01
9.798808e+00
8.894498e+00
8.448269e+00
8.036575e+00
7.461793e+00
7.143680e+00
6.600141e+00
6.435111e+00
6.148830e+00
5.657058e+00
5.530980e+00
5.375391e+00
5.073309e+00
4.790340e+00
4.431442e+00
4.247190e+00
3.974868e+00
3.497758e+00
3.390488e+00
3.025715e+00
2.955213e+00
2.755957e+00
2.626158e+00
2.270764e+00
1.997163e+00
1.918718e+00
1.679363e+00
1.501151e+00
1.287147e+00
1.231415e+00
1.069321e+00
7.286841e-01
6.381252e-01
5.283274e-01
4.549197e-01
3.021655e-01
2.679173e-01
1.631811e-01
1.148642e-01
7.510497e-02
2.906930e-02
2.342750e-02
1.732111e-02
4.127366e-03
-3.061021e-02
-5.127132e-02
-8.404069e-02
-1.625419e-01
-2.401326e-01
-2.770257e-01
-4.385991e-01
-4.444146e-01
-5.454369e-01
-8.096939e-01
-8.603621e-01
-1.082967e+00
-1.208060e+00
-1.667637e+00
-1.770339e+00
-1.910564e+00
-2.049620e+00
-2.186572e+00
-2.392353e+00
-2.605376e+00
-3.024208e+00
-3.606252e+00
-3.981173e+00
-4.026983e+00
-4.731163e+00
-4.790069e+00
-5.364224e+00
-5.943728e+00
-6.192457e+00
-6.459484e+00
-7.535609e+00
-7.600572e+00
-8.040468e+00
-8.732780e+00
-9.546971e+00
-1.046221e+01
-1.145267e+01
-1.245182e+01
-1.439521e+01
-1.477533e+01
-1.830379e+01
-2.034570e+01
-2.240690e+01
-2.346220e+01
-2.642872e+01
-3.509807e+01
-3.662149e+01
-4.544421e+01
-5.166029e+01
-7.960178e+01
-1.238761e+02
