7.054288e+04
4.918469e+02
3.220045e+02
1.323627e+01
8.828199e+00
5.881730e-01
3.306955e-01
1.144659e-01
1.564661e-02
4.819643e-03
3.786445e-03
1.303132e-03
1.260044e-03
1.208779e-03
1.145739e-03
1.089671e-03
1.051206e-03
9.911509e-04
9.691903e-04
9.676235e-04
9.638299e-04
9.378040e-04
9.206595e-04
9.078710e-04
8.960104e-04
8.811908e-04
8.693027e-04
8.645970e-04
8.421396e-04
8.311137e-04
8.242821e-04
8.172395e-04
8.050757e-04
7.966399e-04
7.915696e-04
7.798058e-04
7.719079e-04
7.667413e-04
7.556083e-04
7.511514e-04
7.404474e-04
7.385983e-04
7.330612e-04
7.249758e-04
7.141779e-04
7.055628e-04
7.026419e-04
6.950797e-04
6.812186e-04
6.788489e-04
6.671342e-04
6.648009e-04
6.628478e-04
6.544152e-04
6.500366e-04
6.466153e-04
6.376273e-04
6.314847e-04
6.300217e-04
6.251644e-04
6.204614e-04
6.145802e-04
6.108834e-04
6.068629e-04
5.976682e-04
5.930240e-04
5.912478e-04
5.859833e-04
5.828835e-04
5.732980e-04
5.728228e-04
5.707719e-04
5.642455e-04
5.583585e-04
5.550723e-04
5.525030e-04
5.489721e-04
5.400381e-04
5.390746e-04
5.362055e-04
5.325801e-04
5.294641e-04
5.265838e-04
5.245266e-04
5.170669e-04
5.116193e-04
5.098451e-04
5.027317e-04
4.990955e-04
4.961971e-04
4.909369e-04
4.843393e-04
4.818636e-04
4.801538e-04
4.769051e-04
4.699821e-04
4.680381e-04
4.630155e-04
4.621833e-04
4.592262e-04
4.532864e-04
4.485455e-04
4.464958e-04
4.430136e-04
4.426408e-04
4.397274e-04
4.381679e-04
4.325384e-04
4.272735e-04
4.226195e-04
4.184345e-04
4.163559e-04
4.135398e-04
4.106682e-04
4.053787e-04
4.024535e-04
3.993310e-04
3.932653e-04
3.917543e-04
3.897384e-04
3.858273e-04
3.857172e-04
3.801507e-04
3.780274e-04
3.746874e-04
3.699330e-04
3.680157e-04
3.670731e-04
3.641413e-04
3.616222e-04
3.605336e-04
3.594246e-04
3.534478e-04
3.522568e-04
3.495566e-04
3.477241e-04
3.459371e-04
3.421053e-04
3.379161e-04
3.329136e-04
3.301403e-04
3.257995e-04
3.248312e-04
3.218182e-04
3.186453e-04
3.163951e-04
3.134603e-04
3.121774e-04
3.094529e-04
3.068975e-04
3.034548e-04
2.994566e-04
2.966459e-04
2.951119e-04
2.919802e-04
2.884153e-04
2.845374e-04
2.824148e-04
2.772759e-04
2.753305e-04
2.742243e-04
2.732874e-04
2.699550e-04
2.677059e-04
2.640968e-04
2.602792e-04
2.591866e-04
2.562306e-04
2.532516e-04
2.521800e-04
2.492583e-04
2.434862e-04
2.407650e-04
2.360309e-04
2.347145e-04
2.320272e-04
2.304454e-04
2.279783e-04
2.243478e-04
2.215555e-04
2.205362e-04
2.156081e-04
2.138740e-04
2.132108e-04
2.103664e-04
2.056961e-04
2.041212e-04
2.014413e-04
2.007864e-04
1.969924e-04
1.945206e-04
1.914524e-04
1.895187e-04
1.893462e-04
1.858450e-04
1.833872e-04
1.803809e-04
1.788793e-04
1.750923e-04
1.737637e-04
1.727164e-04
1.699414e-04
1.663676e-04
1.632573e-04
1.600685e-04
1.596601e-04
1.559878e-04
1.518582e-04
1.504862e-04
1.483044e-04
1.461315e-04
1.434877e-04
1.415764e-04
1.386471e-04
1.375890e-04
1.344371e-04
1.317104e-04
1.273626e-04
1.237788e-04
1.200708e-04
1.178761e-04
1.175727e-04
1.122346e-04
1.092713e-04
1.077692e-04
1.052581e-04
1.033218e-04
1.010296e-04
9.995817e-05
9.724939e-05
9.462008e-05
9.246411e-05
8.874598e-05
8.657543e-05
8.314862e-05
8.102701e-05
7.856355e-05
7.677136e-05
7.260226e-05
6.915786e-05
6.651969e-05
6.206521e-05
6.122902e-05
5.913474e-05
5.750580e-05
5.409606e-05
5.111290e-05
4.875445e-05
4.535204e-05
4.369924e-05
4.213314e-05
3.890865e-05
3.664543e-05
3.569488e-05
3.215540e-05
2.922946e-05
2.810947e-05
2.598960e-05
2.267535e-05
1.801813e-05
1.557061e-05
1.319498e-05
1.259796e-05
7.694936e-06
6.212459e-06
2.597367e-06
1.401722e-06
1.074393e-06
1.833219e-14
-9.439564e-15
-3.731439e-14
-3.104952e-06
-8.617858e-06
-9.169809e-06
-1.341791e-05
-1.368037e-05
-1.806458e-05
-2.141940e-05
-2.303645e-05
-2.482305e-05
-2.989208e-05
-3.083509e-05
-3.206465e-05
-3.532676e-05
-3.621086e-05
-3.973653e-05
-4.174983e-05
-4.413786e-05
-4.574901e-05
-4.936817e-05
-5.369376e-05
-5.677397e-05
-5.849578e-05
-6.235218e-05
-6.511254e-05
-6.523192e-05
-6.985531e-05
-7.288723e-05
-7.518115e-05
-8.092238e-05
-8.326465e-05
-8.403915e-05
-8.699980e-05
-9.027274e-05
-9.157899e-05
-9.709132e-05
-9.845077e-05
-1.008423e-04
-1.024507e-04
-1.051036e-04
-1.064375e-04
-1.102863e-04
-1.108781e-04
-1.146936e-04
-1.167189e-04
-1.234804e-04
-1.258453e-04
-1.288876e-04
-1.312919e-04
-1.356098e-04
-1.387214e-04
-1.406013e-04
-1.429048e-04
-1.457047e-04
-1.498993e-04
-1.530343e-04
-1.551617e-04
-1.559976e-04
-1.604611e-04
-1.644031e-04
-1.667484e-04
-1.688852e-04
-1.701194e-04
-1.751177e-04
-1.775518e-04
-1.819719e-04
-1.848844e-04
-1.886245e-04
-1.917142e-04
-1.947821e-04
-1.954531e-04
-1.970274e-04
-2.034185e-04
-2.061593e-04
-2.107779e-04
-2.145794e-04
-2.149178e-04
-2.177521e-04
-2.239400e-04
-2.257057e-04
-2.280172e-04
-2.295025e-04
-2.349037e-04
-2.396883e-04
-2.422295e-04
-2.487691e-04
-2.500415e-04
-2.594865e-04
-2.631008e-04
-2.656771e-04
-2.742546e-04
-2.765783e-04
-2.778618e-04
-2.852068e-04
-2.865323e-04
-2.893672e-04
-2.945314e-04
-3.030298e-04
-3.077759e-04
-3.136857e-04
-3.161034e-04
-3.175825e-04
-3.278938e-04
-3.321051e-04
-3.410312e-04
-3.433684e-04
-3.514644e-04
-3.594891e-04
-3.609017e-04
-3.719188e-04
-3.780253e-04
-3.858460e-04
-4.022203e-04
-4.191810e-04
