2.088300e+05
5.075223e+04
1.343884e+04
2.850011e+03
4.349186e+02
7.104914e+01
2.442178e+01
1.030271e+01
2.406971e+00
4.495845e-01
1.440917e-01
7.383622e-02
5.313630e-02
4.678014e-02
4.318319e-02
3.081802e-02
2.888532e-02
2.701575e-02
2.604423e-02
2.345271e-02
2.144944e-02
1.987081e-02
1.890519e-02
1.837875e-02
1.681420e-02
1.648284e-02
1.503094e-02
1.433346e-02
1.362148e-02
1.301321e-02
1.240889e-02
1.223559e-02
1.146238e-02
1.119145e-02
1.057803e-02
1.033732e-02
9.586010e-03
9.382273e-03
9.225956e-03
8.822332e-03
8.616584e-03
8.482333e-03
8.155020e-03
7.746987e-03
7.517206e-03
7.439261e-03
7.351991e-03
6.981511e-03
6.710960e-03
6.529847e-03
6.387028e-03
6.152405e-03
5.951041e-03
5.659650e-03
5.408122e-03
5.292381e-03
5.207530e-03
5.054230e-03
4.738254e-03
4.497810e-03
4.322108e-03
4.202411e-03
3.952791e-03
3.870993e-03
3.676244e-03
3.546260e-03
3.270074e-03
3.112174e-03
3.073684e-03
2.976639e-03
2.781215e-03
2.608769e-03
2.569431e-03
2.513962e-03
2.389970e-03
2.308573e-03
2.134054e-03
2.102962e-03
1.928426e-03
1.813032e-03
1.733407e-03
1.637381e-03
1.528651e-03
1.480079e-03
1.376803e-03
1.254070e-03
1.223209e-03
1.211015e-03
1.149198e-03
8.891670e-04
7.695277e-04
6.238996e-04
5.181494e-04
2.464779e-04
-1.083295e-05
-3.379385e-04
-4.746350e-04
-5.820922e-04
-9.471457e-04
-1.360149e-03
-1.505487e-03
-1.879418e-03
-2.154948e-03
-2.438440e-03
-2.950806e-03
-3.816355e-03
-4.452366e-03
-5.286853e-03
-5.918975e-03
-7.700750e-03
-7.922154e-03
-8.064404e-03
-1.128339e-02
-1.133798e-02
-1.194714e-02
-1.385635e-02
-1.584874e-02
-1.805811e-02
-1.845304e-02
-2.138232e-02
-2.324000e-02
-2.977636e-02
-4.012723e-02
-4.158784e-02
-4.424485e-02
-5.147922e-02
-5.692948e-02
-7.798714e-02
