1.279658e+08
2.006723e+07
1.895807e+06
1.595999e+06
9.015442e+05
3.482705e+05
1.655152e+05
1.118535e+05
2.439848e+04
1.157104e+04
4.949959e+03
1.424204e+03
4.448502e+02
2.451807e+02
7.881208e+01
6.024532e+01
3.408849e+01
3.097593e+01
2.706652e+01
2.304233e+01
2.120539e+01
2.006482e+01
1.599212e+01
1.559524e+01
1.458911e+01
1.318037e+01
1.270053e+01
1.220286e+01
1.175131e+01
1.119337e+01
1.041388e+01
9.646976e+00
9.040568e+00
8.741475e+00
8.396652e+00
7.947375e+00
7.377905e+00
6.956216e+00
6.713068e+00
6.019129e+00
5.744017e+00
5.496084e+00
5.414404e+00
4.923699e+00
4.771420e+00
4.269551e+00
4.183049e+00
4.024934e+00
3.895031e+00
3.490355e+00
3.378940e+00
3.161997e+00
2.999826e+00
2.616777e+00
2.535066e+00
2.347856e+00
2.180223e+00
2.103747e+00
1.895702e+00
1.631501e+00
1.509509e+00
1.393443e+00
1.187050e+00
1.096015e+00
8.862472e-01
7.967747e-01
7.130780e-01
6.029056e-01
4.767737e-01
4.419517e-01
3.634354e-01
2.511586e-01
2.176828e-01
2.122834e-01
5.506363e-02
3.620721e-02
6.614843e-10
-6.922259e-10
-9.403593e-03
-6.095721e-02
-8.097754e-02
-1.147569e-01
-1.660549e-01
-2.413688e-01
-3.444772e-01
-3.928697e-01
-4.568171e-01
-6.285540e-01
-6.909059e-01
-8.032266e-01
-9.623492e-01
-9.915837e-01
-1.090096e+00
-1.176875e+00
-1.367560e+00
-1.607926e+00
-1.715854e+00
-1.759648e+00
-1.949749e+00
-2.294102e+00
-2.426503e+00
-2.653867e+00
-2.789471e+00
-3.476049e+00
-3.793218e+00
-3.851041e+00
-4.201144e+00
-4.582397e+00
-4.991741e+00
-5.373847e+00
-5.666623e+00
-6.371156e+00
-6.902768e+00
-7.086760e+00
-8.114779e+00
-9.510634e+00
-1.033574e+01
-1.096425e+01
-1.220241e+01
-1.399346e+01
-1.519601e+01
-1.670428e+01
-1.928171e+01
-2.323160e+01
-2.549592e+01
-3.548137e+01
-4.444833e+01
-7.488726e+01
