3.857843e+06
3.048932e+05
8.482929e+04
1.170645e+04
9.969790e+02
4.048548e+01
9.369904e+00
2.374090e-01
1.694572e-01
1.428203e-01
1.276343e-01
1.130055e-01
1.112239e-01
1.069121e-01
9.000032e-02
8.391395e-02
8.343119e-02
7.093509e-02
7.016968e-02
6.595636e-02
6.340255e-02
5.991867e-02
5.659327e-02
5.098711e-02
5.000961e-02
4.875389e-02
4.438959e-02
4.264933e-02
3.766414e-02
3.695378e-02
3.245705e-02
2.966457e-02
2.740006e-02
2.555623e-02
2.448989e-02
2.310651e-02
1.973372e-02
1.842346e-02
1.664670e-02
1.633711e-02
1.441637e-02
1.261986e-02
1.187647e-02
9.073521e-03
7.486532e-03
6.112697e-03
3.649756e-03
2.203690e-03
2.160291e-03
1.171542e-03
-9.649235e-06
-1.877741e-03
-7.669326e-03
-1.033689e-02
-1.182950e-02
-1.329978e-02
-2.238141e-02
-2.432781e-02
-3.157185e-02
-5.642951e-02
-7.695720e-02
-1.099461e-01
-1.248974e-01
-1.367042e-01
