3.532053e+10
1.522233e+10
7.183224e+09
4.742721e+09
4.223498e+09
3.481338e+09
3.224441e+09
3.109388e+09
2.742596e+09
2.392912e+09
2.346522e+09
2.206101e+09
2.154005e+09
2.030728e+09
1.915955e+09
1.830884e+09
1.687433e+09
1.641088e+09
1.598814e+09
1.544804e+09
1.477398e+09
1.428617e+09
1.342690e+09
1.248500e+09
1.229345e+09
1.160509e+09
1.139037e+09
1.103788e+09
1.080357e+09
1.061958e+09
9.765586e+08
9.342762e+08
9.082353e+08
8.712018e+08
8.663359e+08
8.363455e+08
7.881804e+08
7.512569e+08
7.386650e+08
7.219862e+08
6.979874e+08
6.877974e+08
6.812183e+08
6.517102e+08
6.314641e+08
6.112867e+08
5.956217e+08
5.859585e+08
5.654379e+08
5.525927e+08
5.386366e+08
5.187539e+08
4.982677e+08
4.888309e+08
4.843664e+08
4.625538e+08
4.602623e+08
4.487029e+08
4.363731e+08
4.320776e+08
4.221024e+08
4.079096e+08
3.982023e+08
3.925566e+08
3.861172e+08
3.737202e+08
3.708247e+08
3.593074e+08
3.531889e+08
3.431000e+08
3.393403e+08
3.311421e+08
3.242001e+08
3.158742e+08
3.054293e+08
2.979181e+08
2.919210e+08
2.900512e+08
2.764631e+08
2.738720e+08
2.664991e+08
2.585352e+08
2.514028e+08
2.368454e+08
2.295002e+08
2.247940e+08
2.228975e+08
2.141001e+08
2.077378e+08
1.958744e+08
1.912772e+08
1.910125e+08
1.775268e+08
1.757732e+08
1.745129e+08
1.684052e+08
1.631196e+08
1.582647e+08
1.550197e+08
1.513838e+08
1.444373e+08
1.388574e+08
1.379513e+08
1.294413e+08
1.213385e+08
1.167442e+08
1.122967e+08
1.107199e+08
1.034966e+08
9.727227e+07
9.549515e+07
9.128008e+07
8.358950e+07
7.057331e+07
6.867866e+07
6.256393e+07
5.773395e+07
5.042331e+07
4.191311e+07
3.911145e+07
3.782803e+07
3.512082e+07
2.779920e+07
1.721816e+07
1.334666e+07
7.166247e+06
3.686036e+06
2.680570e+06
