1.285756e+05
6.263592e+03
3.060207e+03
2.881892e+03
1.818316e+03
1.551774e+03
1.393182e+03
1.135779e+03
8.409734e+02
7.142140e+02
6.192636e+02
5.183380e+02
2.802852e+02
2.539758e+02
2.121655e+02
2.025365e+02
1.851948e+02
1.633882e+02
1.392019e+02
1.251947e+02
1.011871e+02
9.475335e+01
8.476229e+01
8.129494e+01
7.632024e+01
7.448980e+01
6.456818e+01
6.043536e+01
5.514515e+01
5.177351e+01
4.918276e+01
4.866105e+01
4.078509e+01
3.883495e+01
3.631399e+01
3.368862e+01
2.939138e+01
2.807801e+01
2.629759e+01
2.393040e+01
2.121134e+01
1.992612e+01
1.928950e+01
1.718368e+01
1.543784e+01
1.493547e+01
1.401302e+01
1.320541e+01
1.183211e+01
1.159885e+01
1.143492e+01
1.029430e+01
9.462405e+00
9.109330e+00
8.374591e+00
7.614025e+00
7.348619e+00
6.903198e+00
6.261651e+00
5.682853e+00
5.239609e+00
4.671280e+00
4.384290e+00
3.942869e+00
3.814784e+00
3.378086e+00
3.239231e+00
2.872378e+00
2.823044e+00
2.706596e+00
2.618541e+00
2.433174e+00
2.375240e+00
2.261209e+00
1.985585e+00
1.892188e+00
1.790056e+00
1.643758e+00
1.482706e+00
1.364444e+00
1.227953e+00
1.195238e+00
1.134481e+00
1.061473e+00
9.540423e-01
8.719897e-01
8.481877e-01
7.956113e-01
7.776965e-01
6.909979e-01
6.544314e-01
6.156512e-01
6.061774e-01
5.603659e-01
5.205184e-01
4.928960e-01
4.680239e-01
4.219191e-01
3.931885e-01
3.512358e-01
3.338534e-01
3.143017e-01
3.013115e-01
2.870453e-01
2.604838e-01
2.431546e-01
2.317855e-01
2.102035e-01
2.082427e-01
1.982095e-01
1.877595e-01
1.714457e-01
1.618379e-01
1.483263e-01
1.364583e-01
1.308398e-01
1.176907e-01
1.140994e-01
9.808809e-02
9.644335e-02
8.806726e-02
8.475301e-02
7.719114e-02
7.327532e-02
6.893476e-02
6.382260e-02
6.060218e-02
5.348828e-02
5.098160e-02
4.703942e-02
4.378906e-02
4.107991e-02
3.672211e-02
3.517507e-02
3.175834e-02
3.097966e-02
2.965015e-02
2.833011e-02
2.740158e-02
2.561042e-02
2.513819e-02
1.816724e-02
1.769250e-02
1.696733e-02
1.580167e-02
1.554689e-02
1.361886e-02
1.266792e-02
1.231301e-02
1.179309e-02
1.034682e-02
1.006338e-02
9.286522e-03
8.934998e-03
8.374938e-03
7.652831e-03
7.075219e-03
6.973637e-03
6.342815e-03
5.782187e-03
5.154508e-03
4.750364e-03
4.599166e-03
3.451352e-03
3.179604e-03
3.124419e-03
2.895794e-03
2.687906e-03
2.673191e-03
2.545086e-03
2.523613e-03
2.290465e-03
2.209457e-03
2.075515e-03
1.966889e-03
1.834517e-03
1.741226e-03
1.703875e-03
1.644690e-03
1.602946e-03
1.502473e-03
1.455628e-03
1.426864e-03
1.395817e-03
1.376697e-03
1.350493e-03
1.331505e-03
1.320070e-03
1.282766e-03
1.271831e-03
1.257656e-03
1.236449e-03
1.214891e-03
1.209226e-03
1.196122e-03
1.173249e-03
1.157050e-03
1.141176e-03
1.117791e-03
1.112317e-03
1.064922e-03
1.061004e-03
1.056768e-03
1.048259e-03
1.028505e-03
1.014485e-03
1.007471e-03
9.807813e-04
9.777742e-04
9.474244e-04
9.455546e-04
9.363102e-04
9.184114e-04
8.929740e-04
8.846556e-04
8.817697e-04
8.584453e-04
8.467636e-04
8.232050e-04
8.141774e-04
8.057790e-04
7.993153e-04
7.826517e-04
7.735894e-04
7.632415e-04
7.548358e-04
7.443261e-04
7.394935e-04
7.267466e-04
7.122608e-04
7.046440e-04
6.963053e-04
6.853419e-04
6.801006e-04
6.601155e-04
6.548205e-04
6.476897e-04
6.378093e-04
6.312878e-04
6.242530e-04
6.102636e-04
5.952953e-04
5.940911e-04
5.875473e-04
5.738836e-04
5.592217e-04
5.568543e-04
5.537549e-04
5.408656e-04
5.344452e-04
5.289144e-04
5.105925e-04
5.027169e-04
4.850826e-04
4.794007e-04
4.731934e-04
4.589407e-04
4.571986e-04
4.445720e-04
4.400584e-04
4.261495e-04
4.197062e-04
4.003031e-04
3.973277e-04
3.949276e-04
3.699202e-04
3.573710e-04
3.550437e-04
3.376142e-04
3.274608e-04
3.220413e-04
3.109446e-04
2.989551e-04
2.851283e-04
2.806482e-04
2.742497e-04
2.654779e-04
2.562538e-04
2.415920e-04
2.372216e-04
2.287438e-04
2.206832e-04
2.106836e-04
2.060634e-04
1.989585e-04
1.874315e-04
1.678761e-04
1.606103e-04
1.547489e-04
1.515653e-04
1.487788e-04
1.349959e-04
1.281200e-04
1.184527e-04
1.080057e-04
8.922799e-05
8.090213e-05
7.531544e-05
6.947730e-05
5.122824e-05
4.435901e-05
3.496602e-05
2.929985e-05
2.137739e-05
1.614101e-05
6.542630e-06
-4.436689e-14
-4.761428e-07
-8.783626e-06
-2.657833e-05
-3.297412e-05
-4.367026e-05
-4.613102e-05
-6.225186e-05
-7.158700e-05
-8.320608e-05
-8.846724e-05
-1.000475e-04
-1.100353e-04
-1.265735e-04
-1.314126e-04
-1.426545e-04
-1.555894e-04
-1.659345e-04
-1.732637e-04
-1.804466e-04
-1.951326e-04
-2.021546e-04
-2.095271e-04
-2.235936e-04
-2.273408e-04
-2.346258e-04
-2.479558e-04
-2.530388e-04
-2.634414e-04
-2.744704e-04
-2.851811e-04
-2.930397e-04
-3.081282e-04
-3.133654e-04
-3.167669e-04
-3.327720e-04
-3.453064e-04
-3.573916e-04
-3.719775e-04
-3.757271e-04
-3.911810e-04
-4.019587e-04
-4.153804e-04
-4.211931e-04
-4.423387e-04
-4.537041e-04
-4.576529e-04
-4.636495e-04
-4.738938e-04
-4.830809e-04
-5.127539e-04
-5.282811e-04
-5.400275e-04
-5.475754e-04
-5.618361e-04
-5.660036e-04
-5.849369e-04
-5.997607e-04
-6.096593e-04
-6.230096e-04
-6.298824e-04
-6.500044e-04
-6.675147e-04
-6.834794e-04
-6.911486e-04
-7.037597e-04
-7.185370e-04
-7.317953e-04
-7.428182e-04
-7.510696e-04
-7.813263e-04
-8.033125e-04
-8.122448e-04
-8.404819e-04
-8.672489e-04
-9.150975e-04
-9.406633e-04
-9.618799e-04
