8.830872e+09
6.164569e+08
1.382405e+08
1.096206e+08
5.884987e+07
4.365126e+07
3.151595e+07
2.845763e+07
2.417031e+07
1.894722e+07
1.603701e+07
1.419903e+07
1.267905e+07
1.040943e+07
7.809190e+06
6.130757e+06
5.510414e+06
3.646039e+06
2.949254e+06
2.408156e+06
1.793842e+06
1.468646e+06
1.204007e+06
9.658623e+05
8.459936e+05
7.449141e+05
6.189791e+05
5.397020e+05
4.523149e+05
4.021875e+05
3.512689e+05
3.236691e+05
2.475740e+05
2.061099e+05
1.848057e+05
1.715042e+05
1.241894e+05
1.179846e+05
9.940468e+04
6.969645e+04
5.244706e+04
4.076720e+04
2.760833e+04
1.713901e+04
1.135419e+04
1.043002e+04
5.121937e+03
2.919302e+03
2.136495e+03
1.467978e+03
6.284648e+02
5.946808e+02
4.752212e+02
3.440484e+02
2.095354e+02
1.778757e+02
1.150385e+02
8.798294e+01
5.382317e+01
3.990020e+01
2.910299e+01
1.459503e+01
1.159909e+01
8.287969e+00
5.320972e+00
3.965902e+00
2.159113e+00
1.619231e+00
1.000425e+00
7.845137e-01
6.809690e-01
3.847812e-01
2.660417e-01
2.309732e-01
1.529245e-01
1.157048e-01
9.454291e-02
7.276537e-02
5.905524e-02
4.972607e-02
3.744796e-02
2.915324e-02
2.632181e-02
2.026839e-02
1.564045e-02
1.491806e-02
1.262097e-02
1.124267e-02
9.582319e-03
8.423889e-03
6.998907e-03
6.153794e-03
5.069569e-03
4.739531e-03
4.484229e-03
3.976352e-03
3.574317e-03
3.394771e-03
2.930615e-03
2.437584e-03
2.188111e-03
1.704546e-03
1.262513e-03
1.148933e-03
7.125176e-04
4.970895e-04
2.528843e-04
-7.751397e-05
-4.173757e-04
-4.535474e-04
-8.232742e-04
-1.083125e-03
-1.594182e-03
-2.107017e-03
-2.189369e-03
-3.437455e-03
-4.067938e-03
-5.037607e-03
-5.190960e-03
-6.140600e-03
-7.614907e-03
-8.958292e-03
-1.015501e-02
-1.147655e-02
-1.292584e-02
-2.259292e-02
-3.503962e-02
-1.313706e-01
