6.242479e+12
4.822835e+12
3.199848e+12
2.913353e+12
2.816552e+12
2.756228e+12
2.461887e+12
2.097075e+12
2.071680e+12
1.937024e+12
1.820756e+12
1.759587e+12
1.650231e+12
1.593388e+12
1.545336e+12
1.432539e+12
1.367241e+12
1.334921e+12
1.298538e+12
1.247230e+12
1.210502e+12
1.196498e+12
1.128994e+12
1.111333e+12
1.070146e+12
1.037394e+12
1.023447e+12
9.798664e+11
9.378927e+11
9.214319e+11
9.145812e+11
8.698379e+11
8.558582e+11
8.369769e+11
8.300775e+11
7.870676e+11
7.635882e+11
7.628587e+11
7.079856e+11
6.924207e+11
6.885843e+11
6.689340e+11
6.593367e+11
6.297329e+11
6.080156e+11
6.000386e+11
5.898189e+11
5.688429e+11
5.563659e+11
5.397769e+11
5.336672e+11
5.162423e+11
5.127248e+11
5.062462e+11
4.940361e+11
4.920254e+11
4.706114e+11
4.619265e+11
4.578814e+11
4.523980e+11
4.471294e+11
4.321350e+11
4.249304e+11
4.206076e+11
4.121243e+11
4.004222e+11
3.922531e+11
3.831073e+11
3.806346e+11
3.671598e+11
3.656722e+11
3.605888e+11
3.506644e+11
3.468789e+11
3.401213e+11
3.382907e+11
3.258077e+11
3.241684e+11
3.199413e+11
3.154515e+11
3.085763e+11
2.971038e+11
2.921461e+11
2.877191e+11
2.846688e+11
2.822414e+11
2.764385e+11
2.738339e+11
2.671570e+11
2.653601e+11
2.563703e+11
2.547285e+11
2.531983e+11
2.459776e+11
2.438597e+11
2.394301e+11
2.355425e+11
2.317419e+11
2.303862e+11
2.228461e+11
2.200439e+11
2.149121e+11
2.114889e+11
2.101828e+11
2.072400e+11
2.059517e+11
2.027728e+11
1.960458e+11
1.957413e+11
1.937133e+11
1.929174e+11
1.897654e+11
1.830867e+11
1.799324e+11
1.767499e+11
1.759792e+11
1.723308e+11
1.690561e+11
1.642770e+11
1.620997e+11
1.579448e+11
1.518195e+11
1.478640e+11
1.465836e+11
1.378750e+11
1.083481e+11
8.988633e+10
4.086745e+09
