1.060212e+10
1.008373e+09
1.717933e+08
1.628879e+08
9.831754e+07
8.072485e+07
5.519492e+07
4.575225e+07
3.906944e+07
3.468676e+07
2.954111e+07
2.521854e+07
2.131878e+07
1.679152e+07
1.525035e+07
1.473702e+07
1.293200e+07
8.889668e+06
7.684882e+06
6.782157e+06
6.280440e+06
5.951312e+06
5.050688e+06
4.435190e+06
4.058853e+06
3.480129e+06
3.294956e+06
2.890552e+06
2.440747e+06
2.422410e+06
2.247478e+06
1.904119e+06
1.740334e+06
1.511494e+06
1.312763e+06
1.112648e+06
8.940600e+05
8.039344e+05
7.398398e+05
6.588572e+05
6.243304e+05
4.910752e+05
4.492096e+05
3.762711e+05
2.907663e+05
2.532940e+05
2.322052e+05
2.214588e+05
2.022455e+05
1.805838e+05
1.580799e+05
1.347052e+05
1.263176e+05
1.123577e+05
1.097101e+05
9.176133e+04
8.091322e+04
7.756305e+04
7.234214e+04
5.343356e+04
5.199819e+04
3.283007e+04
2.844039e+04
1.996845e+04
1.835296e+04
1.605776e+04
1.331658e+04
1.220573e+04
9.433988e+03
8.793033e+03
8.370065e+03
5.728839e+03
3.745446e+03
2.951743e+03
2.421480e+03
2.061617e+03
1.777866e+03
1.013617e+03
7.846349e+02
4.299148e+02
3.764011e+02
2.554449e+02
2.440489e+02
2.224948e+02
1.612339e+02
1.176300e+02
6.963513e+01
6.510766e+01
3.516372e+01
3.244028e+01
2.538646e+01
1.765276e+01
1.194561e+01
8.973395e+00
5.078971e+00
4.303897e+00
2.995473e+00
1.935913e+00
1.359188e+00
1.057454e+00
6.538895e-01
6.097972e-01
3.499089e-01
2.557320e-01
2.185310e-01
1.787046e-01
1.212365e-01
9.986573e-02
8.016151e-02
7.064506e-02
5.858382e-02
5.671506e-02
3.734457e-02
3.009431e-02
2.861363e-02
2.120884e-02
1.548593e-02
1.174164e-02
8.025613e-03
2.364807e-03
-1.254793e-03
-9.513528e-03
-1.554212e-02
-1.824694e-02
-2.125767e-02
-4.121504e-02
-5.633407e-02
-7.063641e-02
