3.683729e+05
2.465688e+05
1.590030e+05
1.453886e+05
1.229761e+05
1.026643e+05
9.335512e+04
7.618871e+04
7.433814e+04
6.964819e+04
6.673355e+04
5.366384e+04
4.686509e+04
4.523631e+04
4.365537e+04
3.610730e+04
3.068932e+04
2.266265e+04
1.795121e+04
1.539416e+04
1.217362e+04
1.112887e+04
9.347151e+03
8.471312e+03
7.283739e+03
6.739608e+03
6.359686e+03
4.823301e+03
3.725135e+03
3.490810e+03
2.765577e+03
2.461712e+03
2.044073e+03
1.848788e+03
1.374182e+03
1.207641e+03
9.845768e+02
7.728629e+02
6.453020e+02
6.219394e+02
4.900167e+02
4.118803e+02
3.926135e+02
3.508759e+02
3.009819e+02
2.474637e+02
2.276516e+02
1.830423e+02
1.260162e+02
1.131683e+02
1.044931e+02
1.026604e+02
7.861617e+01
6.500574e+01
5.866547e+01
5.061634e+01
4.637346e+01
4.114930e+01
3.018672e+01
2.547268e+01
2.253808e+01
2.013831e+01
1.377062e+01
1.160570e+01
1.036111e+01
9.393865e+00
7.063683e+00
5.636651e+00
4.850310e+00
4.051393e+00
2.405512e+00
2.117156e+00
1.906865e+00
9.895375e-01
9.327537e-01
8.540800e-01
7.943906e-01
5.746782e-01
5.178487e-01
4.230866e-01
3.726227e-01
3.023751e-01
2.734358e-01
1.399187e-01
1.253130e-01
8.923532e-02
6.839445e-02
6.261968e-02
5.494739e-02
3.664007e-02
3.076619e-02
2.971188e-02
2.859628e-02
2.695556e-02
2.603830e-02
2.485066e-02
2.422715e-02
2.216960e-02
2.123995e-02
2.018940e-02
1.967266e-02
1.940993e-02
1.887894e-02
1.825362e-02
1.745648e-02
1.710518e-02
1.702619e-02
1.665396e-02
1.636407e-02
1.615082e-02
1.545803e-02
1.513249e-02
1.489802e-02
1.423364e-02
1.361154e-02
1.331543e-02
1.305215e-02
1.250816e-02
1.193171e-02
1.113977e-02
1.063189e-02
1.027523e-02
9.289413e-03
9.034620e-03
8.600600e-03
7.634493e-03
6.643343e-03
4.798539e-03
