3.509771e+05
2.912324e+05
2.256168e+05
1.699559e+05
1.599051e+05
1.454659e+05
1.317998e+05
1.196986e+05
1.046663e+05
9.703349e+04
8.505880e+04
8.071835e+04
7.898440e+04
7.106416e+04
6.477988e+04
5.095709e+04
4.822490e+04
4.566641e+04
3.580627e+04
2.648265e+04
2.261610e+04
1.907930e+04
1.682925e+04
1.491285e+04
1.299384e+04
1.209352e+04
1.079242e+04
8.809396e+03
8.199301e+03
7.517318e+03
6.122383e+03
5.533845e+03
4.873620e+03
4.275166e+03
3.862777e+03
2.909826e+03
2.688419e+03
2.461106e+03
2.322272e+03
1.950411e+03
1.517705e+03
1.461262e+03
1.076390e+03
1.053496e+03
9.848912e+02
9.130021e+02
7.062378e+02
6.623773e+02
4.897075e+02
4.265931e+02
3.835590e+02
3.721031e+02
3.351714e+02
2.510820e+02
2.293163e+02
2.043062e+02
1.892777e+02
1.450674e+02
1.347051e+02
1.079457e+02
9.547116e+01
8.495878e+01
7.246809e+01
6.987767e+01
5.286313e+01
3.506858e+01
3.009337e+01
1.963750e+01
1.570269e+01
1.390493e+01
1.190633e+01
1.163696e+01
7.235740e+00
6.799529e+00
6.023685e+00
4.760511e+00
4.708358e+00
4.099081e+00
3.899961e+00
3.471301e+00
3.409796e+00
1.529754e+00
1.475647e+00
1.402018e+00
1.082486e+00
1.024296e+00
6.688373e-01
5.795659e-01
5.372918e-01
4.385319e-01
4.047931e-01
2.963747e-01
2.851923e-01
2.046551e-01
1.772636e-01
1.552761e-01
1.316511e-01
1.052712e-01
9.655692e-02
8.940616e-02
7.658175e-02
5.299628e-02
5.157644e-02
4.568779e-02
4.261326e-02
4.058883e-02
3.943578e-02
3.526775e-02
3.311216e-02
3.212317e-02
3.076497e-02
2.963106e-02
2.911162e-02
2.853012e-02
2.791026e-02
2.668122e-02
2.624119e-02
2.415907e-02
2.347169e-02
2.249956e-02
2.187699e-02
2.154983e-02
2.076991e-02
1.962464e-02
1.681276e-02
1.401213e-02
1.225302e-02
-9.095428e-12
