8.511291e+04
3.521586e+03
2.448520e+03
1.796856e+03
1.191874e+03
7.356711e+02
5.894412e+02
4.556571e+02
3.771274e+02
3.285001e+02
2.861242e+02
2.528412e+02
2.435316e+02
2.263177e+02
1.956038e+02
1.888501e+02
1.720974e+02
1.586724e+02
1.480921e+02
1.439656e+02
1.378999e+02
1.318993e+02
1.215143e+02
1.097632e+02
1.065314e+02
1.042343e+02
9.585467e+01
9.040466e+01
8.778191e+01
8.353374e+01
7.950905e+01
7.031860e+01
6.592611e+01
6.345193e+01
6.031633e+01
5.632210e+01
5.515281e+01
5.066655e+01
4.718062e+01
4.370079e+01
4.257858e+01
4.050476e+01
3.519813e+01
3.358848e+01
3.186438e+01
2.863397e+01
2.803085e+01
2.712825e+01
2.510704e+01
2.440094e+01
2.317524e+01
2.180106e+01
2.100291e+01
1.865598e+01
1.695505e+01
1.662581e+01
1.591707e+01
1.472863e+01
1.448265e+01
1.279418e+01
1.238007e+01
1.149598e+01
1.127400e+01
9.306044e+00
8.922080e+00
8.305312e+00
7.973216e+00
7.681651e+00
6.975017e+00
6.476586e+00
5.929485e+00
5.325517e+00
4.932381e+00
4.691500e+00
4.346088e+00
4.217427e+00
4.060386e+00
3.883327e+00
3.355759e+00
3.120939e+00
3.097475e+00
2.884690e+00
2.819597e+00
2.705184e+00
2.539547e+00
2.452244e+00
2.380838e+00
2.240772e+00
1.995275e+00
1.957933e+00
1.811765e+00
1.791858e+00
1.715679e+00
1.579486e+00
1.489654e+00
1.444697e+00
1.422958e+00
1.278215e+00
1.197742e+00
1.115454e+00
1.036385e+00
1.024000e+00
9.746130e-01
9.098548e-01
8.955200e-01
7.778080e-01
7.448136e-01
7.142042e-01
6.979305e-01
6.601936e-01
6.357065e-01
5.805162e-01
5.496050e-01
5.304608e-01
5.153433e-01
4.718584e-01
4.634366e-01
4.416039e-01
4.099680e-01
3.651067e-01
3.481553e-01
3.266495e-01
3.062084e-01
2.964053e-01
2.802542e-01
2.678259e-01
2.603345e-01
2.489990e-01
2.237696e-01
2.178680e-01
2.095360e-01
1.837611e-01
1.803430e-01
1.652660e-01
1.547711e-01
1.425202e-01
1.333422e-01
1.290899e-01
1.229755e-01
1.176663e-01
1.142505e-01
1.102248e-01
1.062249e-01
1.001927e-01
9.550580e-02
8.983589e-02
8.331565e-02
8.005749e-02
7.475998e-02
6.988233e-02
6.921096e-02
6.244777e-02
6.110570e-02
5.524923e-02
5.028845e-02
4.910773e-02
4.677751e-02
4.491864e-02
4.210280e-02
4.046704e-02
3.788824e-02
3.526372e-02
3.321434e-02
3.135157e-02
2.598011e-02
2.484834e-02
2.307470e-02
2.250652e-02
2.154688e-02
2.000910e-02
1.958801e-02
1.844859e-02
1.733550e-02
1.718574e-02
1.657432e-02
1.534869e-02
1.520777e-02
1.480617e-02
1.350505e-02
1.318180e-02
1.231308e-02
1.204212e-02
1.178716e-02
1.132381e-02
1.070531e-02
1.039030e-02
1.020034e-02
9.853174e-03
9.343788e-03
8.376570e-03
7.043181e-03
6.461403e-03
5.801526e-03
5.388086e-03
4.987805e-03
4.895735e-03
4.618518e-03
4.524652e-03
4.252873e-03
3.945528e-03
3.794672e-03
3.510743e-03
3.455892e-03
3.199691e-03
2.988976e-03
2.737340e-03
2.634416e-03
2.580243e-03
2.431070e-03
2.284072e-03
2.160623e-03
2.050254e-03
2.038383e-03
1.931081e-03
1.859486e-03
1.769749e-03
1.691019e-03
1.616738e-03
1.566504e-03
1.494277e-03
1.419639e-03
1.405231e-03
1.363862e-03
1.305980e-03
1.291638e-03
1.273644e-03
1.257567e-03
1.217547e-03
1.183507e-03
1.179517e-03
1.142613e-03
1.121889e-03
1.102738e-03
1.084324e-03
1.068549e-03
1.052858e-03
1.036863e-03
1.035732e-03
1.016972e-03
9.992821e-04
9.867821e-04
9.694897e-04
9.487060e-04
9.426561e-04
9.380303e-04
9.209408e-04
9.168119e-04
8.941850e-04
8.869418e-04
8.849899e-04
8.737547e-04
8.482803e-04
8.342974e-04
8.195869e-04
8.115835e-04
8.034867e-04
7.876327e-04
7.684308e-04
7.665559e-04
7.602811e-04
7.446386e-04
7.427991e-04
7.349276e-04
7.261993e-04
7.108384e-04
6.985809e-04
6.930003e-04
6.853900e-04
6.742568e-04
6.689701e-04
6.637109e-04
6.495004e-04
6.465673e-04
6.324683e-04
6.250686e-04
6.135206e-04
5.967526e-04
5.966427e-04
5.831761e-04
5.813578e-04
5.540540e-04
5.520750e-04
5.414333e-04
5.313984e-04
5.192811e-04
5.076108e-04
4.960209e-04
4.949978e-04
4.830221e-04
4.703373e-04
4.539711e-04
4.467972e-04
4.357313e-04
4.337060e-04
4.268946e-04
4.168922e-04
4.124785e-04
4.051744e-04
3.826223e-04
3.800890e-04
3.744560e-04
3.642226e-04
3.530341e-04
3.409002e-04
3.310370e-04
3.197930e-04
3.063896e-04
3.028449e-04
2.928352e-04
2.813390e-04
2.773979e-04
2.708478e-04
2.547246e-04
2.539308e-04
2.477169e-04
2.360646e-04
2.154577e-04
2.033293e-04
1.948862e-04
1.900738e-04
1.886312e-04
1.724388e-04
1.630309e-04
1.583451e-04
1.365949e-04
1.286668e-04
1.225323e-04
1.115184e-04
1.007582e-04
9.580858e-05
8.562859e-05
7.624042e-05
6.188756e-05
4.998245e-05
4.439219e-05
3.385996e-05
2.499944e-05
1.576991e-05
6.318257e-06
3.540761e-06
7.830087e-14
-1.612888e-05
-2.167226e-05
-2.941601e-05
-4.372050e-05
-4.845234e-05
-5.715185e-05
-6.276100e-05
-8.765817e-05
-1.000839e-04
-1.029971e-04
-1.105466e-04
-1.186841e-04
-1.252403e-04
-1.555726e-04
-1.637177e-04
-1.691147e-04
-1.808842e-04
-1.947137e-04
-2.006548e-04
-2.177422e-04
-2.363970e-04
-2.478194e-04
-2.600456e-04
-2.753658e-04
-2.847374e-04
-2.865486e-04
-3.024383e-04
-3.143966e-04
-3.246600e-04
-3.523489e-04
-3.575974e-04
-3.701980e-04
-3.755428e-04
-3.927899e-04
-4.002208e-04
-4.171709e-04
-4.454578e-04
-4.599502e-04
-4.734823e-04
-4.782079e-04
-5.172910e-04
-5.429894e-04
-5.824559e-04
