5.023005e+05
2.379855e+05
1.598068e+05
1.504835e+05
1.332928e+05
1.107007e+05
9.009817e+04
7.979170e+04
7.875338e+04
7.395827e+04
6.096803e+04
4.958812e+04
4.516953e+04
4.438604e+04
4.228853e+04
3.913839e+04
3.094505e+04
2.906363e+04
1.491356e+04
1.230374e+04
9.904589e+03
9.329450e+03
8.829836e+03
6.778167e+03
6.643872e+03
5.453097e+03
5.001300e+03
4.708917e+03
4.134658e+03
3.537945e+03
3.183238e+03
2.451973e+03
2.198615e+03
2.072674e+03
1.361898e+03
1.294622e+03
1.028634e+03
9.843132e+02
7.989429e+02
6.355286e+02
5.860989e+02
5.173053e+02
4.736741e+02
4.173384e+02
3.347820e+02
2.638324e+02
2.556857e+02
1.603956e+02
1.414440e+02
1.278404e+02
8.654854e+01
8.218577e+01
6.362019e+01
5.948544e+01
4.824036e+01
4.254055e+01
3.872466e+01
2.733024e+01
2.494883e+01
2.258738e+01
1.733121e+01
1.305560e+01
1.184301e+01
8.839456e+00
8.777102e+00
7.358725e+00
6.064887e+00
5.308039e+00
4.904996e+00
3.415232e+00
2.240359e+00
1.914800e+00
1.574652e+00
1.215613e+00
9.059453e-01
6.047267e-01
4.544517e-01
3.114587e-01
2.670476e-01
2.393485e-01
2.289911e-01
1.839000e-01
1.406231e-01
1.126246e-01
7.593631e-02
7.010125e-02
5.983487e-02
4.532047e-02
4.434429e-02
4.077685e-02
3.845381e-02
3.518937e-02
3.483575e-02
3.309340e-02
3.049858e-02
2.860777e-02
2.763373e-02
2.655512e-02
2.454366e-02
2.264985e-02
2.222562e-02
2.157843e-02
2.035791e-02
1.961207e-02
1.915742e-02
1.832455e-02
1.788731e-02
1.774054e-02
1.723041e-02
1.712143e-02
1.684497e-02
1.633774e-02
1.600657e-02
1.533886e-02
1.461992e-02
1.449743e-02
1.431855e-02
1.369553e-02
1.323254e-02
1.288595e-02
1.179044e-02
1.132715e-02
1.123964e-02
1.060173e-02
1.032434e-02
8.964419e-03
3.067937e-03
1.489005e-12
