1.166641e+10
1.141502e+09
2.277998e+08
1.341165e+08
1.162909e+08
6.659002e+07
5.642735e+07
4.225492e+07
3.955581e+07
3.329141e+07
2.977531e+07
2.115986e+07
1.903238e+07
1.687299e+07
1.289166e+07
1.156831e+07
1.005978e+07
8.110001e+06
7.757110e+06
6.674500e+06
5.956378e+06
4.784882e+06
4.071993e+06
3.913830e+06
3.567369e+06
3.291020e+06
2.815859e+06
2.623464e+06
2.210908e+06
1.983036e+06
1.554904e+06
1.366247e+06
1.213673e+06
1.153398e+06
9.369189e+05
8.208858e+05
7.366959e+05
6.470872e+05
5.956794e+05
5.584402e+05
5.198790e+05
4.850470e+05
4.042725e+05
3.511843e+05
3.379331e+05
3.056058e+05
2.586450e+05
2.385807e+05
2.135489e+05
1.803891e+05
1.535269e+05
1.418406e+05
1.278929e+05
1.179847e+05
1.115489e+05
9.651045e+04
9.105770e+04
7.240320e+04
6.717935e+04
5.830958e+04
4.951306e+04
4.418772e+04
3.866645e+04
3.723409e+04
3.145530e+04
2.685900e+04
1.979951e+04
1.853597e+04
1.294575e+04
1.222660e+04
9.693751e+03
9.543826e+03
8.131437e+03
6.623852e+03
4.893177e+03
3.783296e+03
3.544721e+03
2.606421e+03
2.050618e+03
1.126121e+03
1.053474e+03
6.956217e+02
5.575601e+02
4.815311e+02
1.853504e+02
1.520772e+02
1.202511e+02
1.055355e+02
5.847768e+01
4.557199e+01
2.957636e+01
2.833700e+01
1.556444e+01
1.324187e+01
8.697164e+00
4.864123e+00
4.156529e+00
2.969530e+00
2.529275e+00
1.624860e+00
8.132713e-01
7.393634e-01
5.697761e-01
4.721413e-01
4.170029e-01
3.483039e-01
3.334271e-01
2.932874e-01
2.491214e-01
2.358128e-01
2.133637e-01
1.890893e-01
1.738472e-01
1.402083e-01
9.830085e-02
8.596643e-02
5.744610e-02
4.076670e-02
2.593182e-02
1.770439e-02
-1.772506e-02
-5.005591e-02
-6.876397e-02
-9.504484e-02
-1.198546e-01
-1.581914e-01
-1.892406e-01
-2.992841e-01
