2.257070e+12
2.078502e+12
1.744606e+12
1.541013e+12
1.431696e+12
1.301001e+12
1.218508e+12
1.160780e+12
1.051889e+12
1.047522e+12
9.989786e+11
9.485608e+11
9.277577e+11
8.755415e+11
8.402881e+11
8.236850e+11
7.915997e+11
7.367315e+11
7.114386e+11
6.965319e+11
6.636531e+11
6.280524e+11
6.012501e+11
5.763923e+11
5.632667e+11
5.512892e+11
5.195725e+11
5.008194e+11
4.822712e+11
4.684095e+11
4.544228e+11
4.365135e+11
4.201570e+11
4.061336e+11
3.931251e+11
3.758180e+11
3.632346e+11
3.550075e+11
3.407547e+11
3.130291e+11
3.049807e+11
2.989747e+11
2.966682e+11
2.917060e+11
2.774131e+11
2.700798e+11
2.618732e+11
2.603239e+11
2.481388e+11
2.411758e+11
2.377705e+11
2.307131e+11
2.230399e+11
2.136803e+11
2.092367e+11
2.023834e+11
1.946450e+11
1.928233e+11
1.883467e+11
1.815657e+11
1.807493e+11
1.746145e+11
1.634294e+11
1.621203e+11
1.599419e+11
1.571222e+11
1.545967e+11
1.482033e+11
1.475409e+11
1.415515e+11
1.388547e+11
1.365336e+11
1.311217e+11
1.303788e+11
1.257951e+11
1.242009e+11
1.215397e+11
1.187137e+11
1.166081e+11
1.142848e+11
1.128640e+11
1.081314e+11
1.051240e+11
1.031963e+11
1.021770e+11
1.003246e+11
9.945628e+10
9.709291e+10
9.445682e+10
9.266996e+10
8.930116e+10
8.774655e+10
8.612734e+10
8.513715e+10
8.455732e+10
8.331513e+10
8.017820e+10
7.818854e+10
7.784335e+10
7.700958e+10
7.568454e+10
7.400895e+10
7.253688e+10
7.073959e+10
6.951266e+10
6.665062e+10
6.529980e+10
6.485628e+10
6.283834e+10
6.268354e+10
6.132034e+10
5.992493e+10
5.851716e+10
5.759410e+10
5.551182e+10
5.505140e+10
5.317699e+10
5.177885e+10
4.721773e+10
4.521430e+10
4.268283e+10
4.188157e+10
3.771559e+10
3.207327e+10
2.982380e+10
1.693295e+10
1.167800e+10
8.524774e+07
