5.839863e+04
1.196509e+04
5.588954e+03
1.724146e+03
1.254320e+03
8.077822e+02
7.776509e+02
3.837877e+02
3.360781e+02
2.416169e+02
2.216102e+02
1.984178e+02
1.632377e+02
1.327007e+02
9.865916e+01
8.759411e+01
7.938974e+01
5.986904e+01
5.446616e+01
4.789304e+01
3.520567e+01
3.281501e+01
2.679276e+01
2.421624e+01
2.236093e+01
1.857400e+01
1.750196e+01
1.652882e+01
1.447407e+01
1.325755e+01
1.120606e+01
1.024459e+01
7.256512e+00
6.416157e+00
4.847783e+00
4.637536e+00
3.527406e+00
2.997416e+00
2.743121e+00
2.595818e+00
2.389473e+00
2.251662e+00
2.052619e+00
1.274620e+00
1.073573e+00
1.010440e+00
9.022458e-01
7.945951e-01
7.239304e-01
5.625054e-01
4.973996e-01
3.663199e-01
3.189393e-01
2.047183e-01
1.288029e-01
1.148906e-01
1.084473e-01
9.885668e-02
7.898585e-02
5.437100e-02
4.543175e-02
4.007003e-02
3.520279e-02
3.066421e-02
2.635149e-02
2.381424e-02
2.238219e-02
1.702502e-02
1.191426e-02
1.118071e-02
9.383278e-03
6.936044e-03
5.280147e-03
4.374294e-03
3.808171e-03
3.633769e-03
3.048008e-03
2.299637e-03
1.916031e-03
1.428257e-03
1.331125e-03
1.254389e-03
1.067930e-03
9.120601e-04
8.653300e-04
7.862010e-04
7.503888e-04
7.380192e-04
7.011002e-04
6.871817e-04
6.568899e-04
6.417780e-04
6.112811e-04
6.037650e-04
5.796719e-04
5.607731e-04
5.566634e-04
5.408806e-04
5.302235e-04
5.153819e-04
5.098797e-04
4.970756e-04
4.850917e-04
4.772588e-04
4.728280e-04
4.662484e-04
4.600397e-04
4.489400e-04
4.376789e-04
4.325879e-04
4.294022e-04
4.249634e-04
4.212941e-04
4.183719e-04
4.096052e-04
4.014297e-04
3.987097e-04
3.929512e-04
3.891173e-04
3.813131e-04
3.806629e-04
3.774632e-04
3.701905e-04
3.647333e-04
3.628421e-04
3.603378e-04
3.528587e-04
3.496899e-04
3.453476e-04
3.402224e-04
3.372849e-04
3.354089e-04
3.309427e-04
3.298459e-04
3.202299e-04
3.196414e-04
3.134514e-04
3.049501e-04
3.019910e-04
2.995760e-04
2.972730e-04
2.877748e-04
2.840670e-04
2.837398e-04
2.797788e-04
2.786617e-04
2.760079e-04
2.727119e-04
2.717701e-04
2.657943e-04
2.636519e-04
2.621157e-04
2.608156e-04
2.581638e-04
2.542237e-04
2.521100e-04
2.498930e-04
2.484949e-04
2.413309e-04
2.383307e-04
2.353615e-04
2.333613e-04
2.304148e-04
2.259684e-04
2.221867e-04
2.190112e-04
2.173028e-04
2.163742e-04
2.116747e-04
2.098515e-04
2.074978e-04
2.043285e-04
2.012468e-04
1.965561e-04
1.962407e-04
1.934059e-04
1.917558e-04
1.854997e-04
1.841607e-04
1.804885e-04
1.791669e-04
1.759590e-04
1.738781e-04
1.695551e-04
1.674365e-04
1.622991e-04
1.604138e-04
1.602031e-04
1.589426e-04
1.567147e-04
1.544524e-04
1.502569e-04
1.486901e-04
1.450630e-04
1.433060e-04
1.409835e-04
1.388053e-04
1.376351e-04
1.334771e-04
1.299507e-04
1.290586e-04
1.257386e-04
1.227016e-04
1.206327e-04
1.167190e-04
1.160996e-04
1.135075e-04
1.119054e-04
1.116646e-04
1.083040e-04
1.044683e-04
1.042205e-04
1.008769e-04
9.554393e-05
9.451402e-05
9.168528e-05
9.031354e-05
8.581825e-05
8.521718e-05
8.215770e-05
7.980331e-05
7.836425e-05
7.525278e-05
7.429760e-05
7.343765e-05
6.942847e-05
6.581082e-05
6.567860e-05
6.350650e-05
6.057529e-05
6.004103e-05
5.713449e-05
5.543072e-05
5.293762e-05
4.852600e-05
4.752798e-05
4.614877e-05
4.389447e-05
4.011763e-05
3.755635e-05
3.538875e-05
3.281084e-05
3.139039e-05
2.970218e-05
2.618499e-05
2.097292e-05
1.763495e-05
1.689151e-05
1.552279e-05
1.509676e-05
1.237982e-05
1.009616e-05
8.512751e-06
6.011840e-06
4.631108e-06
2.282734e-06
1.261459e-06
3.185448e-14
-3.178152e-14
-1.330764e-06
-2.153152e-06
-5.130976e-06
-7.307153e-06
-9.825313e-06
-1.101698e-05
-1.509777e-05
-1.740475e-05
-1.859998e-05
-2.078052e-05
-2.365919e-05
-2.708984e-05
-2.829897e-05
-2.914575e-05
-3.270007e-05
-3.514363e-05
-3.687915e-05
-3.877789e-05
-4.043519e-05
-4.252999e-05
-4.799373e-05
-4.841627e-05
-4.984553e-05
-5.360163e-05
-5.815027e-05
-5.875989e-05
-6.123117e-05
-6.513147e-05
-6.768406e-05
-7.231125e-05
-7.460623e-05
-7.485378e-05
-7.973720e-05
-8.024115e-05
-8.146512e-05
-8.458139e-05
-8.522066e-05
-8.980311e-05
-9.133513e-05
-9.454850e-05
-9.960946e-05
-1.027642e-04
-1.064939e-04
-1.082006e-04
-1.096356e-04
-1.115995e-04
-1.138663e-04
-1.148709e-04
-1.201824e-04
-1.226882e-04
-1.254751e-04
-1.276669e-04
-1.298113e-04
-1.340268e-04
-1.378144e-04
-1.392553e-04
-1.431878e-04
-1.447539e-04
-1.454166e-04
-1.460825e-04
-1.512534e-04
-1.545873e-04
-1.581387e-04
-1.589165e-04
-1.616519e-04
-1.627696e-04
-1.674242e-04
-1.700652e-04
-1.728320e-04
-1.766145e-04
-1.803355e-04
-1.821790e-04
-1.864344e-04
-1.879342e-04
-1.908435e-04
-1.953688e-04
-1.983460e-04
-2.011794e-04
-2.034203e-04
-2.065954e-04
-2.091340e-04
-2.100169e-04
-2.151203e-04
-2.204194e-04
-2.246453e-04
-2.283549e-04
-2.306619e-04
-2.338507e-04
-2.377637e-04
-2.428896e-04
-2.445368e-04
-2.463314e-04
-2.519799e-04
-2.557218e-04
-2.589338e-04
-2.607150e-04
-2.680778e-04
-2.745961e-04
-2.767461e-04
-2.834975e-04
-2.881313e-04
-2.918759e-04
-2.938618e-04
-2.983855e-04
-3.012876e-04
-3.075160e-04
-3.111092e-04
-3.125864e-04
-3.256650e-04
-3.340691e-04
-3.355071e-04
-3.427533e-04
-3.501195e-04
-3.531787e-04
-3.786604e-04
-3.789805e-04
-3.840911e-04
-3.986319e-04
-4.119617e-04
-4.296355e-04
-4.464620e-04
-5.931038e-04
-6.888041e-04
-7.658114e-04
-9.990991e-04
