1.284908e+05
6.320976e+03
3.106899e+03
2.934914e+03
1.941782e+03
1.597336e+03
1.464422e+03
1.121592e+03
9.559573e+02
7.563250e+02
5.906810e+02
4.959359e+02
2.905999e+02
2.598794e+02
2.277811e+02
2.186498e+02
1.696368e+02
1.531702e+02
1.374755e+02
1.156591e+02
1.103200e+02
8.620071e+01
7.927909e+01
7.711566e+01
7.163746e+01
6.602878e+01
6.432641e+01
5.722226e+01
5.573865e+01
5.282594e+01
4.457385e+01
4.163907e+01
3.784792e+01
3.522416e+01
3.232198e+01
3.049194e+01
2.824463e+01
2.660851e+01
2.545762e+01
2.262428e+01
2.077053e+01
1.908483e+01
1.832587e+01
1.673465e+01
1.555477e+01
1.482975e+01
1.299119e+01
1.233603e+01
1.162920e+01
1.144309e+01
9.972835e+00
9.772605e+00
9.122800e+00
8.964403e+00
8.431119e+00
8.292076e+00
6.743762e+00
6.299442e+00
5.793997e+00
5.482013e+00
5.074425e+00
4.811264e+00
3.806389e+00
3.686070e+00
3.556994e+00
3.301451e+00
3.161845e+00
2.812285e+00
2.605229e+00
2.510444e+00
2.390442e+00
2.241418e+00
2.158427e+00
2.091669e+00
1.821411e+00
1.662508e+00
1.601885e+00
1.382531e+00
1.335636e+00
1.091579e+00
1.014772e+00
9.541333e-01
9.238386e-01
9.164509e-01
8.402184e-01
7.690083e-01
7.464907e-01
7.237537e-01
6.672863e-01
6.437303e-01
5.766302e-01
5.502773e-01
4.881783e-01
4.591140e-01
4.302179e-01
3.867412e-01
3.536173e-01
3.496284e-01
3.430101e-01
3.207335e-01
2.944396e-01
2.798862e-01
2.652382e-01
2.458515e-01
2.280975e-01
2.078334e-01
1.926495e-01
1.832779e-01
1.675617e-01
1.532526e-01
1.437451e-01
1.318552e-01
1.231372e-01
1.185637e-01
1.079676e-01
1.015474e-01
9.644842e-02
8.785625e-02
8.090077e-02
7.775415e-02
7.481863e-02
7.289276e-02
6.709564e-02
6.151075e-02
5.348260e-02
4.883955e-02
4.530342e-02
4.425447e-02
4.072079e-02
3.970612e-02
3.759002e-02
3.308546e-02
3.091750e-02
2.908624e-02
2.607452e-02
2.409881e-02
2.399902e-02
2.121748e-02
2.014247e-02
1.869903e-02
1.838712e-02
1.683242e-02
1.490516e-02
1.435122e-02
1.296739e-02
1.230901e-02
1.182206e-02
1.030051e-02
9.121255e-03
8.292217e-03
7.387085e-03
6.545545e-03
5.858555e-03
5.636105e-03
5.146038e-03
4.918936e-03
4.197918e-03
3.692231e-03
3.548284e-03
3.435925e-03
3.107858e-03
3.025930e-03
2.942255e-03
2.733875e-03
2.650807e-03
2.455254e-03
2.332522e-03
2.255202e-03
2.156828e-03
2.083814e-03
1.933972e-03
1.825382e-03
1.669837e-03
1.632988e-03
1.577426e-03
1.511243e-03
1.456770e-03
1.439297e-03
1.424149e-03
1.396270e-03
1.363031e-03
1.342894e-03
1.321485e-03
1.307438e-03
1.281857e-03
1.275203e-03
1.262952e-03
1.216508e-03
1.212921e-03
1.194448e-03
1.188248e-03
1.173727e-03
1.143236e-03
1.127116e-03
1.111757e-03
1.108201e-03
1.089983e-03
1.084178e-03
1.051098e-03
1.040934e-03
1.028165e-03
1.015292e-03
9.914773e-04
9.876954e-04
9.795069e-04
9.663895e-04
9.512628e-04
9.471608e-04
9.408632e-04
9.332077e-04
9.098247e-04
8.913890e-04
8.796187e-04
8.648530e-04
8.560166e-04
8.527200e-04
8.247986e-04
8.212362e-04
8.162269e-04
8.059929e-04
7.911444e-04
7.888802e-04
7.682128e-04
7.578688e-04
7.551905e-04
7.414025e-04
7.248151e-04
7.180339e-04
7.011725e-04
6.978937e-04
6.892295e-04
6.790663e-04
6.739186e-04
6.717851e-04
6.519072e-04
6.469283e-04
6.264703e-04
6.225865e-04
6.048230e-04
5.987926e-04
5.907183e-04
5.851237e-04
5.816269e-04
5.742293e-04
5.680273e-04
5.531435e-04
5.320380e-04
5.220878e-04
5.182752e-04
5.010829e-04
4.821925e-04
4.699596e-04
4.647396e-04
4.579672e-04
4.564434e-04
4.329306e-04
4.252185e-04
4.211926e-04
4.032157e-04
3.943925e-04
3.902381e-04
3.823410e-04
3.723730e-04
3.597743e-04
3.560942e-04
3.372912e-04
3.261603e-04
3.143104e-04
3.119554e-04
3.027163e-04
2.942953e-04
2.838314e-04
2.763554e-04
2.710355e-04
2.567915e-04
2.365224e-04
2.259690e-04
2.202905e-04
2.106889e-04
2.068601e-04
1.979184e-04
1.919594e-04
1.852135e-04
1.816652e-04
1.711844e-04
1.560052e-04
1.468650e-04
1.435609e-04
1.336021e-04
1.266278e-04
1.193305e-04
1.076350e-04
9.770338e-05
8.675618e-05
8.085445e-05
6.365810e-05
6.122829e-05
5.127457e-05
4.333370e-05
4.060599e-05
2.886700e-05
1.115234e-05
1.056404e-07
-1.883507e-06
-1.500193e-05
-1.961299e-05
-3.014836e-05
-3.337448e-05
-3.921824e-05
-4.754878e-05
-5.815993e-05
-6.579604e-05
-7.866412e-05
-9.295696e-05
-9.977392e-05
-1.018798e-04
-1.157539e-04
-1.230470e-04
-1.292981e-04
-1.436329e-04
-1.451959e-04
-1.534672e-04
-1.756475e-04
-1.806416e-04
-1.831283e-04
-1.878899e-04
-2.109263e-04
-2.222682e-04
-2.408803e-04
-2.440169e-04
-2.497130e-04
-2.598069e-04
-2.647439e-04
-2.688633e-04
-2.775734e-04
-2.926541e-04
-2.944221e-04
-3.131269e-04
-3.213843e-04
-3.341975e-04
-3.407972e-04
-3.549052e-04
-3.683192e-04
-3.745346e-04
-3.862019e-04
-3.971253e-04
-4.051748e-04
-4.214041e-04
-4.261512e-04
-4.374037e-04
-4.524113e-04
-4.631905e-04
-4.709773e-04
-4.836344e-04
-5.025109e-04
-5.172156e-04
-5.267226e-04
-5.376313e-04
-5.504561e-04
-5.647017e-04
-5.768242e-04
-5.847462e-04
-5.925104e-04
-6.212831e-04
-6.368885e-04
-6.453947e-04
-6.585876e-04
-6.713264e-04
-6.744450e-04
-6.998830e-04
-7.047035e-04
-7.157695e-04
-7.358133e-04
-7.518661e-04
-7.754044e-04
-7.917765e-04
-8.110763e-04
-8.322849e-04
-8.425670e-04
-8.769491e-04
-8.904950e-04
-9.250647e-04
-9.559809e-04
-9.873065e-04
