6.119292e+05
7.366584e+04
1.365009e+04
1.927585e+02
3.869574e+00
3.263079e-01
2.201308e-01
1.327902e-01
9.148158e-02
8.441310e-02
7.884626e-02
5.618814e-02
4.861834e-02
4.732020e-02
4.055679e-02
3.806242e-02
3.704160e-02
3.518819e-02
3.412751e-02
3.268477e-02
3.073624e-02
3.022511e-02
2.896487e-02
2.776110e-02
2.747845e-02
2.689147e-02
2.552463e-02
2.484171e-02
2.389642e-02
2.195060e-02
2.158429e-02
2.117449e-02
2.080338e-02
1.882005e-02
1.840727e-02
1.788454e-02
1.765507e-02
1.714768e-02
1.656546e-02
1.580735e-02
1.473384e-02
1.419350e-02
1.379589e-02
1.328772e-02
1.229401e-02
1.189034e-02
1.173925e-02
1.155594e-02
1.076566e-02
1.037373e-02
9.682581e-03
9.433818e-03
8.985491e-03
8.731977e-03
7.887832e-03
7.758438e-03
7.115708e-03
6.785761e-03
6.743043e-03
6.284512e-03
6.060642e-03
5.782709e-03
5.362056e-03
5.030844e-03
4.756511e-03
4.591404e-03
4.497668e-03
4.247932e-03
4.153696e-03
4.073070e-03
3.779821e-03
3.553034e-03
3.515367e-03
3.476161e-03
3.214288e-03
3.144815e-03
3.010490e-03
2.787849e-03
2.693736e-03
2.554150e-03
2.384664e-03
2.315719e-03
2.216065e-03
2.107335e-03
2.061307e-03
1.980970e-03
1.814379e-03
1.678256e-03
1.555884e-03
1.458814e-03
1.276384e-03
9.954198e-04
8.248750e-04
6.161411e-04
5.286810e-04
4.361857e-04
3.408967e-04
7.180895e-05
-3.535809e-04
-5.538734e-04
-9.968641e-04
-1.305147e-03
-1.562729e-03
-2.002525e-03
-2.596062e-03
-2.913281e-03
-3.727768e-03
-4.545853e-03
-4.744214e-03
-5.695147e-03
-6.631753e-03
-7.317831e-03
-8.344429e-03
-9.493735e-03
-1.107461e-02
-1.261204e-02
-1.307344e-02
-1.566761e-02
-2.348414e-02
-2.940504e-02
-4.338919e-02
-5.445319e-02
-6.805406e-02
-7.317556e-02
-8.069429e-02
-1.597877e-01
-2.938723e-01
-5.623835e-01
