6.980095e+05
2.705220e+05
2.463112e+05
1.544617e+05
1.276832e+05
1.125838e+05
9.722610e+04
8.806863e+04
8.389438e+04
7.836363e+04
7.289394e+04
6.909210e+04
5.940717e+04
5.329916e+04
3.954450e+04
3.653510e+04
3.273770e+04
2.637955e+04
2.072301e+04
1.751589e+04
1.284654e+04
1.087384e+04
9.343965e+03
8.166394e+03
7.376780e+03
7.158836e+03
6.576564e+03
5.048163e+03
4.627867e+03
4.233831e+03
3.837937e+03
3.172292e+03
2.485143e+03
2.074765e+03
1.776851e+03
1.663174e+03
1.355774e+03
1.179138e+03
9.991257e+02
7.891093e+02
6.125302e+02
5.510903e+02
4.474897e+02
4.024845e+02
3.117059e+02
2.793179e+02
2.555599e+02
2.309289e+02
1.896600e+02
1.720318e+02
1.600564e+02
1.277038e+02
1.152442e+02
1.013693e+02
9.190150e+01
6.082692e+01
4.536951e+01
4.139372e+01
3.608408e+01
2.994935e+01
2.473594e+01
1.911072e+01
1.789265e+01
1.523506e+01
1.065510e+01
9.615087e+00
8.764326e+00
7.298048e+00
6.368889e+00
4.279423e+00
3.606956e+00
3.316242e+00
2.240922e+00
2.157734e+00
1.592608e+00
1.074741e+00
9.193612e-01
8.176798e-01
6.407010e-01
5.220553e-01
4.972150e-01
4.589503e-01
3.730047e-01
3.267496e-01
2.927927e-01
1.896992e-01
1.444997e-01
1.332244e-01
1.042795e-01
6.894710e-02
6.680661e-02
5.880454e-02
5.676741e-02
5.232129e-02
4.942768e-02
4.754260e-02
4.360264e-02
4.148527e-02
3.806625e-02
3.719891e-02
3.617014e-02
3.448580e-02
3.015064e-02
2.863636e-02
2.700508e-02
2.554708e-02
2.436073e-02
2.370435e-02
2.310019e-02
2.234448e-02
2.113609e-02
2.029984e-02
1.881072e-02
1.845474e-02
1.744849e-02
1.728767e-02
1.628659e-02
1.546655e-02
1.466874e-02
1.438047e-02
1.418918e-02
1.191916e-02
1.103280e-02
1.050895e-02
9.097167e-03
2.347809e-12
1.268337e-12
-2.685475e-12
