1.239236e+05
6.124663e+03
3.858550e+03
2.343703e+03
1.791804e+03
1.351343e+03
9.578539e+02
7.124218e+02
6.610285e+02
5.882943e+02
4.714977e+02
3.990264e+02
3.637108e+02
3.226425e+02
3.008971e+02
2.429374e+02
2.387113e+02
1.980553e+02
1.787820e+02
1.554414e+02
1.457029e+02
1.274790e+02
1.197610e+02
1.066985e+02
1.022614e+02
9.748813e+01
9.204117e+01
7.939915e+01
7.512419e+01
6.840927e+01
6.640366e+01
5.788234e+01
5.671174e+01
5.219633e+01
5.044100e+01
4.733681e+01
4.400919e+01
4.104456e+01
3.468882e+01
3.199187e+01
3.113902e+01
2.881093e+01
2.758644e+01
2.740601e+01
2.541828e+01
2.365425e+01
2.205812e+01
1.996035e+01
1.923271e+01
1.827850e+01
1.471587e+01
1.448552e+01
1.277697e+01
1.150643e+01
1.019930e+01
9.931320e+00
9.220798e+00
8.763272e+00
8.488378e+00
7.472913e+00
7.370457e+00
6.814019e+00
6.305514e+00
6.175187e+00
5.744928e+00
5.147159e+00
4.633448e+00
4.411240e+00
4.330162e+00
3.658585e+00
3.412209e+00
3.220829e+00
3.067372e+00
2.877578e+00
2.630045e+00
2.295708e+00
2.176618e+00
2.073262e+00
1.937708e+00
1.791084e+00
1.720031e+00
1.564146e+00
1.414003e+00
1.362816e+00
1.328572e+00
1.226181e+00
1.124445e+00
1.011524e+00
9.522517e-01
8.986592e-01
8.382291e-01
7.895976e-01
7.686304e-01
6.988634e-01
6.509556e-01
6.181046e-01
6.116447e-01
5.727959e-01
4.828013e-01
4.501884e-01
4.248815e-01
3.876945e-01
3.754912e-01
3.581954e-01
3.553736e-01
3.264980e-01
3.048816e-01
2.777401e-01
2.695012e-01
2.393470e-01
2.130614e-01
2.056686e-01
1.862072e-01
1.799374e-01
1.512254e-01
1.364539e-01
1.214934e-01
1.108187e-01
9.945837e-02
9.520576e-02
9.031694e-02
8.467577e-02
8.152518e-02
7.841610e-02
6.773274e-02
6.485433e-02
5.733358e-02
5.341489e-02
4.706215e-02
4.652968e-02
4.280474e-02
4.048571e-02
3.642657e-02
3.047396e-02
2.939113e-02
2.616575e-02
2.517308e-02
2.250773e-02
2.123356e-02
2.071193e-02
1.911740e-02
1.778676e-02
1.548655e-02
1.490399e-02
1.391159e-02
1.248603e-02
1.180294e-02
1.161490e-02
1.103849e-02
1.037955e-02
9.548230e-03
9.172821e-03
8.666426e-03
7.761341e-03
7.412382e-03
7.288640e-03
6.510441e-03
6.231656e-03
5.612385e-03
4.993991e-03
4.800883e-03
4.613827e-03
4.157338e-03
3.939738e-03
3.870338e-03
3.815849e-03
3.273753e-03
2.855444e-03
2.767781e-03
2.637056e-03
2.325383e-03
2.167397e-03
2.072010e-03
2.033417e-03
1.891489e-03
1.810945e-03
1.762604e-03
1.624074e-03
1.550474e-03
1.513750e-03
1.478994e-03
1.443401e-03
1.419218e-03
1.386742e-03
1.329960e-03
1.315982e-03
1.301103e-03
1.291899e-03
1.266074e-03
1.252601e-03
1.246772e-03
1.226176e-03
1.215541e-03
1.188097e-03
1.179039e-03
1.172249e-03
1.143316e-03
1.133345e-03
1.107900e-03
1.089479e-03
1.079221e-03
1.059088e-03
1.057606e-03
1.044549e-03
1.030048e-03
1.005553e-03
1.002457e-03
9.947491e-04
9.893622e-04
9.699125e-04
9.547324e-04
9.435977e-04
9.315998e-04
9.196264e-04
8.995649e-04
8.911059e-04
8.891762e-04
8.759365e-04
8.647731e-04
8.555888e-04
8.421915e-04
8.305569e-04
8.278526e-04
8.134720e-04
8.046007e-04
7.800979e-04
7.762468e-04
7.659260e-04
7.564388e-04
7.522818e-04
7.428782e-04
7.361755e-04
7.277973e-04
7.142634e-04
7.056350e-04
6.995189e-04
6.926705e-04
6.805774e-04
6.726342e-04
6.634883e-04
6.521567e-04
6.471383e-04
6.358709e-04
6.288334e-04
6.200006e-04
6.111740e-04
5.989776e-04
5.955233e-04
5.900016e-04
5.754824e-04
5.554168e-04
5.482172e-04
5.405583e-04
5.376539e-04
5.279763e-04
5.155901e-04
5.128796e-04
5.035943e-04
4.954368e-04
4.859529e-04
4.771417e-04
4.714550e-04
4.590437e-04
4.543988e-04
4.419428e-04
4.345810e-04
4.221231e-04
4.154343e-04
4.107668e-04
3.984130e-04
3.900710e-04
3.850792e-04
3.704617e-04
3.680306e-04
3.485888e-04
3.389514e-04
3.360509e-04
3.334241e-04
3.183360e-04
3.119537e-04
3.056352e-04
2.982104e-04
2.888542e-04
2.853168e-04
2.755917e-04
2.736037e-04
2.706290e-04
2.526546e-04
2.342640e-04
2.216541e-04
2.161392e-04
2.113560e-04
1.979418e-04
1.912450e-04
1.825358e-04
1.752012e-04
1.643641e-04
1.587404e-04
1.519096e-04
1.472581e-04
1.363371e-04
1.334557e-04
1.298817e-04
1.248422e-04
1.145620e-04
1.021967e-04
9.052717e-05
8.363815e-05
7.760937e-05
6.785163e-05
6.627030e-05
5.774415e-05
3.646802e-05
3.021719e-05
2.899715e-05
2.193653e-05
1.668770e-05
7.364866e-06
4.681747e-06
-7.414257e-06
-1.141431e-05
-3.399351e-05
-3.974281e-05
-4.455272e-05
-5.555536e-05
-6.024700e-05
-6.541460e-05
-7.860560e-05
-8.559405e-05
-9.384677e-05
-1.032650e-04
-1.146471e-04
-1.180047e-04
-1.299117e-04
-1.435951e-04
-1.474005e-04
-1.649223e-04
-1.733103e-04
-1.759499e-04
-1.896461e-04
-1.974130e-04
-2.136369e-04
-2.167756e-04
-2.269999e-04
-2.338702e-04
-2.435625e-04
-2.713909e-04
-2.782799e-04
-2.893888e-04
-3.000254e-04
-3.048167e-04
-3.177078e-04
-3.214729e-04
-3.351999e-04
-3.432500e-04
-3.598327e-04
-3.704626e-04
-3.775290e-04
-3.916544e-04
-4.026114e-04
-4.127370e-04
-4.295932e-04
-4.345736e-04
-4.440979e-04
-4.663624e-04
-4.736378e-04
-4.842627e-04
-4.931205e-04
-5.050339e-04
-5.116239e-04
-5.244709e-04
-5.358507e-04
-5.420311e-04
-5.528172e-04
-6.037546e-04
-6.064415e-04
-6.104598e-04
-6.551798e-04
-6.639514e-04
-6.824118e-04
-6.981457e-04
-7.455498e-04
-7.584444e-04
-7.763892e-04
