5.877559e+04
1.289423e+04
6.870632e+03
1.822045e+03
1.509458e+03
1.006449e+03
6.876659e+02
4.111270e+02
3.386139e+02
2.523243e+02
2.355294e+02
1.966162e+02
1.793155e+02
1.515309e+02
1.314566e+02
1.057832e+02
7.998869e+01
7.381958e+01
7.028767e+01
6.242986e+01
5.338336e+01
4.621891e+01
4.507685e+01
3.730887e+01
3.077115e+01
2.667078e+01
2.343359e+01
2.062019e+01
1.663880e+01
1.392615e+01
1.300817e+01
1.187772e+01
1.079326e+01
8.427930e+00
7.871562e+00
7.084104e+00
6.623086e+00
5.474688e+00
4.403800e+00
3.776360e+00
3.696805e+00
3.547507e+00
2.943771e+00
2.348445e+00
2.151357e+00
1.243343e+00
1.153178e+00
1.000836e+00
9.317592e-01
8.625047e-01
7.642210e-01
5.365037e-01
4.572279e-01
4.188269e-01
3.569394e-01
2.775147e-01
2.366368e-01
1.685427e-01
1.595816e-01
1.418498e-01
1.148659e-01
7.809958e-02
5.433543e-02
5.316518e-02
4.781231e-02
4.543817e-02
2.677918e-02
2.484906e-02
2.266061e-02
2.022422e-02
1.605013e-02
1.405266e-02
1.234415e-02
8.721219e-03
8.541578e-03
6.510705e-03
4.217407e-03
3.721179e-03
2.993240e-03
2.862040e-03
2.213100e-03
1.662113e-03
1.409241e-03
1.344813e-03
1.304824e-03
1.256690e-03
1.176000e-03
1.034233e-03
9.118044e-04
8.831847e-04
8.181307e-04
7.858379e-04
7.572284e-04
7.387901e-04
7.016093e-04
6.679992e-04
6.465324e-04
6.181943e-04
6.128626e-04
5.959928e-04
5.782425e-04
5.591118e-04
5.587997e-04
5.482367e-04
5.450896e-04
5.331796e-04
5.149769e-04
5.137427e-04
4.963420e-04
4.938372e-04
4.864703e-04
4.811346e-04
4.719562e-04
4.596027e-04
4.557514e-04
4.443927e-04
4.388747e-04
4.338923e-04
4.304823e-04
4.233556e-04
4.188368e-04
4.155274e-04
4.119868e-04
4.019372e-04
3.967024e-04
3.923474e-04
3.854901e-04
3.801372e-04
3.771583e-04
3.730271e-04
3.630933e-04
3.628874e-04
3.555985e-04
3.501022e-04
3.483910e-04
3.460679e-04
3.414916e-04
3.380034e-04
3.320950e-04
3.304571e-04
3.222139e-04
3.211995e-04
3.169369e-04
3.152688e-04
3.109311e-04
3.072313e-04
3.058109e-04
2.991271e-04
2.957267e-04
2.946849e-04
2.895960e-04
2.827972e-04
2.823224e-04
2.787236e-04
2.752171e-04
2.735380e-04
2.720279e-04
2.656308e-04
2.643930e-04
2.589273e-04
2.553251e-04
2.528501e-04
2.513363e-04
2.468362e-04
2.460008e-04
2.419016e-04
2.396270e-04
2.376596e-04
2.344663e-04
2.308210e-04
2.292136e-04
2.211265e-04
2.174379e-04
2.163222e-04
2.136532e-04
2.104787e-04
2.059957e-04
2.037728e-04
2.005898e-04
1.989716e-04
1.965065e-04
1.959287e-04
1.931582e-04
1.918387e-04
1.905801e-04
1.874696e-04
1.856557e-04
1.838171e-04
1.764727e-04
1.728894e-04
1.701811e-04
1.696250e-04
1.659468e-04
1.634113e-04
1.588756e-04
1.558479e-04
1.542680e-04
1.537680e-04
1.513074e-04
1.429679e-04
1.422744e-04
1.401574e-04
1.382928e-04
1.367818e-04
1.353735e-04
1.324200e-04
1.300792e-04
1.269250e-04
1.252657e-04
1.202019e-04
1.189314e-04
1.165900e-04
1.117650e-04
1.105239e-04
1.066674e-04
1.059416e-04
1.036047e-04
1.013942e-04
9.905997e-05
9.508500e-05
9.352346e-05
8.894421e-05
8.663368e-05
8.448598e-05
8.266509e-05
8.166560e-05
7.985580e-05
7.916192e-05
7.386941e-05
7.163043e-05
7.028403e-05
6.761780e-05
6.513200e-05
6.332494e-05
5.977774e-05
5.714242e-05
5.527337e-05
5.360926e-05
5.081415e-05
4.471951e-05
4.393333e-05
4.089002e-05
3.777125e-05
3.689237e-05
3.470136e-05
3.234739e-05
3.165717e-05
2.883044e-05
2.640356e-05
2.349319e-05
1.974334e-05
1.863737e-05
1.707662e-05
1.172062e-05
1.087497e-05
7.805545e-06
4.853463e-06
2.720491e-06
2.146006e-06
9.079958e-14
5.021317e-14
1.361352e-14
-2.341665e-14
-4.804828e-14
-1.014538e-13
-1.427606e-13
-1.668818e-06
-3.448274e-06
-5.724971e-06
-9.507276e-06
-1.036341e-05
-1.193652e-05
-1.631329e-05
-1.844103e-05
-2.000811e-05
-2.371577e-05
-2.571125e-05
-2.797550e-05
-2.920753e-05
-3.153164e-05
-3.563947e-05
-3.810408e-05
-4.031509e-05
-4.327311e-05
-4.465720e-05
-4.508160e-05
-4.971509e-05
-5.420573e-05
-5.441763e-05
-5.674772e-05
-6.167451e-05
-6.339762e-05
-6.427702e-05
-6.814328e-05
-7.051331e-05
-7.262328e-05
-7.562281e-05
-7.710220e-05
-8.059353e-05
-8.259933e-05
-8.674873e-05
-8.698508e-05
-8.984143e-05
-9.179084e-05
-9.582749e-05
-9.982969e-05
-1.016607e-04
-1.025911e-04
-1.058827e-04
-1.108836e-04
-1.123078e-04
-1.153903e-04
-1.166873e-04
-1.207232e-04
-1.228446e-04
-1.255487e-04
-1.287586e-04
-1.302092e-04
-1.331992e-04
-1.355956e-04
-1.364836e-04
-1.408824e-04
-1.415045e-04
-1.466916e-04
-1.485767e-04
-1.540025e-04
-1.570602e-04
-1.608461e-04
-1.617829e-04
-1.648510e-04
-1.652983e-04
-1.717508e-04
-1.748100e-04
-1.795289e-04
-1.842780e-04
-1.863864e-04
-1.887275e-04
-1.926440e-04
-1.947345e-04
-2.016910e-04
-2.041100e-04
-2.058204e-04
-2.105481e-04
-2.137068e-04
-2.165592e-04
-2.229690e-04
-2.258507e-04
-2.276319e-04
-2.304609e-04
-2.339737e-04
-2.359393e-04
-2.370037e-04
-2.411837e-04
-2.459882e-04
-2.560826e-04
-2.623517e-04
-2.659086e-04
-2.669571e-04
-2.724440e-04
-2.767176e-04
-2.803677e-04
-2.863014e-04
-2.908415e-04
-2.989275e-04
-3.026240e-04
-3.069147e-04
-3.145948e-04
-3.215728e-04
-3.245648e-04
-3.309632e-04
-3.397263e-04
-3.439344e-04
-3.504491e-04
-3.565328e-04
-3.643544e-04
-3.857363e-04
-3.910951e-04
-4.197273e-04
-4.583588e-04
-5.187188e-04
-5.474494e-04
-6.231714e-04
-7.740160e-04
-9.100607e-04
