2.143532e+12
1.937929e+12
1.694273e+12
1.606384e+12
1.420327e+12
1.270701e+12
1.174539e+12
1.082334e+12
1.005259e+12
9.533331e+11
9.454165e+11
8.923586e+11
8.474988e+11
7.783192e+11
7.103995e+11
6.948893e+11
6.649717e+11
6.228195e+11
5.897112e+11
5.772121e+11
5.597267e+11
5.491368e+11
5.086056e+11
4.961170e+11
4.767174e+11
4.574411e+11
4.280414e+11
4.067359e+11
4.000099e+11
3.786081e+11
3.750246e+11
3.486300e+11
3.416177e+11
3.270674e+11
3.188724e+11
3.128719e+11
3.039816e+11
2.964536e+11
2.887095e+11
2.834487e+11
2.794369e+11
2.696205e+11
2.542678e+11
2.531386e+11
2.371278e+11
2.341305e+11
2.321384e+11
2.265155e+11
2.166394e+11
2.129742e+11
2.057775e+11
2.007714e+11
1.957900e+11
1.911936e+11
1.851928e+11
1.821162e+11
1.769387e+11
1.708370e+11
1.690578e+11
1.607964e+11
1.586154e+11
1.506606e+11
1.491147e+11
1.409135e+11
1.402455e+11
1.369063e+11
1.347831e+11
1.333160e+11
1.300921e+11
1.278385e+11
1.260095e+11
1.196073e+11
1.172780e+11
1.142636e+11
1.130974e+11
1.100046e+11
1.050231e+11
1.035970e+11
1.028544e+11
9.983433e+10
9.958593e+10
9.829061e+10
9.321898e+10
9.251328e+10
9.099301e+10
8.809681e+10
8.662249e+10
8.587552e+10
8.300738e+10
8.116552e+10
7.979123e+10
7.904685e+10
7.658233e+10
7.522735e+10
7.246662e+10
7.188789e+10
6.981882e+10
6.853898e+10
6.845952e+10
6.677450e+10
6.597721e+10
6.435666e+10
6.380191e+10
6.276125e+10
6.154770e+10
6.018522e+10
5.788115e+10
5.753101e+10
5.648702e+10
5.510475e+10
5.370178e+10
5.257460e+10
5.097175e+10
5.036310e+10
4.808754e+10
4.743376e+10
4.440058e+10
4.344739e+10
4.160970e+10
4.045317e+10
3.758701e+10
3.468487e+10
3.129359e+10
2.862899e+10
2.557785e+10
2.212241e+10
2.083853e+10
1.230929e+10
