8.630152e+04
3.398255e+03
2.433837e+03
1.799364e+03
1.093833e+03
7.541910e+02
5.827160e+02
4.404712e+02
2.817352e+02
2.718588e+02
2.560965e+02
2.237949e+02
1.961091e+02
1.864578e+02
1.792571e+02
1.661186e+02
1.577261e+02
1.346365e+02
1.280902e+02
1.195657e+02
1.174157e+02
1.059679e+02
1.037687e+02
1.007428e+02
9.418002e+01
8.342881e+01
8.112872e+01
7.820708e+01
7.593085e+01
6.805933e+01
6.237651e+01
5.937303e+01
5.474124e+01
5.234512e+01
4.859369e+01
4.605795e+01
4.303696e+01
4.170860e+01
3.839899e+01
3.495850e+01
3.401240e+01
3.208397e+01
2.960100e+01
2.748409e+01
2.633537e+01
2.494402e+01
2.318552e+01
2.214520e+01
2.108272e+01
2.049696e+01
1.823420e+01
1.695522e+01
1.649028e+01
1.568120e+01
1.486403e+01
1.337038e+01
1.273435e+01
1.215412e+01
1.062128e+01
9.718645e+00
8.881996e+00
8.554112e+00
8.399270e+00
7.654885e+00
7.211945e+00
6.631588e+00
6.315341e+00
5.757005e+00
5.174798e+00
4.963921e+00
4.334526e+00
3.538967e+00
3.437113e+00
3.315476e+00
3.132013e+00
2.976483e+00
2.752018e+00
2.688287e+00
2.409853e+00
2.388868e+00
2.264217e+00
2.160093e+00
2.032514e+00
1.967654e+00
1.757014e+00
1.696963e+00
1.616455e+00
1.510258e+00
1.493260e+00
1.345653e+00
1.241759e+00
1.153277e+00
1.117603e+00
1.109770e+00
1.028914e+00
9.971341e-01
9.613221e-01
9.199510e-01
8.285340e-01
8.085161e-01
7.584614e-01
7.302563e-01
6.885464e-01
6.722848e-01
6.200460e-01
6.084598e-01
5.471403e-01
5.059872e-01
4.951942e-01
4.517478e-01
4.163722e-01
3.997851e-01
3.777108e-01
3.488396e-01
3.340018e-01
3.253669e-01
3.001084e-01
2.830116e-01
2.673332e-01
2.523316e-01
2.390320e-01
2.167010e-01
2.042566e-01
1.973002e-01
1.917873e-01
1.752928e-01
1.675927e-01
1.670279e-01
1.566750e-01
1.465618e-01
1.212397e-01
1.199681e-01
1.121804e-01
1.104307e-01
1.032786e-01
9.460930e-02
9.148391e-02
8.290627e-02
7.831185e-02
7.766017e-02
7.229244e-02
7.055622e-02
6.248679e-02
6.079157e-02
5.723554e-02
5.319060e-02
5.220347e-02
4.813641e-02
4.706078e-02
4.440291e-02
4.201147e-02
4.105817e-02
3.809903e-02
3.636798e-02
3.414097e-02
3.390010e-02
3.235492e-02
3.044713e-02
2.911547e-02
2.780206e-02
2.491528e-02
2.287477e-02
2.221924e-02
2.119503e-02
2.019494e-02
1.808888e-02
1.692337e-02
1.623905e-02
1.550712e-02
1.515440e-02
1.445030e-02
1.322459e-02
1.172629e-02
1.051167e-02
9.629690e-03
9.570524e-03
8.979362e-03
8.804495e-03
8.578672e-03
8.078716e-03
7.909101e-03
7.213116e-03
7.179690e-03
5.924882e-03
5.839214e-03
5.568053e-03
5.347112e-03
4.892668e-03
4.551412e-03
4.398766e-03
4.263538e-03
3.841480e-03
3.610347e-03
3.340688e-03
3.223106e-03
2.933499e-03
2.842797e-03
2.642725e-03
2.510076e-03
2.464515e-03
2.447497e-03
2.268034e-03
2.174187e-03
2.115062e-03
1.993771e-03
1.833969e-03
1.822444e-03
1.719712e-03
1.704820e-03
1.637651e-03
1.621497e-03
1.535628e-03
1.512318e-03
1.477411e-03
1.416413e-03
1.364170e-03
1.334698e-03
1.302737e-03
1.269572e-03
1.245619e-03
1.214703e-03
1.193023e-03
1.176925e-03
1.154498e-03
1.133515e-03
1.120812e-03
1.107347e-03
1.097800e-03
1.085673e-03
1.076153e-03
1.060732e-03
1.057333e-03
1.035307e-03
1.006676e-03
9.911607e-04
9.825305e-04
9.602804e-04
9.474080e-04
9.286329e-04
9.148050e-04
9.085298e-04
8.900588e-04
8.766503e-04
8.747014e-04
8.582918e-04
8.570394e-04
8.433235e-04
8.320232e-04
8.133040e-04
7.937133e-04
7.846086e-04
7.758153e-04
7.669622e-04
7.518725e-04
7.420465e-04
7.314908e-04
7.230271e-04
7.133993e-04
7.009055e-04
6.876757e-04
6.805054e-04
6.684802e-04
6.613250e-04
6.577719e-04
6.462834e-04
6.383539e-04
6.260873e-04
6.073700e-04
6.015247e-04
5.920492e-04
5.811136e-04
5.724168e-04
5.629852e-04
5.573058e-04
5.427233e-04
5.339363e-04
5.266375e-04
5.196696e-04
5.124644e-04
5.041992e-04
4.905327e-04
4.817540e-04
4.742776e-04
4.662759e-04
4.555591e-04
4.469621e-04
4.408187e-04
4.335025e-04
4.188386e-04
4.030150e-04
3.949577e-04
3.892843e-04
3.818895e-04
3.772033e-04
3.577010e-04
3.530763e-04
3.278107e-04
3.170950e-04
3.131708e-04
3.045626e-04
2.894696e-04
2.818384e-04
2.796231e-04
2.695624e-04
2.644050e-04
2.489453e-04
2.341517e-04
2.245283e-04
2.162673e-04
2.112532e-04
2.067643e-04
1.911290e-04
1.832160e-04
1.789125e-04
1.626422e-04
1.519611e-04
1.506166e-04
1.420168e-04
1.359431e-04
1.307097e-04
1.150183e-04
1.040719e-04
9.451845e-05
9.136338e-05
8.749280e-05
7.755995e-05
6.393951e-05
5.588737e-05
4.657837e-05
3.437925e-05
2.584478e-05
2.108586e-05
1.056199e-05
2.126164e-13
-1.202651e-14
-2.398841e-13
-8.425824e-06
-2.178041e-05
-2.898746e-05
-4.433945e-05
-4.716447e-05
-5.784919e-05
-7.026716e-05
-8.376825e-05
-1.001917e-04
-1.057621e-04
-1.157625e-04
-1.267434e-04
-1.298506e-04
-1.362914e-04
-1.460800e-04
-1.576918e-04
-1.728619e-04
-1.876268e-04
-1.896729e-04
-1.978873e-04
-2.078908e-04
-2.205088e-04
-2.319046e-04
-2.413997e-04
-2.554332e-04
-2.590186e-04
-2.602063e-04
-2.945894e-04
-3.068943e-04
-3.143027e-04
-3.209448e-04
-3.244347e-04
-3.370390e-04
-3.525444e-04
-3.618239e-04
-3.704196e-04
-3.945041e-04
-4.076475e-04
-4.226245e-04
-4.395388e-04
-4.544507e-04
-4.693298e-04
-4.767625e-04
-5.082558e-04
-5.280752e-04
-5.412642e-04
-5.674972e-04
-6.114756e-04
