5.851281e+04
1.244097e+04
7.337862e+03
1.722863e+03
1.337403e+03
9.684855e+02
7.249521e+02
4.255790e+02
3.228901e+02
3.148400e+02
2.416252e+02
2.171945e+02
1.806843e+02
1.507903e+02
1.255588e+02
1.058499e+02
9.606479e+01
8.921145e+01
7.985751e+01
5.741317e+01
5.433548e+01
4.511953e+01
3.718911e+01
3.531717e+01
3.205016e+01
2.792929e+01
2.157772e+01
2.015194e+01
1.726201e+01
1.593524e+01
1.211165e+01
1.094786e+01
9.995028e+00
8.810391e+00
7.772926e+00
6.774142e+00
6.272017e+00
5.932789e+00
4.704268e+00
3.583457e+00
3.468042e+00
3.392757e+00
2.757436e+00
2.499426e+00
2.180351e+00
1.726016e+00
1.312421e+00
9.983972e-01
7.516657e-01
6.908986e-01
5.671386e-01
5.540591e-01
4.321307e-01
3.854450e-01
3.389959e-01
2.711384e-01
2.065473e-01
1.851900e-01
1.399738e-01
1.291399e-01
8.694790e-02
7.213476e-02
6.886015e-02
6.307105e-02
5.988177e-02
3.234966e-02
3.179596e-02
2.765810e-02
1.938698e-02
1.827895e-02
1.705292e-02
1.229775e-02
1.033496e-02
9.123065e-03
7.065982e-03
5.132465e-03
4.975983e-03
4.310004e-03
3.858319e-03
2.899232e-03
2.183025e-03
2.133196e-03
2.033665e-03
1.855285e-03
1.578951e-03
1.481570e-03
1.292885e-03
1.203054e-03
1.113858e-03
1.039923e-03
1.013028e-03
8.532954e-04
8.353206e-04
8.147521e-04
7.823717e-04
7.383626e-04
6.969571e-04
6.688127e-04
6.434410e-04
6.066960e-04
5.940684e-04
5.761734e-04
5.719837e-04
5.513111e-04
5.438677e-04
5.350375e-04
5.113251e-04
4.984497e-04
4.825503e-04
4.768647e-04
4.728927e-04
4.651380e-04
4.617305e-04
4.511872e-04
4.475265e-04
4.338747e-04
4.309844e-04
4.281143e-04
4.203398e-04
4.169843e-04
4.107991e-04
4.083416e-04
4.024526e-04
4.002961e-04
3.967491e-04
3.822880e-04
3.789797e-04
3.743379e-04
3.685679e-04
3.675474e-04
3.605134e-04
3.593191e-04
3.533991e-04
3.484647e-04
3.419397e-04
3.378312e-04
3.313940e-04
3.297754e-04
3.264137e-04
3.222516e-04
3.199367e-04
3.184519e-04
3.134735e-04
3.085262e-04
3.056572e-04
3.025358e-04
2.990732e-04
2.952225e-04
2.903593e-04
2.873437e-04
2.859931e-04
2.818189e-04
2.805019e-04
2.761479e-04
2.751652e-04
2.681598e-04
2.660391e-04
2.615354e-04
2.589299e-04
2.567670e-04
2.544577e-04
2.485735e-04
2.468074e-04
2.424284e-04
2.407741e-04
2.388307e-04
2.361898e-04
2.312179e-04
2.277765e-04
2.272986e-04
2.257228e-04
2.237007e-04
2.148712e-04
2.125471e-04
2.098437e-04
2.077587e-04
2.050349e-04
2.005816e-04
1.994193e-04
1.977982e-04
1.950615e-04
1.928432e-04
1.903384e-04
1.876804e-04
1.852796e-04
1.819769e-04
1.777224e-04
1.751665e-04
1.721782e-04
1.712776e-04
1.681997e-04
1.653684e-04
1.637662e-04
1.599735e-04
1.560212e-04
1.538072e-04
1.513973e-04
1.497170e-04
1.452226e-04
1.444123e-04
1.420043e-04
1.395263e-04
1.343641e-04
1.324653e-04
1.305298e-04
1.266088e-04
1.250345e-04
1.230957e-04
1.219898e-04
1.189371e-04
1.166559e-04
1.143275e-04
1.108853e-04
1.090493e-04
1.075793e-04
1.036462e-04
9.943231e-05
9.903344e-05
9.747227e-05
9.381519e-05
9.083987e-05
8.829986e-05
8.654953e-05
8.329338e-05
8.168359e-05
7.934776e-05
7.619114e-05
7.397019e-05
7.202294e-05
6.883686e-05
6.724073e-05
6.486456e-05
6.362855e-05
6.294094e-05
5.833811e-05
5.648551e-05
5.499218e-05
5.466941e-05
5.248714e-05
4.948620e-05
4.779082e-05
4.660712e-05
4.459840e-05
3.927212e-05
3.745019e-05
3.450872e-05
3.014779e-05
2.836321e-05
2.563985e-05
2.502892e-05
2.000546e-05
1.792486e-05
1.392765e-05
1.322439e-05
1.125772e-05
6.144019e-06
4.055185e-06
3.185750e-06
5.444263e-07
7.429686e-14
2.805630e-14
1.983167e-14
-4.381258e-14
-5.481994e-14
-1.062645e-13
-2.719351e-06
-5.834725e-06
-7.791558e-06
-8.060014e-06
-1.100803e-05
-1.314514e-05
-1.657251e-05
-1.847073e-05
-2.096365e-05
-2.204048e-05
-2.311630e-05
-2.772499e-05
-3.106073e-05
-3.155924e-05
-3.706241e-05
-3.899113e-05
-4.117274e-05
-4.254258e-05
-4.410406e-05
-4.609682e-05
-4.918371e-05
-5.270372e-05
-5.601614e-05
-5.743568e-05
-5.974913e-05
-6.275420e-05
-6.572714e-05
-6.955471e-05
-7.096052e-05
-7.208100e-05
-7.456719e-05
-7.829812e-05
-7.922013e-05
-8.238472e-05
-8.597053e-05
-8.732712e-05
-9.028346e-05
-9.252837e-05
-9.316471e-05
-9.783942e-05
-1.004891e-04
-1.026431e-04
-1.041616e-04
-1.068051e-04
-1.077513e-04
-1.122721e-04
-1.172230e-04
-1.194825e-04
-1.226930e-04
-1.243449e-04
-1.263645e-04
-1.293378e-04
-1.313813e-04
-1.329856e-04
-1.380076e-04
-1.409618e-04
-1.423990e-04
-1.460418e-04
-1.485683e-04
-1.528688e-04
-1.553018e-04
-1.568865e-04
-1.625748e-04
-1.656441e-04
-1.683970e-04
-1.706055e-04
-1.722728e-04
-1.779762e-04
-1.786473e-04
-1.849846e-04
-1.859772e-04
-1.906431e-04
-1.922292e-04
-1.973979e-04
-2.043340e-04
-2.048549e-04
-2.083685e-04
-2.105409e-04
-2.132506e-04
-2.163496e-04
-2.228198e-04
-2.255124e-04
-2.289294e-04
-2.301714e-04
-2.372089e-04
-2.426018e-04
-2.456952e-04
-2.497002e-04
-2.539983e-04
-2.602283e-04
-2.614450e-04
-2.699472e-04
-2.719906e-04
-2.738888e-04
-2.788860e-04
-2.852374e-04
-2.880280e-04
-2.920629e-04
-3.014685e-04
-3.065463e-04
-3.111153e-04
-3.167547e-04
-3.199516e-04
-3.255823e-04
-3.331143e-04
-3.392746e-04
-3.514054e-04
-3.602435e-04
-3.685528e-04
-3.717905e-04
-3.934901e-04
-4.074649e-04
-4.333466e-04
-5.151377e-04
-5.284860e-04
-6.375886e-04
-7.214927e-04
-1.217708e-03
-1.990906e-03
