1.817655e+05
2.222481e+04
6.726879e+03
1.838846e+03
2.518652e+02
2.706311e+01
1.242156e+01
6.238756e+00
1.553158e+00
2.682410e-01
8.145575e-02
5.479263e-02
4.954600e-02
4.084314e-02
3.230327e-02
2.647771e-02
2.552856e-02
2.157635e-02
2.062716e-02
1.995531e-02
1.916372e-02
1.767139e-02
1.673558e-02
1.543133e-02
1.396147e-02
1.362967e-02
1.259421e-02
1.231817e-02
1.161210e-02
1.071850e-02
1.046777e-02
1.009767e-02
9.685373e-03
8.978584e-03
8.726683e-03
8.523962e-03
8.262009e-03
7.853424e-03
7.178051e-03
6.775530e-03
6.753811e-03
6.456212e-03
6.081603e-03
5.932826e-03
5.533695e-03
5.387009e-03
5.157071e-03
5.003519e-03
4.893271e-03
4.603189e-03
4.467243e-03
4.272304e-03
3.928946e-03
3.914503e-03
3.727605e-03
3.516622e-03
3.428064e-03
3.131978e-03
3.067224e-03
2.928056e-03
2.621092e-03
2.421616e-03
2.332308e-03
2.200190e-03
2.158388e-03
2.040680e-03
1.939949e-03
1.857588e-03
1.772259e-03
1.664168e-03
1.473342e-03
1.287404e-03
1.193640e-03
1.143046e-03
1.060007e-03
1.024454e-03
9.148452e-04
7.835461e-04
7.584514e-04
7.308306e-04
6.230339e-04
5.724764e-04
4.422942e-04
3.298979e-04
2.705941e-04
1.326819e-04
8.876366e-05
4.484288e-05
-7.420042e-05
-2.844658e-04
-4.336296e-04
-5.112336e-04
-7.539213e-04
-9.383819e-04
-1.094074e-03
-1.330172e-03
-1.512508e-03
-1.911551e-03
-2.216251e-03
-2.473923e-03
-3.178954e-03
-3.431650e-03
-3.827258e-03
-4.543334e-03
-4.830759e-03
-5.108499e-03
-6.120773e-03
-6.229421e-03
-6.840722e-03
-7.795331e-03
-8.930771e-03
-9.121019e-03
-1.038060e-02
-1.185719e-02
-1.280966e-02
-1.346983e-02
-1.401293e-02
-1.610775e-02
-1.942768e-02
-2.073561e-02
-2.330770e-02
-2.737143e-02
-3.162905e-02
-3.938388e-02
-4.201104e-02
-5.128308e-02
-5.898325e-02
-7.371192e-02
