1.068028e+08
8.601138e+06
9.594870e+05
6.104559e+05
2.537341e+05
9.449591e+04
3.430293e+04
4.447938e+03
6.710522e+02
1.369935e+02
7.855780e+01
5.530463e+01
4.513549e+01
3.646018e+01
3.041601e+01
2.181672e+01
1.975901e+01
1.743620e+01
1.597460e+01
1.509390e+01
1.385202e+01
1.259814e+01
1.151608e+01
1.072788e+01
1.006237e+01
9.127824e+00
8.510897e+00
7.927185e+00
7.848585e+00
7.619095e+00
6.814651e+00
5.786164e+00
5.644546e+00
5.550457e+00
5.350728e+00
4.815062e+00
4.390538e+00
4.276821e+00
4.228866e+00
3.854504e+00
3.604770e+00
3.446921e+00
3.146346e+00
2.844322e+00
2.705844e+00
2.617404e+00
2.345166e+00
2.251267e+00
1.876924e+00
1.724015e+00
1.622297e+00
1.534295e+00
1.524023e+00
1.366729e+00
1.221215e+00
1.116890e+00
1.058988e+00
9.905542e-01
7.868591e-01
7.261426e-01
6.260022e-01
6.018582e-01
5.252567e-01
5.035014e-01
3.699098e-01
3.534769e-01
3.258984e-01
2.955322e-01
2.417520e-01
1.781069e-01
1.291103e-01
9.549838e-02
5.954225e-02
3.572630e-02
1.505051e-02
8.813935e-10
1.470202e-12
-9.450200e-11
-7.485556e-10
-1.669919e-02
-4.104707e-02
-5.763235e-02
-6.763847e-02
-1.181261e-01
-1.831142e-01
-2.262219e-01
-2.448276e-01
-2.996835e-01
-3.918893e-01
-4.742159e-01
-5.273901e-01
-7.172943e-01
-8.714717e-01
-9.523523e-01
-1.054845e+00
-1.149192e+00
-1.283237e+00
-1.474275e+00
-1.657768e+00
-1.828701e+00
-1.990610e+00
-2.232914e+00
-2.462626e+00
-2.763866e+00
-2.977434e+00
-3.139300e+00
-3.402950e+00
-3.642739e+00
-3.925223e+00
-5.253048e+00
-5.539128e+00
-5.818251e+00
-6.416042e+00
-6.965538e+00
-7.645606e+00
-8.278365e+00
-9.096681e+00
-9.763089e+00
-1.152952e+01
-1.293205e+01
-1.463244e+01
-1.713943e+01
-2.076450e+01
-2.417395e+01
-3.212700e+01
-3.524443e+01
-4.310501e+01
-9.136308e+01
