2.123468e+05
2.219659e+04
4.785326e+03
1.744900e+03
2.242466e+02
2.327169e+01
1.044152e+01
5.767725e+00
1.192339e+00
2.136066e-01
6.568987e-02
4.950253e-02
4.163323e-02
3.372160e-02
2.949003e-02
2.807382e-02
2.534518e-02
2.138183e-02
2.080745e-02
1.930701e-02
1.705980e-02
1.690957e-02
1.593524e-02
1.475774e-02
1.406335e-02
1.288865e-02
1.264154e-02
1.220420e-02
1.190798e-02
1.128249e-02
1.091689e-02
9.895429e-03
9.317509e-03
9.213127e-03
8.808815e-03
8.497626e-03
8.289029e-03
7.843102e-03
7.752093e-03
7.506408e-03
6.997112e-03
6.675609e-03
6.504354e-03
6.329360e-03
6.167365e-03
5.997982e-03
5.567580e-03
5.473055e-03
5.402235e-03
5.107714e-03
4.650008e-03
4.477233e-03
4.389944e-03
4.260240e-03
4.191456e-03
3.865211e-03
3.807056e-03
3.675097e-03
3.562563e-03
3.309930e-03
3.218514e-03
3.054578e-03
3.016788e-03
2.855925e-03
2.660753e-03
2.356275e-03
2.186432e-03
2.075471e-03
2.007899e-03
1.927203e-03
1.761257e-03
1.689852e-03
1.669673e-03
1.455407e-03
1.268057e-03
1.217905e-03
1.201111e-03
1.110013e-03
1.024159e-03
9.698295e-04
8.540892e-04
7.127645e-04
6.518794e-04
4.714530e-04
2.509625e-04
2.359331e-04
4.307535e-05
-6.407195e-05
-2.266223e-04
-2.947209e-04
-3.981404e-04
-5.058830e-04
-8.296871e-04
-1.155327e-03
-1.328971e-03
-1.398664e-03
-1.785069e-03
-1.969950e-03
-2.499961e-03
-2.734865e-03
-2.982764e-03
-3.272474e-03
-3.859921e-03
-4.184206e-03
-4.595074e-03
-4.969255e-03
-5.520686e-03
-6.396768e-03
-7.556541e-03
-7.820626e-03
-8.370447e-03
-9.131610e-03
-1.103029e-02
-1.173309e-02
-1.363262e-02
-1.652314e-02
-1.785824e-02
-2.013481e-02
-2.046959e-02
-2.295727e-02
-2.574587e-02
-2.817783e-02
-2.938511e-02
-3.240928e-02
-4.227327e-02
-5.287940e-02
-7.011582e-02
-1.156702e-01
