1.248482e+05
6.028829e+03
3.767534e+03
2.179170e+03
1.769601e+03
1.319085e+03
8.175421e+02
7.825330e+02
6.427763e+02
6.048046e+02
4.631458e+02
3.767262e+02
3.428266e+02
3.089290e+02
2.783216e+02
2.581942e+02
2.104603e+02
1.919542e+02
1.620018e+02
1.516349e+02
1.365992e+02
1.228216e+02
1.033177e+02
9.948829e+01
9.334931e+01
9.158174e+01
7.775064e+01
7.585178e+01
7.420927e+01
7.153726e+01
6.372577e+01
5.530194e+01
5.322409e+01
4.896402e+01
4.766475e+01
4.246373e+01
4.009625e+01
3.752022e+01
3.577479e+01
3.281888e+01
3.123881e+01
2.887866e+01
2.619834e+01
2.507381e+01
2.289360e+01
2.098265e+01
1.929426e+01
1.797551e+01
1.729908e+01
1.577842e+01
1.455841e+01
1.374817e+01
1.307410e+01
1.254193e+01
1.016763e+01
9.969710e+00
9.211331e+00
8.503063e+00
8.027241e+00
7.791535e+00
7.076235e+00
6.959336e+00
6.480542e+00
5.313636e+00
5.067325e+00
4.957886e+00
4.308619e+00
4.013169e+00
3.851025e+00
3.486758e+00
3.397243e+00
3.264098e+00
2.672253e+00
2.605743e+00
2.517419e+00
2.204794e+00
2.081019e+00
1.998771e+00
1.694502e+00
1.626854e+00
1.555948e+00
1.451559e+00
1.299944e+00
1.239832e+00
1.089885e+00
1.071252e+00
9.772382e-01
8.669427e-01
8.384845e-01
7.610842e-01
6.698468e-01
6.510841e-01
5.995826e-01
5.665886e-01
5.092452e-01
4.820516e-01
4.752463e-01
4.295742e-01
3.722475e-01
3.439949e-01
3.158029e-01
3.036847e-01
2.934211e-01
2.602673e-01
2.549249e-01
2.446683e-01
2.306453e-01
2.038872e-01
1.802465e-01
1.696170e-01
1.668286e-01
1.557554e-01
1.408156e-01
1.339312e-01
1.321910e-01
1.243685e-01
1.106264e-01
1.027393e-01
9.655978e-02
9.206087e-02
8.340584e-02
7.334634e-02
6.942093e-02
6.888966e-02
5.923658e-02
5.431398e-02
5.162561e-02
4.684742e-02
4.375491e-02
3.931607e-02
3.686079e-02
3.490710e-02
3.368816e-02
3.024678e-02
2.764690e-02
2.543320e-02
2.357821e-02
2.349077e-02
2.207357e-02
1.904321e-02
1.850810e-02
1.714177e-02
1.654829e-02
1.579507e-02
1.461126e-02
1.294739e-02
1.251448e-02
1.164186e-02
1.150367e-02
1.079620e-02
1.014329e-02
9.466294e-03
8.928927e-03
7.818666e-03
6.961583e-03
6.443344e-03
6.341857e-03
5.889833e-03
5.123534e-03
4.957487e-03
4.710619e-03
4.326765e-03
3.766753e-03
3.612918e-03
3.501156e-03
3.315994e-03
2.847830e-03
2.704875e-03
2.678998e-03
2.480239e-03
2.320360e-03
2.246762e-03
2.133644e-03
2.012679e-03
1.862635e-03
1.775544e-03
1.669142e-03
1.612197e-03
1.575885e-03
1.548981e-03
1.492503e-03
1.471604e-03
1.459122e-03
1.415483e-03
1.391199e-03
1.372168e-03
1.349884e-03
1.323087e-03
1.294017e-03
1.254339e-03
1.247935e-03
1.243297e-03
1.216535e-03
1.213062e-03
1.191198e-03
1.179002e-03
1.168812e-03
1.153312e-03
1.128855e-03
1.107060e-03
1.098273e-03
1.086329e-03
1.078228e-03
1.058501e-03
1.045849e-03
1.042079e-03
1.033200e-03
1.007213e-03
1.005245e-03
9.975516e-04
9.714664e-04
9.583968e-04
9.459874e-04
9.409126e-04
9.368232e-04
9.229695e-04
9.031555e-04
9.004604e-04
8.863220e-04
8.812610e-04
8.748307e-04
8.611412e-04
8.561558e-04
8.417974e-04
8.313960e-04
8.290682e-04
7.999361e-04
7.937791e-04
7.854836e-04
7.756974e-04
7.696590e-04
7.577403e-04
7.495093e-04
7.414178e-04
7.240854e-04
7.190905e-04
7.100285e-04
6.995680e-04
6.936165e-04
6.837454e-04
6.767887e-04
6.594050e-04
6.476755e-04
6.384005e-04
6.313717e-04
6.189211e-04
5.988849e-04
5.951317e-04
5.894826e-04
5.884363e-04
5.656992e-04
5.607554e-04
5.468276e-04
5.406115e-04
5.305602e-04
5.170687e-04
5.072139e-04
5.011059e-04
4.915859e-04
4.860769e-04
4.751609e-04
4.673495e-04
4.640161e-04
4.489503e-04
4.438047e-04
4.350218e-04
4.259970e-04
4.174408e-04
4.015690e-04
3.949399e-04
3.843613e-04
3.795828e-04
3.744518e-04
3.659247e-04
3.535889e-04
3.490347e-04
3.414386e-04
3.267177e-04
3.142017e-04
3.086484e-04
2.934042e-04
2.837442e-04
2.747775e-04
2.701578e-04
2.580932e-04
2.498775e-04
2.388321e-04
2.283455e-04
2.234643e-04
2.108895e-04
2.063714e-04
1.981684e-04
1.852131e-04
1.769133e-04
1.608376e-04
1.546603e-04
1.477533e-04
1.424095e-04
1.354720e-04
1.216541e-04
1.208412e-04
1.133631e-04
1.017429e-04
9.545001e-05
8.845928e-05
8.285995e-05
6.578905e-05
5.933110e-05
5.161958e-05
4.958218e-05
3.096789e-05
1.961676e-05
1.711297e-05
8.253437e-06
-2.030951e-05
-2.078154e-05
-2.909844e-05
-3.302371e-05
-4.259840e-05
-5.582576e-05
-6.246140e-05
-7.256906e-05
-8.086131e-05
-8.667575e-05
-9.524100e-05
-1.038142e-04
-1.119535e-04
-1.223496e-04
-1.264289e-04
-1.383237e-04
-1.438565e-04
-1.528701e-04
-1.605942e-04
-1.664266e-04
-1.774209e-04
-1.842283e-04
-1.860436e-04
-2.025155e-04
-2.190144e-04
-2.222173e-04
-2.371608e-04
-2.465150e-04
-2.506957e-04
-2.600223e-04
-2.756125e-04
-2.841945e-04
-2.937374e-04
-3.014943e-04
-3.077262e-04
-3.262146e-04
-3.299437e-04
-3.351147e-04
-3.692075e-04
-3.825124e-04
-3.900337e-04
-3.928315e-04
-4.096424e-04
-4.219435e-04
-4.357481e-04
-4.457096e-04
-4.570588e-04
-4.738230e-04
-5.003462e-04
-5.056376e-04
-5.227883e-04
-5.286279e-04
-5.371236e-04
-5.461256e-04
-5.711030e-04
-5.797367e-04
-5.849110e-04
-6.028500e-04
-6.295507e-04
-6.337382e-04
-6.536868e-04
-6.687331e-04
-6.748014e-04
-7.048757e-04
-7.151281e-04
-7.286736e-04
-7.441089e-04
-7.714140e-04
-8.028981e-04
-8.805080e-04
