5.865206e+04
1.227253e+04
6.212679e+03
1.663655e+03
1.060046e+03
6.596157e+02
4.301295e+02
2.905373e+02
2.383493e+02
2.243488e+02
1.861465e+02
1.617289e+02
1.469367e+02
1.263168e+02
1.070634e+02
9.533138e+01
8.036429e+01
7.551157e+01
6.788852e+01
4.140214e+01
3.844482e+01
3.378368e+01
3.116101e+01
2.142982e+01
2.001974e+01
1.746365e+01
1.684140e+01
1.382511e+01
1.293192e+01
1.100712e+01
1.011172e+01
9.072890e+00
7.082155e+00
6.234330e+00
5.011754e+00
4.025127e+00
3.904525e+00
3.565201e+00
3.040236e+00
2.830355e+00
2.652653e+00
2.070277e+00
1.615591e+00
1.429396e+00
1.189564e+00
1.101412e+00
9.332714e-01
8.163078e-01
7.288702e-01
6.625929e-01
6.246334e-01
3.824721e-01
3.603837e-01
2.630109e-01
2.078252e-01
1.857867e-01
1.317328e-01
1.199905e-01
1.104188e-01
9.794096e-02
6.773236e-02
6.380209e-02
5.333584e-02
3.493872e-02
3.388483e-02
2.751655e-02
2.444808e-02
1.993863e-02
1.656273e-02
1.440118e-02
1.157555e-02
9.390253e-03
6.963552e-03
6.849864e-03
5.329920e-03
5.021867e-03
3.294045e-03
3.081392e-03
2.740190e-03
2.592794e-03
1.965227e-03
1.425670e-03
1.326129e-03
1.286066e-03
1.207207e-03
9.986308e-04
9.561938e-04
8.535797e-04
7.675346e-04
7.307325e-04
6.985131e-04
6.864700e-04
6.522313e-04
6.385820e-04
6.074291e-04
5.982338e-04
5.662931e-04
5.490535e-04
5.443703e-04
5.356927e-04
5.337248e-04
5.130665e-04
5.091548e-04
4.925383e-04
4.814042e-04
4.725249e-04
4.642430e-04
4.554575e-04
4.488953e-04
4.459982e-04
4.418289e-04
4.259567e-04
4.213133e-04
4.169376e-04
4.108028e-04
4.047964e-04
4.017682e-04
3.962741e-04
3.885101e-04
3.792716e-04
3.770785e-04
3.746591e-04
3.724213e-04
3.667135e-04
3.626491e-04
3.604121e-04
3.584143e-04
3.547988e-04
3.513277e-04
3.482936e-04
3.454706e-04
3.427965e-04
3.314273e-04
3.307682e-04
3.281513e-04
3.239909e-04
3.172679e-04
3.133385e-04
3.126850e-04
3.068908e-04
3.045004e-04
2.991800e-04
2.958064e-04
2.947908e-04
2.898455e-04
2.881975e-04
2.853792e-04
2.812548e-04
2.771959e-04
2.705372e-04
2.699404e-04
2.677366e-04
2.647129e-04
2.611321e-04
2.602457e-04
2.564672e-04
2.508253e-04
2.475980e-04
2.458310e-04
2.435323e-04
2.394306e-04
2.378425e-04
2.335756e-04
2.310701e-04
2.309662e-04
2.274692e-04
2.239324e-04
2.220975e-04
2.205544e-04
2.182478e-04
2.145662e-04
2.106131e-04
2.089495e-04
2.052724e-04
2.020176e-04
1.977388e-04
1.954819e-04
1.926711e-04
1.914976e-04
1.888040e-04
1.842801e-04
1.797794e-04
1.795296e-04
1.747069e-04
1.713400e-04
1.693168e-04
1.673207e-04
1.642243e-04
1.634901e-04
1.600989e-04
1.577477e-04
1.556219e-04
1.549185e-04
1.508913e-04
1.505886e-04
1.445157e-04
1.429925e-04
1.402524e-04
1.370952e-04
1.364430e-04
1.327311e-04
1.299000e-04
1.282868e-04
1.262327e-04
1.240036e-04
1.196261e-04
1.172788e-04
1.167098e-04
1.132458e-04
1.117350e-04
1.085633e-04
1.073957e-04
1.032485e-04
1.021095e-04
1.005521e-04
9.522774e-05
9.332675e-05
9.252958e-05
9.053434e-05
8.839546e-05
8.547754e-05
8.255141e-05
8.005275e-05
7.872123e-05
7.611313e-05
7.380664e-05
7.262158e-05
6.776248e-05
6.448910e-05
6.251517e-05
6.132478e-05
5.936058e-05
5.758444e-05
5.445608e-05
5.258881e-05
5.126442e-05
4.888313e-05
4.778170e-05
4.243767e-05
4.105851e-05
3.800600e-05
3.709434e-05
3.321962e-05
3.194299e-05
2.858073e-05
2.463705e-05
2.419992e-05
2.079817e-05
1.849655e-05
1.609164e-05
1.483429e-05
9.582265e-06
8.219079e-06
7.643775e-06
4.932323e-06
2.034432e-06
1.358826e-07
-2.143225e-14
-9.230039e-14
-1.224286e-06
-4.269852e-06
-5.393205e-06
-7.057361e-06
-1.005154e-05
-1.184092e-05
-1.522917e-05
-1.803750e-05
-1.943320e-05
-2.175258e-05
-2.440017e-05
-2.826103e-05
-3.150792e-05
-3.314932e-05
-3.599920e-05
-3.778852e-05
-3.862680e-05
-4.269354e-05
-4.756902e-05
-4.854553e-05
-5.037880e-05
-5.171836e-05
-5.447523e-05
-5.702169e-05
-5.827261e-05
-6.092210e-05
-6.415104e-05
-6.734263e-05
-6.838133e-05
-7.033209e-05
-7.157908e-05
-7.508235e-05
-7.739685e-05
-7.912009e-05
-8.118785e-05
-8.419212e-05
-8.663782e-05
-9.013792e-05
-9.165392e-05
-9.473106e-05
-9.645843e-05
-9.946988e-05
-1.006965e-04
-1.033568e-04
-1.046361e-04
-1.094811e-04
-1.112905e-04
-1.133336e-04
-1.181631e-04
-1.190477e-04
-1.208364e-04
-1.218915e-04
-1.258270e-04
-1.267510e-04
-1.296705e-04
-1.302775e-04
-1.379331e-04
-1.434606e-04
-1.442765e-04
-1.463310e-04
-1.500594e-04
-1.504900e-04
-1.519622e-04
-1.551019e-04
-1.576238e-04
-1.639162e-04
-1.659332e-04
-1.668558e-04
-1.703796e-04
-1.739641e-04
-1.750713e-04
-1.811342e-04
-1.822155e-04
-1.873020e-04
-1.901222e-04
-1.927267e-04
-1.959874e-04
-1.980714e-04
-2.004088e-04
-2.037393e-04
-2.076152e-04
-2.131007e-04
-2.147604e-04
-2.182282e-04
-2.215260e-04
-2.231431e-04
-2.258908e-04
-2.321968e-04
-2.335606e-04
-2.384697e-04
-2.414221e-04
-2.484212e-04
-2.503589e-04
-2.556278e-04
-2.593361e-04
-2.613211e-04
-2.705741e-04
-2.725794e-04
-2.753803e-04
-2.804523e-04
-2.863501e-04
-2.879678e-04
-2.913518e-04
-2.928911e-04
-3.048308e-04
-3.054281e-04
-3.082097e-04
-3.189127e-04
-3.210575e-04
-3.239700e-04
-3.295655e-04
-3.322342e-04
-3.484030e-04
-3.566096e-04
-3.590823e-04
-3.624861e-04
-3.686344e-04
-3.924616e-04
-3.943686e-04
-4.036810e-04
-4.488969e-04
-6.327184e-04
-6.598916e-04
-8.627244e-04
-1.098452e-03
