4.081224e+05
2.582223e+05
1.910887e+05
1.812696e+05
1.549615e+05
1.366339e+05
1.154828e+05
1.058796e+05
9.795895e+04
9.490900e+04
8.696752e+04
7.833601e+04
7.056620e+04
6.754027e+04
6.167634e+04
5.075665e+04
4.552744e+04
4.010212e+04
2.813306e+04
2.175422e+04
1.959369e+04
1.684085e+04
1.602883e+04
1.346132e+04
1.203603e+04
1.066631e+04
8.459446e+03
7.654285e+03
6.918925e+03
6.370479e+03
5.957005e+03
5.026027e+03
4.037793e+03
3.616361e+03
2.896959e+03
2.288593e+03
1.957158e+03
1.717078e+03
1.499180e+03
1.168231e+03
1.166645e+03
1.061574e+03
9.589213e+02
8.383329e+02
7.370008e+02
6.305390e+02
5.452540e+02
4.676222e+02
4.643068e+02
3.776890e+02
3.558161e+02
2.755779e+02
2.263313e+02
1.786882e+02
1.548661e+02
1.367547e+02
1.287403e+02
9.942245e+01
9.055985e+01
7.323296e+01
5.041079e+01
4.447991e+01
3.892970e+01
3.497676e+01
2.768402e+01
2.141420e+01
1.625781e+01
1.372447e+01
1.222330e+01
1.137538e+01
9.020986e+00
8.260833e+00
7.718221e+00
5.415298e+00
4.989634e+00
3.795523e+00
3.414949e+00
3.033955e+00
2.960358e+00
2.897992e+00
2.105867e+00
1.550281e+00
1.385800e+00
1.277539e+00
9.911917e-01
7.763147e-01
6.549363e-01
3.819692e-01
3.583018e-01
3.385623e-01
2.542961e-01
1.651227e-01
1.023350e-01
9.676645e-02
9.007695e-02
8.678790e-02
8.170284e-02
5.952800e-02
4.554437e-02
4.326072e-02
4.089303e-02
3.883468e-02
3.761566e-02
3.710004e-02
3.444865e-02
3.354533e-02
3.341993e-02
3.084583e-02
3.068149e-02
2.998711e-02
2.809266e-02
2.790951e-02
2.681051e-02
2.507647e-02
2.398844e-02
2.363488e-02
2.240183e-02
2.219503e-02
2.026588e-02
1.938304e-02
1.842331e-02
1.613409e-02
1.554937e-02
1.416512e-02
1.233259e-02
1.192438e-02
-3.290049e-12
-5.883993e-12
