4.347393e+05
3.580275e+05
3.015513e+05
2.510684e+05
2.396750e+05
2.084748e+05
1.901562e+05
1.688518e+05
1.512889e+05
1.357912e+05
1.225855e+05
1.139903e+05
1.087854e+05
8.924469e+04
8.212874e+04
7.100782e+04
6.673720e+04
6.084612e+04
5.210307e+04
4.294623e+04
3.783343e+04
3.176567e+04
2.502245e+04
2.252478e+04
2.060857e+04
1.772284e+04
1.644380e+04
1.406008e+04
1.243951e+04
1.114567e+04
1.046884e+04
9.210434e+03
7.084445e+03
6.828317e+03
6.285964e+03
5.757175e+03
5.190024e+03
4.270878e+03
4.054161e+03
2.756094e+03
2.437017e+03
2.202429e+03
2.043717e+03
1.827119e+03
1.510654e+03
1.330458e+03
1.234043e+03
1.137250e+03
9.587903e+02
6.842932e+02
6.744426e+02
6.170247e+02
5.319200e+02
4.672616e+02
3.795441e+02
3.761324e+02
3.456771e+02
3.062621e+02
2.666306e+02
2.069845e+02
1.972512e+02
1.531317e+02
1.399965e+02
1.331835e+02
1.241904e+02
1.008241e+02
8.254520e+01
5.726457e+01
4.238171e+01
3.544407e+01
2.963050e+01
2.059472e+01
1.830569e+01
1.451793e+01
1.266901e+01
1.200438e+01
8.550589e+00
7.506444e+00
5.213943e+00
4.527772e+00
4.382606e+00
3.583197e+00
2.812536e+00
2.520728e+00
1.876862e+00
1.691202e+00
1.492893e+00
1.399671e+00
1.328501e+00
1.102811e+00
1.050212e+00
8.498501e-01
7.152796e-01
5.978907e-01
3.992614e-01
3.374274e-01
2.073492e-01
1.615095e-01
1.555588e-01
1.409084e-01
1.197966e-01
1.054031e-01
8.110692e-02
8.051985e-02
6.796794e-02
5.528530e-02
5.391831e-02
5.211045e-02
5.162827e-02
5.000830e-02
4.877625e-02
4.820547e-02
4.703965e-02
4.625015e-02
4.566869e-02
4.496336e-02
4.264696e-02
4.058812e-02
3.959287e-02
3.911582e-02
3.853139e-02
3.524705e-02
3.235556e-02
2.891195e-02
2.860974e-02
2.634717e-02
2.365275e-02
-6.561650e-12
