2.631523e+10
1.574386e+10
7.863050e+09
4.568879e+09
3.868665e+09
3.274169e+09
3.236134e+09
2.983972e+09
2.935859e+09
2.546042e+09
2.422226e+09
2.190142e+09
2.153849e+09
2.035282e+09
1.972877e+09
1.920750e+09
1.877830e+09
1.648863e+09
1.614494e+09
1.524755e+09
1.425375e+09
1.341796e+09
1.310853e+09
1.264874e+09
1.204477e+09
1.171643e+09
1.113415e+09
1.048993e+09
1.042330e+09
9.714930e+08
9.366576e+08
9.058256e+08
8.947289e+08
8.614566e+08
8.026560e+08
7.966053e+08
7.828268e+08
7.641980e+08
7.556087e+08
7.227805e+08
6.891793e+08
6.858316e+08
6.598356e+08
6.471334e+08
6.314321e+08
6.209871e+08
6.125621e+08
5.992216e+08
5.765431e+08
5.602579e+08
5.426236e+08
5.225340e+08
5.118368e+08
4.990379e+08
4.950213e+08
4.806642e+08
4.526362e+08
4.434571e+08
4.338379e+08
4.145514e+08
4.111295e+08
4.022695e+08
3.902946e+08
3.821961e+08
3.693894e+08
3.571164e+08
3.527723e+08
3.444113e+08
3.357607e+08
3.261168e+08
3.213660e+08
3.122575e+08
3.062472e+08
2.977697e+08
2.913047e+08
2.855877e+08
2.743862e+08
2.641373e+08
2.590592e+08
2.565005e+08
2.458208e+08
2.270200e+08
2.233332e+08
2.203703e+08
2.170239e+08
2.117803e+08
2.055898e+08
1.972120e+08
1.921740e+08
1.892624e+08
1.858827e+08
1.799605e+08
1.774908e+08
1.738470e+08
1.640018e+08
1.630084e+08
1.518664e+08
1.454867e+08
1.412916e+08
1.336237e+08
1.309803e+08
1.295053e+08
1.224617e+08
1.166818e+08
1.129758e+08
1.088312e+08
1.000104e+08
9.782842e+07
9.436388e+07
8.983860e+07
8.262362e+07
7.696267e+07
7.454905e+07
7.137507e+07
6.184974e+07
5.748643e+07
5.567190e+07
5.224392e+07
4.521829e+07
4.208251e+07
4.132285e+07
3.550234e+07
2.669902e+07
2.280636e+07
1.346107e+07
6.237886e+06
1.961245e+06
8.647153e+05
