2.444972e+10
1.387414e+10
1.118296e+10
7.711493e+09
5.116996e+09
3.661624e+09
3.164239e+09
2.860121e+09
2.553910e+09
2.105953e+09
2.035289e+09
1.812693e+09
1.743366e+09
1.443299e+09
1.361374e+09
1.329626e+09
1.177523e+09
1.130621e+09
1.071081e+09
1.042846e+09
1.002179e+09
9.654413e+08
9.510544e+08
8.782228e+08
8.573379e+08
8.314426e+08
7.718116e+08
7.618583e+08
7.360140e+08
7.184121e+08
7.026074e+08
6.568288e+08
6.339184e+08
6.263336e+08
6.012552e+08
5.771143e+08
5.659987e+08
5.395732e+08
5.275542e+08
5.072263e+08
5.001591e+08
4.911224e+08
4.753613e+08
4.590665e+08
4.576511e+08
4.310095e+08
4.081455e+08
4.038437e+08
3.942466e+08
3.830830e+08
3.780362e+08
3.648423e+08
3.544304e+08
3.468862e+08
3.375517e+08
3.291309e+08
3.180948e+08
3.091804e+08
3.074865e+08
3.040771e+08
2.874314e+08
2.852699e+08
2.765809e+08
2.686417e+08
2.681381e+08
2.527411e+08
2.437245e+08
2.356297e+08
2.299739e+08
2.237003e+08
2.146703e+08
2.120092e+08
2.059639e+08
2.049610e+08
1.964609e+08
1.952801e+08
1.858156e+08
1.832954e+08
1.777804e+08
1.736781e+08
1.667892e+08
1.610542e+08
1.587048e+08
1.505699e+08
1.484164e+08
1.457115e+08
1.406839e+08
1.339210e+08
1.305664e+08
1.270451e+08
1.198480e+08
1.185367e+08
1.165939e+08
1.130810e+08
1.086320e+08
1.054666e+08
1.050962e+08
9.998053e+07
9.762802e+07
9.503204e+07
9.192410e+07
8.739412e+07
8.314458e+07
8.065306e+07
7.983687e+07
7.438419e+07
7.233813e+07
6.655794e+07
6.066897e+07
5.823823e+07
5.708073e+07
5.484575e+07
5.385512e+07
5.303498e+07
4.383700e+07
4.097084e+07
4.006062e+07
3.747990e+07
3.569030e+07
2.702282e+07
2.480025e+07
2.181661e+07
1.916457e+07
1.795306e+07
1.537896e+07
1.208538e+07
8.187054e+06
4.484356e+06
