6.291971e+07
4.475816e+07
3.826215e+07
3.361806e+07
3.199778e+07
2.929792e+07
2.460872e+07
2.100187e+07
1.809011e+07
1.740396e+07
1.639625e+07
1.562322e+07
1.455310e+07
1.302970e+07
1.143941e+07
1.112432e+07
1.045133e+07
9.641237e+06
9.066694e+06
8.809480e+06
7.794586e+06
7.231979e+06
7.010142e+06
6.709451e+06
6.366504e+06
5.905507e+06
5.352180e+06
5.092938e+06
4.494748e+06
4.351734e+06
4.237226e+06
4.040366e+06
3.831799e+06
3.548047e+06
3.258534e+06
3.125850e+06
2.681570e+06
2.547500e+06
2.490626e+06
2.353794e+06
2.230264e+06
1.886924e+06
1.856115e+06
1.838162e+06
1.695842e+06
1.565843e+06
1.516675e+06
1.345417e+06
1.279826e+06
1.154952e+06
1.153457e+06
1.053233e+06
9.487616e+05
8.917307e+05
7.443824e+05
7.301486e+05
5.569752e+05
4.965134e+05
4.402828e+05
3.795545e+05
8.119892e+04
1.222749e+04
6.237865e+03
1.239190e+03
