5.923304e+04
9.548299e+03
5.930713e+03
1.794786e+03
8.657127e+02
6.234162e+02
5.783901e+02
3.165290e+02
2.542994e+02
2.032863e+02
1.376271e+02
1.259944e+02
9.943382e+01
8.302469e+01
7.968070e+01
6.098782e+01
4.126426e+01
3.095114e+01
2.463305e+01
2.425735e+01
2.011297e+01
1.853627e+01
1.641640e+01
1.275089e+01
1.209257e+01
1.010254e+01
7.605354e+00
5.837607e+00
4.770216e+00
4.083483e+00
3.190141e+00
2.911001e+00
2.416414e+00
1.427986e+00
1.266629e+00
1.202873e+00
9.050242e-01
7.530891e-01
6.181174e-01
5.748230e-01
4.446203e-01
2.874062e-01
2.595142e-01
2.381824e-01
1.882466e-01
1.084137e-01
7.511017e-02
7.206922e-02
5.738639e-02
3.799438e-02
3.470832e-02
2.704840e-02
2.142423e-02
1.786889e-02
1.464567e-02
1.068292e-02
9.907505e-03
8.780852e-03
7.228180e-03
4.100594e-03
3.310030e-03
3.105354e-03
2.419077e-03
2.118565e-03
2.017125e-03
1.914624e-03
1.404952e-03
1.224990e-03
1.125443e-03
1.016883e-03
9.118164e-04
8.435992e-04
8.151077e-04
7.481483e-04
7.357859e-04
7.084497e-04
6.902545e-04
6.613902e-04
6.535908e-04
6.404460e-04
6.152128e-04
6.028398e-04
5.955803e-04
5.667616e-04
5.552233e-04
5.386421e-04
5.336680e-04
5.253393e-04
5.135255e-04
4.999766e-04
4.948768e-04
4.854481e-04
4.790081e-04
4.667721e-04
4.611298e-04
4.597422e-04
4.399673e-04
4.376762e-04
4.267955e-04
4.211145e-04
4.098104e-04
4.041698e-04
4.032192e-04
4.004225e-04
3.925895e-04
3.836099e-04
3.787478e-04
3.748133e-04
3.730624e-04
3.615212e-04
3.586760e-04
3.543213e-04
3.503230e-04
3.436906e-04
3.421553e-04
3.391027e-04
3.308312e-04
3.304003e-04
3.257176e-04
3.235726e-04
3.165279e-04
3.156495e-04
3.130013e-04
3.103444e-04
3.042920e-04
3.022788e-04
2.942589e-04
2.890072e-04
2.881369e-04
2.810820e-04
2.797557e-04
2.764377e-04
2.755350e-04
2.731586e-04
2.716248e-04
2.688588e-04
2.663731e-04
2.585519e-04
2.569520e-04
2.546078e-04
2.527946e-04
2.501918e-04
2.489793e-04
2.421166e-04
2.419752e-04
2.380983e-04
2.350943e-04
2.304571e-04
2.275405e-04
2.273050e-04
2.222362e-04
2.211178e-04
2.173909e-04
2.129412e-04
2.113986e-04
2.088365e-04
2.051533e-04
2.032423e-04
2.018189e-04
1.984714e-04
1.966319e-04
1.915703e-04
1.892528e-04
1.876366e-04
1.853787e-04
1.836071e-04
1.805492e-04
1.791547e-04
1.747984e-04
1.735158e-04
1.723701e-04
1.700983e-04
1.665560e-04
1.660616e-04
1.613717e-04
1.564336e-04
1.538073e-04
1.518123e-04
1.479276e-04
1.457925e-04
1.434905e-04
1.402518e-04
1.378947e-04
1.364062e-04
1.346280e-04
1.310691e-04
1.289660e-04
1.278365e-04
1.251850e-04
1.235246e-04
1.199369e-04
1.190289e-04
1.140829e-04
1.110068e-04
1.056670e-04
1.050312e-04
1.045913e-04
1.012961e-04
9.935232e-05
9.868587e-05
9.687102e-05
9.226750e-05
9.055104e-05
8.978999e-05
8.930146e-05
8.585494e-05
8.259172e-05
8.019496e-05
7.779298e-05
7.463685e-05
7.379539e-05
7.131084e-05
7.042757e-05
6.462973e-05
6.109826e-05
6.046786e-05
5.842462e-05
5.531080e-05
5.321129e-05
5.053857e-05
4.969753e-05
4.667484e-05
4.551370e-05
4.324379e-05
4.092641e-05
3.759273e-05
3.479941e-05
3.208971e-05
3.190991e-05
2.956804e-05
2.705459e-05
2.476261e-05
2.230082e-05
2.046345e-05
1.845529e-05
1.569732e-05
1.395084e-05
1.110146e-05
1.037868e-05
9.422672e-06
7.619446e-06
5.849148e-06
8.730805e-07
1.582584e-07
1.775201e-13
1.085931e-13
7.470787e-14
5.861555e-14
-6.477527e-14
-2.494841e-13
-3.507439e-06
-5.672910e-06
-6.996412e-06
-9.650686e-06
-1.127085e-05
-1.357580e-05
-1.412464e-05
-1.786755e-05
-1.874544e-05
-2.087445e-05
-2.183475e-05
-2.492355e-05
-2.889195e-05
-2.994315e-05
-3.164068e-05
-3.382516e-05
-3.548881e-05
-3.829681e-05
-4.179767e-05
-4.405376e-05
-4.855593e-05
-5.070258e-05
-5.215237e-05
-5.440592e-05
-5.490741e-05
-5.856392e-05
-6.166683e-05
-6.271988e-05
-6.407491e-05
-6.501338e-05
-6.860240e-05
-6.968700e-05
-7.376787e-05
-7.680045e-05
-7.858436e-05
-8.119023e-05
-8.451069e-05
-8.616893e-05
-8.829750e-05
-9.058271e-05
-9.237014e-05
-9.481299e-05
-9.914162e-05
-1.020379e-04
-1.040298e-04
-1.068461e-04
-1.087225e-04
-1.098600e-04
-1.119025e-04
-1.142526e-04
-1.162396e-04
-1.191211e-04
-1.232671e-04
-1.236595e-04
-1.266785e-04
-1.285869e-04
-1.306150e-04
-1.333184e-04
-1.367595e-04
-1.393109e-04
-1.404843e-04
-1.446936e-04
-1.451199e-04
-1.496876e-04
-1.516654e-04
-1.534246e-04
-1.543299e-04
-1.572956e-04
-1.586791e-04
-1.655093e-04
-1.660772e-04
-1.692831e-04
-1.705688e-04
-1.735953e-04
-1.760737e-04
-1.813486e-04
-1.829282e-04
-1.855273e-04
-1.902224e-04
-1.931255e-04
-1.953713e-04
-2.008056e-04
-2.033244e-04
-2.038250e-04
-2.052889e-04
-2.087398e-04
-2.105035e-04
-2.142491e-04
-2.169747e-04
-2.195512e-04
-2.237288e-04
-2.260866e-04
-2.269887e-04
-2.327061e-04
-2.360983e-04
-2.419497e-04
-2.442904e-04
-2.489391e-04
-2.520435e-04
-2.548813e-04
-2.611777e-04
-2.660929e-04
-2.720722e-04
-2.726737e-04
-2.771264e-04
-2.805696e-04
-2.851087e-04
-2.890107e-04
-2.926977e-04
-2.944448e-04
-2.971418e-04
-3.163603e-04
-3.175726e-04
-3.214226e-04
-3.258411e-04
-3.274995e-04
-3.327177e-04
-3.382866e-04
-3.492442e-04
-3.543619e-04
-3.574399e-04
-3.690892e-04
-3.738563e-04
-3.844358e-04
-3.922233e-04
-4.067939e-04
-4.250334e-04
-4.358178e-04
-4.489442e-04
-4.825268e-04
-5.153059e-04
-5.590705e-04
-5.828644e-04
-1.025834e-03
