1.284251e+05
6.091882e+03
3.083981e+03
2.883934e+03
1.895695e+03
1.566996e+03
1.381963e+03
1.054463e+03
9.114948e+02
6.929604e+02
6.107352e+02
5.151742e+02
2.888751e+02
2.670413e+02
2.256471e+02
2.081930e+02
1.716128e+02
1.575393e+02
1.376684e+02
1.321823e+02
1.062358e+02
9.709445e+01
8.796922e+01
8.389192e+01
7.490495e+01
7.247387e+01
5.991956e+01
5.851381e+01
5.443459e+01
5.237964e+01
4.597524e+01
4.274465e+01
4.047361e+01
3.912426e+01
3.811636e+01
3.393606e+01
3.255814e+01
2.941231e+01
2.873733e+01
2.453898e+01
2.284548e+01
2.056865e+01
1.976718e+01
1.955534e+01
1.840835e+01
1.664361e+01
1.543569e+01
1.353371e+01
1.264715e+01
1.195943e+01
1.045883e+01
1.025548e+01
9.534014e+00
8.632831e+00
8.526348e+00
7.765298e+00
7.231914e+00
6.407330e+00
5.893150e+00
5.672335e+00
5.421885e+00
5.305570e+00
4.956110e+00
4.493179e+00
4.324479e+00
3.770022e+00
3.630473e+00
3.279381e+00
3.197641e+00
2.944879e+00
2.654216e+00
2.536741e+00
2.414323e+00
1.998103e+00
1.858763e+00
1.809171e+00
1.621854e+00
1.504783e+00
1.397590e+00
1.319670e+00
1.222825e+00
1.138842e+00
1.079945e+00
9.864005e-01
9.534907e-01
9.441429e-01
9.049696e-01
8.272282e-01
7.789334e-01
7.344061e-01
6.847751e-01
6.167841e-01
5.805324e-01
5.244445e-01
4.861544e-01
4.731661e-01
4.448573e-01
3.820362e-01
3.719564e-01
3.565957e-01
3.441430e-01
3.045503e-01
2.846016e-01
2.805210e-01
2.776366e-01
2.470806e-01
2.226195e-01
2.050933e-01
1.928241e-01
1.778235e-01
1.704073e-01
1.596564e-01
1.416116e-01
1.381195e-01
1.292968e-01
1.255196e-01
1.186447e-01
1.053763e-01
1.009370e-01
9.767488e-02
9.303314e-02
8.909032e-02
8.348934e-02
8.100531e-02
7.889742e-02
7.272813e-02
6.067631e-02
5.984046e-02
5.407742e-02
4.815476e-02
4.615099e-02
3.889326e-02
3.745811e-02
3.601281e-02
3.513826e-02
3.363321e-02
3.077606e-02
2.759810e-02
2.634839e-02
2.355405e-02
2.212535e-02
1.989993e-02
1.904492e-02
1.815324e-02
1.664450e-02
1.649599e-02
1.410949e-02
1.323549e-02
1.144068e-02
1.107257e-02
1.100925e-02
9.925556e-03
9.223534e-03
8.689128e-03
8.510721e-03
7.867994e-03
7.272958e-03
6.779782e-03
5.876909e-03
5.633067e-03
5.161561e-03
4.839728e-03
4.221688e-03
3.914731e-03
3.494191e-03
3.183588e-03
3.161472e-03
2.884018e-03
2.718867e-03
2.644252e-03
2.499973e-03
2.319996e-03
2.144003e-03
2.080924e-03
2.010388e-03
1.811633e-03
1.777871e-03
1.657645e-03
1.544738e-03
1.534751e-03
1.496812e-03
1.444118e-03
1.424956e-03
1.391048e-03
1.371253e-03
1.305828e-03
1.297057e-03
1.292628e-03
1.275235e-03
1.243304e-03
1.235453e-03
1.221123e-03
1.182913e-03
1.160566e-03
1.150382e-03
1.133072e-03
1.123759e-03
1.098501e-03
1.093559e-03
1.083553e-03
1.065639e-03
1.052486e-03
1.041878e-03
1.018713e-03
1.005113e-03
9.890215e-04
9.769088e-04
9.670428e-04
9.517559e-04
9.467963e-04
9.419926e-04
9.249639e-04
9.164987e-04
9.008833e-04
8.796812e-04
8.764096e-04
8.754142e-04
8.597475e-04
8.537194e-04
8.361865e-04
8.230343e-04
8.149079e-04
7.999738e-04
7.906288e-04
7.816352e-04
7.697007e-04
7.619293e-04
7.444534e-04
7.312359e-04
7.199014e-04
7.129032e-04
7.037653e-04
6.899380e-04
6.817795e-04
6.742909e-04
6.672401e-04
6.464065e-04
6.323261e-04
6.265651e-04
6.171272e-04
6.094347e-04
6.003411e-04
5.961972e-04
5.862262e-04
5.804712e-04
5.707399e-04
5.664199e-04
5.570811e-04
5.503249e-04
5.346912e-04
5.086288e-04
5.035571e-04
4.942906e-04
4.853437e-04
4.825592e-04
4.700516e-04
4.600153e-04
4.493250e-04
4.424378e-04
4.396644e-04
4.311222e-04
4.181261e-04
4.014086e-04
3.955384e-04
3.928894e-04
3.737525e-04
3.698041e-04
3.634212e-04
3.406050e-04
3.282272e-04
3.230684e-04
3.140043e-04
3.051972e-04
2.947667e-04
2.813195e-04
2.758595e-04
2.748592e-04
2.539341e-04
2.475365e-04
2.279488e-04
2.171206e-04
2.127130e-04
2.106640e-04
2.039284e-04
1.965868e-04
1.835095e-04
1.756717e-04
1.632221e-04
1.566983e-04
1.427532e-04
1.390644e-04
1.306409e-04
1.192908e-04
1.107481e-04
1.014046e-04
9.240503e-05
8.400621e-05
7.095013e-05
5.852657e-05
4.776839e-05
4.157752e-05
3.485311e-05
2.480645e-05
1.174915e-05
4.416020e-06
-5.942290e-06
-7.418877e-06
-1.804391e-05
-3.714329e-05
-4.300435e-05
-4.801623e-05
-5.584772e-05
-6.151323e-05
-6.640670e-05
-7.604214e-05
-9.079221e-05
-9.995073e-05
-1.101833e-04
-1.185966e-04
-1.347589e-04
-1.355025e-04
-1.490801e-04
-1.589032e-04
-1.646273e-04
-1.773530e-04
-1.860583e-04
-1.983356e-04
-2.031927e-04
-2.112486e-04
-2.199963e-04
-2.243989e-04
-2.321874e-04
-2.401568e-04
-2.479200e-04
-2.677132e-04
-2.760873e-04
-2.812097e-04
-2.854076e-04
-2.997928e-04
-3.154289e-04
-3.226202e-04
-3.295162e-04
-3.448994e-04
-3.554812e-04
-3.735601e-04
-3.836113e-04
-3.910672e-04
-4.042727e-04
-4.147732e-04
-4.313136e-04
-4.344745e-04
-4.502048e-04
-4.543415e-04
-4.741549e-04
-4.839518e-04
-5.032421e-04
-5.149630e-04
-5.185626e-04
-5.217874e-04
-5.367098e-04
-5.525540e-04
-5.631201e-04
-5.758483e-04
-5.911628e-04
-6.121569e-04
-6.253927e-04
-6.415296e-04
-6.516858e-04
-6.543201e-04
-6.636850e-04
-6.907553e-04
-7.014101e-04
-7.121461e-04
-7.311924e-04
-7.452393e-04
-7.795531e-04
-8.028679e-04
-8.115581e-04
-8.271969e-04
-8.501128e-04
-8.970972e-04
-9.014515e-04
-9.115852e-04
-9.463870e-04
