2.391621e+05
3.991855e+04
9.174947e+03
1.599408e+03
3.499849e+02
4.839683e+01
2.124928e+01
9.527575e+00
1.992693e+00
3.155163e-01
8.816698e-02
5.607157e-02
5.296754e-02
4.667218e-02
3.581749e-02
2.842013e-02
2.538554e-02
2.501273e-02
2.364151e-02
2.125325e-02
2.085656e-02
1.997862e-02
1.873082e-02
1.735316e-02
1.625611e-02
1.571989e-02
1.483010e-02
1.391680e-02
1.314590e-02
1.268426e-02
1.240819e-02
1.189766e-02
1.163686e-02
1.128935e-02
1.085903e-02
1.055249e-02
9.871774e-03
9.552559e-03
9.296770e-03
8.948852e-03
8.837691e-03
8.611862e-03
8.356599e-03
8.079231e-03
7.895081e-03
7.355456e-03
7.282331e-03
7.196384e-03
6.905910e-03
6.530324e-03
6.386754e-03
6.145679e-03
6.098458e-03
6.035921e-03
5.786903e-03
5.723204e-03
5.184816e-03
5.126915e-03
5.016199e-03
4.749040e-03
4.497178e-03
4.092248e-03
4.038791e-03
3.999925e-03
3.769611e-03
3.689099e-03
3.560637e-03
3.428721e-03
3.289004e-03
3.123143e-03
2.992810e-03
2.905512e-03
2.672423e-03
2.616232e-03
2.408721e-03
2.378670e-03
2.218462e-03
2.180330e-03
2.068378e-03
1.975518e-03
1.844909e-03
1.691758e-03
1.495594e-03
1.403673e-03
1.262439e-03
1.208602e-03
1.138093e-03
9.730871e-04
8.318679e-04
6.760972e-04
6.166726e-04
3.922331e-04
2.536172e-04
1.585365e-04
-1.694596e-04
-4.147656e-04
-5.782716e-04
-8.076494e-04
-9.902047e-04
-1.266793e-03
-1.638694e-03
-1.878783e-03
-2.105653e-03
-2.807176e-03
-3.379602e-03
-3.865601e-03
-4.110449e-03
-5.339907e-03
-6.153379e-03
-7.043996e-03
-7.223534e-03
-8.518271e-03
-9.140199e-03
-1.013711e-02
-1.141806e-02
-1.203850e-02
-1.339806e-02
-1.676339e-02
-1.897087e-02
-2.208900e-02
-2.537492e-02
-3.530394e-02
-3.918658e-02
-4.087180e-02
-4.725387e-02
-6.493204e-02
-6.873600e-02
-8.698487e-02
