6.368665e+05
3.100270e+05
2.159411e+05
1.717582e+05
1.298950e+05
1.252871e+05
1.168990e+05
1.014138e+05
9.101822e+04
8.152371e+04
7.004191e+04
6.723709e+04
5.997316e+04
4.534005e+04
4.358478e+04
4.059351e+04
3.884956e+04
3.379198e+04
2.600868e+04
1.728073e+04
1.344509e+04
1.144917e+04
1.045495e+04
7.631979e+03
7.005544e+03
6.239745e+03
5.795971e+03
5.305805e+03
4.987706e+03
4.598188e+03
3.838697e+03
3.117528e+03
2.725023e+03
2.359083e+03
2.223362e+03
1.666510e+03
1.232455e+03
1.157333e+03
1.076643e+03
8.050034e+02
6.882537e+02
6.371677e+02
5.035506e+02
4.382400e+02
3.638579e+02
3.420445e+02
2.617357e+02
2.407461e+02
2.287649e+02
1.754685e+02
1.427688e+02
1.190909e+02
9.873991e+01
7.081171e+01
6.892680e+01
5.882333e+01
5.707658e+01
4.439626e+01
3.948626e+01
2.739819e+01
2.256285e+01
2.068508e+01
1.574571e+01
1.399032e+01
1.318138e+01
1.267150e+01
7.252816e+00
6.681693e+00
5.083501e+00
3.764808e+00
3.201474e+00
2.939975e+00
2.540894e+00
2.479213e+00
1.990971e+00
1.818916e+00
1.556471e+00
1.386083e+00
7.147667e-01
6.070751e-01
5.426252e-01
5.130062e-01
4.196431e-01
2.171112e-01
1.921447e-01
1.840274e-01
1.719896e-01
1.488477e-01
1.163851e-01
1.081197e-01
9.105334e-02
5.738761e-02
5.589197e-02
5.205790e-02
4.434678e-02
4.279770e-02
4.094255e-02
3.908824e-02
3.820116e-02
3.392770e-02
3.099860e-02
2.985322e-02
2.858562e-02
2.709564e-02
2.635388e-02
2.546188e-02
2.465766e-02
2.443247e-02
2.331193e-02
2.240892e-02
2.207713e-02
2.096692e-02
2.028759e-02
1.990272e-02
1.912083e-02
1.899232e-02
1.815067e-02
1.766901e-02
1.648025e-02
1.528757e-02
1.440818e-02
1.347586e-02
1.294491e-02
1.076063e-02
9.445784e-03
8.577225e-12
6.347428e-12
-8.102744e-13
