1.200013e+08
2.161285e+07
2.023352e+06
1.358606e+06
8.791132e+05
3.415950e+05
3.182480e+05
9.383888e+04
1.487354e+04
1.202986e+04
5.660537e+03
1.174018e+03
4.454928e+02
2.454913e+02
8.375045e+01
7.206694e+01
6.075972e+01
3.486062e+01
3.097037e+01
2.696237e+01
2.364834e+01
1.955796e+01
1.734998e+01
1.643829e+01
1.550154e+01
1.460401e+01
1.422008e+01
1.212086e+01
1.148830e+01
1.053636e+01
1.021633e+01
9.894646e+00
8.967685e+00
8.879147e+00
8.559496e+00
8.212314e+00
8.021822e+00
7.009567e+00
6.622726e+00
6.027703e+00
5.567191e+00
5.138895e+00
5.036255e+00
4.672551e+00
4.426310e+00
4.294099e+00
4.271780e+00
4.044847e+00
3.907719e+00
3.468362e+00
3.417783e+00
3.149404e+00
2.820051e+00
2.619997e+00
2.284807e+00
2.097491e+00
2.046138e+00
1.724420e+00
1.499408e+00
1.447645e+00
1.335274e+00
1.041778e+00
9.401432e-01
9.189239e-01
8.368331e-01
7.651299e-01
6.885012e-01
6.104199e-01
5.057020e-01
4.463680e-01
3.820499e-01
3.148465e-01
2.383174e-01
1.758177e-01
1.106078e-01
1.049284e-01
7.684194e-02
5.467938e-02
3.590314e-02
-3.911632e-10
-7.365566e-02
-1.166138e-01
-1.305322e-01
-1.808539e-01
-3.032331e-01
-4.496138e-01
-5.108806e-01
-6.594223e-01
-7.200879e-01
-7.807617e-01
-8.910892e-01
-9.858160e-01
-1.132031e+00
-1.266178e+00
-1.399284e+00
-1.633721e+00
-1.902746e+00
-2.105333e+00
-2.150413e+00
-2.540935e+00
-2.710236e+00
-2.891314e+00
-3.347535e+00
-3.487367e+00
-3.594329e+00
-4.211732e+00
-4.722701e+00
-5.264153e+00
-5.447712e+00
-5.932719e+00
-6.849980e+00
-7.618909e+00
-8.350806e+00
-8.717092e+00
-9.023237e+00
-9.772945e+00
-1.102233e+01
-1.340300e+01
-1.389617e+01
-1.564798e+01
-1.662470e+01
-1.973717e+01
-2.382423e+01
-3.196308e+01
-3.228914e+01
-4.855480e+01
-5.795717e+01
-7.109197e+01
