1.286032e+05
6.249481e+03
2.956223e+03
2.554180e+03
2.012998e+03
1.628632e+03
1.407104e+03
9.585899e+02
9.046083e+02
7.893342e+02
6.803069e+02
4.941939e+02
3.216324e+02
2.521212e+02
2.232381e+02
2.110939e+02
1.989193e+02
1.557195e+02
1.323298e+02
1.146609e+02
9.810293e+01
9.688152e+01
9.429711e+01
7.800771e+01
7.498906e+01
7.340340e+01
7.079494e+01
5.953700e+01
5.539259e+01
4.794877e+01
4.430672e+01
4.355174e+01
3.857518e+01
3.498665e+01
3.313895e+01
3.241088e+01
2.927153e+01
2.846062e+01
2.596910e+01
2.483535e+01
2.269141e+01
2.199784e+01
1.983574e+01
1.698381e+01
1.612832e+01
1.569971e+01
1.359801e+01
1.306372e+01
1.220625e+01
1.148988e+01
1.050210e+01
9.815712e+00
9.069674e+00
8.605546e+00
8.323815e+00
7.483237e+00
6.861663e+00
6.747912e+00
6.084639e+00
5.560031e+00
5.198454e+00
4.778510e+00
4.519381e+00
4.221018e+00
3.897328e+00
3.668263e+00
3.305624e+00
3.006788e+00
2.777706e+00
2.572719e+00
2.286345e+00
2.228839e+00
2.092357e+00
2.004327e+00
1.869707e+00
1.715229e+00
1.560588e+00
1.469350e+00
1.282265e+00
1.162205e+00
1.068835e+00
1.019064e+00
9.827295e-01
9.487393e-01
8.432869e-01
7.913030e-01
7.847609e-01
7.409059e-01
6.792830e-01
6.457261e-01
6.075118e-01
5.585080e-01
5.487795e-01
5.032106e-01
4.571697e-01
4.256292e-01
4.022370e-01
3.651700e-01
3.343261e-01
3.208431e-01
2.965572e-01
2.767967e-01
2.475627e-01
2.436151e-01
2.204674e-01
2.139826e-01
2.018032e-01
1.842559e-01
1.717049e-01
1.616922e-01
1.481434e-01
1.348653e-01
1.282946e-01
1.231741e-01
1.172964e-01
1.074088e-01
1.006846e-01
8.939999e-02
8.812890e-02
8.595333e-02
8.351938e-02
7.379646e-02
7.073306e-02
6.195088e-02
6.089303e-02
5.971725e-02
5.655070e-02
5.344669e-02
4.889604e-02
4.562483e-02
4.247500e-02
4.187005e-02
3.776603e-02
3.407490e-02
3.129444e-02
3.023441e-02
2.874379e-02
2.762578e-02
2.719508e-02
2.283606e-02
2.010941e-02
1.638624e-02
1.597849e-02
1.514672e-02
1.296061e-02
1.158895e-02
1.051093e-02
1.030430e-02
9.478353e-03
9.140894e-03
8.463238e-03
8.086570e-03
7.948299e-03
7.405249e-03
6.031253e-03
5.701915e-03
5.450081e-03
5.045833e-03
4.381182e-03
4.102838e-03
3.840333e-03
3.556270e-03
3.249175e-03
3.067245e-03
3.025249e-03
2.633375e-03
2.538829e-03
2.379697e-03
2.290940e-03
2.154435e-03
2.044278e-03
1.991646e-03
1.823685e-03
1.723203e-03
1.569694e-03
1.518089e-03
1.469103e-03
1.443820e-03
1.418174e-03
1.381670e-03
1.344903e-03
1.323337e-03
1.309766e-03
1.289165e-03
1.284039e-03
1.265842e-03
1.242545e-03
1.217181e-03
1.207110e-03
1.189014e-03
1.175348e-03
1.160566e-03
1.140353e-03
1.118929e-03
1.112329e-03
1.089575e-03
1.085601e-03
1.081553e-03
1.046697e-03
1.041150e-03
1.029647e-03
1.021618e-03
1.016417e-03
9.994885e-04
9.707657e-04
9.604826e-04
9.521118e-04
9.404309e-04
9.289614e-04
9.167736e-04
9.033990e-04
8.912632e-04
8.662539e-04
8.626480e-04
8.550574e-04
8.463457e-04
8.252582e-04
8.095755e-04
8.039130e-04
7.910754e-04
7.838150e-04
7.751467e-04
7.631863e-04
7.532348e-04
7.439443e-04
7.356179e-04
7.270494e-04
7.062855e-04
6.869764e-04
6.770677e-04
6.725311e-04
6.586621e-04
6.357416e-04
6.331239e-04
6.286454e-04
6.201055e-04
6.060380e-04
6.027929e-04
5.975335e-04
5.896245e-04
5.752848e-04
5.708697e-04
5.486598e-04
5.386557e-04
5.361152e-04
5.248246e-04
5.106807e-04
5.050727e-04
4.928514e-04
4.862334e-04
4.755366e-04
4.697656e-04
4.603458e-04
4.557614e-04
4.458894e-04
4.372976e-04
4.200276e-04
4.149501e-04
4.035369e-04
3.985134e-04
3.964547e-04
3.858721e-04
3.731530e-04
3.589996e-04
3.499722e-04
3.351971e-04
3.229180e-04
3.211787e-04
3.141707e-04
2.968201e-04
2.836729e-04
2.785033e-04
2.722174e-04
2.677799e-04
2.524994e-04
2.361600e-04
2.303639e-04
2.224026e-04
2.170976e-04
2.041332e-04
1.986372e-04
1.860299e-04
1.804899e-04
1.698272e-04
1.593982e-04
1.536247e-04
1.483432e-04
1.369887e-04
1.348978e-04
1.214666e-04
1.108193e-04
1.088234e-04
9.175261e-05
8.947555e-05
8.282654e-05
7.661336e-05
7.005855e-05
5.732705e-05
4.798915e-05
3.897697e-05
2.960178e-05
2.194834e-05
1.886901e-05
1.168283e-07
-2.786089e-06
-2.365911e-05
-3.737012e-05
-4.262256e-05
-4.750795e-05
-5.839604e-05
-6.487947e-05
-7.339230e-05
-8.356234e-05
-8.566063e-05
-9.623333e-05
-1.127489e-04
-1.232874e-04
-1.345883e-04
-1.413495e-04
-1.548844e-04
-1.657911e-04
-1.690529e-04
-1.745322e-04
-1.824461e-04
-1.891543e-04
-2.015001e-04
-2.144755e-04
-2.198660e-04
-2.394220e-04
-2.464039e-04
-2.477803e-04
-2.619306e-04
-2.678809e-04
-2.880972e-04
-2.915063e-04
-2.953214e-04
-3.154950e-04
-3.177680e-04
-3.200726e-04
-3.269845e-04
-3.441425e-04
-3.533443e-04
-3.626307e-04
-3.724307e-04
-3.875287e-04
-4.026232e-04
-4.093689e-04
-4.135182e-04
-4.346954e-04
-4.393026e-04
-4.475575e-04
-4.530696e-04
-4.628406e-04
-4.688276e-04
-4.974318e-04
-5.016620e-04
-5.244553e-04
-5.381210e-04
-5.413003e-04
-5.517461e-04
-5.657215e-04
-5.768006e-04
-5.795688e-04
-5.981696e-04
-6.133967e-04
-6.327280e-04
-6.374668e-04
-6.492614e-04
-6.623279e-04
-6.681667e-04
-7.130819e-04
-7.195238e-04
-7.391019e-04
-7.434549e-04
-7.609181e-04
-7.751191e-04
-8.044410e-04
-8.176034e-04
-8.294057e-04
-8.648172e-04
-9.069600e-04
-9.307419e-04
-9.467895e-04
-9.808794e-04
