2.050179e+05
2.375640e+04
4.454552e+03
1.099486e+03
1.864980e+02
2.280002e+01
1.016025e+01
4.604825e+00
7.789708e-01
1.656265e-01
6.364185e-02
4.174495e-02
3.731999e-02
3.350761e-02
2.965677e-02
2.599745e-02
2.448519e-02
2.343239e-02
2.106883e-02
1.974096e-02
1.881380e-02
1.786612e-02
1.701606e-02
1.545813e-02
1.502974e-02
1.451893e-02
1.405329e-02
1.307142e-02
1.186297e-02
1.150509e-02
1.080796e-02
1.061414e-02
1.010530e-02
9.340241e-03
8.652760e-03
8.532249e-03
8.141850e-03
8.030626e-03
7.426142e-03
7.124658e-03
6.912910e-03
6.749132e-03
6.652697e-03
6.527760e-03
6.156911e-03
6.095711e-03
5.832458e-03
5.554416e-03
5.441752e-03
5.203328e-03
4.738592e-03
4.695484e-03
4.301408e-03
3.982468e-03
3.825560e-03
3.679544e-03
3.452452e-03
3.329298e-03
3.300238e-03
3.152036e-03
3.039401e-03
2.988878e-03
2.780716e-03
2.760423e-03
2.473414e-03
2.408293e-03
2.220113e-03
1.937218e-03
1.845101e-03
1.712422e-03
1.660153e-03
1.528156e-03
1.397393e-03
1.354032e-03
1.292854e-03
1.165566e-03
1.024273e-03
9.846751e-04
8.466075e-04
8.103035e-04
7.424285e-04
6.475259e-04
5.074900e-04
3.179594e-04
2.704425e-04
1.185974e-04
4.295189e-05
-6.618224e-05
-2.429803e-04
-2.865952e-04
-7.235812e-04
-7.821167e-04
-8.999304e-04
-9.741969e-04
-1.271123e-03
-1.631911e-03
-1.996260e-03
-2.211276e-03
-2.728511e-03
-3.223893e-03
-3.664509e-03
-4.056690e-03
-4.666381e-03
-4.961014e-03
-5.559762e-03
-5.938962e-03
-7.283831e-03
-7.642443e-03
-7.920013e-03
-9.417028e-03
-1.035598e-02
-1.114363e-02
-1.138982e-02
-1.259350e-02
-1.342704e-02
-1.461628e-02
-1.711291e-02
-1.823083e-02
-2.057003e-02
-2.227437e-02
-2.578934e-02
-2.673360e-02
-3.828747e-02
-4.059872e-02
-4.951394e-02
-5.925773e-02
-7.187541e-02
-1.005535e-01
