5.854948e+04
1.132430e+04
6.359808e+03
1.987389e+03
1.010328e+03
8.866793e+02
4.686693e+02
3.385883e+02
2.796782e+02
1.961878e+02
1.756769e+02
1.598260e+02
1.293124e+02
1.245039e+02
9.487362e+01
8.599827e+01
6.647415e+01
6.074438e+01
5.716610e+01
4.832907e+01
3.283517e+01
2.583017e+01
2.059151e+01
1.941064e+01
1.840933e+01
1.573213e+01
1.372615e+01
1.098044e+01
9.841769e+00
9.162226e+00
8.563133e+00
7.434652e+00
5.933461e+00
4.926610e+00
3.498130e+00
3.195110e+00
2.973380e+00
2.866167e+00
2.000021e+00
1.866531e+00
1.733626e+00
1.528324e+00
1.280515e+00
1.148248e+00
8.957450e-01
7.489892e-01
7.219827e-01
5.252535e-01
4.656540e-01
3.063548e-01
2.292652e-01
1.885245e-01
1.840493e-01
1.760702e-01
1.577277e-01
1.154109e-01
7.089333e-02
5.992964e-02
5.127845e-02
4.221804e-02
3.928443e-02
2.799847e-02
2.317351e-02
1.894017e-02
1.330518e-02
1.282761e-02
1.005131e-02
9.420850e-03
7.700020e-03
6.575986e-03
5.626976e-03
4.952612e-03
4.152727e-03
3.767789e-03
3.427014e-03
2.275139e-03
1.499832e-03
1.392470e-03
1.205526e-03
1.121551e-03
1.053619e-03
9.752308e-04
9.388840e-04
8.760591e-04
8.517189e-04
8.243242e-04
7.883108e-04
7.394631e-04
7.141794e-04
6.444675e-04
6.234511e-04
6.016929e-04
5.821450e-04
5.643665e-04
5.575217e-04
5.489339e-04
5.345953e-04
5.263730e-04
5.175098e-04
4.953421e-04
4.938184e-04
4.882885e-04
4.746952e-04
4.725991e-04
4.711354e-04
4.666234e-04
4.607927e-04
4.456844e-04
4.407490e-04
4.329828e-04
4.291134e-04
4.262999e-04
4.209440e-04
4.179888e-04
4.122463e-04
4.031334e-04
4.008803e-04
3.951050e-04
3.890745e-04
3.831161e-04
3.796111e-04
3.747848e-04
3.700426e-04
3.615363e-04
3.586372e-04
3.549265e-04
3.516313e-04
3.458454e-04
3.435457e-04
3.388944e-04
3.345140e-04
3.311041e-04
3.282270e-04
3.194344e-04
3.163830e-04
3.095521e-04
3.072601e-04
3.053477e-04
3.015889e-04
2.987847e-04
2.974911e-04
2.944094e-04
2.873942e-04
2.834112e-04
2.831394e-04
2.804869e-04
2.787180e-04
2.746766e-04
2.712468e-04
2.694743e-04
2.620888e-04
2.583732e-04
2.556880e-04
2.529509e-04
2.496864e-04
2.453987e-04
2.421162e-04
2.410912e-04
2.376252e-04
2.350391e-04
2.347743e-04
2.274094e-04
2.256560e-04
2.215191e-04
2.206179e-04
2.186578e-04
2.157837e-04
2.100956e-04
2.068356e-04
2.046555e-04
2.005906e-04
1.979896e-04
1.947497e-04
1.916326e-04
1.906489e-04
1.888323e-04
1.831773e-04
1.825030e-04
1.814762e-04
1.795924e-04
1.765107e-04
1.752252e-04
1.696043e-04
1.676295e-04
1.669057e-04
1.606169e-04
1.580769e-04
1.569516e-04
1.543413e-04
1.508878e-04
1.494785e-04
1.471165e-04
1.441024e-04
1.418545e-04
1.386752e-04
1.363633e-04
1.340110e-04
1.294160e-04
1.261907e-04
1.229800e-04
1.210811e-04
1.188499e-04
1.171736e-04
1.147941e-04
1.137726e-04
1.102104e-04
1.090992e-04
1.039552e-04
1.019384e-04
9.814839e-05
9.644568e-05
9.505510e-05
9.213247e-05
8.972328e-05
8.663788e-05
8.490078e-05
8.008227e-05
7.907271e-05
7.544122e-05
7.338911e-05
7.220839e-05
7.033317e-05
6.583513e-05
6.397296e-05
6.306259e-05
5.955942e-05
5.887736e-05
5.717174e-05
5.457871e-05
5.361827e-05
5.224994e-05
4.972364e-05
4.633778e-05
4.399483e-05
4.112968e-05
3.714127e-05
3.578437e-05
3.312615e-05
2.988838e-05
2.879853e-05
2.462638e-05
2.392929e-05
2.259947e-05
1.799713e-05
1.639924e-05
1.549678e-05
1.166969e-05
8.378850e-06
3.414129e-06
6.991216e-07
2.233729e-13
8.531375e-14
6.447952e-14
2.124049e-14
-4.335250e-14
-7.962935e-14
-1.076957e-13
-2.467264e-13
-9.817264e-13
-7.901924e-07
-2.832811e-06
-3.435671e-06
-7.879787e-06
-9.008191e-06
-1.212855e-05
-1.343281e-05
-1.535723e-05
-1.765915e-05
-2.191922e-05
-2.594095e-05
-2.859337e-05
-2.993833e-05
-3.062162e-05
-3.237493e-05
-3.466402e-05
-3.556084e-05
-4.105615e-05
-4.191431e-05
-4.400495e-05
-4.719850e-05
-4.934384e-05
-5.459604e-05
-5.596676e-05
-5.667678e-05
-5.729739e-05
-5.939646e-05
-6.180846e-05
-6.657719e-05
-6.794724e-05
-6.978482e-05
-7.385501e-05
-7.506921e-05
-7.617915e-05
-8.181245e-05
-8.203549e-05
-8.793519e-05
-8.854290e-05
-9.225347e-05
-9.342304e-05
-9.444811e-05
-9.659712e-05
-9.866022e-05
-1.008822e-04
-1.076175e-04
-1.095997e-04
-1.103830e-04
-1.127302e-04
-1.166683e-04
-1.177101e-04
-1.211411e-04
-1.233628e-04
-1.257128e-04
-1.277803e-04
-1.336514e-04
-1.373388e-04
-1.384081e-04
-1.404352e-04
-1.428155e-04
-1.446364e-04
-1.483370e-04
-1.530314e-04
-1.547607e-04
-1.587956e-04
-1.608583e-04
-1.641102e-04
-1.703453e-04
-1.728417e-04
-1.757114e-04
-1.792342e-04
-1.831053e-04
-1.874743e-04
-1.882955e-04
-1.890496e-04
-1.961880e-04
-1.970653e-04
-2.021018e-04
-2.080772e-04
-2.094133e-04
-2.110199e-04
-2.143224e-04
-2.181757e-04
-2.250570e-04
-2.262980e-04
-2.281507e-04
-2.337752e-04
-2.366933e-04
-2.417247e-04
-2.444672e-04
-2.505581e-04
-2.527398e-04
-2.550583e-04
-2.576238e-04
-2.600631e-04
-2.668841e-04
-2.699162e-04
-2.725942e-04
-2.748329e-04
-2.785982e-04
-2.894144e-04
-2.934899e-04
-2.968889e-04
-3.030590e-04
-3.056233e-04
-3.129145e-04
-3.169659e-04
-3.269688e-04
-3.344350e-04
-3.346789e-04
-3.413967e-04
-3.485935e-04
-3.513921e-04
-3.675843e-04
-3.704485e-04
-3.821035e-04
-3.972429e-04
-4.043695e-04
-4.148714e-04
-4.490190e-04
-5.030730e-04
-5.294337e-04
-6.408335e-04
-7.150696e-04
-8.830367e-04
-1.195378e-03
