1.285000e+05
6.269972e+03
2.988313e+03
2.867438e+03
1.776054e+03
1.526063e+03
1.384499e+03
1.110006e+03
8.833395e+02
7.421621e+02
5.823083e+02
5.021371e+02
2.611511e+02
2.552681e+02
2.184130e+02
2.020589e+02
1.871943e+02
1.735588e+02
1.417741e+02
1.181954e+02
1.052544e+02
9.292073e+01
8.540066e+01
8.023963e+01
7.888211e+01
6.957349e+01
6.463623e+01
5.843981e+01
5.477577e+01
4.893173e+01
4.715454e+01
4.290050e+01
4.107085e+01
3.822920e+01
3.442192e+01
3.122279e+01
3.057002e+01
2.838622e+01
2.605440e+01
2.487815e+01
2.351497e+01
2.283599e+01
1.969946e+01
1.696430e+01
1.658135e+01
1.631343e+01
1.459841e+01
1.433299e+01
1.296266e+01
1.215624e+01
1.160748e+01
1.022731e+01
9.989047e+00
9.177853e+00
8.402823e+00
8.255861e+00
7.461291e+00
6.967811e+00
6.610980e+00
5.905005e+00
5.651170e+00
5.178307e+00
4.638293e+00
4.549882e+00
4.240198e+00
3.591122e+00
3.485550e+00
3.402513e+00
3.311525e+00
3.012278e+00
2.852409e+00
2.691135e+00
2.399605e+00
2.171925e+00
2.061008e+00
1.773525e+00
1.751913e+00
1.509121e+00
1.489164e+00
1.375913e+00
1.249286e+00
1.159548e+00
1.139573e+00
1.074764e+00
1.033129e+00
9.327824e-01
8.933954e-01
8.745362e-01
8.216814e-01
7.731469e-01
7.065234e-01
6.849761e-01
5.924540e-01
5.679578e-01
5.102836e-01
4.975506e-01
4.929166e-01
4.482211e-01
4.153003e-01
3.749950e-01
3.433659e-01
3.292586e-01
3.086635e-01
2.974495e-01
2.824299e-01
2.763481e-01
2.523115e-01
2.181970e-01
2.112264e-01
2.003759e-01
1.752731e-01
1.700969e-01
1.652499e-01
1.475033e-01
1.391169e-01
1.363283e-01
1.292904e-01
1.274354e-01
1.176127e-01
1.125040e-01
1.034450e-01
9.473217e-02
8.819831e-02
7.976270e-02
7.670248e-02
7.004636e-02
6.659272e-02
6.350600e-02
6.258950e-02
5.525282e-02
5.312336e-02
5.022519e-02
4.553436e-02
4.165776e-02
3.988996e-02
3.701937e-02
3.459729e-02
3.273349e-02
3.207129e-02
2.776712e-02
2.531070e-02
2.421622e-02
2.374405e-02
2.197509e-02
2.169637e-02
2.030595e-02
1.875547e-02
1.793356e-02
1.733773e-02
1.382199e-02
1.264219e-02
1.162477e-02
1.014458e-02
9.906152e-03
9.637965e-03
9.303120e-03
9.067107e-03
8.575169e-03
8.251592e-03
7.517363e-03
6.779455e-03
5.826233e-03
4.915815e-03
4.722130e-03
4.594905e-03
4.472658e-03
3.992405e-03
3.541227e-03
2.968170e-03
2.904142e-03
2.570566e-03
2.535024e-03
2.469603e-03
2.224117e-03
2.155792e-03
2.079177e-03
1.870761e-03
1.821903e-03
1.763932e-03
1.723167e-03
1.614660e-03
1.575387e-03
1.545293e-03
1.505675e-03
1.443218e-03
1.433583e-03
1.420647e-03
1.379179e-03
1.360970e-03
1.326702e-03
1.319402e-03
1.288656e-03
1.273450e-03
1.268899e-03
1.242101e-03
1.219424e-03
1.208578e-03
1.189561e-03
1.164716e-03
1.141570e-03
1.125142e-03
1.107916e-03
1.105012e-03
1.068880e-03
1.055871e-03
1.042498e-03
1.031221e-03
1.009984e-03
1.000623e-03
9.846583e-04
9.776482e-04
9.723824e-04
9.445024e-04
9.297847e-04
9.190562e-04
9.126522e-04
9.108391e-04
9.027486e-04
8.791712e-04
8.693093e-04
8.527018e-04
8.460946e-04
8.259739e-04
8.174650e-04
8.019299e-04
7.961581e-04
7.826076e-04
7.685326e-04
7.609488e-04
7.450050e-04
7.337820e-04
7.235975e-04
7.164545e-04
7.108416e-04
7.059305e-04
6.829909e-04
6.807720e-04
6.662527e-04
6.553081e-04
6.427955e-04
6.384781e-04
6.285534e-04
6.107715e-04
6.002998e-04
5.901129e-04
5.788961e-04
5.763285e-04
5.530279e-04
5.507827e-04
5.328171e-04
5.253335e-04
5.184803e-04
5.059185e-04
4.958427e-04
4.875792e-04
4.825389e-04
4.760460e-04
4.716853e-04
4.581162e-04
4.485037e-04
4.381743e-04
4.279790e-04
4.242937e-04
4.097855e-04
3.989054e-04
3.841023e-04
3.744027e-04
3.657973e-04
3.533328e-04
3.484177e-04
3.352646e-04
3.326314e-04
3.211082e-04
3.095996e-04
2.947592e-04
2.784827e-04
2.721131e-04
2.667464e-04
2.566265e-04
2.478669e-04
2.438549e-04
2.392741e-04
2.300143e-04
2.241083e-04
2.069938e-04
1.981855e-04
1.866953e-04
1.794918e-04
1.654707e-04
1.627252e-04
1.538765e-04
1.434081e-04
1.383296e-04
1.338083e-04
1.236565e-04
1.089595e-04
1.063094e-04
9.541721e-05
7.957396e-05
7.086483e-05
5.952690e-05
5.247417e-05
3.175313e-05
2.579181e-05
1.802473e-05
1.036260e-05
-8.616571e-08
-4.023022e-06
-1.903496e-05
-2.298244e-05
-3.273160e-05
-3.448958e-05
-3.954065e-05
-5.187098e-05
-7.136918e-05
-7.263317e-05
-7.658691e-05
-8.495891e-05
-9.578272e-05
-1.112678e-04
-1.176656e-04
-1.267573e-04
-1.360293e-04
-1.439638e-04
-1.652351e-04
-1.738822e-04
-1.920594e-04
-1.990294e-04
-2.096159e-04
-2.193984e-04
-2.299586e-04
-2.343848e-04
-2.400784e-04
-2.590315e-04
-2.607182e-04
-2.736462e-04
-2.838706e-04
-2.987743e-04
-3.104020e-04
-3.171064e-04
-3.238081e-04
-3.317049e-04
-3.397345e-04
-3.488382e-04
-3.546475e-04
-3.687172e-04
-3.925820e-04
-4.053188e-04
-4.106328e-04
-4.198543e-04
-4.465002e-04
-4.507604e-04
-4.591338e-04
-4.752399e-04
-4.914080e-04
-4.953497e-04
-5.082272e-04
-5.167426e-04
-5.250578e-04
-5.509839e-04
-5.604046e-04
-5.746160e-04
-5.946094e-04
-6.154143e-04
-6.219664e-04
-6.369143e-04
-6.393141e-04
-6.745647e-04
-6.812142e-04
-6.856248e-04
-7.003392e-04
-7.211560e-04
-7.296175e-04
-7.377470e-04
-7.521637e-04
-7.603446e-04
-7.933966e-04
-8.040974e-04
-8.361047e-04
-8.525916e-04
-8.689957e-04
-9.047700e-04
-9.231775e-04
-9.659304e-04
