1.327747e+08
2.004759e+07
2.245833e+06
1.087317e+06
8.187028e+05
3.106923e+05
2.195046e+05
1.127282e+05
1.901438e+04
1.014941e+04
2.728768e+03
8.572541e+02
5.101781e+02
2.661099e+02
1.832342e+02
7.018009e+01
4.838740e+01
4.123894e+01
3.308590e+01
2.912259e+01
2.812940e+01
2.302030e+01
2.070498e+01
1.948674e+01
1.859160e+01
1.676631e+01
1.572653e+01
1.367667e+01
1.272781e+01
1.168513e+01
1.109892e+01
1.046391e+01
1.015119e+01
9.599449e+00
8.836718e+00
8.660919e+00
8.616795e+00
7.731870e+00
7.224743e+00
7.204424e+00
6.463209e+00
6.357427e+00
5.762074e+00
5.685113e+00
4.891489e+00
4.543856e+00
4.315008e+00
4.053703e+00
3.934960e+00
3.763084e+00
3.631162e+00
3.494986e+00
2.864379e+00
2.806299e+00
2.686549e+00
2.406647e+00
2.160741e+00
1.988401e+00
1.803027e+00
1.728245e+00
1.606002e+00
1.272208e+00
1.225208e+00
9.824765e-01
9.460323e-01
7.658729e-01
7.114506e-01
6.072118e-01
4.625515e-01
3.849230e-01
3.006039e-01
2.317451e-01
1.790171e-01
1.518489e-01
1.046728e-01
9.268945e-02
6.390292e-02
1.317439e-02
-3.373969e-02
-4.439718e-02
-5.385815e-02
-7.360946e-02
-1.342399e-01
-1.660744e-01
-2.265088e-01
-2.938235e-01
-4.977965e-01
-5.360256e-01
-6.358438e-01
-6.521410e-01
-7.242382e-01
-8.854129e-01
-1.083829e+00
-1.173054e+00
-1.296565e+00
-1.420354e+00
-1.571905e+00
-1.788271e+00
-1.998322e+00
-2.194904e+00
-2.298239e+00
-2.509159e+00
-2.591769e+00
-3.103848e+00
-3.470884e+00
-3.867640e+00
-4.077411e+00
-4.649385e+00
-5.228117e+00
-5.605954e+00
-5.894324e+00
-6.533882e+00
-7.468503e+00
-7.684144e+00
-8.459104e+00
-9.581474e+00
-1.076638e+01
-1.275412e+01
-1.314446e+01
-1.570856e+01
-1.748903e+01
-2.023351e+01
-2.705696e+01
-3.000092e+01
-3.271005e+01
-3.521417e+01
-5.285963e+01
-6.913910e+01
