8.168824e+05
3.195660e+05
2.761167e+05
1.821840e+05
1.620983e+05
1.415843e+05
1.252618e+05
9.603766e+04
8.653437e+04
8.028295e+04
7.927956e+04
6.247400e+04
5.579737e+04
5.107645e+04
4.147180e+04
3.833198e+04
3.234172e+04
2.410760e+04
2.269618e+04
1.610894e+04
1.313230e+04
1.060789e+04
9.476397e+03
8.841011e+03
8.767545e+03
7.662469e+03
5.970160e+03
5.737894e+03
4.706514e+03
3.778370e+03
3.456278e+03
3.076313e+03
2.857789e+03
2.314970e+03
1.844408e+03
1.221289e+03
1.111123e+03
9.347380e+02
8.164775e+02
7.960034e+02
6.570901e+02
5.283492e+02
4.658708e+02
4.057763e+02
3.527942e+02
2.731859e+02
2.141795e+02
2.108441e+02
1.989816e+02
1.240568e+02
1.180782e+02
9.739427e+01
7.107031e+01
6.613630e+01
6.290760e+01
6.047331e+01
3.302508e+01
2.757295e+01
2.427453e+01
2.026796e+01
1.821415e+01
1.221050e+01
9.293535e+00
8.838226e+00
4.459144e+00
3.925594e+00
3.773861e+00
3.437653e+00
2.864159e+00
2.611819e+00
2.218455e+00
1.174506e+00
1.012650e+00
7.816592e-01
6.689032e-01
5.178187e-01
4.277960e-01
3.917332e-01
2.976484e-01
2.783958e-01
1.404527e-01
1.233755e-01
1.151982e-01
8.780098e-02
8.331001e-02
7.773013e-02
6.323532e-02
6.145347e-02
6.064242e-02
5.509572e-02
5.268482e-02
5.170249e-02
5.117110e-02
5.006824e-02
4.935098e-02
4.840419e-02
4.798985e-02
4.534208e-02
4.477791e-02
4.266723e-02
4.127698e-02
4.079871e-02
3.613690e-02
3.506958e-02
3.477826e-02
3.346495e-02
3.273970e-02
3.177710e-02
2.873920e-02
2.854445e-02
2.723571e-02
2.601013e-02
2.555658e-02
2.511544e-02
2.473441e-02
2.439834e-02
2.385815e-02
2.366688e-02
2.346642e-02
2.237166e-02
2.218746e-02
2.133288e-02
1.948173e-02
1.933914e-02
1.821683e-02
1.788357e-02
1.644761e-02
1.531174e-02
