5.850645e+04
1.241729e+04
6.653167e+03
1.851253e+03
1.424660e+03
7.602429e+02
6.423940e+02
4.105033e+02
3.235892e+02
2.943420e+02
2.589757e+02
1.982002e+02
1.748049e+02
1.657942e+02
1.354837e+02
1.235638e+02
1.058538e+02
9.073961e+01
6.792978e+01
6.189736e+01
5.119091e+01
4.628917e+01
4.171039e+01
3.854785e+01
3.295633e+01
2.189468e+01
1.994857e+01
1.550817e+01
1.500129e+01
1.457292e+01
1.321881e+01
1.081615e+01
9.232847e+00
8.133893e+00
6.765121e+00
6.525221e+00
5.370654e+00
5.026370e+00
4.940905e+00
4.155400e+00
3.825675e+00
2.927276e+00
2.466047e+00
2.266572e+00
1.562640e+00
1.419514e+00
1.154234e+00
8.794219e-01
7.912795e-01
6.949446e-01
5.768569e-01
5.257102e-01
4.392411e-01
3.676183e-01
3.106880e-01
2.907990e-01
2.640382e-01
2.303206e-01
1.867593e-01
1.326630e-01
6.828378e-02
5.173960e-02
4.461297e-02
3.880284e-02
3.386224e-02
2.345138e-02
1.924497e-02
1.695936e-02
1.586332e-02
1.408304e-02
1.072042e-02
9.694856e-03
9.122294e-03
7.104622e-03
6.901491e-03
5.705948e-03
4.433649e-03
4.205158e-03
3.102465e-03
2.912011e-03
2.096321e-03
1.872147e-03
1.598594e-03
1.489829e-03
1.432561e-03
1.327712e-03
1.206517e-03
1.178414e-03
1.038893e-03
9.876244e-04
8.729667e-04
8.540306e-04
8.160812e-04
7.595439e-04
7.164825e-04
7.018943e-04
6.712708e-04
6.517688e-04
6.422398e-04
6.199359e-04
6.109578e-04
5.773426e-04
5.600131e-04
5.462071e-04
5.424189e-04
5.230599e-04
5.079270e-04
5.027711e-04
4.884272e-04
4.843866e-04
4.757105e-04
4.651723e-04
4.603498e-04
4.565158e-04
4.549652e-04
4.459844e-04
4.318475e-04
4.271734e-04
4.196226e-04
4.140517e-04
4.044122e-04
4.019831e-04
3.982914e-04
3.936875e-04
3.883861e-04
3.859444e-04
3.761234e-04
3.739338e-04
3.685689e-04
3.660818e-04
3.585315e-04
3.535055e-04
3.519355e-04
3.464619e-04
3.414881e-04
3.355354e-04
3.335106e-04
3.270658e-04
3.257699e-04
3.195882e-04
3.146532e-04
3.128514e-04
3.110871e-04
3.063638e-04
3.021751e-04
2.997498e-04
2.922626e-04
2.895812e-04
2.866359e-04
2.850929e-04
2.803521e-04
2.775981e-04
2.759233e-04
2.720746e-04
2.704023e-04
2.675944e-04
2.628585e-04
2.595472e-04
2.556604e-04
2.528188e-04
2.497357e-04
2.477897e-04
2.455419e-04
2.415982e-04
2.388725e-04
2.340045e-04
2.289615e-04
2.283262e-04
2.257958e-04
2.241645e-04
2.220513e-04
2.181293e-04
2.151120e-04
2.114567e-04
2.095453e-04
2.062968e-04
1.999804e-04
1.984090e-04
1.979613e-04
1.960713e-04
1.937661e-04
1.914899e-04
1.874429e-04
1.860304e-04
1.818185e-04
1.809168e-04
1.760160e-04
1.707896e-04
1.689231e-04
1.685333e-04
1.641428e-04
1.630200e-04
1.602210e-04
1.575536e-04
1.539844e-04
1.502156e-04
1.490158e-04
1.470817e-04
1.437275e-04
1.398397e-04
1.372058e-04
1.349034e-04
1.328639e-04
1.312954e-04
1.285528e-04
1.252596e-04
1.214774e-04
1.187755e-04
1.168101e-04
1.166736e-04
1.146714e-04
1.090343e-04
1.066863e-04
1.065164e-04
1.043633e-04
9.934833e-05
9.822660e-05
9.453882e-05
9.208876e-05
9.022516e-05
8.813174e-05
8.405568e-05
8.164102e-05
7.914378e-05
7.804162e-05
7.498735e-05
7.346118e-05
7.229589e-05
6.944825e-05
6.593646e-05
6.189685e-05
5.954709e-05
5.739293e-05
5.476676e-05
5.135670e-05
5.085966e-05
4.845840e-05
4.635977e-05
4.295571e-05
4.266388e-05
3.837646e-05
3.676849e-05
3.375288e-05
2.934923e-05
2.887787e-05
2.882354e-05
2.464682e-05
2.095973e-05
1.842996e-05
1.593071e-05
1.287102e-05
1.047122e-05
8.012934e-06
6.826261e-06
2.388526e-06
1.719331e-13
1.582285e-13
8.374107e-14
6.994617e-14
1.571057e-14
-5.532133e-15
-4.472293e-14
-8.594702e-14
-1.850081e-13
-2.879683e-13
-2.448558e-07
-9.222177e-07
-3.384589e-06
-4.946301e-06
-7.325790e-06
-9.918503e-06
-1.254485e-05
-1.470928e-05
-1.774212e-05
-2.017910e-05
-2.181800e-05
-2.264147e-05
-2.714518e-05
-2.959364e-05
-3.126430e-05
-3.239755e-05
-3.419447e-05
-3.551155e-05
-3.950393e-05
-4.045794e-05
-4.283301e-05
-4.862516e-05
-5.003539e-05
-5.101199e-05
-5.599516e-05
-5.661743e-05
-5.935417e-05
-6.440611e-05
-6.483815e-05
-6.694812e-05
-6.948869e-05
-7.205689e-05
-7.319635e-05
-7.727601e-05
-8.303573e-05
-8.394623e-05
-8.787772e-05
-8.810456e-05
-9.265890e-05
-9.452624e-05
-9.651115e-05
-9.756684e-05
-1.000742e-04
-1.051660e-04
-1.064031e-04
-1.092554e-04
-1.105257e-04
-1.141192e-04
-1.196063e-04
-1.214202e-04
-1.225554e-04
-1.238832e-04
-1.299020e-04
-1.314202e-04
-1.347427e-04
-1.380537e-04
-1.397242e-04
-1.431461e-04
-1.518663e-04
-1.520922e-04
-1.541377e-04
-1.589593e-04
-1.604427e-04
-1.650619e-04
-1.682175e-04
-1.701337e-04
-1.711624e-04
-1.779455e-04
-1.791181e-04
-1.854503e-04
-1.877826e-04
-1.888843e-04
-1.922754e-04
-1.949895e-04
-1.965590e-04
-1.985880e-04
-2.033578e-04
-2.100979e-04
-2.112056e-04
-2.147517e-04
-2.164370e-04
-2.180034e-04
-2.213015e-04
-2.288851e-04
-2.334331e-04
-2.368131e-04
-2.381691e-04
-2.420099e-04
-2.447261e-04
-2.467005e-04
-2.515496e-04
-2.574317e-04
-2.630540e-04
-2.693205e-04
-2.725078e-04
-2.745884e-04
-2.814352e-04
-2.867375e-04
-2.887659e-04
-2.943874e-04
-2.989293e-04
-3.033535e-04
-3.113761e-04
-3.141903e-04
-3.238000e-04
-3.301892e-04
-3.397455e-04
-3.504437e-04
-3.546291e-04
-3.584457e-04
-3.671111e-04
-3.826707e-04
-4.031094e-04
-4.127672e-04
-4.931097e-04
-5.100604e-04
-5.883313e-04
-1.055233e-03
-1.581817e-03
