2.851416e+10
1.501474e+10
7.543448e+09
5.045633e+09
4.783795e+09
3.825964e+09
3.116399e+09
2.861031e+09
2.758626e+09
2.716823e+09
2.530057e+09
2.206690e+09
2.175735e+09
2.117560e+09
1.988629e+09
1.870506e+09
1.786943e+09
1.700433e+09
1.584557e+09
1.550326e+09
1.445351e+09
1.360552e+09
1.349512e+09
1.333788e+09
1.297034e+09
1.218867e+09
1.198765e+09
1.167992e+09
1.090430e+09
1.067062e+09
9.980895e+08
9.724745e+08
9.633014e+08
9.270936e+08
9.047482e+08
8.917030e+08
8.327268e+08
8.126154e+08
8.020742e+08
7.683915e+08
7.585448e+08
7.367288e+08
7.195468e+08
7.099881e+08
6.587016e+08
6.267725e+08
6.045932e+08
6.002912e+08
5.925062e+08
5.826017e+08
5.508557e+08
5.468449e+08
5.377525e+08
5.228808e+08
5.030404e+08
5.004153e+08
4.712446e+08
4.650526e+08
4.512898e+08
4.381781e+08
4.306213e+08
4.250204e+08
4.123081e+08
4.019013e+08
3.933368e+08
3.898344e+08
3.730586e+08
3.561754e+08
3.462387e+08
3.330388e+08
3.313229e+08
3.277603e+08
3.212110e+08
3.106612e+08
2.943183e+08
2.874881e+08
2.819402e+08
2.740283e+08
2.688011e+08
2.637816e+08
2.493083e+08
2.472004e+08
2.448377e+08
2.368917e+08
2.322087e+08
2.194100e+08
2.121406e+08
2.064719e+08
2.016952e+08
1.951613e+08
1.900425e+08
1.866926e+08
1.770561e+08
1.748824e+08
1.707560e+08
1.656461e+08
1.606995e+08
1.548511e+08
1.493429e+08
1.442904e+08
1.396597e+08
1.333883e+08
1.287881e+08
1.213921e+08
1.207180e+08
1.130628e+08
1.117382e+08
1.031783e+08
9.633708e+07
9.160230e+07
8.382726e+07
7.937822e+07
7.833689e+07
7.364114e+07
6.916634e+07
6.486525e+07
5.862506e+07
5.653401e+07
5.466749e+07
4.845702e+07
4.363743e+07
3.756414e+07
3.182726e+07
2.931356e+07
2.427333e+07
1.849452e+07
4.147582e+06
2.831611e+06
