1.389024e+10
7.848287e+08
2.371844e+08
1.255998e+08
8.770580e+07
6.829347e+07
4.853360e+07
4.625948e+07
4.072540e+07
3.280837e+07
2.615137e+07
2.419065e+07
2.268470e+07
1.882953e+07
1.309098e+07
1.276502e+07
1.171347e+07
9.879280e+06
9.220163e+06
8.051590e+06
6.506157e+06
5.436356e+06
5.256116e+06
4.462660e+06
3.504167e+06
2.972776e+06
2.727888e+06
2.383387e+06
2.154786e+06
1.757400e+06
1.531402e+06
1.470776e+06
1.316448e+06
1.284057e+06
1.169116e+06
1.086956e+06
1.058488e+06
9.715423e+05
9.350749e+05
8.042023e+05
7.002407e+05
6.215076e+05
6.074426e+05
5.638890e+05
4.788403e+05
4.261759e+05
3.190240e+05
2.699169e+05
2.486036e+05
2.246571e+05
2.098797e+05
1.688173e+05
1.372002e+05
1.311420e+05
1.076334e+05
9.760899e+04
7.862293e+04
7.131082e+04
6.509757e+04
5.636872e+04
4.705773e+04
3.515244e+04
3.243784e+04
2.732576e+04
2.408024e+04
2.223836e+04
1.683488e+04
1.534254e+04
1.213708e+04
1.077971e+04
8.668525e+03
7.123739e+03
4.749168e+03
3.731339e+03
3.004835e+03
2.366557e+03
1.942733e+03
1.628700e+03
1.416522e+03
9.293521e+02
7.204001e+02
4.970446e+02
3.245547e+02
2.802052e+02
1.993247e+02
1.317198e+02
1.151992e+02
9.863647e+01
7.085835e+01
5.671063e+01
4.071806e+01
2.521005e+01
2.300425e+01
1.892572e+01
1.751901e+01
1.030849e+01
8.669225e+00
3.836324e+00
3.482958e+00
2.698381e+00
1.858772e+00
1.620145e+00
1.061371e+00
9.813226e-01
5.978024e-01
3.890672e-01
2.947605e-01
2.081909e-01
1.656955e-01
1.533328e-01
1.322853e-01
1.077351e-01
7.625856e-02
6.300592e-02
5.889742e-02
5.433828e-02
3.598922e-02
2.911163e-02
2.775947e-02
2.220290e-02
1.259807e-02
9.716833e-03
9.360670e-03
2.025647e-03
1.372915e-05
-1.787913e-02
-3.595988e-02
-5.624878e-02
