5.047807e+05
2.582095e+05
1.696571e+05
1.610178e+05
1.247108e+05
1.097077e+05
9.517715e+04
8.757127e+04
8.164498e+04
6.679948e+04
5.440466e+04
5.173757e+04
4.785989e+04
4.290261e+04
3.976322e+04
3.222294e+04
2.924179e+04
2.648681e+04
2.126056e+04
1.197075e+04
1.133926e+04
1.035043e+04
8.955597e+03
8.055927e+03
6.888311e+03
6.147301e+03
5.243995e+03
4.912994e+03
4.400434e+03
3.632442e+03
3.386225e+03
2.934631e+03
2.195282e+03
1.799094e+03
1.760518e+03
1.440982e+03
1.118374e+03
8.816006e+02
7.925662e+02
5.771122e+02
4.982094e+02
3.909965e+02
3.213058e+02
3.104382e+02
2.335315e+02
2.247978e+02
1.810183e+02
1.764492e+02
1.487660e+02
1.325647e+02
1.141879e+02
9.690290e+01
7.856571e+01
6.070047e+01
5.947194e+01
4.642767e+01
3.669315e+01
3.214243e+01
2.636394e+01
2.071845e+01
2.030386e+01
1.735874e+01
1.486024e+01
1.222211e+01
9.699559e+00
6.354995e+00
5.840469e+00
5.227246e+00
4.191652e+00
3.181542e+00
2.949037e+00
2.215100e+00
1.298457e+00
1.221945e+00
8.649729e-01
8.618097e-01
6.623484e-01
6.005268e-01
4.857397e-01
4.575253e-01
2.747674e-01
2.660245e-01
2.504577e-01
1.786881e-01
1.243924e-01
1.172140e-01
9.346753e-02
8.621417e-02
7.516377e-02
5.811209e-02
4.551735e-02
4.109725e-02
3.896454e-02
3.682067e-02
3.582674e-02
3.432218e-02
3.341552e-02
3.021349e-02
2.710064e-02
2.670352e-02
2.389538e-02
2.313118e-02
2.238648e-02
2.138177e-02
2.051664e-02
1.926283e-02
1.859935e-02
1.839283e-02
1.741135e-02
1.739286e-02
1.652161e-02
1.634438e-02
1.602735e-02
1.571522e-02
1.528285e-02
1.489856e-02
1.434585e-02
1.385705e-02
1.328972e-02
1.264440e-02
1.242727e-02
1.142769e-02
1.080780e-02
1.032450e-02
9.816593e-03
7.779464e-03
6.566990e-03
4.783445e-03
