3.065577e+12
2.277344e+12
2.145052e+12
1.787384e+12
1.725296e+12
1.536085e+12
1.444963e+12
1.275791e+12
1.232365e+12
1.145714e+12
1.092341e+12
1.089670e+12
1.021102e+12
9.609963e+11
9.137472e+11
8.474537e+11
8.208335e+11
7.789503e+11
7.351458e+11
7.311062e+11
6.834536e+11
6.673026e+11
6.430792e+11
6.373151e+11
6.040319e+11
6.004914e+11
5.694232e+11
5.541781e+11
5.322215e+11
5.060658e+11
4.893343e+11
4.739041e+11
4.547691e+11
4.513327e+11
4.335048e+11
4.321945e+11
4.159724e+11
3.975225e+11
3.757335e+11
3.634332e+11
3.603073e+11
3.476112e+11
3.315026e+11
3.262958e+11
3.071806e+11
3.019006e+11
2.959887e+11
2.920149e+11
2.877786e+11
2.712146e+11
2.682801e+11
2.585437e+11
2.544155e+11
2.474291e+11
2.451028e+11
2.303114e+11
2.274448e+11
2.233558e+11
2.151202e+11
2.076631e+11
2.035258e+11
2.012699e+11
1.990441e+11
1.907165e+11
1.879849e+11
1.819433e+11
1.770173e+11
1.743094e+11
1.703635e+11
1.659021e+11
1.615798e+11
1.592013e+11
1.587912e+11
1.529138e+11
1.470237e+11
1.445679e+11
1.424150e+11
1.372206e+11
1.355926e+11
1.327917e+11
1.300149e+11
1.278567e+11
1.252974e+11
1.225480e+11
1.215960e+11
1.187906e+11
1.166913e+11
1.125309e+11
1.104542e+11
1.082377e+11
1.067841e+11
1.051049e+11
1.027240e+11
9.939150e+10
9.793370e+10
9.676423e+10
9.548993e+10
9.386136e+10
9.156034e+10
9.036473e+10
8.849247e+10
8.774517e+10
8.643385e+10
8.377960e+10
8.244140e+10
8.131545e+10
8.066156e+10
7.770237e+10
7.691547e+10
7.551780e+10
7.520535e+10
7.343627e+10
7.246261e+10
7.060713e+10
6.940562e+10
6.724801e+10
6.486147e+10
6.385495e+10
5.891500e+10
5.837441e+10
5.642997e+10
5.421480e+10
5.047870e+10
4.287227e+10
3.693293e+10
1.993278e+10
1.849549e+10
4.932135e+09
