2.120594e+05
5.978486e+04
1.577345e+04
3.140278e+03
5.276329e+02
7.443201e+01
2.522445e+01
1.178710e+01
2.122078e+00
4.671679e-01
1.379120e-01
7.726218e-02
4.322008e-02
3.709574e-02
3.429139e-02
3.138170e-02
2.502765e-02
2.412446e-02
2.210058e-02
1.996724e-02
1.811048e-02
1.771851e-02
1.661448e-02
1.591899e-02
1.545185e-02
1.490440e-02
1.422323e-02
1.392533e-02
1.305213e-02
1.261046e-02
1.209294e-02
1.164252e-02
1.117815e-02
1.097983e-02
1.056797e-02
1.036987e-02
1.024149e-02
9.508921e-03
9.443220e-03
9.255901e-03
9.109838e-03
8.967610e-03
8.639789e-03
8.179633e-03
7.998343e-03
7.648782e-03
7.427299e-03
7.165748e-03
6.869236e-03
6.651063e-03
6.406705e-03
5.959648e-03
5.923876e-03
5.866220e-03
5.651853e-03
5.422459e-03
5.326909e-03
5.190225e-03
4.968974e-03
4.734875e-03
4.694104e-03
4.485784e-03
4.406952e-03
4.345774e-03
4.041342e-03
3.941960e-03
3.712141e-03
3.552823e-03
3.450731e-03
3.392824e-03
3.242257e-03
3.131517e-03
3.051641e-03
2.906855e-03
2.794791e-03
2.765032e-03
2.565700e-03
2.461654e-03
2.420733e-03
2.344969e-03
2.257907e-03
2.189965e-03
1.976710e-03
1.948516e-03
1.861908e-03
1.756768e-03
1.698627e-03
1.661373e-03
1.511549e-03
1.405916e-03
1.343006e-03
1.273517e-03
1.183234e-03
1.056758e-03
9.425265e-04
7.501986e-04
6.159339e-04
5.005493e-04
7.925268e-05
8.425225e-06
-1.321579e-04
-6.813072e-04
-1.012363e-03
-1.231727e-03
-1.541205e-03
-2.240299e-03
-2.779773e-03
-3.047067e-03
-3.523897e-03
-4.122830e-03
-4.786757e-03
-6.988455e-03
-7.873809e-03
-1.007334e-02
-1.109818e-02
-1.199722e-02
-1.398163e-02
-1.538821e-02
-2.201108e-02
-2.382998e-02
-2.748941e-02
-2.941972e-02
-3.388600e-02
-4.199841e-02
-4.276799e-02
-4.915502e-02
-6.234469e-02
-1.185448e-01
