1.842709e+12
1.688319e+12
1.683953e+12
1.458952e+12
1.435155e+12
1.256189e+12
1.162717e+12
1.094824e+12
9.894170e+11
9.537664e+11
9.202982e+11
8.671628e+11
8.198763e+11
7.372081e+11
7.157016e+11
6.955633e+11
6.773438e+11
6.310689e+11
5.982652e+11
5.731600e+11
5.546021e+11
5.251757e+11
5.031335e+11
4.863836e+11
4.690464e+11
4.571127e+11
4.414470e+11
4.246707e+11
4.161986e+11
4.074670e+11
3.830481e+11
3.759098e+11
3.626984e+11
3.467016e+11
3.365932e+11
3.183924e+11
3.069601e+11
3.060029e+11
2.993169e+11
2.868630e+11
2.812748e+11
2.677789e+11
2.561206e+11
2.485834e+11
2.448000e+11
2.372022e+11
2.329657e+11
2.219866e+11
2.173283e+11
2.144613e+11
2.077609e+11
2.043260e+11
1.933175e+11
1.863787e+11
1.846211e+11
1.815720e+11
1.735268e+11
1.690891e+11
1.665414e+11
1.627240e+11
1.532526e+11
1.519688e+11
1.457308e+11
1.447879e+11
1.420325e+11
1.397823e+11
1.386292e+11
1.354298e+11
1.306185e+11
1.294429e+11
1.249739e+11
1.235532e+11
1.214403e+11
1.194830e+11
1.176874e+11
1.166981e+11
1.100815e+11
1.081460e+11
1.043715e+11
1.030224e+11
1.013152e+11
1.003533e+11
9.777350e+10
9.599842e+10
9.432904e+10
9.370718e+10
9.045555e+10
8.957497e+10
8.813110e+10
8.702734e+10
8.495800e+10
8.348535e+10
8.165805e+10
7.996786e+10
7.771836e+10
7.650198e+10
7.485118e+10
7.326406e+10
7.302898e+10
7.059604e+10
6.939767e+10
6.823599e+10
6.716387e+10
6.578711e+10
6.372057e+10
6.255376e+10
6.173168e+10
6.088986e+10
5.956223e+10
5.859471e+10
5.735093e+10
5.663676e+10
5.451192e+10
5.414143e+10
5.304619e+10
5.146981e+10
5.038334e+10
4.862040e+10
4.741458e+10
4.662222e+10
4.582787e+10
3.952254e+10
3.233063e+10
2.246536e+10
2.049926e+10
1.613480e+10
1.434554e+10
7.773542e+09
