1.953381e+05
3.806114e+04
8.074084e+03
2.010478e+03
3.056610e+02
4.022749e+01
1.525818e+01
7.398301e+00
2.127483e+00
3.595876e-01
1.048949e-01
6.600893e-02
5.020055e-02
3.834739e-02
3.170619e-02
2.991341e-02
2.663508e-02
2.484303e-02
2.183238e-02
2.008833e-02
1.812134e-02
1.709647e-02
1.679539e-02
1.594454e-02
1.531775e-02
1.502488e-02
1.402375e-02
1.301559e-02
1.274202e-02
1.158606e-02
1.138558e-02
1.088596e-02
1.044169e-02
9.935467e-03
9.539984e-03
9.455962e-03
9.011167e-03
8.580082e-03
8.212034e-03
8.124994e-03
7.565924e-03
7.425668e-03
7.235588e-03
6.834561e-03
6.765345e-03
6.325909e-03
6.059562e-03
5.823911e-03
5.561739e-03
5.278517e-03
5.244708e-03
5.053124e-03
4.876188e-03
4.550075e-03
4.520878e-03
4.280648e-03
4.141191e-03
4.030581e-03
3.802899e-03
3.642444e-03
3.443357e-03
3.302435e-03
3.230265e-03
3.110972e-03
2.967844e-03
2.944135e-03
2.525376e-03
2.394516e-03
2.346865e-03
2.229902e-03
2.133185e-03
1.975114e-03
1.906687e-03
1.782968e-03
1.737504e-03
1.707891e-03
1.599626e-03
1.505745e-03
1.388732e-03
1.255199e-03
1.194067e-03
1.050588e-03
9.474239e-04
8.219423e-04
7.709613e-04
7.103338e-04
5.503744e-04
4.454458e-04
3.609993e-04
2.863213e-04
2.719647e-04
4.695780e-05
-8.059228e-05
-2.740440e-04
-4.390944e-04
-6.426907e-04
-9.373907e-04
-9.792757e-04
-1.380821e-03
-1.650098e-03
-2.160915e-03
-2.735708e-03
-3.034597e-03
-3.364882e-03
-3.522236e-03
-4.141971e-03
-4.557350e-03
-5.027876e-03
-5.416592e-03
-7.886337e-03
-8.842171e-03
-9.763289e-03
-1.179191e-02
-1.290087e-02
-1.408630e-02
-1.614760e-02
-1.712540e-02
-1.935212e-02
-1.949960e-02
-2.144504e-02
-2.231794e-02
-2.519402e-02
-2.959439e-02
-3.091974e-02
-3.719608e-02
-3.812040e-02
-4.443961e-02
-6.993821e-02
