5.839923e+04
1.151122e+04
6.241132e+03
1.811471e+03
1.113828e+03
1.029111e+03
7.732299e+02
4.223453e+02
3.569966e+02
2.710501e+02
2.623565e+02
2.065640e+02
1.632315e+02
1.330242e+02
1.216757e+02
1.117085e+02
7.391685e+01
6.466035e+01
5.741571e+01
5.302613e+01
3.826245e+01
3.309058e+01
2.736502e+01
2.452062e+01
1.917439e+01
1.835557e+01
1.719298e+01
1.304536e+01
1.221356e+01
1.142555e+01
1.084203e+01
1.032490e+01
7.387472e+00
6.110844e+00
5.323252e+00
4.525474e+00
4.181083e+00
3.204222e+00
2.948374e+00
2.294904e+00
2.198690e+00
2.059558e+00
1.768063e+00
1.579684e+00
1.187446e+00
9.025789e-01
7.869070e-01
7.611766e-01
7.144248e-01
6.796319e-01
4.955447e-01
4.804192e-01
3.981279e-01
3.463754e-01
2.716776e-01
2.030403e-01
1.352533e-01
1.020392e-01
9.726303e-02
8.799607e-02
6.032158e-02
4.708331e-02
4.350834e-02
3.495848e-02
2.960997e-02
2.628203e-02
2.081133e-02
1.894921e-02
1.701266e-02
1.473341e-02
1.201720e-02
9.443489e-03
6.773907e-03
5.971765e-03
4.656691e-03
4.174680e-03
3.863744e-03
2.832437e-03
2.714130e-03
1.924799e-03
1.616392e-03
1.421952e-03
1.235853e-03
1.163575e-03
1.066566e-03
9.857159e-04
9.428675e-04
8.936767e-04
8.679634e-04
8.065824e-04
7.639825e-04
7.274565e-04
7.048650e-04
6.884814e-04
6.750049e-04
6.096767e-04
6.084905e-04
5.810448e-04
5.639422e-04
5.520173e-04
5.501382e-04
5.250989e-04
5.157269e-04
5.094318e-04
5.051557e-04
4.918982e-04
4.857971e-04
4.713428e-04
4.694645e-04
4.592643e-04
4.554898e-04
4.439920e-04
4.404878e-04
4.344949e-04
4.245291e-04
4.208657e-04
4.170316e-04
4.152791e-04
4.030780e-04
3.977719e-04
3.902153e-04
3.854103e-04
3.818566e-04
3.791090e-04
3.755440e-04
3.705975e-04
3.663872e-04
3.652798e-04
3.551461e-04
3.521480e-04
3.481972e-04
3.472789e-04
3.426418e-04
3.381965e-04
3.324326e-04
3.283665e-04
3.257364e-04
3.210848e-04
3.151296e-04
3.124116e-04
3.075082e-04
3.062935e-04
3.017658e-04
3.015787e-04
2.958854e-04
2.923740e-04
2.885778e-04
2.858374e-04
2.836505e-04
2.815886e-04
2.745426e-04
2.725816e-04
2.644528e-04
2.637002e-04
2.626365e-04
2.573240e-04
2.551134e-04
2.515055e-04
2.501319e-04
2.448694e-04
2.412102e-04
2.397914e-04
2.378311e-04
2.312981e-04
2.286024e-04
2.238296e-04
2.200617e-04
2.174593e-04
2.143136e-04
2.094742e-04
2.092323e-04
2.074448e-04
2.056375e-04
2.001647e-04
1.982302e-04
1.930621e-04
1.912163e-04
1.892100e-04
1.869319e-04
1.838659e-04
1.824810e-04
1.810712e-04
1.774192e-04
1.734533e-04
1.722824e-04
1.689659e-04
1.642727e-04
1.627093e-04
1.592707e-04
1.577129e-04
1.525082e-04
1.522556e-04
1.486537e-04
1.470020e-04
1.450386e-04
1.424231e-04
1.406676e-04
1.382619e-04
1.356539e-04
1.335854e-04
1.324071e-04
1.298985e-04
1.273711e-04
1.247547e-04
1.224701e-04
1.199450e-04
1.174562e-04
1.145530e-04
1.114008e-04
1.075381e-04
1.051876e-04
1.028533e-04
1.023483e-04
9.937707e-05
9.919643e-05
9.552102e-05
9.204006e-05
8.847556e-05
8.668067e-05
8.617928e-05
8.146666e-05
7.789837e-05
7.616759e-05
7.518024e-05
7.352980e-05
6.865657e-05
6.801973e-05
6.398046e-05
6.260818e-05
5.784973e-05
5.672636e-05
5.563879e-05
5.470275e-05
5.130627e-05
5.051723e-05
4.770801e-05
4.470122e-05
4.308298e-05
3.712616e-05
3.682427e-05
3.410495e-05
2.920749e-05
2.724783e-05
2.605378e-05
2.306447e-05
2.060592e-05
1.974346e-05
1.679834e-05
1.570633e-05
1.503432e-05
1.313161e-05
9.177382e-06
6.277505e-06
4.302547e-06
3.533480e-06
1.334243e-06
6.722424e-13
4.045738e-14
1.487871e-14
-9.749918e-15
-7.831375e-14
-1.012905e-13
-3.879486e-08
-5.672662e-06
-7.078785e-06
-9.655841e-06
-1.063147e-05
-1.329274e-05
-1.549604e-05
-1.884697e-05
-1.945281e-05
-2.352174e-05
-2.486600e-05
-2.735268e-05
-2.926545e-05
-3.228907e-05
-3.340457e-05
-3.552474e-05
-3.886100e-05
-4.183457e-05
-4.363671e-05
-4.458220e-05
-4.778469e-05
-5.079606e-05
-5.298847e-05
-5.673339e-05
-5.944889e-05
-6.010455e-05
-6.354299e-05
-6.523185e-05
-6.872088e-05
-7.037513e-05
-7.261489e-05
-7.473471e-05
-7.705022e-05
-8.088141e-05
-8.232451e-05
-8.511312e-05
-8.872229e-05
-9.080467e-05
-9.604324e-05
-9.663573e-05
-9.946714e-05
-1.029509e-04
-1.064835e-04
-1.067929e-04
-1.086982e-04
-1.140637e-04
-1.147183e-04
-1.161784e-04
-1.204606e-04
-1.245820e-04
-1.275413e-04
-1.285893e-04
-1.308802e-04
-1.349984e-04
-1.376035e-04
-1.415584e-04
-1.424065e-04
-1.460056e-04
-1.485987e-04
-1.504981e-04
-1.531699e-04
-1.548989e-04
-1.576638e-04
-1.603095e-04
-1.670182e-04
-1.679728e-04
-1.715074e-04
-1.725488e-04
-1.795615e-04
-1.804484e-04
-1.849087e-04
-1.870708e-04
-1.904830e-04
-1.913590e-04
-1.987387e-04
-1.990509e-04
-2.006854e-04
-2.045866e-04
-2.057597e-04
-2.107180e-04
-2.154173e-04
-2.170196e-04
-2.206381e-04
-2.257681e-04
-2.288399e-04
-2.353801e-04
-2.402590e-04
-2.420919e-04
-2.434678e-04
-2.496667e-04
-2.513906e-04
-2.550796e-04
-2.567072e-04
-2.612009e-04
-2.706950e-04
-2.736272e-04
-2.746295e-04
-2.769530e-04
-2.853258e-04
-2.886805e-04
-2.945743e-04
-2.980313e-04
-3.059684e-04
-3.074183e-04
-3.149392e-04
-3.182077e-04
-3.274618e-04
-3.337386e-04
-3.424842e-04
-3.534446e-04
-3.585150e-04
-3.590195e-04
-3.667303e-04
-3.821579e-04
-3.963078e-04
-4.101609e-04
-4.289103e-04
-5.597080e-04
-6.023447e-04
-7.346004e-04
-7.522709e-04
-1.358413e-03
