5.964501e+04
1.026684e+04
4.991205e+03
1.662459e+03
6.921376e+02
5.781836e+02
5.055664e+02
3.134792e+02
2.224389e+02
1.620425e+02
1.448935e+02
1.118990e+02
9.269148e+01
8.515266e+01
7.371072e+01
5.539922e+01
4.825399e+01
3.644226e+01
3.043203e+01
2.233743e+01
2.064773e+01
1.597423e+01
1.417502e+01
1.191678e+01
1.137036e+01
7.987093e+00
7.164123e+00
6.180858e+00
5.226095e+00
4.623984e+00
4.053159e+00
2.756253e+00
2.548649e+00
2.387028e+00
1.694309e+00
1.480172e+00
9.816319e-01
9.082388e-01
7.396325e-01
5.902591e-01
5.156015e-01
4.345504e-01
2.689700e-01
2.595347e-01
1.330885e-01
1.206659e-01
9.907101e-02
6.425533e-02
5.280634e-02
5.089305e-02
3.432355e-02
3.315952e-02
2.653858e-02
2.410460e-02
2.189946e-02
1.249870e-02
9.395796e-03
7.283159e-03
7.032543e-03
5.883869e-03
4.485049e-03
3.616823e-03
3.294079e-03
3.006531e-03
1.765935e-03
1.613820e-03
1.284796e-03
1.060030e-03
9.262072e-04
8.592967e-04
8.320428e-04
7.631330e-04
7.507806e-04
7.151857e-04
6.914938e-04
6.798399e-04
6.243718e-04
6.135367e-04
5.886533e-04
5.759622e-04
5.681574e-04
5.624611e-04
5.586570e-04
5.383704e-04
5.225957e-04
5.142394e-04
5.015602e-04
4.946100e-04
4.806194e-04
4.722966e-04
4.693144e-04
4.584468e-04
4.477917e-04
4.405449e-04
4.388817e-04
4.299491e-04
4.246861e-04
4.224963e-04
4.122302e-04
4.091857e-04
4.015789e-04
3.978511e-04
3.946996e-04
3.854625e-04
3.847158e-04
3.833490e-04
3.774026e-04
3.690554e-04
3.629136e-04
3.572840e-04
3.534635e-04
3.491732e-04
3.435536e-04
3.405476e-04
3.393090e-04
3.342281e-04
3.311351e-04
3.272418e-04
3.241171e-04
3.175720e-04
3.164210e-04
3.104976e-04
3.036596e-04
3.025064e-04
2.960639e-04
2.922351e-04
2.902601e-04
2.873264e-04
2.840083e-04
2.805327e-04
2.792669e-04
2.748010e-04
2.718738e-04
2.683940e-04
2.659893e-04
2.626704e-04
2.592546e-04
2.578538e-04
2.535297e-04
2.493013e-04
2.481038e-04
2.449040e-04
2.420994e-04
2.378569e-04
2.373514e-04
2.358065e-04
2.329024e-04
2.294879e-04
2.281813e-04
2.219984e-04
2.194967e-04
2.140260e-04
2.126316e-04
2.108253e-04
2.081115e-04
2.058868e-04
2.000953e-04
1.980330e-04
1.944478e-04
1.908162e-04
1.891352e-04
1.876364e-04
1.839698e-04
1.811098e-04
1.792839e-04
1.777286e-04
1.723194e-04
1.709670e-04
1.699738e-04
1.664270e-04
1.631902e-04
1.623618e-04
1.606624e-04
1.593275e-04
1.551421e-04
1.544342e-04
1.518953e-04
1.479834e-04
1.445231e-04
1.415376e-04
1.409629e-04
1.385497e-04
1.365734e-04
1.349860e-04
1.317681e-04
1.290668e-04
1.282038e-04
1.249031e-04
1.224075e-04
1.198878e-04
1.193894e-04
1.176588e-04
1.140536e-04
1.115780e-04
1.089917e-04
1.077332e-04
1.045502e-04
1.033603e-04
9.992841e-05
9.835726e-05
9.588503e-05
9.135648e-05
8.955185e-05
8.624460e-05
8.419947e-05
8.188413e-05
7.926924e-05
7.803808e-05
7.727260e-05
7.361489e-05
6.959744e-05
6.880861e-05
6.731042e-05
6.546230e-05
6.037800e-05
5.938138e-05
5.770387e-05
5.668410e-05
5.150245e-05
4.966544e-05
4.717633e-05
4.554363e-05
4.462229e-05
3.943296e-05
3.743165e-05
3.587696e-05
3.480157e-05
3.286622e-05
3.007589e-05
2.762412e-05
2.584384e-05
2.298785e-05
2.210016e-05
2.085486e-05
1.988267e-05
1.560952e-05
1.292435e-05
9.640737e-06
7.336608e-06
5.905878e-06
4.391990e-06
3.623906e-06
8.949377e-13
7.603492e-14
5.705220e-14
3.019874e-14
-9.152139e-15
-9.482156e-14
-1.182476e-13
-7.717437e-07
-2.013287e-06
-4.231073e-06
-5.849683e-06
-7.509767e-06
-1.023241e-05
-1.198772e-05
-1.388630e-05
-1.568897e-05
-1.807631e-05
-2.054595e-05
-2.268417e-05
-2.607470e-05
-2.917102e-05
-3.097458e-05
-3.473157e-05
-3.597098e-05
-3.850171e-05
-3.968106e-05
-4.222145e-05
-4.487124e-05
-4.736536e-05
-4.805770e-05
-5.196722e-05
-5.438280e-05
-5.604808e-05
-5.741278e-05
-5.962142e-05
-6.185618e-05
-6.503851e-05
-6.866730e-05
-6.961112e-05
-7.214831e-05
-7.373593e-05
-7.481747e-05
-7.914000e-05
-8.177009e-05
-8.371591e-05
-8.562449e-05
-8.970370e-05
-9.103780e-05
-9.290942e-05
-9.698405e-05
-9.749467e-05
-9.969056e-05
-1.027040e-04
-1.045514e-04
-1.076484e-04
-1.101611e-04
-1.117716e-04
-1.130872e-04
-1.159307e-04
-1.179120e-04
-1.195622e-04
-1.238146e-04
-1.247386e-04
-1.257136e-04
-1.289368e-04
-1.323905e-04
-1.344299e-04
-1.379179e-04
-1.388618e-04
-1.399840e-04
-1.434443e-04
-1.457097e-04
-1.465456e-04
-1.520823e-04
-1.546496e-04
-1.574988e-04
-1.621188e-04
-1.632963e-04
-1.671338e-04
-1.701553e-04
-1.727860e-04
-1.743759e-04
-1.762022e-04
-1.793746e-04
-1.811747e-04
-1.841795e-04
-1.876950e-04
-1.903856e-04
-1.927623e-04
-1.961438e-04
-1.968578e-04
-2.030910e-04
-2.042128e-04
-2.079984e-04
-2.098721e-04
-2.120896e-04
-2.177881e-04
-2.207017e-04
-2.228513e-04
-2.255050e-04
-2.293308e-04
-2.338092e-04
-2.353308e-04
-2.372053e-04
-2.411420e-04
-2.430491e-04
-2.495137e-04
-2.518147e-04
-2.537754e-04
-2.606598e-04
-2.616315e-04
-2.675735e-04
-2.714664e-04
-2.738675e-04
-2.801353e-04
-2.828660e-04
-2.900459e-04
-2.919988e-04
-2.945709e-04
-3.026814e-04
-3.062176e-04
-3.142357e-04
-3.173893e-04
-3.260127e-04
-3.293452e-04
-3.330206e-04
-3.433005e-04
-3.466607e-04
-3.546632e-04
-3.632435e-04
-3.752424e-04
-3.899308e-04
-3.973315e-04
-4.009192e-04
-4.156416e-04
-4.426678e-04
-4.524047e-04
-4.747456e-04
-5.150874e-04
-5.190055e-04
-6.433064e-04
-9.118514e-04
