2.464631e+12
2.294868e+12
1.946114e+12
1.579745e+12
1.520874e+12
1.478719e+12
1.349084e+12
1.261891e+12
1.192159e+12
1.134943e+12
1.011605e+12
9.904015e+11
9.217725e+11
8.942248e+11
8.522029e+11
8.060368e+11
7.863965e+11
7.523725e+11
7.192168e+11
6.482149e+11
6.415825e+11
6.105251e+11
5.935113e+11
5.834606e+11
5.679283e+11
5.313088e+11
5.252597e+11
5.134933e+11
4.649773e+11
4.507467e+11
4.423413e+11
4.285774e+11
4.072993e+11
3.913803e+11
3.871372e+11
3.763367e+11
3.669043e+11
3.583401e+11
3.453608e+11
3.396529e+11
3.318133e+11
3.241779e+11
3.083345e+11
2.927071e+11
2.911663e+11
2.711279e+11
2.575542e+11
2.547863e+11
2.515456e+11
2.462957e+11
2.414537e+11
2.246743e+11
2.236439e+11
2.199987e+11
2.150192e+11
2.083040e+11
1.988038e+11
1.947895e+11
1.874931e+11
1.819125e+11
1.803396e+11
1.724836e+11
1.709211e+11
1.682750e+11
1.605425e+11
1.569252e+11
1.526137e+11
1.463075e+11
1.457896e+11
1.429154e+11
1.389798e+11
1.378694e+11
1.355029e+11
1.306820e+11
1.294710e+11
1.260581e+11
1.217555e+11
1.195660e+11
1.180167e+11
1.141194e+11
1.123618e+11
1.110362e+11
1.073421e+11
1.054164e+11
1.034269e+11
1.016469e+11
1.006379e+11
9.706448e+10
9.587459e+10
9.466687e+10
9.350047e+10
9.301515e+10
9.126982e+10
8.834850e+10
8.637791e+10
8.365017e+10
8.296949e+10
8.256949e+10
8.110709e+10
8.064101e+10
7.781027e+10
7.639356e+10
7.606930e+10
7.480155e+10
7.352194e+10
7.177218e+10
6.988016e+10
6.857093e+10
6.685423e+10
6.659319e+10
6.574567e+10
6.391595e+10
6.293097e+10
6.200885e+10
6.103977e+10
5.936447e+10
5.789814e+10
5.632594e+10
5.497148e+10
5.274379e+10
5.176748e+10
5.159213e+10
5.082363e+10
4.533287e+10
3.738028e+10
3.656910e+10
2.138437e+10
7.299784e+09
