2.804643e+10
1.586223e+10
6.876312e+09
4.797384e+09
4.280273e+09
3.940067e+09
3.389254e+09
3.165021e+09
2.744034e+09
2.526776e+09
2.476207e+09
2.261475e+09
2.201803e+09
2.097935e+09
1.911220e+09
1.810739e+09
1.651446e+09
1.617246e+09
1.577426e+09
1.491523e+09
1.448828e+09
1.403885e+09
1.331704e+09
1.226321e+09
1.172844e+09
1.146872e+09
1.101431e+09
1.057319e+09
1.032393e+09
1.004455e+09
9.563489e+08
9.193932e+08
8.968623e+08
8.702013e+08
8.618504e+08
8.451498e+08
8.127685e+08
7.848159e+08
7.760600e+08
7.542785e+08
7.497257e+08
7.143708e+08
7.012598e+08
6.594552e+08
6.582637e+08
6.484902e+08
6.309291e+08
6.172919e+08
6.100764e+08
5.724897e+08
5.554628e+08
5.498038e+08
5.439777e+08
5.269037e+08
5.151513e+08
4.878955e+08
4.832899e+08
4.788310e+08
4.704470e+08
4.609479e+08
4.516492e+08
4.469217e+08
4.287608e+08
4.161289e+08
4.115280e+08
3.924524e+08
3.881999e+08
3.687414e+08
3.593640e+08
3.491651e+08
3.417984e+08
3.380155e+08
3.288920e+08
3.197266e+08
3.121194e+08
3.021096e+08
2.903361e+08
2.869380e+08
2.802817e+08
2.710641e+08
2.584366e+08
2.551034e+08
2.480952e+08
2.421159e+08
2.394156e+08
2.245872e+08
2.227717e+08
2.131457e+08
2.050324e+08
2.014725e+08
1.990337e+08
1.919525e+08
1.871988e+08
1.830154e+08
1.711098e+08
1.679226e+08
1.667487e+08
1.630567e+08
1.558368e+08
1.526788e+08
1.496596e+08
1.432782e+08
1.405364e+08
1.357871e+08
1.303943e+08
1.265392e+08
1.218583e+08
1.162122e+08
1.076127e+08
1.053778e+08
9.937030e+07
9.814403e+07
9.090149e+07
8.727903e+07
8.331643e+07
8.076900e+07
7.136242e+07
6.938894e+07
6.482836e+07
5.145733e+07
4.899675e+07
4.481166e+07
4.269997e+07
3.205153e+07
2.931200e+07
1.730261e+07
9.727943e+06
8.801778e+06
