7.319422e+05
3.000554e+05
2.212790e+05
1.865565e+05
1.633437e+05
1.253684e+05
1.070660e+05
8.987623e+04
8.788962e+04
7.591632e+04
7.209711e+04
6.577232e+04
5.799286e+04
4.702300e+04
4.239142e+04
3.394582e+04
2.698074e+04
2.127504e+04
1.798664e+04
1.686954e+04
1.173439e+04
1.042116e+04
8.836181e+03
7.833403e+03
7.379831e+03
6.697315e+03
5.082614e+03
4.706142e+03
4.006729e+03
3.490113e+03
3.100343e+03
2.919071e+03
2.468019e+03
2.103299e+03
1.356517e+03
1.310502e+03
1.218016e+03
9.371817e+02
7.672990e+02
7.035801e+02
4.652191e+02
3.438082e+02
3.381156e+02
2.717011e+02
2.627650e+02
2.036190e+02
1.584476e+02
1.412480e+02
1.374211e+02
1.016464e+02
9.880946e+01
8.227023e+01
5.881424e+01
4.896185e+01
4.025821e+01
3.540320e+01
2.784562e+01
2.633955e+01
2.002332e+01
1.600773e+01
1.277014e+01
1.241526e+01
1.113170e+01
9.269583e+00
7.699964e+00
5.732422e+00
4.824564e+00
4.518616e+00
3.984195e+00
2.296206e+00
1.543108e+00
1.430580e+00
1.316727e+00
1.089277e+00
6.678185e-01
4.964341e-01
4.662784e-01
3.741249e-01
2.630898e-01
2.529244e-01
1.714929e-01
1.563418e-01
1.416721e-01
1.166123e-01
9.936980e-02
7.985706e-02
7.058256e-02
6.274801e-02
5.472571e-02
5.260744e-02
5.008375e-02
4.553048e-02
4.504675e-02
4.314307e-02
4.205312e-02
4.127153e-02
4.038815e-02
3.910086e-02
3.841314e-02
3.735429e-02
3.669151e-02
3.508420e-02
3.338381e-02
3.259121e-02
3.047577e-02
2.984693e-02
2.801687e-02
2.730217e-02
2.591922e-02
2.525826e-02
2.475083e-02
2.435640e-02
2.339620e-02
2.104623e-02
1.970123e-02
1.929870e-02
1.845207e-02
1.789094e-02
1.699183e-02
1.649179e-02
1.601211e-02
1.552249e-02
1.520134e-02
1.450501e-02
1.421608e-02
1.218239e-02
9.075115e-03
6.453359e-03
