5.889280e+04
1.282060e+04
7.144824e+03
1.664242e+03
1.307282e+03
8.849169e+02
6.236643e+02
3.563012e+02
3.359919e+02
2.765645e+02
2.387992e+02
2.039196e+02
1.906820e+02
1.495562e+02
1.212310e+02
1.012588e+02
9.972553e+01
8.264567e+01
7.629543e+01
6.243687e+01
4.755293e+01
4.281015e+01
3.980437e+01
3.307171e+01
2.819709e+01
2.377059e+01
1.643151e+01
1.583707e+01
1.395248e+01
1.366512e+01
1.200599e+01
1.043403e+01
9.406900e+00
8.468903e+00
7.262658e+00
6.740795e+00
5.554930e+00
4.715364e+00
4.188537e+00
3.497510e+00
3.368582e+00
2.850638e+00
2.762747e+00
2.163734e+00
1.836731e+00
1.594239e+00
1.263321e+00
1.013771e+00
8.445251e-01
7.491741e-01
6.164498e-01
5.507555e-01
5.226271e-01
4.795219e-01
2.608691e-01
2.226671e-01
1.474270e-01
9.734160e-02
8.216263e-02
7.694945e-02
6.291587e-02
6.150691e-02
4.936626e-02
4.009107e-02
3.871658e-02
3.319851e-02
2.092817e-02
1.881376e-02
1.776617e-02
1.574032e-02
1.171674e-02
9.509270e-03
6.540761e-03
6.128592e-03
5.672801e-03
4.961615e-03
4.393322e-03
3.216901e-03
3.133583e-03
2.509473e-03
1.861379e-03
1.785852e-03
1.423280e-03
1.310494e-03
1.273834e-03
1.115817e-03
1.043771e-03
9.578760e-04
9.041585e-04
8.303066e-04
7.923790e-04
7.471520e-04
7.221896e-04
7.153615e-04
6.982145e-04
6.918270e-04
6.624002e-04
6.342488e-04
6.202814e-04
6.139243e-04
5.669630e-04
5.573436e-04
5.437665e-04
5.371108e-04
5.212336e-04
5.185364e-04
5.076123e-04
4.994741e-04
4.940930e-04
4.827337e-04
4.747205e-04
4.611855e-04
4.561425e-04
4.548907e-04
4.441877e-04
4.410206e-04
4.325371e-04
4.315015e-04
4.189045e-04
4.171485e-04
4.134114e-04
4.032651e-04
4.006619e-04
3.975334e-04
3.933907e-04
3.847546e-04
3.839583e-04
3.792552e-04
3.752552e-04
3.714247e-04
3.640777e-04
3.592764e-04
3.547662e-04
3.515051e-04
3.470526e-04
3.447157e-04
3.391250e-04
3.354817e-04
3.314677e-04
3.259692e-04
3.249958e-04
3.214297e-04
3.167884e-04
3.117238e-04
3.078935e-04
3.058924e-04
3.029043e-04
3.024120e-04
3.016207e-04
2.951093e-04
2.934359e-04
2.896490e-04
2.851274e-04
2.823116e-04
2.793658e-04
2.789985e-04
2.757181e-04
2.675964e-04
2.641928e-04
2.612357e-04
2.590466e-04
2.547111e-04
2.529983e-04
2.506152e-04
2.455725e-04
2.445816e-04
2.421918e-04
2.382739e-04
2.326790e-04
2.320596e-04
2.309651e-04
2.290262e-04
2.250078e-04
2.212588e-04
2.199391e-04
2.146143e-04
2.092006e-04
2.065264e-04
2.047007e-04
2.027685e-04
2.000896e-04
1.982504e-04
1.945523e-04
1.933865e-04
1.882763e-04
1.873352e-04
1.821882e-04
1.793465e-04
1.778696e-04
1.738297e-04
1.700019e-04
1.687291e-04
1.670517e-04
1.648178e-04
1.626924e-04
1.616139e-04
1.568683e-04
1.557918e-04
1.500974e-04
1.483676e-04
1.446491e-04
1.434032e-04
1.371016e-04
1.361998e-04
1.345441e-04
1.323626e-04
1.296610e-04
1.279516e-04
1.263155e-04
1.246153e-04
1.197354e-04
1.173065e-04
1.121636e-04
1.117251e-04
1.107465e-04
1.089264e-04
1.076324e-04
1.041515e-04
9.966017e-05
9.941314e-05
9.451107e-05
9.271588e-05
8.917384e-05
8.807330e-05
8.739828e-05
8.348468e-05
8.184145e-05
8.131917e-05
7.885003e-05
7.511236e-05
7.354483e-05
7.254304e-05
6.900150e-05
6.759565e-05
6.527461e-05
6.067440e-05
5.911054e-05
5.760136e-05
5.313190e-05
5.202617e-05
4.838610e-05
4.729078e-05
4.479854e-05
4.317623e-05
4.043967e-05
3.895884e-05
3.685513e-05
3.397360e-05
3.024584e-05
2.662698e-05
2.466899e-05
2.209261e-05
1.918081e-05
1.749716e-05
1.648049e-05
1.364631e-05
1.200844e-05
9.897622e-06
7.502615e-06
4.815936e-06
2.911292e-06
7.811309e-14
8.110302e-15
-1.935035e-14
-9.285774e-14
-1.639095e-07
-1.673649e-06
-3.338923e-06
-7.218737e-06
-9.320165e-06
-1.080535e-05
-1.673752e-05
-1.742936e-05
-2.211919e-05
-2.324042e-05
-2.611526e-05
-2.692831e-05
-2.981130e-05
-3.154118e-05
-3.296305e-05
-3.533085e-05
-3.777560e-05
-4.206351e-05
-4.375839e-05
-4.598566e-05
-4.804939e-05
-5.196215e-05
-5.277262e-05
-5.707601e-05
-6.212646e-05
-6.462065e-05
-6.520961e-05
-6.599929e-05
-6.874830e-05
-7.239708e-05
-7.739726e-05
-7.899204e-05
-8.358968e-05
-8.502109e-05
-8.838818e-05
-9.011665e-05
-9.324453e-05
-9.507001e-05
-9.657683e-05
-9.790905e-05
-1.005189e-04
-1.023206e-04
-1.063064e-04
-1.100419e-04
-1.134220e-04
-1.170625e-04
-1.196005e-04
-1.200052e-04
-1.228654e-04
-1.245700e-04
-1.282259e-04
-1.333656e-04
-1.351349e-04
-1.370469e-04
-1.388811e-04
-1.440220e-04
-1.471546e-04
-1.487787e-04
-1.514391e-04
-1.547638e-04
-1.561691e-04
-1.563242e-04
-1.590225e-04
-1.618372e-04
-1.660005e-04
-1.692015e-04
-1.724948e-04
-1.738952e-04
-1.804997e-04
-1.849862e-04
-1.901878e-04
-1.912226e-04
-1.931580e-04
-1.958773e-04
-1.982152e-04
-2.020026e-04
-2.045804e-04
-2.118487e-04
-2.145356e-04
-2.171383e-04
-2.178341e-04
-2.216811e-04
-2.256527e-04
-2.301424e-04
-2.353298e-04
-2.399111e-04
-2.412538e-04
-2.485139e-04
-2.555492e-04
-2.565029e-04
-2.598463e-04
-2.652966e-04
-2.663684e-04
-2.733943e-04
-2.773892e-04
-2.816350e-04
-2.889076e-04
-2.968617e-04
-2.992023e-04
-3.023545e-04
-3.162000e-04
-3.180475e-04
-3.224723e-04
-3.324334e-04
-3.331874e-04
-3.408369e-04
-3.473455e-04
-3.594815e-04
-3.660317e-04
-3.700237e-04
-3.783380e-04
-3.797626e-04
-3.924810e-04
-4.066142e-04
-4.378600e-04
-4.841643e-04
-5.359980e-04
-7.773181e-04
-8.170414e-04
