1.284865e+05
6.413688e+03
3.138659e+03
2.857282e+03
1.782130e+03
1.581821e+03
1.354872e+03
1.131707e+03
8.849300e+02
6.746701e+02
5.895115e+02
4.930224e+02
2.716163e+02
2.555009e+02
2.236115e+02
1.964928e+02
1.922381e+02
1.551933e+02
1.359255e+02
1.208198e+02
1.129272e+02
9.670877e+01
9.258015e+01
7.848538e+01
7.567784e+01
6.749672e+01
6.598013e+01
6.284998e+01
5.653167e+01
5.485319e+01
4.529326e+01
4.332920e+01
4.060471e+01
3.742789e+01
3.313223e+01
3.264140e+01
2.957738e+01
2.760193e+01
2.706411e+01
2.542651e+01
2.420587e+01
2.191175e+01
1.906492e+01
1.872169e+01
1.682038e+01
1.586059e+01
1.575433e+01
1.415127e+01
1.261527e+01
1.203084e+01
1.103905e+01
1.028918e+01
9.054614e+00
8.668063e+00
8.059728e+00
7.173431e+00
6.552937e+00
6.363378e+00
6.048801e+00
5.558673e+00
5.250321e+00
4.637861e+00
4.585450e+00
4.211639e+00
4.035890e+00
3.597625e+00
3.460179e+00
3.174569e+00
2.955439e+00
2.770362e+00
2.566425e+00
2.383287e+00
2.224858e+00
2.166296e+00
1.922488e+00
1.871269e+00
1.765684e+00
1.654312e+00
1.580168e+00
1.482123e+00
1.257160e+00
1.202101e+00
1.062927e+00
1.042673e+00
1.018363e+00
8.698744e-01
8.472490e-01
8.344921e-01
7.713341e-01
7.469717e-01
6.266349e-01
6.025838e-01
5.718082e-01
5.605800e-01
4.774690e-01
4.499618e-01
4.407144e-01
4.178034e-01
3.950636e-01
3.731935e-01
3.497292e-01
3.342869e-01
3.217190e-01
2.908911e-01
2.737033e-01
2.568393e-01
2.170052e-01
2.052561e-01
2.019845e-01
1.909156e-01
1.826567e-01
1.796622e-01
1.495727e-01
1.453416e-01
1.410072e-01
1.277504e-01
1.249685e-01
1.120843e-01
1.094448e-01
1.025826e-01
9.673552e-02
9.649482e-02
8.784267e-02
8.393051e-02
7.636712e-02
7.119696e-02
6.817742e-02
6.657381e-02
5.967777e-02
5.507841e-02
5.231994e-02
4.823573e-02
4.631917e-02
3.956715e-02
3.253735e-02
3.129060e-02
2.694735e-02
2.537584e-02
2.381846e-02
2.128987e-02
1.970245e-02
1.825186e-02
1.705452e-02
1.600526e-02
1.502437e-02
1.436567e-02
1.329506e-02
1.260937e-02
1.174751e-02
1.012629e-02
9.106738e-03
8.485445e-03
8.023782e-03
7.823683e-03
7.468480e-03
6.084533e-03
5.580052e-03
5.368712e-03
4.988626e-03
4.488679e-03
3.886393e-03
3.717261e-03
3.548091e-03
2.985998e-03
2.919841e-03
2.685275e-03
2.420884e-03
2.306662e-03
2.292439e-03
2.187204e-03
2.061371e-03
1.947247e-03
1.848831e-03
1.794165e-03
1.726270e-03
1.625833e-03
1.616302e-03
1.582906e-03
1.528825e-03
1.485596e-03
1.466549e-03
1.449772e-03
1.390121e-03
1.369427e-03
1.322553e-03
1.300393e-03
1.280500e-03
1.271912e-03
1.248136e-03
1.218290e-03
1.196120e-03
1.189344e-03
1.175981e-03
1.169728e-03
1.160915e-03
1.129860e-03
1.117754e-03
1.102932e-03
1.085698e-03
1.064869e-03
1.062920e-03
1.050727e-03
1.023761e-03
1.012716e-03
1.006424e-03
1.002909e-03
9.803657e-04
9.709646e-04
9.610226e-04
9.359895e-04
9.293531e-04
9.283126e-04
8.988757e-04
8.965640e-04
8.807831e-04
8.728397e-04
8.507797e-04
8.386757e-04
8.373961e-04
8.142846e-04
8.096644e-04
7.902987e-04
7.798695e-04
7.680007e-04
7.643909e-04
7.515887e-04
7.477374e-04
7.409859e-04
7.361452e-04
7.210560e-04
7.046347e-04
6.903429e-04
6.852141e-04
6.765878e-04
6.608045e-04
6.390641e-04
6.386811e-04
6.257636e-04
6.112908e-04
6.051512e-04
5.929109e-04
5.766937e-04
5.676453e-04
5.613570e-04
5.578893e-04
5.509935e-04
5.430900e-04
5.335028e-04
5.167650e-04
5.083841e-04
5.029953e-04
4.872319e-04
4.852595e-04
4.777886e-04
4.614582e-04
4.540175e-04
4.472248e-04
4.364836e-04
4.282736e-04
4.066093e-04
4.010642e-04
3.943387e-04
3.925936e-04
3.744136e-04
3.683718e-04
3.600432e-04
3.413159e-04
3.362302e-04
3.347766e-04
3.217428e-04
3.144730e-04
3.080503e-04
3.021602e-04
2.942950e-04
2.783202e-04
2.759679e-04
2.555116e-04
2.489664e-04
2.380393e-04
2.294336e-04
2.205737e-04
2.171468e-04
2.063449e-04
2.016410e-04
1.900424e-04
1.812509e-04
1.709435e-04
1.678128e-04
1.659031e-04
1.423632e-04
1.283129e-04
1.224742e-04
1.166346e-04
1.030928e-04
9.704674e-05
8.753153e-05
8.657806e-05
7.593412e-05
6.816232e-05
6.028104e-05
5.077488e-05
4.194727e-05
2.606242e-05
1.727393e-05
9.532143e-06
4.579078e-06
-9.556494e-07
-1.492465e-05
-2.032958e-05
-3.919023e-05
-4.045572e-05
-4.963348e-05
-6.098267e-05
-6.983381e-05
-7.492589e-05
-8.846667e-05
-9.418102e-05
-9.510065e-05
-1.116250e-04
-1.213721e-04
-1.233057e-04
-1.479413e-04
-1.554707e-04
-1.609074e-04
-1.803249e-04
-1.851573e-04
-1.979690e-04
-2.040956e-04
-2.098961e-04
-2.189930e-04
-2.287663e-04
-2.412038e-04
-2.552749e-04
-2.582095e-04
-2.705319e-04
-2.839729e-04
-2.885697e-04
-2.983705e-04
-3.109615e-04
-3.199694e-04
-3.359876e-04
-3.443130e-04
-3.573294e-04
-3.735383e-04
-3.837396e-04
-3.920858e-04
-3.981581e-04
-4.003579e-04
-4.121622e-04
-4.215386e-04
-4.394907e-04
-4.500090e-04
-4.794641e-04
-4.867733e-04
-4.883665e-04
-5.017824e-04
-5.165882e-04
-5.271669e-04
-5.307822e-04
-5.541155e-04
-5.695238e-04
-5.753295e-04
-5.880136e-04
-6.031824e-04
-6.098260e-04
-6.166903e-04
-6.309899e-04
-6.437414e-04
-6.621175e-04
-6.899487e-04
-6.947911e-04
-7.018626e-04
-7.235441e-04
-7.383095e-04
-7.464978e-04
-7.862500e-04
-8.087661e-04
-8.301158e-04
-8.473290e-04
-8.724936e-04
-8.836790e-04
-8.995380e-04
-9.118927e-04
-9.524362e-04
