1.244698e+05
6.219982e+03
3.284893e+03
2.210056e+03
1.920494e+03
1.434431e+03
1.021703e+03
7.839189e+02
7.317125e+02
6.448772e+02
4.578989e+02
3.832358e+02
3.552949e+02
3.125811e+02
2.872492e+02
2.311884e+02
2.079920e+02
1.994101e+02
1.692503e+02
1.607660e+02
1.371573e+02
1.291240e+02
1.130136e+02
1.099810e+02
1.009772e+02
8.894403e+01
8.481712e+01
7.163280e+01
6.777784e+01
6.557121e+01
6.173858e+01
5.641689e+01
5.403111e+01
5.107446e+01
4.638133e+01
4.356240e+01
4.105351e+01
4.012418e+01
3.496355e+01
3.415495e+01
3.201185e+01
2.853126e+01
2.595876e+01
2.427745e+01
2.186643e+01
2.126073e+01
1.991425e+01
1.766924e+01
1.754811e+01
1.580521e+01
1.503926e+01
1.335605e+01
1.190154e+01
1.127202e+01
1.032496e+01
9.014335e+00
8.501601e+00
8.137546e+00
7.677404e+00
7.194166e+00
6.954876e+00
5.955571e+00
5.574115e+00
5.002610e+00
4.511119e+00
4.089950e+00
3.933537e+00
3.834200e+00
3.725743e+00
3.364635e+00
3.201766e+00
3.037832e+00
2.500209e+00
2.353037e+00
2.167715e+00
2.020647e+00
1.791534e+00
1.582256e+00
1.576720e+00
1.463946e+00
1.246315e+00
1.208223e+00
1.138643e+00
1.015941e+00
9.910941e-01
9.365826e-01
9.043923e-01
7.802499e-01
7.222074e-01
7.050540e-01
6.666654e-01
6.068484e-01
5.739995e-01
5.441161e-01
5.378732e-01
4.643855e-01
4.470702e-01
4.016477e-01
3.674181e-01
3.609263e-01
3.508548e-01
3.375117e-01
3.019053e-01
2.653556e-01
2.295826e-01
2.219734e-01
2.120184e-01
2.036566e-01
1.980101e-01
1.891956e-01
1.783233e-01
1.724073e-01
1.649015e-01
1.527649e-01
1.336545e-01
1.278294e-01
1.195310e-01
1.116251e-01
1.021718e-01
9.869242e-02
8.289397e-02
7.981703e-02
7.127074e-02
6.874648e-02
6.640719e-02
6.245637e-02
5.872469e-02
5.202714e-02
4.400909e-02
3.947496e-02
3.643909e-02
3.205786e-02
2.880749e-02
2.792063e-02
2.560607e-02
2.418631e-02
2.220079e-02
2.080049e-02
1.955467e-02
1.804932e-02
1.765084e-02
1.614582e-02
1.360072e-02
1.269876e-02
1.211536e-02
1.144480e-02
9.489923e-03
8.904531e-03
8.337084e-03
7.946952e-03
7.402053e-03
6.943285e-03
6.064044e-03
5.960373e-03
5.639513e-03
4.772113e-03
4.704413e-03
4.276633e-03
3.970661e-03
3.677778e-03
3.415565e-03
3.304380e-03
3.125665e-03
3.029405e-03
2.546667e-03
2.517226e-03
2.380745e-03
2.269801e-03
2.118565e-03
1.875961e-03
1.793858e-03
1.777978e-03
1.740843e-03
1.672367e-03
1.658616e-03
1.619142e-03
1.586866e-03
1.555126e-03
1.485752e-03
1.451711e-03
1.424429e-03
1.415362e-03
1.375502e-03
1.359066e-03
1.343863e-03
1.323368e-03
1.294107e-03
1.269656e-03
1.245240e-03
1.218412e-03
1.217680e-03
1.207648e-03
1.179048e-03
1.156454e-03
1.150096e-03
1.128851e-03
1.117845e-03
1.112386e-03
1.098212e-03
1.084475e-03
1.080082e-03
1.064503e-03
1.058414e-03
1.041432e-03
1.026907e-03
1.012647e-03
9.994982e-04
9.819835e-04
9.742151e-04
9.677146e-04
9.431182e-04
9.381888e-04
9.314761e-04
9.113475e-04
9.061960e-04
9.020311e-04
8.865513e-04
8.689046e-04
8.627193e-04
8.446521e-04
8.279381e-04
8.117903e-04
8.112674e-04
8.059636e-04
7.892552e-04
7.757824e-04
7.691794e-04
7.620859e-04
7.560204e-04
7.507296e-04
7.412373e-04
7.334465e-04
7.181234e-04
7.128684e-04
7.035493e-04
6.913443e-04
6.803437e-04
6.762901e-04
6.644654e-04
6.499794e-04
6.445839e-04
6.297642e-04
6.204957e-04
6.067462e-04
5.949165e-04
5.884258e-04
5.732682e-04
5.664526e-04
5.559911e-04
5.505937e-04
5.327795e-04
5.293238e-04
5.264136e-04
5.131675e-04
5.083645e-04
5.001296e-04
4.864223e-04
4.714087e-04
4.667639e-04
4.591053e-04
4.450059e-04
4.416705e-04
4.307132e-04
4.276400e-04
4.121154e-04
4.025765e-04
3.907705e-04
3.882898e-04
3.823889e-04
3.774249e-04
3.690259e-04
3.607261e-04
3.517254e-04
3.439923e-04
3.299474e-04
3.223976e-04
3.156304e-04
3.039387e-04
2.959436e-04
2.921604e-04
2.843634e-04
2.693624e-04
2.591701e-04
2.482739e-04
2.421007e-04
2.346453e-04
2.314047e-04
2.146555e-04
2.054728e-04
2.030922e-04
1.954068e-04
1.931881e-04
1.840570e-04
1.757822e-04
1.664707e-04
1.640858e-04
1.495788e-04
1.414111e-04
1.289346e-04
1.230911e-04
1.160799e-04
1.063694e-04
9.445816e-05
8.958346e-05
7.659963e-05
7.150562e-05
5.932104e-05
5.392708e-05
4.071805e-05
3.870891e-05
3.179969e-05
1.947014e-05
1.114941e-05
-2.173857e-06
-9.778379e-06
-2.818831e-05
-3.779808e-05
-4.603208e-05
-5.892915e-05
-6.927439e-05
-8.005901e-05
-8.309752e-05
-9.169928e-05
-1.047951e-04
-1.089518e-04
-1.144816e-04
-1.255693e-04
-1.342559e-04
-1.390329e-04
-1.498467e-04
-1.569490e-04
-1.686041e-04
-1.765816e-04
-1.855013e-04
-1.953686e-04
-2.011295e-04
-2.210360e-04
-2.307322e-04
-2.365014e-04
-2.428721e-04
-2.520578e-04
-2.630969e-04
-2.810782e-04
-2.901446e-04
-2.950189e-04
-3.016090e-04
-3.154332e-04
-3.236187e-04
-3.367195e-04
-3.447597e-04
-3.538135e-04
-3.773902e-04
-3.873872e-04
-3.924702e-04
-4.017645e-04
-4.096016e-04
-4.298175e-04
-4.329064e-04
-4.499569e-04
-4.741812e-04
-4.888410e-04
-4.978469e-04
-5.208059e-04
-5.290686e-04
-5.309356e-04
-5.555804e-04
-5.677112e-04
-5.729921e-04
-5.799116e-04
-6.026988e-04
-6.088110e-04
-6.234249e-04
-6.385064e-04
-6.478061e-04
-6.752250e-04
-6.873756e-04
-6.957976e-04
-7.157524e-04
-7.301527e-04
-7.420992e-04
-7.647018e-04
-7.878096e-04
-8.396353e-04
-9.017474e-04
