8.897955e+04
3.796057e+03
2.468562e+03
1.881967e+03
1.015911e+03
8.278569e+02
5.116222e+02
4.223226e+02
3.112003e+02
2.740351e+02
2.350569e+02
2.183868e+02
1.928220e+02
1.804697e+02
1.677002e+02
1.373594e+02
1.330210e+02
1.207275e+02
1.180417e+02
1.130119e+02
9.976424e+01
9.494652e+01
8.603998e+01
8.309808e+01
7.723936e+01
7.276498e+01
6.683295e+01
6.653956e+01
5.807588e+01
5.670178e+01
5.183778e+01
4.882225e+01
4.717718e+01
4.336077e+01
4.055641e+01
3.895258e+01
3.605807e+01
3.425363e+01
3.240044e+01
3.002125e+01
2.726276e+01
2.592822e+01
2.457684e+01
2.241674e+01
2.171845e+01
2.016063e+01
1.904704e+01
1.668685e+01
1.576644e+01
1.480365e+01
1.372817e+01
1.339625e+01
1.281112e+01
1.169080e+01
1.111618e+01
1.096628e+01
9.763407e+00
9.092565e+00
8.777171e+00
7.803889e+00
7.347256e+00
7.079413e+00
6.406845e+00
6.018085e+00
5.677843e+00
5.025520e+00
4.688699e+00
4.532287e+00
4.451530e+00
3.919711e+00
3.481055e+00
3.218517e+00
2.771830e+00
2.510627e+00
2.341475e+00
2.293706e+00
2.194737e+00
1.970176e+00
1.910855e+00
1.725149e+00
1.669920e+00
1.648098e+00
1.481095e+00
1.430637e+00
1.348045e+00
1.281972e+00
1.165540e+00
1.084330e+00
1.010050e+00
9.901716e-01
9.629811e-01
8.922768e-01
8.302352e-01
7.825929e-01
7.564901e-01
6.825593e-01
6.704533e-01
6.158209e-01
5.947959e-01
5.507623e-01
5.215371e-01
4.943714e-01
4.650787e-01
4.215178e-01
3.947017e-01
3.763294e-01
3.566185e-01
3.299354e-01
3.226911e-01
3.024832e-01
2.798902e-01
2.620467e-01
2.560304e-01
2.454188e-01
2.300997e-01
2.061876e-01
2.001471e-01
1.916847e-01
1.820406e-01
1.712460e-01
1.613791e-01
1.541337e-01
1.447285e-01
1.281952e-01
1.274859e-01
1.151447e-01
1.039288e-01
1.014201e-01
9.440506e-02
9.001850e-02
8.249102e-02
7.585512e-02
6.949123e-02
6.724224e-02
6.361661e-02
5.894941e-02
5.644078e-02
5.425892e-02
5.205882e-02
4.985887e-02
4.785470e-02
4.657905e-02
4.589032e-02
4.413415e-02
3.758752e-02
3.484435e-02
3.372444e-02
3.183246e-02
2.739586e-02
2.599902e-02
2.391162e-02
2.298430e-02
2.206744e-02
2.115225e-02
1.974870e-02
1.898939e-02
1.779453e-02
1.672688e-02
1.572631e-02
1.518486e-02
1.487785e-02
1.391402e-02
1.283036e-02
1.221663e-02
1.212000e-02
1.102947e-02
1.082943e-02
9.162174e-03
8.731783e-03
8.631613e-03
8.049353e-03
7.266141e-03
6.430286e-03
6.334472e-03
6.127798e-03
5.661914e-03
5.486064e-03
4.970474e-03
4.834956e-03
4.686083e-03
4.594029e-03
4.413957e-03
3.902917e-03
3.825775e-03
3.542457e-03
3.497967e-03
3.177035e-03
2.909166e-03
2.706512e-03
2.513336e-03
2.403207e-03
2.356321e-03
2.249473e-03
2.189616e-03
2.161351e-03
2.135040e-03
1.987692e-03
1.840814e-03
1.822226e-03
1.725029e-03
1.584465e-03
1.570014e-03
1.534578e-03
1.484399e-03
1.457339e-03
1.384836e-03
1.365243e-03
1.309427e-03
1.282375e-03
1.263278e-03
1.238707e-03
1.209256e-03
1.194724e-03
1.177372e-03
1.168963e-03
1.152414e-03
1.136106e-03
1.118317e-03
1.109112e-03
1.091021e-03
1.084938e-03
1.060489e-03
1.033164e-03
1.028849e-03
1.004875e-03
9.963786e-04
9.898265e-04
9.848578e-04
9.589419e-04
9.513430e-04
9.417504e-04
9.320155e-04
9.085285e-04
8.982827e-04
8.931953e-04
8.775825e-04
8.654191e-04
8.586601e-04
8.536811e-04
8.324000e-04
8.128358e-04
8.094744e-04
7.991402e-04
7.974890e-04
7.777981e-04
7.761735e-04
7.686527e-04
7.553378e-04
7.363503e-04
7.281094e-04
7.262805e-04
7.146155e-04
7.098521e-04
6.845716e-04
6.737098e-04
6.586668e-04
6.484230e-04
6.363280e-04
6.289438e-04
6.134664e-04
6.100062e-04
5.896392e-04
5.829983e-04
5.711173e-04
5.658193e-04
5.631390e-04
5.581142e-04
5.421180e-04
5.322909e-04
5.306437e-04
5.205604e-04
5.181447e-04
5.008529e-04
4.873892e-04
4.699505e-04
4.663903e-04
4.510789e-04
4.386928e-04
4.278667e-04
4.197303e-04
4.136865e-04
4.097249e-04
4.012049e-04
3.952645e-04
3.859843e-04
3.736038e-04
3.686399e-04
3.646678e-04
3.523297e-04
3.436270e-04
3.281199e-04
3.268189e-04
3.192099e-04
3.101878e-04
3.035117e-04
2.963814e-04
2.780871e-04
2.757526e-04
2.625345e-04
2.465296e-04
2.361051e-04
2.315596e-04
2.176371e-04
2.118647e-04
2.010907e-04
1.944384e-04
1.892553e-04
1.744562e-04
1.711699e-04
1.574673e-04
1.386345e-04
1.361173e-04
1.320536e-04
1.194612e-04
1.114150e-04
1.005213e-04
9.167742e-05
7.614743e-05
5.991893e-05
5.140307e-05
4.243417e-05
3.315683e-05
2.914375e-05
2.011715e-05
1.079991e-05
5.019615e-12
8.911917e-14
2.675385e-14
-5.897504e-14
-2.952693e-06
-3.873797e-06
-1.859985e-05
-2.177029e-05
-4.733793e-05
-5.145671e-05
-6.308041e-05
-7.056218e-05
-8.031964e-05
-8.842339e-05
-9.967182e-05
-1.026670e-04
-1.106684e-04
-1.236056e-04
-1.295689e-04
-1.415271e-04
-1.440352e-04
-1.572850e-04
-1.612310e-04
-1.732343e-04
-1.880854e-04
-1.936338e-04
-2.056015e-04
-2.120890e-04
-2.235253e-04
-2.476886e-04
-2.648150e-04
-2.783257e-04
-2.930359e-04
-2.953153e-04
-3.073827e-04
-3.120149e-04
-3.199306e-04
-3.287659e-04
-3.482923e-04
-3.514125e-04
-3.776123e-04
-3.911143e-04
-4.056201e-04
-4.146217e-04
-4.233506e-04
-4.414285e-04
-4.464163e-04
-4.619464e-04
-4.849719e-04
-4.947261e-04
-5.014084e-04
-5.198642e-04
-5.307485e-04
-5.556071e-04
-5.806281e-04
-5.898509e-04
-6.252881e-04
-6.649342e-04
-6.916709e-04
