1.192745e+10
9.605576e+08
1.797796e+08
1.378150e+08
9.734077e+07
6.980444e+07
6.347738e+07
5.335686e+07
5.085225e+07
3.418501e+07
3.276699e+07
2.918508e+07
2.390531e+07
2.136368e+07
2.037546e+07
1.790576e+07
1.631020e+07
1.272623e+07
1.117697e+07
9.318712e+06
7.802900e+06
7.026341e+06
6.055154e+06
5.046181e+06
4.018807e+06
3.867299e+06
3.275718e+06
2.717559e+06
2.014534e+06
1.887394e+06
1.778107e+06
1.606562e+06
1.414113e+06
1.198209e+06
1.179279e+06
1.008483e+06
9.586422e+05
8.288240e+05
7.908676e+05
6.806959e+05
5.822506e+05
4.870872e+05
4.185012e+05
3.774538e+05
3.602147e+05
3.239553e+05
2.880938e+05
2.545237e+05
2.128561e+05
1.779910e+05
1.671800e+05
1.227561e+05
1.128656e+05
1.000947e+05
7.568843e+04
6.601719e+04
5.147386e+04
4.602102e+04
3.867703e+04
2.888933e+04
2.291529e+04
1.923526e+04
1.336817e+04
9.227257e+03
5.399166e+03
3.801491e+03
3.050225e+03
2.617743e+03
1.840226e+03
1.305281e+03
5.469730e+02
4.143659e+02
3.362255e+02
2.147040e+02
1.531850e+02
1.036919e+02
5.940421e+01
4.082447e+01
2.919023e+01
1.698620e+01
1.487211e+01
7.546060e+00
5.526708e+00
3.294086e+00
2.213158e+00
1.201317e+00
7.050801e-01
6.065751e-01
4.888261e-01
3.478679e-01
1.733414e-01
1.545448e-01
1.487762e-01
7.295276e-02
4.580375e-02
4.094204e-02
3.741987e-02
2.692520e-02
2.576501e-02
1.961572e-02
1.641170e-02
1.413897e-02
1.206920e-02
1.070327e-02
9.528304e-03
8.464597e-03
7.509786e-03
6.065503e-03
5.464807e-03
4.512760e-03
3.546352e-03
1.910936e-03
8.581684e-04
4.741926e-04
-6.515594e-04
-1.982501e-03
-2.352233e-03
-3.003278e-03
-3.630615e-03
-5.817416e-03
-7.163722e-03
-8.384329e-03
-8.717379e-03
-1.182171e-02
-1.500473e-02
-1.823339e-02
-2.084818e-02
-3.259241e-02
