3.408366e+10
1.220512e+10
7.701102e+09
5.054936e+09
4.647825e+09
3.969154e+09
3.543800e+09
2.962862e+09
2.737572e+09
2.565859e+09
2.410877e+09
2.301905e+09
2.199891e+09
2.070083e+09
1.932944e+09
1.790875e+09
1.730527e+09
1.621824e+09
1.580419e+09
1.498703e+09
1.462467e+09
1.344960e+09
1.326437e+09
1.269659e+09
1.207579e+09
1.173397e+09
1.140199e+09
1.039380e+09
1.028651e+09
1.019961e+09
9.575261e+08
9.429476e+08
9.085322e+08
8.904708e+08
8.617309e+08
8.057939e+08
8.049547e+08
7.862564e+08
7.694991e+08
7.571945e+08
7.488361e+08
7.195432e+08
7.024884e+08
6.867726e+08
6.670117e+08
6.473167e+08
6.408065e+08
6.262264e+08
6.096171e+08
5.966538e+08
5.868166e+08
5.649290e+08
5.591372e+08
5.370408e+08
5.223197e+08
5.083845e+08
4.944952e+08
4.883830e+08
4.696747e+08
4.515705e+08
4.387901e+08
4.288105e+08
4.165747e+08
4.088438e+08
4.039828e+08
3.945266e+08
3.752422e+08
3.671555e+08
3.607367e+08
3.476214e+08
3.416046e+08
3.317905e+08
3.225805e+08
3.095962e+08
3.081473e+08
2.930205e+08
2.858581e+08
2.759145e+08
2.733464e+08
2.660829e+08
2.601770e+08
2.504979e+08
2.432922e+08
2.413013e+08
2.337136e+08
2.163366e+08
2.112262e+08
2.047097e+08
2.021448e+08
1.890437e+08
1.864267e+08
1.839154e+08
1.804100e+08
1.741821e+08
1.658284e+08
1.644266e+08
1.624154e+08
1.507093e+08
1.474767e+08
1.427197e+08
1.407968e+08
1.379696e+08
1.319472e+08
1.307088e+08
1.206745e+08
1.151505e+08
1.099702e+08
1.067003e+08
9.334540e+07
9.018985e+07
8.477469e+07
7.685717e+07
6.912342e+07
6.432710e+07
5.412638e+07
5.339100e+07
4.812721e+07
4.632582e+07
4.465966e+07
4.329604e+07
3.720740e+07
3.479164e+07
2.814853e+07
1.734013e+07
8.284053e+06
6.805064e+06
3.802352e+06
2.469761e+06
