5.277490e+06
5.748121e+05
2.457011e+05
1.662118e+04
2.192790e+03
2.731316e+02
1.460920e+01
5.012551e+00
2.346187e+00
1.541953e+00
1.070819e+00
8.678412e-01
7.691959e-01
6.348178e-01
5.607341e-01
5.441146e-01
5.050488e-01
4.853404e-01
4.512511e-01
4.320230e-01
3.926287e-01
3.743581e-01
3.608691e-01
3.520131e-01
3.307994e-01
3.244777e-01
3.180335e-01
3.037049e-01
2.903957e-01
2.725766e-01
2.645603e-01
2.610302e-01
2.542830e-01
2.366252e-01
2.272104e-01
2.136952e-01
2.109528e-01
1.939324e-01
1.875701e-01
1.851176e-01
1.799414e-01
1.711720e-01
1.545722e-01
1.524912e-01
1.494996e-01
1.433084e-01
1.360370e-01
1.316409e-01
1.283084e-01
1.187919e-01
1.149591e-01
1.092773e-01
1.044426e-01
9.308800e-02
8.637948e-02
8.128358e-02
7.762433e-02
7.254201e-02
6.880058e-02
6.595723e-02
6.117009e-02
5.738610e-02
5.412863e-02
5.063456e-02
4.776158e-02
4.683804e-02
4.358231e-02
3.737756e-02
3.553900e-02
3.257336e-02
2.941558e-02
2.920165e-02
2.500693e-02
2.194599e-02
1.840525e-02
1.747394e-02
1.525546e-02
1.506727e-02
1.069666e-02
8.313188e-03
7.788584e-03
5.589328e-03
3.527758e-03
-1.077338e-11
-1.272482e-04
-2.136203e-03
-3.871245e-03
-7.492807e-03
-1.060068e-02
-1.274728e-02
-1.565709e-02
-1.811029e-02
-2.537673e-02
-3.205298e-02
-3.471859e-02
-4.222844e-02
-4.394458e-02
-5.083921e-02
-5.158096e-02
-5.892120e-02
-6.981806e-02
-7.421412e-02
-7.993732e-02
-8.577199e-02
-1.059637e-01
-1.139774e-01
-1.210216e-01
-1.255863e-01
-1.505794e-01
-1.569785e-01
-1.679648e-01
-1.845987e-01
-1.968760e-01
-2.308340e-01
-2.524751e-01
-2.572448e-01
-2.871994e-01
-3.309049e-01
-3.450881e-01
-3.994485e-01
-5.098071e-01
-6.353033e-01
-7.539777e-01
-8.642125e-01
-9.953180e-01
-1.105954e+00
-1.702722e+00
-3.229090e+00
