2.545436e+10
1.248484e+10
6.245265e+09
4.326652e+09
3.737289e+09
3.550803e+09
3.291932e+09
3.089550e+09
2.479796e+09
2.335225e+09
2.225222e+09
2.081673e+09
2.003281e+09
1.807556e+09
1.697423e+09
1.678654e+09
1.603758e+09
1.485238e+09
1.416017e+09
1.322582e+09
1.307938e+09
1.259009e+09
1.237585e+09
1.186554e+09
1.094348e+09
1.075003e+09
1.026299e+09
1.001743e+09
9.760518e+08
9.333022e+08
9.205645e+08
9.109238e+08
8.765091e+08
8.660041e+08
8.318888e+08
8.044011e+08
7.975432e+08
7.247146e+08
6.939181e+08
6.886195e+08
6.668431e+08
6.570634e+08
6.320025e+08
6.233165e+08
6.089374e+08
6.041812e+08
5.834111e+08
5.742117e+08
5.575442e+08
5.315972e+08
5.271924e+08
5.012374e+08
4.918518e+08
4.868289e+08
4.693935e+08
4.601366e+08
4.522466e+08
4.439959e+08
4.282807e+08
4.126054e+08
4.009619e+08
3.970119e+08
3.854548e+08
3.728189e+08
3.665345e+08
3.440728e+08
3.397608e+08
3.377565e+08
3.256015e+08
3.208592e+08
3.119279e+08
3.051281e+08
2.937391e+08
2.779419e+08
2.724780e+08
2.685825e+08
2.624441e+08
2.488818e+08
2.407976e+08
2.361218e+08
2.336868e+08
2.219693e+08
2.135925e+08
2.099221e+08
2.020953e+08
2.010021e+08
1.974167e+08
1.865005e+08
1.843627e+08
1.796096e+08
1.673697e+08
1.634627e+08
1.554569e+08
1.496400e+08
1.421844e+08
1.381038e+08
1.304842e+08
1.288150e+08
1.249795e+08
1.218927e+08
1.140725e+08
1.082484e+08
1.027821e+08
9.665062e+07
9.140416e+07
8.499496e+07
7.712256e+07
7.246854e+07
6.971982e+07
6.365048e+07
6.196065e+07
5.978152e+07
5.212611e+07
5.019744e+07
4.920031e+07
4.325586e+07
4.263742e+07
3.909216e+07
3.656359e+07
2.831096e+07
2.354487e+07
1.607793e+07
1.410899e+07
1.273462e+07
6.807076e+06
2.892019e+06
8.953872e+05
8.138062e+05
