1.623892e+05
6.135446e+03
2.346954e+03
3.771401e+02
1.272040e+02
2.153532e+01
6.111128e+00
1.598455e+00
3.316892e-01
7.370787e-02
2.086432e-02
7.281232e-03
6.033945e-03
5.216258e-03
4.714809e-03
4.468185e-03
4.230327e-03
4.005230e-03
3.772345e-03
3.731349e-03
3.382575e-03
3.310690e-03
3.193548e-03
3.111369e-03
2.999817e-03
2.820897e-03
2.678021e-03
2.571547e-03
2.419188e-03
2.374965e-03
2.266476e-03
2.168318e-03
2.049689e-03
1.927673e-03
1.661791e-03
1.529121e-03
1.495390e-03
1.351142e-03
1.294565e-03
1.129057e-03
1.043235e-03
8.430047e-04
7.415267e-04
6.981437e-04
6.441667e-04
5.514756e-04
4.931494e-04
3.746173e-04
2.005591e-04
1.703088e-04
1.310493e-04
-1.130851e-04
-3.846948e-04
-4.579481e-04
-4.764820e-04
-6.935881e-04
-8.256051e-04
-9.635720e-04
-1.144781e-03
-1.257194e-03
-1.325709e-03
-1.537555e-03
-1.613589e-03
-1.909543e-03
