7.761297e+12
5.959724e+12
3.828562e+12
3.430841e+12
3.269110e+12
2.966020e+12
2.886190e+12
2.743074e+12
2.628068e+12
2.446480e+12
2.357393e+12
2.289156e+12
2.084892e+12
1.936216e+12
1.896797e+12
1.855674e+12
1.714074e+12
1.662727e+12
1.630806e+12
1.569233e+12
1.524658e+12
1.483390e+12
1.458953e+12
1.378649e+12
1.341494e+12
1.310054e+12
1.282232e+12
1.237978e+12
1.167834e+12
1.147603e+12
1.073832e+12
1.064962e+12
1.035040e+12
1.001356e+12
9.948416e+11
9.566612e+11
9.368265e+11
9.035252e+11
8.939612e+11
8.721728e+11
8.574807e+11
8.499564e+11
8.188722e+11
7.900149e+11
7.771123e+11
7.638873e+11
7.417780e+11
7.099192e+11
6.908422e+11
6.680414e+11
6.575325e+11
6.441080e+11
6.369636e+11
6.222685e+11
6.187087e+11
6.100176e+11
5.928654e+11
5.826080e+11
5.736746e+11
5.526570e+11
5.387470e+11
5.349381e+11
5.229130e+11
5.091299e+11
5.014028e+11
4.909495e+11
4.893632e+11
4.822842e+11
4.701086e+11
4.544699e+11
4.455050e+11
4.417373e+11
4.313212e+11
4.242099e+11
4.219838e+11
4.092316e+11
4.020548e+11
3.998247e+11
3.935238e+11
3.895251e+11
3.872990e+11
3.766580e+11
3.723386e+11
3.700365e+11
3.593347e+11
3.551422e+11
3.522601e+11
3.495982e+11
3.412214e+11
3.388057e+11
3.300293e+11
3.244786e+11
3.220710e+11
3.148141e+11
3.069260e+11
3.027138e+11
2.998768e+11
2.911751e+11
2.868412e+11
2.850716e+11
2.797390e+11
2.742114e+11
2.703958e+11
2.644403e+11
2.639468e+11
2.553874e+11
2.532120e+11
2.500063e+11
2.464728e+11
2.430172e+11
2.404539e+11
2.295910e+11
2.276166e+11
2.240535e+11
2.181985e+11
2.164614e+11
2.095574e+11
2.038401e+11
1.934985e+11
1.898083e+11
1.880340e+11
1.836444e+11
1.695226e+11
1.513546e+11
1.444502e+11
1.215860e+11
9.270809e+10
6.541195e+10
