2.119405e+05
2.444411e+04
4.215173e+03
1.509030e+03
1.972982e+02
1.990660e+01
9.279880e+00
6.422063e+00
1.486988e+00
2.077517e-01
5.817749e-02
5.051145e-02
3.957653e-02
3.568991e-02
3.036365e-02
2.499268e-02
2.289116e-02
2.112272e-02
1.946025e-02
1.840975e-02
1.756082e-02
1.733804e-02
1.578836e-02
1.450288e-02
1.419153e-02
1.354045e-02
1.243219e-02
1.211759e-02
1.123978e-02
1.108728e-02
1.059857e-02
1.039377e-02
9.836026e-03
9.660974e-03
9.259346e-03
8.943648e-03
8.581515e-03
8.520137e-03
8.170626e-03
7.357153e-03
7.077898e-03
6.752358e-03
6.633867e-03
6.331370e-03
6.063769e-03
5.742040e-03
5.441274e-03
5.150227e-03
5.090611e-03
4.823153e-03
4.719741e-03
4.551813e-03
4.456881e-03
4.205637e-03
3.852493e-03
3.720602e-03
3.559460e-03
3.450657e-03
3.320318e-03
3.222927e-03
3.063826e-03
2.923266e-03
2.743039e-03
2.547099e-03
2.401898e-03
2.399496e-03
2.089402e-03
1.866107e-03
1.707407e-03
1.623892e-03
1.555533e-03
1.502214e-03
1.241559e-03
1.139976e-03
1.042312e-03
1.015301e-03
9.648282e-04
9.441697e-04
8.505559e-04
7.725938e-04
6.715151e-04
6.253686e-04
5.170248e-04
4.597414e-04
4.127287e-04
8.124891e-05
2.760667e-05
-6.569793e-05
-3.219151e-04
-4.143425e-04
-6.201464e-04
-9.003662e-04
-1.245448e-03
-1.338067e-03
-1.716033e-03
-1.823181e-03
-1.929967e-03
-2.416832e-03
-2.585816e-03
-2.940485e-03
-3.290814e-03
-3.753612e-03
-3.918593e-03
-4.646374e-03
-4.902594e-03
-5.253220e-03
-5.991287e-03
-6.691169e-03
-7.685707e-03
-8.141530e-03
-9.173528e-03
-1.004804e-02
-1.121472e-02
-1.207227e-02
-1.324011e-02
-1.420297e-02
-1.719442e-02
-2.085985e-02
-2.151676e-02
-2.276545e-02
-2.902589e-02
-2.969621e-02
-3.589718e-02
-3.755247e-02
-4.345141e-02
-4.553299e-02
-7.816398e-02
-9.374793e-02
