4.284401e+05
2.847745e+05
2.509157e+05
2.032198e+05
1.816119e+05
1.597516e+05
1.506064e+05
1.346534e+05
1.097342e+05
1.071521e+05
8.982059e+04
8.361311e+04
7.419665e+04
7.269097e+04
6.206036e+04
5.761163e+04
5.296675e+04
4.333624e+04
3.082566e+04
2.672148e+04
2.233308e+04
2.035412e+04
1.942614e+04
1.931829e+04
1.386299e+04
1.254548e+04
1.146910e+04
1.032378e+04
1.001703e+04
8.890110e+03
7.506767e+03
6.222196e+03
5.403387e+03
4.630619e+03
4.015040e+03
3.602178e+03
3.350292e+03
2.645682e+03
2.258208e+03
2.031670e+03
1.507040e+03
1.390906e+03
1.294781e+03
1.220676e+03
9.132255e+02
7.134934e+02
6.148354e+02
5.204292e+02
4.785287e+02
4.389944e+02
3.385542e+02
3.192432e+02
3.104008e+02
2.807807e+02
2.739889e+02
2.401427e+02
1.416597e+02
1.141565e+02
1.047648e+02
7.924731e+01
7.097879e+01
6.450693e+01
4.796779e+01
4.131346e+01
3.667306e+01
2.981038e+01
2.553064e+01
2.310358e+01
1.922144e+01
1.764641e+01
1.351768e+01
1.064457e+01
9.990241e+00
9.201354e+00
8.572892e+00
7.911387e+00
6.346411e+00
4.617768e+00
4.151358e+00
4.001964e+00
2.519710e+00
2.151323e+00
1.868298e+00
1.540302e+00
8.393798e-01
7.320614e-01
6.934673e-01
3.394603e-01
3.244478e-01
2.787851e-01
2.422877e-01
2.134178e-01
1.394604e-01
1.226677e-01
1.117466e-01
1.090741e-01
8.147416e-02
7.928091e-02
7.104430e-02
6.083179e-02
5.099602e-02
4.679246e-02
4.025599e-02
3.916902e-02
3.832943e-02
3.750890e-02
3.618547e-02
3.547979e-02
3.463177e-02
3.410495e-02
3.366509e-02
3.338509e-02
3.315530e-02
3.175881e-02
3.021386e-02
3.005863e-02
2.951840e-02
2.879117e-02
2.823477e-02
2.775568e-02
2.616537e-02
2.600339e-02
2.289980e-02
2.163539e-02
2.116985e-02
1.811487e-02
1.654399e-02
-1.093476e-11
