6.616872e+05
2.939323e+05
1.915855e+05
1.739698e+05
1.680358e+05
1.185838e+05
1.081935e+05
9.408235e+04
8.567050e+04
7.865690e+04
7.155973e+04
6.493929e+04
6.009335e+04
5.024548e+04
4.659262e+04
4.072368e+04
3.021979e+04
2.720720e+04
2.021686e+04
1.719552e+04
1.273036e+04
1.154087e+04
9.866373e+03
9.136236e+03
7.721656e+03
6.714212e+03
6.080801e+03
5.638140e+03
4.656493e+03
4.092818e+03
3.578851e+03
3.224728e+03
2.590831e+03
2.246982e+03
1.842289e+03
1.485124e+03
1.264231e+03
1.084184e+03
9.521291e+02
8.185520e+02
6.854293e+02
5.443804e+02
4.653197e+02
3.963583e+02
3.708530e+02
2.843103e+02
2.774175e+02
2.206547e+02
1.795602e+02
1.633543e+02
1.516570e+02
1.278181e+02
1.062244e+02
8.166012e+01
6.745702e+01
6.243990e+01
5.247422e+01
3.704073e+01
2.994553e+01
2.744941e+01
2.160891e+01
1.608328e+01
1.313761e+01
1.214130e+01
1.058503e+01
9.004331e+00
8.041940e+00
5.133241e+00
4.765129e+00
4.123442e+00
3.682772e+00
3.234251e+00
3.012743e+00
2.441364e+00
2.096020e+00
1.407721e+00
1.041174e+00
9.666440e-01
6.907799e-01
6.200909e-01
5.804929e-01
5.176152e-01
4.443124e-01
4.080476e-01
2.602561e-01
2.067722e-01
1.664333e-01
1.394953e-01
1.247744e-01
7.942337e-02
6.333054e-02
5.712804e-02
5.177696e-02
4.998799e-02
4.403086e-02
3.996801e-02
3.883307e-02
3.776274e-02
3.570335e-02
3.488659e-02
3.401658e-02
3.253260e-02
3.249806e-02
3.010660e-02
2.942334e-02
2.833360e-02
2.674571e-02
2.536424e-02
2.508534e-02
2.397918e-02
2.358434e-02
2.345237e-02
2.281420e-02
2.169503e-02
2.092981e-02
2.064858e-02
2.018031e-02
1.947683e-02
1.704723e-02
1.676307e-02
1.667876e-02
1.587152e-02
1.454892e-02
1.383783e-02
1.178761e-02
1.055569e-02
5.893053e-03
-1.922057e-12
