3.125951e+12
2.703593e+12
2.246861e+12
2.124875e+12
1.976973e+12
1.706305e+12
1.636859e+12
1.425011e+12
1.341944e+12
1.261070e+12
1.196409e+12
1.145307e+12
1.132414e+12
1.035222e+12
9.957612e+11
9.689551e+11
9.396200e+11
9.064024e+11
8.515645e+11
8.291498e+11
7.856774e+11
7.707110e+11
7.329333e+11
7.163295e+11
6.626521e+11
6.322965e+11
6.265059e+11
6.160505e+11
6.073160e+11
5.678222e+11
5.578458e+11
5.343937e+11
5.033506e+11
4.917639e+11
4.793830e+11
4.503827e+11
4.448636e+11
4.246666e+11
4.146071e+11
3.904190e+11
3.878805e+11
3.749869e+11
3.558758e+11
3.524890e+11
3.367119e+11
3.325455e+11
3.195920e+11
3.138548e+11
3.061197e+11
3.012225e+11
2.975567e+11
2.929537e+11
2.734339e+11
2.692775e+11
2.676002e+11
2.639172e+11
2.562830e+11
2.432467e+11
2.382173e+11
2.325908e+11
2.314142e+11
2.222241e+11
2.203210e+11
2.156114e+11
2.103453e+11
2.054651e+11
2.005793e+11
2.001590e+11
1.958433e+11
1.878558e+11
1.869079e+11
1.789502e+11
1.764688e+11
1.750549e+11
1.721587e+11
1.682452e+11
1.615115e+11
1.567841e+11
1.544917e+11
1.493075e+11
1.475572e+11
1.471617e+11
1.449077e+11
1.426085e+11
1.408160e+11
1.363925e+11
1.339065e+11
1.299871e+11
1.295684e+11
1.267779e+11
1.264846e+11
1.197585e+11
1.196243e+11
1.168316e+11
1.148899e+11
1.129456e+11
1.107618e+11
1.091913e+11
1.074198e+11
1.055193e+11
1.026881e+11
1.005758e+11
9.879269e+10
9.839661e+10
9.471073e+10
9.366552e+10
8.986183e+10
8.879093e+10
8.644700e+10
8.490350e+10
8.345294e+10
8.283026e+10
8.101547e+10
7.952013e+10
7.615374e+10
7.472697e+10
7.381028e+10
6.937688e+10
6.786683e+10
6.374776e+10
6.291269e+10
6.093955e+10
5.659262e+10
4.324841e+10
3.642450e+10
2.779112e+10
7.860957e+09
5.678236e+09
