4.344145e+05
2.418508e+05
1.528420e+05
1.471706e+05
1.171360e+05
9.835045e+04
9.048403e+04
8.425468e+04
8.052105e+04
6.946744e+04
6.388354e+04
5.480205e+04
4.827750e+04
4.167111e+04
3.897964e+04
3.635351e+04
3.417334e+04
2.710493e+04
2.298294e+04
1.362408e+04
1.061866e+04
9.734063e+03
9.255721e+03
8.248003e+03
7.556996e+03
6.751474e+03
5.345558e+03
5.071797e+03
4.250283e+03
4.019833e+03
3.381577e+03
2.764115e+03
2.529755e+03
2.106082e+03
1.901618e+03
1.711832e+03
1.104016e+03
1.037774e+03
8.280383e+02
8.025319e+02
6.208055e+02
5.384674e+02
4.474165e+02
3.636142e+02
3.184089e+02
3.055407e+02
2.781740e+02
1.494059e+02
1.317133e+02
1.181076e+02
1.042687e+02
9.667603e+01
7.644492e+01
7.234946e+01
6.410600e+01
5.652271e+01
4.850201e+01
3.681154e+01
3.228735e+01
2.904429e+01
2.744202e+01
2.022785e+01
1.714961e+01
1.533311e+01
1.320868e+01
1.096589e+01
9.718938e+00
7.908030e+00
7.068634e+00
6.267931e+00
3.763739e+00
3.166242e+00
2.539149e+00
2.423512e+00
1.786036e+00
1.248318e+00
9.051445e-01
8.078524e-01
6.738558e-01
5.836525e-01
3.949825e-01
3.896729e-01
3.564343e-01
3.079996e-01
2.038238e-01
1.753525e-01
1.227658e-01
1.095778e-01
9.047087e-02
7.424104e-02
6.067459e-02
5.767580e-02
4.167224e-02
3.930987e-02
3.818273e-02
3.542969e-02
3.195555e-02
3.019435e-02
2.912981e-02
2.777853e-02
2.651268e-02
2.552588e-02
2.459597e-02
2.435507e-02
2.395809e-02
2.328586e-02
2.233768e-02
2.120533e-02
1.956799e-02
1.808042e-02
1.801104e-02
1.677194e-02
1.622502e-02
1.574381e-02
1.518423e-02
1.494544e-02
1.435290e-02
1.403103e-02
1.337039e-02
1.289287e-02
1.269936e-02
1.223539e-02
1.204204e-02
1.060015e-02
9.533709e-03
9.017298e-03
7.062638e-03
6.644378e-03
