8.373017e+09
6.930485e+08
1.655812e+08
8.186067e+07
7.732899e+07
5.928707e+07
4.691730e+07
3.458336e+07
2.542000e+07
2.075645e+07
1.932581e+07
1.629635e+07
1.565072e+07
1.121688e+07
8.908220e+06
8.050998e+06
7.328621e+06
6.475698e+06
5.334374e+06
5.007328e+06
4.716626e+06
4.064094e+06
3.173655e+06
2.863476e+06
2.644196e+06
2.246616e+06
1.882682e+06
1.832935e+06
1.697072e+06
1.476692e+06
1.341130e+06
1.267273e+06
1.138837e+06
1.039194e+06
9.136689e+05
7.339996e+05
6.500264e+05
5.626989e+05
4.866017e+05
4.580817e+05
4.458165e+05
3.610532e+05
3.377574e+05
2.413454e+05
2.278324e+05
2.227432e+05
1.984024e+05
1.541802e+05
1.487020e+05
1.288498e+05
1.199829e+05
1.081575e+05
9.553647e+04
7.082440e+04
5.517857e+04
4.809702e+04
2.986225e+04
2.345998e+04
2.176101e+04
1.849762e+04
1.565270e+04
1.429845e+04
1.211806e+04
1.004981e+04
8.608568e+03
5.035590e+03
3.905387e+03
3.170977e+03
2.144279e+03
1.357548e+03
8.685621e+02
7.489521e+02
5.667444e+02
4.378241e+02
4.166194e+02
3.407117e+02
2.361741e+02
1.664019e+02
1.483866e+02
1.066743e+02
7.312267e+01
7.160004e+01
5.511268e+01
4.568002e+01
3.561448e+01
1.591969e+01
1.073946e+01
9.538265e+00
5.642346e+00
4.649080e+00
4.069876e+00
2.670254e+00
2.351482e+00
1.640446e+00
1.304893e+00
9.515176e-01
5.184661e-01
4.034429e-01
3.283187e-01
2.917263e-01
2.505057e-01
2.176328e-01
1.951962e-01
1.740897e-01
1.687330e-01
1.419999e-01
1.390404e-01
1.266241e-01
9.742557e-02
9.109165e-02
8.313736e-02
7.341487e-02
7.115287e-02
5.195452e-02
4.438448e-02
2.912401e-02
2.363877e-02
1.360491e-02
3.523166e-03
-7.036443e-03
-1.034312e-02
-2.117187e-02
-3.667964e-02
-5.449222e-02
-9.658672e-02
-1.334864e-01
-1.655629e-01
-2.515502e-01
