7.148118e+12
4.725405e+12
4.565843e+12
3.041538e+12
2.740940e+12
2.560098e+12
2.357166e+12
2.224683e+12
2.048299e+12
2.012715e+12
1.975137e+12
1.847264e+12
1.761880e+12
1.631940e+12
1.567824e+12
1.478621e+12
1.409534e+12
1.345209e+12
1.313834e+12
1.272759e+12
1.234317e+12
1.170856e+12
1.148815e+12
1.146106e+12
1.102438e+12
1.057604e+12
1.033161e+12
9.963483e+11
9.617095e+11
9.291669e+11
9.040015e+11
8.729559e+11
8.610053e+11
8.471304e+11
8.181099e+11
8.048983e+11
7.664661e+11
7.217398e+11
7.145688e+11
6.957540e+11
6.878946e+11
6.775312e+11
6.429996e+11
6.382259e+11
6.284837e+11
6.088233e+11
6.051527e+11
5.831895e+11
5.762562e+11
5.585203e+11
5.449300e+11
5.341820e+11
5.324120e+11
5.010160e+11
4.908295e+11
4.874191e+11
4.799453e+11
4.667007e+11
4.601903e+11
4.463438e+11
4.439367e+11
4.384763e+11
4.299481e+11
4.221323e+11
4.057818e+11
4.004901e+11
3.930661e+11
3.896650e+11
3.813788e+11
3.785126e+11
3.741602e+11
3.710459e+11
3.641928e+11
3.560754e+11
3.505248e+11
3.424247e+11
3.333036e+11
3.317766e+11
3.204092e+11
3.157973e+11
3.126912e+11
3.043454e+11
3.017242e+11
2.993985e+11
2.941315e+11
2.856411e+11
2.834570e+11
2.824235e+11
2.757119e+11
2.733950e+11
2.700091e+11
2.618609e+11
2.576003e+11
2.490435e+11
2.461740e+11
2.441628e+11
2.406700e+11
2.359909e+11
2.322672e+11
2.296288e+11
2.257093e+11
2.216753e+11
2.188134e+11
2.125403e+11
2.117149e+11
2.037602e+11
2.009826e+11
1.959864e+11
1.919962e+11
1.878636e+11
1.819234e+11
1.765827e+11
1.744404e+11
1.682742e+11
1.674312e+11
1.669061e+11
1.638364e+11
1.584701e+11
1.547444e+11
1.459052e+11
1.400976e+11
1.293089e+11
9.913963e+10
9.065806e+10
8.641872e+10
7.863774e+10
7.283338e+10
5.285019e+10
