1.278072e+05
5.945687e+03
3.184257e+03
2.950858e+03
1.886087e+03
1.677036e+03
1.229508e+03
1.130181e+03
7.653371e+02
7.284632e+02
6.620741e+02
4.494316e+02
3.334603e+02
2.862616e+02
2.342021e+02
2.157545e+02
1.875444e+02
1.604421e+02
1.505910e+02
1.298963e+02
1.141358e+02
9.952781e+01
9.401353e+01
8.457216e+01
7.799980e+01
7.370969e+01
6.601472e+01
6.103259e+01
5.893584e+01
5.059533e+01
4.617970e+01
4.463846e+01
4.286272e+01
4.108649e+01
3.618472e+01
3.392011e+01
3.080620e+01
2.869673e+01
2.794921e+01
2.576847e+01
2.358632e+01
2.184227e+01
2.000374e+01
1.981407e+01
1.768646e+01
1.577584e+01
1.480869e+01
1.375230e+01
1.194599e+01
1.136524e+01
9.785679e+00
9.450881e+00
8.897447e+00
8.645836e+00
7.824484e+00
7.259592e+00
7.195944e+00
6.407620e+00
6.048522e+00
5.583503e+00
5.293830e+00
4.883785e+00
4.748481e+00
4.407150e+00
4.119473e+00
3.673093e+00
3.399088e+00
3.188849e+00
2.804835e+00
2.640720e+00
2.455929e+00
2.420143e+00
2.169262e+00
2.138801e+00
1.963887e+00
1.859262e+00
1.768318e+00
1.547422e+00
1.463246e+00
1.347979e+00
1.254563e+00
1.200890e+00
1.108579e+00
9.950652e-01
9.598886e-01
9.405574e-01
8.724954e-01
7.973384e-01
7.508753e-01
6.818221e-01
6.775044e-01
5.949600e-01
5.903422e-01
5.200374e-01
4.716700e-01
4.533014e-01
4.199485e-01
3.878865e-01
3.612430e-01
3.421280e-01
3.226730e-01
3.086891e-01
3.009853e-01
2.918378e-01
2.877619e-01
2.722178e-01
2.404106e-01
2.366997e-01
2.116481e-01
2.015815e-01
1.800289e-01
1.713646e-01
1.491523e-01
1.405835e-01
1.387803e-01
1.327244e-01
1.229213e-01
1.146358e-01
9.504363e-02
9.189446e-02
7.973968e-02
7.193267e-02
6.525804e-02
6.183547e-02
6.009447e-02
5.889456e-02
5.324767e-02
4.943505e-02
4.463607e-02
4.190724e-02
4.029994e-02
3.879002e-02
3.704668e-02
3.570513e-02
3.424538e-02
3.058955e-02
2.730791e-02
2.474995e-02
2.362858e-02
2.006109e-02
1.905405e-02
1.681601e-02
1.576195e-02
1.547653e-02
1.414789e-02
1.349601e-02
1.216035e-02
1.130342e-02
1.012381e-02
9.637235e-03
8.626131e-03
8.204469e-03
7.650706e-03
7.074038e-03
6.796462e-03
6.186889e-03
5.437332e-03
4.825976e-03
4.584326e-03
4.190438e-03
3.856504e-03
3.595860e-03
2.899016e-03
2.841116e-03
2.699404e-03
2.612672e-03
2.390533e-03
2.146779e-03
2.007923e-03
1.843908e-03
1.808425e-03
1.758284e-03
1.656653e-03
1.620960e-03
1.566146e-03
1.530231e-03
1.498021e-03
1.461064e-03
1.431566e-03
1.420760e-03
1.383431e-03
1.368545e-03
1.338960e-03
1.332361e-03
1.307343e-03
1.280362e-03
1.255312e-03
1.228408e-03
1.190914e-03
1.180894e-03
1.165653e-03
1.157276e-03
1.145084e-03
1.126778e-03
1.113589e-03
1.095648e-03
1.094244e-03
1.089688e-03
1.063163e-03
1.049575e-03
1.038679e-03
1.022790e-03
1.014472e-03
1.003427e-03
9.940483e-04
9.850190e-04
9.678671e-04
9.482714e-04
9.370013e-04
9.320448e-04
9.251259e-04
9.013077e-04
8.800103e-04
8.754192e-04
8.694864e-04
8.615570e-04
8.455278e-04
8.371497e-04
8.288055e-04
8.209716e-04
7.966642e-04
7.885040e-04
7.807765e-04
7.724420e-04
7.630957e-04
7.595728e-04
7.488398e-04
7.383056e-04
7.156007e-04
7.080024e-04
6.999440e-04
6.868996e-04
6.750034e-04
6.596847e-04
6.503595e-04
6.427626e-04
6.397868e-04
6.319843e-04
6.143746e-04
6.128753e-04
5.913628e-04
5.837429e-04
5.780875e-04
5.687658e-04
5.558470e-04
5.422823e-04
5.316068e-04
5.267067e-04
5.150455e-04
4.995317e-04
4.917098e-04
4.852751e-04
4.762696e-04
4.670814e-04
4.542900e-04
4.501997e-04
4.354626e-04
4.277155e-04
4.243436e-04
4.215882e-04
4.076079e-04
3.922425e-04
3.810737e-04
3.726761e-04
3.526453e-04
3.455114e-04
3.416528e-04
3.385163e-04
3.239089e-04
3.044297e-04
3.014591e-04
2.914980e-04
2.863624e-04
2.729010e-04
2.641001e-04
2.586270e-04
2.535669e-04
2.433230e-04
2.337764e-04
2.289819e-04
2.234956e-04
2.211430e-04
2.126371e-04
1.930136e-04
1.821990e-04
1.693470e-04
1.656231e-04
1.552028e-04
1.447197e-04
1.366922e-04
1.303395e-04
1.270885e-04
1.159615e-04
1.041143e-04
9.898849e-05
9.378183e-05
8.231894e-05
7.256671e-05
6.385088e-05
5.320003e-05
4.752743e-05
4.150289e-05
2.826417e-05
1.457373e-05
1.209727e-05
5.180109e-06
-9.160105e-06
-2.135925e-05
-2.551350e-05
-4.181659e-05
-4.299319e-05
-5.282066e-05
-6.698784e-05
-7.726075e-05
-7.930098e-05
-8.661169e-05
-9.865632e-05
-1.066655e-04
-1.152293e-04
-1.377788e-04
-1.419069e-04
-1.538356e-04
-1.616477e-04
-1.645358e-04
-1.783043e-04
-1.884142e-04
-2.000888e-04
-2.076985e-04
-2.119031e-04
-2.310126e-04
-2.359016e-04
-2.518547e-04
-2.545566e-04
-2.727963e-04
-2.850826e-04
-2.888020e-04
-2.992158e-04
-3.206001e-04
-3.308291e-04
-3.364996e-04
-3.399173e-04
-3.453834e-04
-3.605829e-04
-3.679962e-04
-3.907997e-04
-3.937769e-04
-4.086355e-04
-4.163733e-04
-4.306594e-04
-4.433011e-04
-4.579390e-04
-4.676391e-04
-4.836810e-04
-4.858993e-04
-4.993406e-04
-5.071550e-04
-5.223908e-04
-5.324543e-04
-5.448139e-04
-5.588562e-04
-5.655272e-04
-5.868163e-04
-5.919499e-04
-6.121072e-04
-6.215369e-04
-6.384572e-04
-6.400019e-04
-6.496889e-04
-6.625095e-04
-6.884888e-04
-6.970342e-04
-7.108932e-04
-7.241551e-04
-7.441338e-04
-7.703420e-04
-7.927546e-04
-8.045755e-04
-8.090678e-04
-8.536932e-04
-8.720626e-04
-8.970963e-04
-9.232949e-04
-9.397824e-04
-9.869739e-04
