2.790318e+10
1.363082e+10
6.625086e+09
4.848484e+09
4.044109e+09
3.735537e+09
3.533511e+09
3.197565e+09
2.790978e+09
2.689008e+09
2.443200e+09
2.378955e+09
2.042423e+09
1.998288e+09
1.904803e+09
1.757003e+09
1.669160e+09
1.629131e+09
1.582756e+09
1.497390e+09
1.464882e+09
1.399735e+09
1.365335e+09
1.347040e+09
1.273646e+09
1.242652e+09
1.199324e+09
1.152790e+09
1.126128e+09
1.089404e+09
1.048462e+09
1.029012e+09
9.623425e+08
9.455807e+08
9.220179e+08
9.032520e+08
8.635553e+08
8.607215e+08
8.366262e+08
8.028851e+08
7.795258e+08
7.640749e+08
7.447904e+08
7.251585e+08
7.009526e+08
6.853118e+08
6.600953e+08
6.366489e+08
6.050931e+08
5.865418e+08
5.774141e+08
5.755869e+08
5.522143e+08
5.459135e+08
5.376994e+08
5.227071e+08
5.053008e+08
4.994805e+08
4.816920e+08
4.669502e+08
4.574179e+08
4.438973e+08
4.322039e+08
4.256320e+08
4.104431e+08
3.997339e+08
3.924972e+08
3.868009e+08
3.760979e+08
3.701020e+08
3.613944e+08
3.510474e+08
3.436430e+08
3.238253e+08
3.215324e+08
3.167252e+08
3.019236e+08
2.929034e+08
2.754646e+08
2.744498e+08
2.689250e+08
2.584991e+08
2.496409e+08
2.470314e+08
2.412908e+08
2.309721e+08
2.207132e+08
2.108817e+08
2.070186e+08
2.009175e+08
2.003758e+08
1.978820e+08
1.888102e+08
1.849070e+08
1.787501e+08
1.706643e+08
1.648576e+08
1.627752e+08
1.579860e+08
1.525769e+08
1.442677e+08
1.365248e+08
1.346898e+08
1.314922e+08
1.267408e+08
1.187455e+08
1.152777e+08
1.114606e+08
1.072132e+08
1.037072e+08
9.865808e+07
9.429439e+07
8.847565e+07
8.347622e+07
7.731683e+07
7.036102e+07
5.931947e+07
5.543619e+07
5.096348e+07
4.981631e+07
4.368077e+07
4.154829e+07
3.376959e+07
2.980270e+07
2.130667e+07
9.948591e+06
6.157580e+06
3.337130e+06
