1.053560e+10
1.363951e+09
2.313674e+08
1.567636e+08
1.212626e+08
8.201022e+07
6.714278e+07
6.020818e+07
4.324944e+07
3.917646e+07
2.974293e+07
2.697589e+07
2.299350e+07
2.054869e+07
1.978552e+07
1.566819e+07
1.227877e+07
1.160240e+07
9.220290e+06
8.356492e+06
6.568112e+06
6.332882e+06
5.986060e+06
5.391452e+06
4.745774e+06
4.456329e+06
4.078460e+06
4.032239e+06
3.033506e+06
2.714156e+06
2.440052e+06
2.149536e+06
2.007598e+06
1.808893e+06
1.653987e+06
1.606673e+06
1.407562e+06
1.260986e+06
1.195037e+06
1.069030e+06
9.526464e+05
9.085884e+05
8.435230e+05
7.547018e+05
6.722194e+05
6.282626e+05
6.086157e+05
5.712856e+05
5.374609e+05
4.543989e+05
4.471161e+05
4.127365e+05
3.717304e+05
3.382521e+05
2.882675e+05
2.572211e+05
2.338877e+05
2.059674e+05
1.840469e+05
1.664494e+05
1.484340e+05
1.327568e+05
1.082956e+05
1.038014e+05
9.537509e+04
9.070587e+04
8.459659e+04
7.602828e+04
7.458900e+04
6.863565e+04
4.983551e+04
4.335066e+04
4.197070e+04
3.841952e+04
3.236485e+04
2.680072e+04
2.399406e+04
2.196323e+04
1.845941e+04
1.678855e+04
1.499488e+04
1.293723e+04
1.105872e+04
1.030077e+04
9.397037e+03
7.336138e+03
6.259785e+03
4.976711e+03
3.163646e+03
2.716871e+03
2.013057e+03
1.845131e+03
1.292300e+03
9.193550e+02
5.627993e+02
5.122548e+02
2.819599e+02
2.604362e+02
1.703551e+02
1.497005e+02
8.749796e+01
5.474479e+01
3.934111e+01
1.873705e+01
1.148524e+01
8.623017e+00
7.771305e+00
6.322694e+00
3.871192e+00
2.590874e+00
1.877571e+00
1.024548e+00
8.723901e-01
5.931393e-01
3.247504e-01
2.135859e-01
1.347182e-01
1.008705e-01
8.379397e-02
6.819505e-02
5.113314e-02
4.637425e-02
3.553213e-02
9.745639e-03
-5.561027e-03
-3.545769e-02
-4.136774e-02
-5.003845e-02
