3.019858e+10
1.417352e+10
6.989021e+09
5.052524e+09
3.961885e+09
3.807071e+09
3.651850e+09
3.193587e+09
2.550188e+09
2.470693e+09
2.382226e+09
2.372721e+09
2.191890e+09
2.062684e+09
1.926400e+09
1.860913e+09
1.802792e+09
1.678527e+09
1.598771e+09
1.519072e+09
1.460210e+09
1.408600e+09
1.397854e+09
1.341492e+09
1.219806e+09
1.150266e+09
1.146901e+09
1.099528e+09
1.097098e+09
1.062422e+09
9.793943e+08
9.472685e+08
9.214396e+08
8.946977e+08
8.836461e+08
8.362534e+08
8.225585e+08
7.832211e+08
7.755125e+08
7.619004e+08
7.379551e+08
7.008786e+08
6.652224e+08
6.502726e+08
6.268191e+08
6.018548e+08
5.919146e+08
5.853197e+08
5.744865e+08
5.656952e+08
5.413450e+08
5.195981e+08
5.080933e+08
4.873657e+08
4.784889e+08
4.641785e+08
4.517761e+08
4.491567e+08
4.375766e+08
4.295633e+08
4.065649e+08
4.016813e+08
3.905750e+08
3.869970e+08
3.832444e+08
3.619665e+08
3.563111e+08
3.455126e+08
3.373510e+08
3.263873e+08
3.176434e+08
3.132699e+08
3.100932e+08
3.076250e+08
2.884178e+08
2.777207e+08
2.726166e+08
2.714658e+08
2.642240e+08
2.598366e+08
2.523776e+08
2.462450e+08
2.311669e+08
2.241912e+08
2.217239e+08
2.142521e+08
2.106737e+08
2.062152e+08
1.987690e+08
1.945680e+08
1.868638e+08
1.757699e+08
1.744872e+08
1.703699e+08
1.652047e+08
1.609425e+08
1.584470e+08
1.541940e+08
1.482136e+08
1.437581e+08
1.362007e+08
1.294256e+08
1.263210e+08
1.229843e+08
1.138842e+08
1.109121e+08
1.039915e+08
9.948674e+07
9.724596e+07
9.382283e+07
8.636420e+07
7.926222e+07
7.718334e+07
6.723907e+07
6.401194e+07
5.823386e+07
5.178800e+07
4.731572e+07
4.403446e+07
3.863064e+07
3.331065e+07
3.025873e+07
1.753509e+07
1.643588e+07
1.552340e+07
1.070078e+07
6.653848e+06
2.854213e+06
