1.443528e+08
2.396618e+07
1.421422e+06
1.244331e+06
9.495272e+05
3.469461e+05
1.593481e+05
1.210363e+05
1.743882e+04
1.012992e+04
3.033522e+03
1.404476e+03
5.035062e+02
2.425005e+02
7.584146e+01
5.538103e+01
4.766233e+01
4.386491e+01
3.902452e+01
3.327904e+01
2.911424e+01
2.634081e+01
2.399358e+01
2.157349e+01
1.752877e+01
1.631087e+01
1.561922e+01
1.446699e+01
1.319956e+01
1.291179e+01
1.146261e+01
1.122016e+01
1.053939e+01
1.018072e+01
9.752756e+00
9.195141e+00
8.707514e+00
8.468629e+00
8.072227e+00
7.637063e+00
7.493014e+00
7.339444e+00
6.491982e+00
6.087191e+00
5.974873e+00
5.808878e+00
5.597252e+00
5.497878e+00
4.976430e+00
4.588872e+00
4.495845e+00
4.420689e+00
4.240342e+00
4.147809e+00
3.772467e+00
3.661397e+00
3.352298e+00
3.004967e+00
2.795628e+00
2.600165e+00
2.427216e+00
2.300664e+00
2.073407e+00
1.976291e+00
1.789343e+00
1.591464e+00
1.325841e+00
1.219949e+00
1.020500e+00
8.476874e-01
7.595668e-01
5.672962e-01
5.138890e-01
3.774959e-01
3.037560e-01
2.442832e-01
2.153122e-01
1.543426e-01
8.689865e-02
2.860317e-03
-5.618882e-02
-1.080401e-01
-1.682934e-01
-2.547252e-01
-3.865238e-01
-4.661100e-01
-6.187550e-01
-7.091665e-01
-7.276785e-01
-9.379908e-01
-1.087186e+00
-1.380898e+00
-1.560354e+00
-1.679195e+00
-1.752135e+00
-1.951285e+00
-2.369536e+00
-2.402893e+00
-2.578342e+00
-2.863579e+00
-3.282810e+00
-3.722464e+00
-3.836670e+00
-4.309319e+00
-4.400216e+00
-4.680993e+00
-5.437270e+00
-6.122306e+00
-6.378592e+00
-7.036998e+00
-7.069636e+00
-7.227730e+00
-7.606638e+00
-9.003794e+00
-9.348669e+00
-1.095134e+01
-1.214676e+01
-1.347322e+01
-1.454472e+01
-1.659211e+01
-2.312680e+01
-2.669812e+01
-2.787897e+01
-3.257513e+01
-4.041661e+01
-4.751007e+01
-6.072490e+01
-7.027332e+01
