8.851102e+04
3.702511e+03
2.467248e+03
1.762718e+03
9.933148e+02
7.424892e+02
5.269938e+02
4.231982e+02
2.850390e+02
2.584527e+02
2.372820e+02
1.964687e+02
1.873856e+02
1.670648e+02
1.502153e+02
1.467859e+02
1.338808e+02
1.242827e+02
1.093768e+02
1.016139e+02
9.599303e+01
9.455704e+01
8.810477e+01
7.903374e+01
7.422725e+01
7.069259e+01
6.867496e+01
6.105720e+01
5.770932e+01
5.672588e+01
5.167254e+01
4.965398e+01
4.328496e+01
4.184023e+01
3.928265e+01
3.791502e+01
3.376543e+01
3.268056e+01
2.967367e+01
2.918844e+01
2.880339e+01
2.548972e+01
2.345437e+01
2.131542e+01
2.095460e+01
1.808309e+01
1.703041e+01
1.601067e+01
1.506471e+01
1.484988e+01
1.382232e+01
1.263483e+01
1.224385e+01
1.188778e+01
1.075457e+01
1.043183e+01
9.870585e+00
9.023222e+00
8.416948e+00
7.819999e+00
7.030593e+00
6.427874e+00
6.306765e+00
5.975494e+00
5.413375e+00
4.769603e+00
4.542912e+00
4.224212e+00
4.060378e+00
3.968519e+00
3.523366e+00
3.126263e+00
2.797459e+00
2.526524e+00
2.383855e+00
2.175185e+00
2.125145e+00
2.077079e+00
1.934856e+00
1.686348e+00
1.612174e+00
1.406673e+00
1.301240e+00
1.223403e+00
1.164641e+00
1.132976e+00
1.065563e+00
1.024176e+00
9.961060e-01
9.532700e-01
8.524546e-01
8.323641e-01
7.847051e-01
7.424058e-01
7.246094e-01
6.933994e-01
6.561972e-01
5.971382e-01
5.691304e-01
5.380136e-01
5.119002e-01
5.010484e-01
4.679419e-01
4.412227e-01
4.139330e-01
3.967912e-01
3.839025e-01
3.535212e-01
3.238751e-01
3.023804e-01
2.836620e-01
2.773849e-01
2.576891e-01
2.435562e-01
2.373009e-01
2.181084e-01
2.118879e-01
2.004222e-01
1.897544e-01
1.838289e-01
1.612949e-01
1.448690e-01
1.351017e-01
1.261414e-01
1.199655e-01
1.106622e-01
1.042650e-01
9.898208e-02
9.508279e-02
9.171440e-02
8.684707e-02
7.787328e-02
7.613669e-02
7.280509e-02
6.718612e-02
6.510054e-02
6.228436e-02
6.123447e-02
5.443868e-02
4.997799e-02
4.513809e-02
4.408141e-02
4.235029e-02
3.989987e-02
3.900826e-02
3.745183e-02
3.441704e-02
3.149350e-02
3.014201e-02
2.850784e-02
2.661812e-02
2.406714e-02
2.326766e-02
2.201677e-02
2.047104e-02
1.906958e-02
1.764237e-02
1.712794e-02
1.638496e-02
1.617841e-02
1.527905e-02
1.412168e-02
1.399391e-02
1.279084e-02
1.248031e-02
1.071953e-02
1.059424e-02
1.012172e-02
9.550136e-03
9.171820e-03
8.731154e-03
8.344900e-03
8.004108e-03
7.387600e-03
7.085057e-03
6.840872e-03
6.740138e-03
6.426513e-03
5.578038e-03
5.257442e-03
4.958163e-03
4.609412e-03
4.499414e-03
4.056189e-03
4.004249e-03
3.891460e-03
3.680744e-03
3.508653e-03
3.430009e-03
3.097750e-03
2.798065e-03
2.736907e-03
2.459045e-03
2.326968e-03
2.243620e-03
2.190686e-03
2.122351e-03
2.070027e-03
1.964651e-03
1.776552e-03
1.743228e-03
1.667801e-03
1.642217e-03
1.506988e-03
1.461694e-03
1.402779e-03
1.388465e-03
1.326093e-03
1.314721e-03
1.266074e-03
1.264013e-03
1.222151e-03
1.213674e-03
1.192246e-03
1.160603e-03
1.159092e-03
1.132718e-03
1.126302e-03
1.114214e-03
1.109005e-03
1.083355e-03
1.054413e-03
1.052013e-03
1.025223e-03
1.012729e-03
1.004118e-03
9.913859e-04
9.752474e-04
9.638839e-04
9.534279e-04
9.380264e-04
9.267531e-04
9.109704e-04
8.936862e-04
8.902289e-04
8.739335e-04
8.620153e-04
8.536514e-04
8.434608e-04
8.259427e-04
8.192611e-04
8.108343e-04
8.051107e-04
7.935320e-04
7.811002e-04
7.586924e-04
7.577527e-04
7.354663e-04
7.298462e-04
7.201501e-04
7.131235e-04
6.995320e-04
6.964560e-04
6.841152e-04
6.696233e-04
6.617164e-04
6.558423e-04
6.473152e-04
6.369977e-04
6.220870e-04
6.133290e-04
6.096099e-04
5.953836e-04
5.901695e-04
5.828345e-04
5.743328e-04
5.662894e-04
5.552674e-04
5.425460e-04
5.260438e-04
5.253929e-04
5.227695e-04
5.063997e-04
4.918710e-04
4.820657e-04
4.696010e-04
4.643473e-04
4.557699e-04
4.453373e-04
4.334561e-04
4.279090e-04
4.104580e-04
4.032227e-04
3.971048e-04
3.875134e-04
3.787906e-04
3.766554e-04
3.629602e-04
3.615853e-04
3.476959e-04
3.352493e-04
3.292703e-04
3.215711e-04
3.163522e-04
3.011478e-04
2.985635e-04
2.875842e-04
2.781019e-04
2.672388e-04
2.659330e-04
2.437793e-04
2.373060e-04
2.312405e-04
2.266866e-04
2.095167e-04
2.009612e-04
1.826985e-04
1.790175e-04
1.749687e-04
1.691442e-04
1.589372e-04
1.471599e-04
1.410706e-04
1.352952e-04
1.295349e-04
1.127933e-04
1.089137e-04
9.900890e-05
8.174776e-05
7.802159e-05
7.320324e-05
6.418240e-05
5.234168e-05
4.246295e-05
3.770566e-05
2.879875e-05
1.675300e-05
1.140400e-05
4.238361e-14
-4.074522e-14
-8.602826e-14
-2.564222e-06
-1.665377e-05
-1.895196e-05
-2.926541e-05
-3.468318e-05
-4.733709e-05
-5.317680e-05
-7.142868e-05
-7.664676e-05
-8.574911e-05
-9.636047e-05
-1.122653e-04
-1.181304e-04
-1.301806e-04
-1.428328e-04
-1.452533e-04
-1.598683e-04
-1.752403e-04
-1.899390e-04
-1.957225e-04
-2.171328e-04
-2.188686e-04
-2.226670e-04
-2.397486e-04
-2.482661e-04
-2.528487e-04
-2.581591e-04
-2.742163e-04
-2.883609e-04
-3.110467e-04
-3.222134e-04
-3.292194e-04
-3.311230e-04
-3.455394e-04
-3.615984e-04
-3.753413e-04
-3.859087e-04
-3.997512e-04
-4.092129e-04
-4.262611e-04
-4.465581e-04
-4.615847e-04
-4.841373e-04
-4.885326e-04
-4.925587e-04
-5.062724e-04
-5.521610e-04
-5.643572e-04
-5.844766e-04
-5.929748e-04
-6.020414e-04
-6.263767e-04
-6.917580e-04
