8.713439e+05
2.828756e+05
2.562777e+05
1.868605e+05
1.545792e+05
1.252211e+05
1.122236e+05
1.005706e+05
9.032959e+04
7.903872e+04
7.200941e+04
6.932909e+04
6.012264e+04
5.113027e+04
4.070849e+04
3.719533e+04
3.396284e+04
2.622154e+04
2.019836e+04
1.682253e+04
1.264843e+04
1.180990e+04
1.114867e+04
8.223615e+03
7.850328e+03
7.164422e+03
6.851095e+03
5.829577e+03
5.482185e+03
4.222406e+03
3.573066e+03
2.974043e+03
2.544703e+03
1.945044e+03
1.670843e+03
1.533493e+03
1.464610e+03
9.581859e+02
8.255255e+02
7.495178e+02
6.543618e+02
5.530335e+02
5.203074e+02
4.198200e+02
3.547006e+02
3.388977e+02
2.810045e+02
2.518171e+02
2.162596e+02
2.000595e+02
1.554130e+02
1.066047e+02
8.613452e+01
7.184441e+01
6.383105e+01
5.211064e+01
4.698908e+01
3.965125e+01
3.875583e+01
3.575138e+01
3.007928e+01
2.378849e+01
1.713661e+01
1.288323e+01
1.084850e+01
1.030725e+01
7.554694e+00
6.830538e+00
5.748645e+00
4.020854e+00
3.608296e+00
3.298559e+00
2.820050e+00
2.618377e+00
2.075647e+00
1.701562e+00
1.502442e+00
1.158057e+00
5.649307e-01
4.818655e-01
4.137397e-01
3.813638e-01
3.625073e-01
2.173204e-01
1.938368e-01
1.656158e-01
1.514538e-01
1.434018e-01
1.015909e-01
9.507585e-02
7.989796e-02
7.086856e-02
6.257285e-02
5.674788e-02
5.623099e-02
5.543529e-02
5.323714e-02
5.204899e-02
5.108934e-02
4.817645e-02
4.720382e-02
4.613027e-02
4.532187e-02
4.416864e-02
4.268928e-02
4.180446e-02
3.980672e-02
3.832713e-02
3.758954e-02
3.599254e-02
3.448791e-02
3.413934e-02
3.321296e-02
3.061695e-02
2.992024e-02
2.972376e-02
2.528925e-02
2.390872e-02
2.184856e-02
2.152852e-02
2.052923e-02
2.028150e-02
1.902288e-02
1.826293e-02
1.626024e-02
8.541456e-03
2.960645e-11
-1.208075e-11
