5.943977e+04
9.899646e+03
5.678359e+03
1.706203e+03
1.004253e+03
6.585400e+02
5.258552e+02
3.038702e+02
2.909611e+02
1.914424e+02
1.334576e+02
9.461444e+01
7.174223e+01
6.989581e+01
4.955027e+01
4.422428e+01
3.955198e+01
2.838940e+01
2.616113e+01
1.950334e+01
1.800033e+01
1.369427e+01
1.249856e+01
1.137773e+01
1.020947e+01
7.473838e+00
5.203641e+00
5.011633e+00
4.137754e+00
3.578916e+00
2.873475e+00
2.569455e+00
2.149143e+00
2.028535e+00
1.079356e+00
8.828214e-01
6.959706e-01
6.185631e-01
5.297157e-01
4.003818e-01
2.378675e-01
2.195004e-01
1.741344e-01
1.325509e-01
1.065772e-01
9.731220e-02
7.544676e-02
5.700011e-02
3.458232e-02
3.100141e-02
2.529031e-02
1.984767e-02
1.800335e-02
1.280643e-02
1.021588e-02
7.522136e-03
6.538304e-03
5.774732e-03
4.773210e-03
3.231904e-03
2.771799e-03
2.382083e-03
2.288109e-03
1.721317e-03
1.526046e-03
1.285049e-03
1.120375e-03
1.005934e-03
9.861627e-04
9.243471e-04
8.381358e-04
7.805474e-04
7.594638e-04
7.510347e-04
7.154861e-04
6.870545e-04
6.567578e-04
6.404676e-04
6.135895e-04
6.071627e-04
5.883361e-04
5.767309e-04
5.746061e-04
5.558920e-04
5.440002e-04
5.350843e-04
5.177494e-04
5.155837e-04
4.997902e-04
4.945055e-04
4.843028e-04
4.842348e-04
4.680254e-04
4.653568e-04
4.578783e-04
4.501657e-04
4.441486e-04
4.380741e-04
4.336684e-04
4.273596e-04
4.212997e-04
4.150474e-04
4.130482e-04
3.991642e-04
3.966622e-04
3.896638e-04
3.836637e-04
3.825058e-04
3.779181e-04
3.700152e-04
3.647489e-04
3.644725e-04
3.550780e-04
3.540977e-04
3.505589e-04
3.427904e-04
3.391587e-04
3.358565e-04
3.346167e-04
3.316619e-04
3.270733e-04
3.226007e-04
3.200143e-04
3.158585e-04
3.131317e-04
3.107992e-04
3.052032e-04
3.015940e-04
3.001857e-04
2.955526e-04
2.894325e-04
2.879948e-04
2.853675e-04
2.839195e-04
2.786669e-04
2.775284e-04
2.733272e-04
2.667594e-04
2.621850e-04
2.619376e-04
2.600026e-04
2.555929e-04
2.522466e-04
2.508314e-04
2.487947e-04
2.456702e-04
2.419160e-04
2.380403e-04
2.372721e-04
2.305456e-04
2.288907e-04
2.281230e-04
2.233336e-04
2.227934e-04
2.183925e-04
2.166982e-04
2.109906e-04
2.107478e-04
2.083576e-04
2.043031e-04
2.019983e-04
2.017944e-04
1.987973e-04
1.955871e-04
1.940123e-04
1.910198e-04
1.869543e-04
1.845423e-04
1.820269e-04
1.781355e-04
1.753300e-04
1.734098e-04
1.716640e-04
1.693819e-04
1.672646e-04
1.652727e-04
1.618045e-04
1.598886e-04
1.569647e-04
1.549950e-04
1.497004e-04
1.475828e-04
1.438615e-04
1.433480e-04
1.410301e-04
1.406740e-04
1.354029e-04
1.328514e-04
1.316279e-04
1.305549e-04
1.272335e-04
1.251320e-04
1.230750e-04
1.196286e-04
1.144996e-04
1.129960e-04
1.117265e-04
1.071838e-04
1.056057e-04
1.039089e-04
1.020004e-04
1.011352e-04
9.695403e-05
9.647218e-05
9.431212e-05
8.970100e-05
8.876994e-05
8.714616e-05
8.522153e-05
8.140282e-05
8.069746e-05
7.735407e-05
7.601613e-05
7.259714e-05
7.039769e-05
6.647014e-05
6.549631e-05
6.340495e-05
5.998644e-05
5.898657e-05
5.700890e-05
5.540736e-05
5.256457e-05
4.935595e-05
4.674073e-05
4.434078e-05
4.181245e-05
4.118428e-05
3.690668e-05
3.485390e-05
3.256542e-05
3.083554e-05
2.840926e-05
2.562560e-05
2.431415e-05
2.352372e-05
1.897481e-05
1.812138e-05
1.378777e-05
1.355351e-05
1.073952e-05
9.067589e-06
7.211761e-06
5.662735e-06
3.409782e-06
2.529999e-06
1.048030e-06
7.762413e-14
1.944121e-14
-1.287398e-14
-4.033491e-14
-2.316486e-06
-4.010216e-06
-5.224097e-06
-1.040866e-05
-1.203808e-05
-1.329705e-05
-1.613181e-05
-1.629111e-05
-2.156035e-05
-2.372897e-05
-2.493771e-05
-2.633087e-05
-2.746276e-05
-3.228954e-05
-3.413570e-05
-3.885326e-05
-4.156268e-05
-4.408851e-05
-4.475191e-05
-4.567474e-05
-4.823218e-05
-4.922199e-05
-5.320026e-05
-5.507427e-05
-5.689367e-05
-5.994579e-05
-6.161960e-05
-6.391649e-05
-6.663535e-05
-6.754005e-05
-7.198841e-05
-7.376516e-05
-7.656242e-05
-7.729822e-05
-8.153196e-05
-8.369888e-05
-8.524181e-05
-8.884504e-05
-8.971951e-05
-9.377596e-05
-9.550613e-05
-9.607772e-05
-9.826342e-05
-1.001482e-04
-1.032882e-04
-1.063086e-04
-1.072064e-04
-1.135682e-04
-1.154060e-04
-1.167317e-04
-1.198955e-04
-1.231638e-04
-1.233813e-04
-1.265675e-04
-1.302355e-04
-1.334967e-04
-1.353243e-04
-1.381423e-04
-1.422342e-04
-1.437296e-04
-1.472952e-04
-1.485819e-04
-1.504935e-04
-1.525705e-04
-1.567993e-04
-1.585173e-04
-1.606765e-04
-1.615837e-04
-1.640562e-04
-1.671695e-04
-1.689864e-04
-1.728472e-04
-1.769368e-04
-1.785296e-04
-1.816310e-04
-1.830824e-04
-1.854733e-04
-1.894733e-04
-1.919687e-04
-1.943983e-04
-1.967346e-04
-2.021228e-04
-2.038564e-04
-2.068011e-04
-2.126230e-04
-2.142425e-04
-2.150520e-04
-2.217545e-04
-2.226985e-04
-2.268387e-04
-2.311286e-04
-2.320815e-04
-2.360638e-04
-2.370058e-04
-2.419327e-04
-2.461339e-04
-2.488332e-04
-2.530686e-04
-2.592548e-04
-2.617428e-04
-2.663316e-04
-2.703378e-04
-2.747039e-04
-2.771106e-04
-2.824824e-04
-2.831259e-04
-2.928363e-04
-2.962232e-04
-2.989997e-04
-3.034667e-04
-3.047885e-04
-3.073502e-04
-3.130585e-04
-3.171480e-04
-3.233502e-04
-3.327935e-04
-3.417844e-04
-3.455917e-04
-3.569633e-04
-3.693163e-04
-3.749689e-04
-3.810058e-04
-3.998835e-04
-4.016671e-04
-4.191568e-04
-4.393293e-04
-4.442000e-04
-4.512822e-04
-4.917700e-04
-5.211276e-04
-5.883571e-04
-6.137277e-04
-8.942470e-04
