5.412598e+05
2.359511e+05
1.859448e+05
1.709699e+05
1.263880e+05
1.034911e+05
9.843256e+04
7.830754e+04
6.650438e+04
6.591272e+04
6.042680e+04
5.261827e+04
4.625423e+04
4.402645e+04
4.087813e+04
3.695081e+04
3.291532e+04
2.278070e+04
2.093202e+04
1.523630e+04
1.162863e+04
9.231166e+03
7.230740e+03
6.858235e+03
6.260349e+03
6.146000e+03
5.017993e+03
4.759213e+03
4.221976e+03
3.351813e+03
3.046921e+03
2.788406e+03
1.884431e+03
1.844297e+03
1.655453e+03
1.471268e+03
1.070403e+03
7.627445e+02
6.941859e+02
5.567587e+02
5.198230e+02
4.591515e+02
3.761950e+02
3.543970e+02
2.739183e+02
2.465311e+02
2.192023e+02
1.572613e+02
1.492864e+02
1.240920e+02
1.109773e+02
8.593695e+01
6.383910e+01
5.939463e+01
5.443053e+01
4.735040e+01
3.967216e+01
2.675628e+01
2.344486e+01
2.226199e+01
1.917028e+01
1.497226e+01
9.537999e+00
8.222286e+00
7.426087e+00
6.364544e+00
5.016976e+00
4.784127e+00
4.388328e+00
3.858219e+00
3.012705e+00
2.281300e+00
1.695908e+00
1.514830e+00
1.405626e+00
1.228596e+00
8.289755e-01
5.798442e-01
4.952421e-01
3.390497e-01
2.342827e-01
2.135545e-01
1.807519e-01
1.568812e-01
1.403916e-01
1.088759e-01
1.055407e-01
8.667566e-02
7.587936e-02
5.546723e-02
4.274086e-02
3.712348e-02
3.417280e-02
3.281793e-02
3.042884e-02
2.838375e-02
2.729154e-02
2.554211e-02
2.362552e-02
2.295149e-02
2.248024e-02
2.229921e-02
2.125535e-02
2.035720e-02
1.979203e-02
1.957635e-02
1.912424e-02
1.870149e-02
1.787562e-02
1.769448e-02
1.728963e-02
1.678327e-02
1.561748e-02
1.524857e-02
1.465655e-02
1.405875e-02
1.356719e-02
1.333879e-02
1.329695e-02
1.250974e-02
1.184717e-02
1.167673e-02
1.138954e-02
1.083693e-02
9.581152e-03
9.333326e-03
6.806116e-03
3.608710e-12
