2.301596e+05
1.737169e+04
5.238369e+03
1.987303e+03
1.793739e+02
1.804803e+01
1.070621e+01
5.593217e+00
1.590064e+00
1.763708e-01
8.445262e-02
5.100618e-02
3.774986e-02
3.441300e-02
2.949153e-02
2.584126e-02
2.423205e-02
2.155205e-02
2.069343e-02
1.900364e-02
1.824765e-02
1.803249e-02
1.643586e-02
1.558488e-02
1.498218e-02
1.483063e-02
1.373390e-02
1.345289e-02
1.252652e-02
1.215659e-02
1.181253e-02
1.137521e-02
1.105865e-02
1.071094e-02
1.056446e-02
9.905471e-03
9.579194e-03
8.867200e-03
8.742535e-03
8.399156e-03
8.063537e-03
7.663696e-03
7.300572e-03
7.180386e-03
7.026382e-03
6.461964e-03
6.205378e-03
6.022492e-03
5.669633e-03
5.582896e-03
5.351080e-03
5.029730e-03
4.785524e-03
4.685061e-03
4.435977e-03
4.268580e-03
3.997095e-03
3.721208e-03
3.655284e-03
3.536576e-03
3.123535e-03
2.964399e-03
2.755871e-03
2.671784e-03
2.361341e-03
2.140753e-03
2.031796e-03
1.966825e-03
1.759149e-03
1.586049e-03
1.491304e-03
1.386962e-03
1.251400e-03
1.136084e-03
1.058580e-03
9.798203e-04
9.320904e-04
8.072705e-04
7.458981e-04
6.508160e-04
6.093796e-04
4.326432e-04
4.211022e-04
2.014365e-04
3.042730e-05
-2.343164e-04
-3.196704e-04
-6.153566e-04
-6.620810e-04
-9.195238e-04
-1.082258e-03
-1.307213e-03
-1.654707e-03
-1.808209e-03
-1.879995e-03
-2.266015e-03
-2.691835e-03
-2.845116e-03
-3.378403e-03
-3.834159e-03
-4.356654e-03
-4.756070e-03
-5.157724e-03
-5.602477e-03
-5.807051e-03
-6.835776e-03
-7.382696e-03
-8.441543e-03
-8.520441e-03
-9.090045e-03
-9.616706e-03
-1.013301e-02
-1.151610e-02
-1.266157e-02
-1.334908e-02
-1.453676e-02
-1.749957e-02
-1.861536e-02
-2.109302e-02
-2.562099e-02
-2.938130e-02
-3.120441e-02
-3.497077e-02
-3.793881e-02
-3.950197e-02
-4.775008e-02
-4.883292e-02
-1.062264e-01
