5.883750e+04
1.155323e+04
5.441966e+03
1.454979e+03
8.242645e+02
7.141542e+02
4.571200e+02
2.914093e+02
2.594467e+02
2.211559e+02
1.776109e+02
1.358527e+02
1.188394e+02
9.885583e+01
7.877151e+01
7.200577e+01
6.270032e+01
5.157200e+01
4.812776e+01
3.997621e+01
2.707344e+01
1.894053e+01
1.647006e+01
1.635405e+01
1.488229e+01
1.330327e+01
1.178839e+01
1.111179e+01
1.057945e+01
8.243592e+00
7.262439e+00
6.361596e+00
6.148270e+00
3.933676e+00
3.460132e+00
2.619482e+00
2.450497e+00
2.212819e+00
1.989868e+00
1.668594e+00
1.502241e+00
1.133525e+00
8.266242e-01
6.376835e-01
5.888144e-01
5.188439e-01
4.326831e-01
3.216009e-01
2.645722e-01
1.792211e-01
1.447624e-01
1.358738e-01
1.320069e-01
9.529201e-02
7.106476e-02
5.094835e-02
4.812790e-02
3.823964e-02
3.108959e-02
2.503903e-02
2.274594e-02
2.116503e-02
1.855520e-02
1.292620e-02
1.240785e-02
9.226941e-03
7.803923e-03
5.531001e-03
5.404195e-03
5.006707e-03
4.185060e-03
3.038171e-03
2.701817e-03
2.694775e-03
2.078897e-03
1.429424e-03
1.345767e-03
1.327656e-03
1.067195e-03
9.375943e-04
8.933626e-04
8.071473e-04
7.663203e-04
7.266453e-04
7.234893e-04
7.083500e-04
7.050778e-04
6.422688e-04
6.155934e-04
6.048410e-04
5.841306e-04
5.723672e-04
5.374091e-04
5.348337e-04
5.239374e-04
5.191652e-04
5.041693e-04
4.996975e-04
4.955571e-04
4.884589e-04
4.821855e-04
4.730769e-04
4.643466e-04
4.594723e-04
4.503223e-04
4.443396e-04
4.414709e-04
4.344914e-04
4.220818e-04
4.131729e-04
4.070728e-04
4.020443e-04
3.967076e-04
3.943105e-04
3.869428e-04
3.862743e-04
3.784994e-04
3.709919e-04
3.647294e-04
3.604763e-04
3.577016e-04
3.529085e-04
3.489237e-04
3.473620e-04
3.377059e-04
3.332397e-04
3.285455e-04
3.257486e-04
3.243680e-04
3.227945e-04
3.210151e-04
3.149624e-04
3.133091e-04
3.083112e-04
3.034067e-04
3.007664e-04
3.000128e-04
2.986029e-04
2.939118e-04
2.915116e-04
2.854643e-04
2.827001e-04
2.803566e-04
2.773397e-04
2.732778e-04
2.715193e-04
2.657778e-04
2.644989e-04
2.595737e-04
2.582247e-04
2.509195e-04
2.497484e-04
2.470328e-04
2.443381e-04
2.394998e-04
2.372648e-04
2.361002e-04
2.315142e-04
2.268628e-04
2.260666e-04
2.194992e-04
2.162033e-04
2.132118e-04
2.123267e-04
2.087437e-04
2.081393e-04
2.074325e-04
2.042650e-04
2.001691e-04
1.981673e-04
1.965927e-04
1.933865e-04
1.902666e-04
1.897945e-04
1.856299e-04
1.841610e-04
1.821012e-04
1.787198e-04
1.763614e-04
1.726097e-04
1.706021e-04
1.681053e-04
1.653881e-04
1.624955e-04
1.608445e-04
1.576186e-04
1.538175e-04
1.528545e-04
1.507235e-04
1.476317e-04
1.463289e-04
1.430257e-04
1.406193e-04
1.368584e-04
1.350067e-04
1.336085e-04
1.328203e-04
1.315635e-04
1.306373e-04
1.261343e-04
1.217649e-04
1.210500e-04
1.181140e-04
1.159828e-04
1.107477e-04
1.082414e-04
1.055240e-04
1.036041e-04
1.022461e-04
9.866749e-05
9.688971e-05
9.518077e-05
9.281745e-05
9.052503e-05
8.522449e-05
8.364376e-05
8.110068e-05
8.057286e-05
7.955526e-05
7.753113e-05
7.552286e-05
7.499554e-05
7.168709e-05
6.911976e-05
6.854119e-05
6.386945e-05
6.208911e-05
6.109261e-05
5.603403e-05
5.494215e-05
5.386153e-05
5.019355e-05
4.746727e-05
4.563490e-05
4.275912e-05
3.753440e-05
3.713978e-05
3.625419e-05
3.535487e-05
3.221688e-05
2.881914e-05
2.853423e-05
2.375662e-05
2.158331e-05
1.951520e-05
1.620199e-05
1.235907e-05
9.797663e-06
9.384322e-06
5.242018e-06
3.609021e-06
2.242880e-06
6.783020e-14
-1.080452e-15
-3.822714e-14
-1.364384e-07
-3.857891e-06
-5.017108e-06
-6.616534e-06
-1.245739e-05
-1.350668e-05
-1.580208e-05
-1.845939e-05
-1.895215e-05
-2.166128e-05
-2.361667e-05
-2.563002e-05
-2.805344e-05
-3.218336e-05
-3.387276e-05
-3.723926e-05
-3.762804e-05
-3.930494e-05
-4.174591e-05
-4.206237e-05
-4.389501e-05
-4.883174e-05
-4.946043e-05
-5.048766e-05
-5.205735e-05
-5.442163e-05
-5.812598e-05
-6.508391e-05
-6.811473e-05
-6.859434e-05
-7.037649e-05
-7.184916e-05
-7.319061e-05
-7.824705e-05
-8.089495e-05
-8.376672e-05
-8.681638e-05
-8.882509e-05
-9.039275e-05
-9.163223e-05
-9.346486e-05
-9.443990e-05
-9.756792e-05
-1.007300e-04
-1.036159e-04
-1.049762e-04
-1.096264e-04
-1.115876e-04
-1.143832e-04
-1.150331e-04
-1.185689e-04
-1.204676e-04
-1.237585e-04
-1.259563e-04
-1.282760e-04
-1.322926e-04
-1.362524e-04
-1.380405e-04
-1.404276e-04
-1.430213e-04
-1.486744e-04
-1.497633e-04
-1.517480e-04
-1.543443e-04
-1.580739e-04
-1.604839e-04
-1.647680e-04
-1.664309e-04
-1.707796e-04
-1.716737e-04
-1.730618e-04
-1.781431e-04
-1.808529e-04
-1.840241e-04
-1.848861e-04
-1.869771e-04
-1.911516e-04
-1.913703e-04
-1.956657e-04
-2.028287e-04
-2.052594e-04
-2.066090e-04
-2.091117e-04
-2.123701e-04
-2.142230e-04
-2.173407e-04
-2.205743e-04
-2.222177e-04
-2.270072e-04
-2.312339e-04
-2.343885e-04
-2.368150e-04
-2.379760e-04
-2.416787e-04
-2.478012e-04
-2.549053e-04
-2.560036e-04
-2.632549e-04
-2.661195e-04
-2.717699e-04
-2.747967e-04
-2.817019e-04
-2.859562e-04
-2.867053e-04
-2.904540e-04
-2.938708e-04
-2.972194e-04
-3.059830e-04
-3.089589e-04
-3.160202e-04
-3.178735e-04
-3.238166e-04
-3.291043e-04
-3.376569e-04
-3.403201e-04
-3.476277e-04
-3.533234e-04
-3.651193e-04
-3.672130e-04
-3.928879e-04
-3.974999e-04
-4.101727e-04
-4.149245e-04
-4.314986e-04
-4.327135e-04
-4.858254e-04
-6.357767e-04
-7.995075e-04
-1.016180e-03
