8.798538e+04
3.682349e+03
2.479584e+03
1.686476e+03
1.026418e+03
7.190971e+02
5.104061e+02
4.202084e+02
2.962784e+02
2.818640e+02
2.388117e+02
2.094844e+02
1.725642e+02
1.618679e+02
1.580632e+02
1.523119e+02
1.331436e+02
1.260806e+02
1.119118e+02
1.008344e+02
9.473928e+01
8.912410e+01
8.780540e+01
8.023344e+01
7.625372e+01
7.063811e+01
6.916600e+01
6.653042e+01
5.956955e+01
5.581693e+01
5.443296e+01
5.107940e+01
4.545978e+01
4.416594e+01
4.171303e+01
3.919774e+01
3.709639e+01
3.589962e+01
3.122543e+01
2.992219e+01
2.798080e+01
2.700506e+01
2.452415e+01
2.267510e+01
2.169701e+01
2.104011e+01
1.919420e+01
1.729494e+01
1.584162e+01
1.550506e+01
1.468520e+01
1.409694e+01
1.379930e+01
1.251620e+01
1.106385e+01
1.028608e+01
9.999325e+00
9.379554e+00
8.504075e+00
8.142592e+00
7.429351e+00
7.245146e+00
6.705415e+00
6.099142e+00
5.897844e+00
5.164465e+00
5.039151e+00
4.594521e+00
4.528798e+00
3.815029e+00
3.603450e+00
3.343465e+00
3.143277e+00
2.642708e+00
2.503319e+00
2.346117e+00
2.225642e+00
1.969275e+00
1.902268e+00
1.762556e+00
1.721717e+00
1.600154e+00
1.519429e+00
1.420994e+00
1.356650e+00
1.268592e+00
1.211229e+00
1.089863e+00
1.055447e+00
9.824780e-01
9.570559e-01
8.692309e-01
8.165945e-01
7.979696e-01
7.885793e-01
7.138268e-01
6.742632e-01
6.374765e-01
5.882821e-01
5.341554e-01
5.188906e-01
4.908675e-01
4.749900e-01
4.516061e-01
4.142855e-01
3.880771e-01
3.678620e-01
3.577124e-01
3.269750e-01
3.072036e-01
2.957687e-01
2.766319e-01
2.655232e-01
2.350728e-01
2.303562e-01
2.212190e-01
2.163214e-01
2.045981e-01
1.938491e-01
1.814933e-01
1.767435e-01
1.571527e-01
1.526047e-01
1.484781e-01
1.356798e-01
1.270978e-01
1.188755e-01
1.139461e-01
1.040195e-01
1.014560e-01
9.165283e-02
8.661672e-02
8.098372e-02
7.773875e-02
7.332136e-02
6.882905e-02
6.265490e-02
5.919501e-02
5.892413e-02
5.641805e-02
5.369740e-02
4.928003e-02
4.742825e-02
4.695290e-02
4.321598e-02
4.224545e-02
4.151715e-02
3.752690e-02
3.431379e-02
3.011373e-02
2.998022e-02
2.815777e-02
2.783399e-02
2.529159e-02
2.306272e-02
2.215107e-02
2.169975e-02
1.990673e-02
1.869090e-02
1.729230e-02
1.662226e-02
1.606481e-02
1.479538e-02
1.434592e-02
1.374081e-02
1.193673e-02
1.138894e-02
1.078855e-02
9.706642e-03
9.434828e-03
8.284955e-03
7.857890e-03
7.251069e-03
6.995693e-03
6.748639e-03
6.280793e-03
6.210786e-03
5.741313e-03
5.534390e-03
5.374997e-03
5.073964e-03
4.895387e-03
4.821595e-03
4.382380e-03
4.291150e-03
4.038747e-03
3.639224e-03
3.543148e-03
3.414670e-03
3.133740e-03
3.004312e-03
2.872718e-03
2.738888e-03
2.650154e-03
2.498811e-03
2.301462e-03
2.220794e-03
2.125891e-03
2.064157e-03
2.000154e-03
1.979924e-03
1.837548e-03
1.771176e-03
1.729142e-03
1.663727e-03
1.535745e-03
1.517390e-03
1.499570e-03
1.496515e-03
1.434924e-03
1.394053e-03
1.330926e-03
1.315031e-03
1.276872e-03
1.258361e-03
1.239659e-03
1.210344e-03
1.195750e-03
1.168760e-03
1.163234e-03
1.127373e-03
1.111031e-03
1.107005e-03
1.089278e-03
1.076564e-03
1.054119e-03
1.037810e-03
1.025804e-03
1.005776e-03
9.823180e-04
9.753365e-04
9.626520e-04
9.489180e-04
9.298060e-04
9.150580e-04
9.052844e-04
8.952861e-04
8.904944e-04
8.788519e-04
8.651196e-04
8.509516e-04
8.392595e-04
8.204654e-04
8.148541e-04
8.018051e-04
7.827704e-04
7.795285e-04
7.684045e-04
7.669231e-04
7.602715e-04
7.503116e-04
7.456786e-04
7.297358e-04
7.118162e-04
7.019021e-04
6.880411e-04
6.799211e-04
6.715066e-04
6.663995e-04
6.557803e-04
6.550893e-04
6.356741e-04
6.216654e-04
6.084609e-04
5.961367e-04
5.858609e-04
5.770760e-04
5.731134e-04
5.646752e-04
5.488762e-04
5.440567e-04
5.344299e-04
5.286474e-04
5.280342e-04
5.042396e-04
5.016177e-04
4.901484e-04
4.771146e-04
4.758426e-04
4.671254e-04
4.581454e-04
4.386776e-04
4.361433e-04
4.273075e-04
4.198299e-04
4.171991e-04
4.096152e-04
4.066002e-04
3.810816e-04
3.748278e-04
3.687587e-04
3.564074e-04
3.437831e-04
3.317686e-04
3.226136e-04
3.113128e-04
3.095011e-04
3.054201e-04
2.881566e-04
2.669327e-04
2.640823e-04
2.543154e-04
2.486558e-04
2.331851e-04
2.273985e-04
2.189898e-04
2.150460e-04
1.969324e-04
1.886073e-04
1.811737e-04
1.743007e-04
1.627775e-04
1.577314e-04
1.397352e-04
1.297391e-04
1.208195e-04
1.150404e-04
1.118486e-04
9.483085e-05
8.608611e-05
8.381095e-05
8.255980e-05
7.569388e-05
5.171616e-05
4.284671e-05
3.739838e-05
2.338793e-05
1.050546e-05
5.880324e-06
3.847748e-14
-5.193544e-14
-5.598938e-06
-1.058616e-05
-2.328929e-05
-3.900020e-05
-5.023285e-05
-5.650862e-05
-6.404822e-05
-7.093194e-05
-7.254959e-05
-8.541237e-05
-1.066675e-04
-1.164463e-04
-1.227995e-04
-1.359715e-04
-1.415966e-04
-1.543972e-04
-1.566196e-04
-1.696645e-04
-1.855721e-04
-1.977111e-04
-2.061404e-04
-2.118798e-04
-2.257089e-04
-2.326310e-04
-2.505277e-04
-2.636497e-04
-2.721096e-04
-2.763970e-04
-2.862269e-04
-2.917348e-04
-3.035784e-04
-3.158746e-04
-3.239511e-04
-3.366431e-04
-3.633350e-04
-3.682167e-04
-3.775515e-04
-3.827060e-04
-3.955284e-04
-3.981148e-04
-4.205021e-04
-4.482144e-04
-4.563037e-04
-4.774623e-04
-4.923876e-04
-5.026766e-04
-5.083178e-04
-5.364760e-04
-5.523150e-04
-5.797112e-04
-5.970223e-04
-6.354057e-04
-6.728180e-04
