1.278104e+06
7.756165e+05
1.221715e+05
6.321749e+04
7.547366e+03
1.951082e+03
6.903122e+02
2.308806e+02
8.853058e+01
2.264451e+01
7.222673e+00
2.000409e+00
7.813242e-01
2.144008e-01
1.219469e-01
1.157622e-01
1.103198e-01
1.088474e-01
1.038581e-01
1.016705e-01
9.989288e-02
9.516829e-02
9.381502e-02
9.151813e-02
9.075642e-02
8.780848e-02
8.688173e-02
8.657760e-02
8.410200e-02
8.271100e-02
8.105554e-02
7.936119e-02
7.906622e-02
7.774656e-02
7.557563e-02
7.527033e-02
7.372700e-02
7.314101e-02
7.252070e-02
7.219820e-02
7.017220e-02
6.932626e-02
6.911422e-02
6.730797e-02
6.689251e-02
6.625682e-02
6.486560e-02
6.460316e-02
6.420503e-02
6.291097e-02
6.205217e-02
6.110414e-02
6.050818e-02
5.970409e-02
5.920095e-02
5.805063e-02
5.774841e-02
5.709721e-02
5.629120e-02
5.563928e-02
5.459467e-02
5.391226e-02
5.347174e-02
5.215177e-02
5.146701e-02
5.131160e-02
5.037021e-02
4.941862e-02
4.902343e-02
4.841271e-02
4.714656e-02
4.642383e-02
4.590537e-02
4.554863e-02
4.506797e-02
4.482821e-02
4.425224e-02
4.354304e-02
4.333398e-02
4.255303e-02
4.157007e-02
4.104466e-02
4.031417e-02
3.946005e-02
3.872741e-02
3.852601e-02
3.753384e-02
3.721480e-02
3.681241e-02
3.567381e-02
3.487345e-02
3.449194e-02
3.408337e-02
3.306026e-02
3.244489e-02
3.213002e-02
3.158223e-02
3.114890e-02
2.995856e-02
2.870212e-02
2.823443e-02
2.740825e-02
2.690673e-02
2.569257e-02
2.489064e-02
2.445886e-02
2.385952e-02
2.347106e-02
2.234314e-02
2.135194e-02
2.066990e-02
2.013950e-02
1.735683e-02
1.577552e-02
1.297404e-02
1.173387e-02
9.334357e-03
6.319037e-03
2.311649e-03
3.637808e-12
-6.026856e-03
-9.785752e-03
-3.228725e-02
-3.763036e-02
-4.726520e-02
-6.051859e-02
-7.351696e-02
-9.078661e-02
