2.020915e+12
1.778148e+12
1.586125e+12
1.367265e+12
1.254788e+12
1.190425e+12
1.175520e+12
1.103480e+12
9.958577e+11
9.554767e+11
8.753811e+11
8.010647e+11
7.918568e+11
7.138836e+11
6.786153e+11
6.485555e+11
6.367439e+11
6.313922e+11
6.168024e+11
5.892333e+11
5.565116e+11
5.358027e+11
4.997295e+11
4.946479e+11
4.701902e+11
4.534292e+11
4.258928e+11
4.194754e+11
4.073320e+11
3.927469e+11
3.898080e+11
3.833904e+11
3.543215e+11
3.495607e+11
3.355098e+11
3.232364e+11
3.114102e+11
2.952921e+11
2.899777e+11
2.826000e+11
2.775838e+11
2.656587e+11
2.613361e+11
2.534085e+11
2.393286e+11
2.354793e+11
2.296959e+11
2.212163e+11
2.129034e+11
2.067162e+11
1.968918e+11
1.939698e+11
1.878232e+11
1.769217e+11
1.747529e+11
1.729457e+11
1.697538e+11
1.639511e+11
1.629244e+11
1.531177e+11
1.510441e+11
1.474007e+11
1.409337e+11
1.346270e+11
1.335429e+11
1.297628e+11
1.280035e+11
1.255846e+11
1.223050e+11
1.165500e+11
1.142953e+11
1.106802e+11
1.093932e+11
1.085362e+11
1.048597e+11
1.039204e+11
1.007338e+11
9.939615e+10
9.703975e+10
9.609236e+10
9.478876e+10
9.262502e+10
8.866965e+10
8.736196e+10
8.452588e+10
8.386087e+10
8.097704e+10
7.930738e+10
7.710527e+10
7.692535e+10
7.409766e+10
7.383644e+10
7.228210e+10
7.035135e+10
6.961626e+10
6.821566e+10
6.716402e+10
6.492269e+10
6.444525e+10
6.347063e+10
6.269961e+10
5.993836e+10
5.925202e+10
5.905934e+10
5.777829e+10
5.647444e+10
5.627456e+10
5.528963e+10
5.421185e+10
5.249738e+10
5.132179e+10
5.052730e+10
4.918982e+10
4.849587e+10
4.780037e+10
4.627922e+10
4.439441e+10
4.304679e+10
4.264847e+10
4.219622e+10
4.158022e+10
4.083288e+10
3.820686e+10
3.693308e+10
3.467419e+10
3.167098e+10
3.032272e+10
5.751195e+09
