2.713612e+10
1.087425e+10
5.070847e+09
4.898921e+09
4.445303e+09
3.571823e+09
3.287606e+09
2.939126e+09
2.660560e+09
2.521864e+09
2.486143e+09
2.144571e+09
1.921541e+09
1.790729e+09
1.742150e+09
1.581934e+09
1.562191e+09
1.488332e+09
1.448458e+09
1.385291e+09
1.308676e+09
1.270662e+09
1.218274e+09
1.151037e+09
1.097436e+09
1.043756e+09
1.013421e+09
9.885494e+08
9.820945e+08
9.006767e+08
8.765338e+08
8.469139e+08
8.185598e+08
8.057761e+08
7.808460e+08
7.665061e+08
7.486477e+08
7.272245e+08
6.906966e+08
6.823356e+08
6.706291e+08
6.469741e+08
6.349571e+08
6.028186e+08
5.940671e+08
5.760626e+08
5.712625e+08
5.370728e+08
5.323778e+08
5.281049e+08
4.969798e+08
4.928842e+08
4.787892e+08
4.681068e+08
4.550323e+08
4.386519e+08
4.327671e+08
4.260979e+08
4.134008e+08
3.909401e+08
3.799950e+08
3.734231e+08
3.675866e+08
3.625410e+08
3.504779e+08
3.410905e+08
3.392193e+08
3.338417e+08
3.172737e+08
3.103530e+08
2.975172e+08
2.880425e+08
2.798195e+08
2.701832e+08
2.666658e+08
2.605840e+08
2.444887e+08
2.414269e+08
2.304520e+08
2.288717e+08
2.215280e+08
2.104122e+08
2.027006e+08
1.999775e+08
1.949221e+08
1.898447e+08
1.855505e+08
1.743075e+08
1.729076e+08
1.706974e+08
1.626395e+08
1.606698e+08
1.515360e+08
1.504568e+08
1.429865e+08
1.369448e+08
1.334279e+08
1.292130e+08
1.256822e+08
1.138066e+08
1.120135e+08
9.553888e+07
8.628625e+07
8.279882e+07
8.161282e+07
7.904094e+07
7.025206e+07
7.001802e+07
6.360150e+07
6.249209e+07
5.521144e+07
5.050426e+07
4.850902e+07
4.061416e+07
3.874728e+07
3.455791e+07
2.967342e+07
2.455263e+07
1.855630e+07
1.742209e+07
1.633538e+07
1.181525e+07
1.066310e+07
7.680149e+06
6.412523e+06
6.139812e+06
1.492096e+06
1.315874e+06
