2.873297e+10
1.457586e+10
7.352173e+09
5.745360e+09
4.366862e+09
3.487254e+09
3.323553e+09
3.066394e+09
2.811058e+09
2.425960e+09
2.411518e+09
2.205983e+09
1.983342e+09
1.909855e+09
1.832252e+09
1.750204e+09
1.746719e+09
1.638279e+09
1.615592e+09
1.528685e+09
1.438366e+09
1.421135e+09
1.286811e+09
1.255986e+09
1.224189e+09
1.193757e+09
1.173153e+09
1.142365e+09
1.075776e+09
1.042801e+09
1.015133e+09
9.827683e+08
9.484071e+08
9.290009e+08
9.128739e+08
8.722154e+08
8.531094e+08
8.391544e+08
7.840148e+08
7.547743e+08
7.394446e+08
7.263533e+08
6.864927e+08
6.800131e+08
6.467261e+08
6.298141e+08
6.214040e+08
5.921509e+08
5.876666e+08
5.642264e+08
5.536544e+08
5.393535e+08
5.354651e+08
5.175148e+08
5.007311e+08
4.884459e+08
4.772334e+08
4.668182e+08
4.629207e+08
4.435636e+08
4.299782e+08
4.172870e+08
4.097552e+08
3.963388e+08
3.857137e+08
3.838668e+08
3.738438e+08
3.650977e+08
3.540543e+08
3.412421e+08
3.386397e+08
3.281930e+08
3.213425e+08
3.135614e+08
3.033741e+08
2.941576e+08
2.932720e+08
2.831575e+08
2.792899e+08
2.620391e+08
2.552218e+08
2.493503e+08
2.299933e+08
2.275531e+08
2.228094e+08
2.178512e+08
2.041304e+08
2.010081e+08
1.891827e+08
1.835796e+08
1.794979e+08
1.707557e+08
1.690228e+08
1.539090e+08
1.490021e+08
1.418045e+08
1.404308e+08
1.382895e+08
1.297037e+08
1.282118e+08
1.205579e+08
1.144040e+08
1.106001e+08
1.092249e+08
1.056655e+08
1.025790e+08
8.811251e+07
8.617338e+07
7.552742e+07
6.422649e+07
5.894900e+07
5.461330e+07
5.291296e+07
4.651434e+07
4.312119e+07
3.656911e+07
3.585059e+07
3.383900e+07
2.965209e+07
2.784237e+07
2.522966e+07
2.414248e+07
1.917935e+07
1.645324e+07
1.542957e+07
1.420312e+07
1.234333e+07
2.320758e+05
