4.567086e+09
4.826162e+08
4.954864e+07
3.667346e+07
3.393533e+07
2.256194e+07
1.776163e+07
1.694372e+07
9.405519e+06
6.429784e+06
5.438146e+06
3.956594e+06
2.798030e+06
2.033995e+06
1.487792e+06
1.335550e+06
1.200713e+06
9.465018e+05
7.170394e+05
4.147467e+05
3.613553e+05
2.187235e+05
1.464547e+05
1.112207e+05
9.264477e+04
6.192773e+04
4.058224e+04
1.998434e+04
1.895346e+04
1.225500e+04
8.097894e+03
3.737030e+03
3.306946e+03
2.004366e+03
1.661382e+03
1.272540e+03
1.052238e+03
4.286617e+02
3.056042e+02
2.635106e+02
2.065587e+02
1.924404e+02
1.018481e+02
7.883824e+01
6.051539e+01
5.396616e+01
2.353837e+01
2.164962e+01
1.450543e+01
1.281768e+01
8.925193e+00
5.669298e+00
4.576889e+00
2.519110e+00
2.441075e+00
1.507100e+00
1.187589e+00
8.711117e-01
6.395397e-01
4.706583e-01
3.893168e-01
3.421053e-01
2.214946e-01
1.127593e-01
6.576045e-02
4.903207e-02
3.598607e-02
3.130596e-02
2.807821e-02
2.507083e-02
2.367643e-02
2.119773e-02
1.802667e-02
1.519057e-02
1.461307e-02
1.420130e-02
1.261089e-02
1.172705e-02
1.054824e-02
1.029553e-02
8.296133e-03
8.243341e-03
7.413530e-03
6.408640e-03
5.923205e-03
5.785068e-03
4.831940e-03
4.340329e-03
3.696037e-03
3.645379e-03
3.226302e-03
3.112793e-03
2.715146e-03
2.497486e-03
2.271420e-03
1.936060e-03
1.684509e-03
1.547222e-03
1.411246e-03
1.055063e-03
9.542188e-04
8.241995e-04
3.522869e-04
-1.508398e-04
-2.175463e-04
-4.569963e-04
-5.221994e-04
-8.664233e-04
-1.259901e-03
-1.430758e-03
-1.680027e-03
-1.939606e-03
-2.214493e-03
-2.404136e-03
-3.107774e-03
-3.240163e-03
-3.805344e-03
-4.408808e-03
-5.400721e-03
-6.015547e-03
-7.002709e-03
-7.915881e-03
-9.140437e-03
-1.111188e-02
-1.321710e-02
-1.467039e-02
-1.955842e-02
-2.143875e-02
