1.224446e+08
2.105648e+07
1.770392e+06
1.119440e+06
7.795848e+05
3.351172e+05
2.768251e+05
9.643938e+04
1.487099e+04
9.863231e+03
2.908666e+03
7.694224e+02
6.296224e+02
2.900569e+02
1.186160e+02
4.792299e+01
4.362384e+01
3.940835e+01
3.524186e+01
2.949672e+01
2.287535e+01
2.136403e+01
1.778251e+01
1.702265e+01
1.616714e+01
1.555200e+01
1.410850e+01
1.286788e+01
1.214177e+01
1.147862e+01
1.105964e+01
1.083503e+01
1.021911e+01
9.106071e+00
8.466630e+00
8.201886e+00
7.769684e+00
6.668110e+00
6.540918e+00
6.085645e+00
5.853830e+00
5.147744e+00
5.103288e+00
4.538943e+00
4.356258e+00
4.146263e+00
4.055686e+00
3.670709e+00
3.326930e+00
3.092911e+00
2.800377e+00
2.721451e+00
2.566672e+00
2.544337e+00
2.341599e+00
2.208136e+00
1.884885e+00
1.781635e+00
1.642207e+00
1.600771e+00
1.250093e+00
1.142144e+00
9.940287e-01
8.422564e-01
7.485409e-01
6.470264e-01
5.216710e-01
4.560404e-01
3.550475e-01
2.758116e-01
2.322138e-01
1.635501e-01
1.089888e-01
9.253766e-02
7.177366e-02
3.553940e-02
1.323299e-02
8.161175e-10
1.152039e-10
-3.256610e-02
-3.974457e-02
-8.974790e-02
-1.077851e-01
-2.114792e-01
-2.675302e-01
-3.548440e-01
-3.849937e-01
-4.685156e-01
-6.235222e-01
-7.350387e-01
-8.356118e-01
-8.983850e-01
-1.038628e+00
-1.260317e+00
-1.325248e+00
-1.551770e+00
-1.721547e+00
-1.833508e+00
-2.069660e+00
-2.158578e+00
-2.340884e+00
-2.452265e+00
-3.045972e+00
-3.337452e+00
-3.923758e+00
-4.041854e+00
-4.193961e+00
-4.541303e+00
-4.888259e+00
-5.097160e+00
-5.167465e+00
-5.958630e+00
-6.638866e+00
-6.836943e+00
-7.323556e+00
-7.800935e+00
-9.257378e+00
-1.019609e+01
-1.209262e+01
-1.276799e+01
-1.358181e+01
-1.712048e+01
-1.914244e+01
-2.478726e+01
-2.832889e+01
-3.587449e+01
-4.638760e+01
-6.307924e+01
