5.869734e+04
1.253155e+04
6.430352e+03
1.923521e+03
1.488554e+03
8.265924e+02
7.289199e+02
4.202282e+02
3.628633e+02
3.041942e+02
2.550685e+02
2.231398e+02
2.088204e+02
1.649779e+02
1.403321e+02
1.081522e+02
9.384148e+01
8.655117e+01
8.069962e+01
7.106377e+01
5.928513e+01
4.980772e+01
4.729736e+01
4.178145e+01
3.066477e+01
2.674487e+01
2.146354e+01
1.963337e+01
1.529366e+01
1.368178e+01
1.138584e+01
1.098689e+01
9.311505e+00
8.136610e+00
7.958169e+00
6.665266e+00
5.490888e+00
5.169970e+00
4.127277e+00
3.752419e+00
3.390069e+00
3.043762e+00
2.280453e+00
2.133365e+00
1.846888e+00
1.596903e+00
1.236608e+00
1.174900e+00
1.061010e+00
8.326008e-01
7.032101e-01
4.675844e-01
4.447452e-01
3.415392e-01
2.471795e-01
2.444744e-01
2.038779e-01
1.370741e-01
1.219321e-01
1.082108e-01
7.464096e-02
6.375713e-02
5.957078e-02
5.558600e-02
4.117729e-02
3.365007e-02
2.759085e-02
2.433057e-02
1.754426e-02
1.593306e-02
1.276256e-02
1.074771e-02
1.038271e-02
8.457085e-03
6.073477e-03
5.918332e-03
4.883044e-03
4.193284e-03
3.677613e-03
2.781975e-03
2.275239e-03
2.117414e-03
1.964460e-03
1.626819e-03
1.588466e-03
1.221697e-03
1.057743e-03
9.819343e-04
8.764153e-04
8.748061e-04
8.224719e-04
7.984608e-04
7.087149e-04
6.839500e-04
6.613592e-04
6.445777e-04
6.354236e-04
6.000559e-04
5.901075e-04
5.725509e-04
5.675831e-04
5.604776e-04
5.459880e-04
5.300239e-04
5.185754e-04
5.156123e-04
5.074198e-04
4.844707e-04
4.775750e-04
4.725881e-04
4.629367e-04
4.556944e-04
4.504732e-04
4.434589e-04
4.383524e-04
4.360109e-04
4.333241e-04
4.258509e-04
4.168751e-04
4.142714e-04
4.046113e-04
4.003260e-04
3.920493e-04
3.884665e-04
3.876962e-04
3.836584e-04
3.772407e-04
3.669584e-04
3.650221e-04
3.617691e-04
3.580781e-04
3.579326e-04
3.504663e-04
3.460209e-04
3.405357e-04
3.382919e-04
3.324057e-04
3.293988e-04
3.239533e-04
3.199748e-04
3.185336e-04
3.141740e-04
3.127177e-04
3.082776e-04
3.058195e-04
3.033925e-04
3.018305e-04
2.981283e-04
2.944872e-04
2.933104e-04
2.907938e-04
2.836336e-04
2.807027e-04
2.794054e-04
2.782597e-04
2.736018e-04
2.656274e-04
2.609488e-04
2.577858e-04
2.566321e-04
2.532652e-04
2.499833e-04
2.494885e-04
2.436330e-04
2.406774e-04
2.378416e-04
2.362252e-04
2.360493e-04
2.323712e-04
2.303066e-04
2.267865e-04
2.219934e-04
2.204364e-04
2.190562e-04
2.137257e-04
2.111625e-04
2.068858e-04
2.044042e-04
2.015437e-04
2.004702e-04
1.956602e-04
1.944957e-04
1.932548e-04
1.894117e-04
1.875530e-04
1.823517e-04
1.787541e-04
1.779374e-04
1.772990e-04
1.746072e-04
1.705133e-04
1.678616e-04
1.656033e-04
1.621345e-04
1.593678e-04
1.583979e-04
1.565093e-04
1.530889e-04
1.468210e-04
1.460223e-04
1.439937e-04
1.419056e-04
1.384367e-04
1.363921e-04
1.327056e-04
1.316510e-04
1.298048e-04
1.281929e-04
1.269250e-04
1.208619e-04
1.160206e-04
1.147786e-04
1.128084e-04
1.103082e-04
1.070249e-04
1.029476e-04
1.014594e-04
9.952868e-05
9.826387e-05
9.467512e-05
9.356224e-05
9.227895e-05
8.969659e-05
8.757925e-05
8.163090e-05
7.901345e-05
7.831930e-05
7.524823e-05
7.397580e-05
7.064282e-05
6.999271e-05
6.744223e-05
6.550938e-05
6.462013e-05
6.415456e-05
5.950733e-05
5.557640e-05
5.332143e-05
4.953219e-05
4.741609e-05
4.689294e-05
4.307994e-05
4.198125e-05
3.879308e-05
3.659190e-05
3.422705e-05
3.273207e-05
2.918697e-05
2.837385e-05
2.644870e-05
2.527243e-05
2.302084e-05
2.025995e-05
1.701820e-05
1.450916e-05
1.326660e-05
8.591276e-06
7.020343e-06
5.205133e-06
3.069327e-06
1.537062e-16
-1.023622e-06
-1.868650e-06
-2.332413e-06
-7.939270e-06
-9.613653e-06
-1.080081e-05
-1.392137e-05
-1.485317e-05
-1.741371e-05
-1.943687e-05
-2.326283e-05
-2.669381e-05
-2.891588e-05
-3.060236e-05
-3.254239e-05
-3.710487e-05
-3.994903e-05
-4.048776e-05
-4.344060e-05
-4.605728e-05
-4.751097e-05
-4.992825e-05
-5.215241e-05
-5.529180e-05
-5.701340e-05
-5.933955e-05
-6.354399e-05
-6.416816e-05
-6.613445e-05
-6.681587e-05
-6.830491e-05
-7.108284e-05
-7.501084e-05
-7.844757e-05
-8.056980e-05
-8.338143e-05
-8.482143e-05
-8.662509e-05
-8.868266e-05
-9.117830e-05
-9.586887e-05
-9.606776e-05
-9.752468e-05
-1.023094e-04
-1.076493e-04
-1.106814e-04
-1.121516e-04
-1.154566e-04
-1.170812e-04
-1.191172e-04
-1.233553e-04
-1.259600e-04
-1.311015e-04
-1.328267e-04
-1.379941e-04
-1.417374e-04
-1.441007e-04
-1.456624e-04
-1.497621e-04
-1.525866e-04
-1.554491e-04
-1.579876e-04
-1.619582e-04
-1.625098e-04
-1.646805e-04
-1.684590e-04
-1.726430e-04
-1.731815e-04
-1.751113e-04
-1.782664e-04
-1.814795e-04
-1.837808e-04
-1.847539e-04
-1.866690e-04
-1.943244e-04
-1.973241e-04
-2.020262e-04
-2.033710e-04
-2.078593e-04
-2.098924e-04
-2.128264e-04
-2.169896e-04
-2.198569e-04
-2.226600e-04
-2.243009e-04
-2.260114e-04
-2.354248e-04
-2.451417e-04
-2.463941e-04
-2.481052e-04
-2.499970e-04
-2.551598e-04
-2.627769e-04
-2.645379e-04
-2.695909e-04
-2.707520e-04
-2.813708e-04
-2.844303e-04
-2.857230e-04
-2.872930e-04
-2.926097e-04
-3.014325e-04
-3.021173e-04
-3.114378e-04
-3.190689e-04
-3.226572e-04
-3.276845e-04
-3.320336e-04
-3.338420e-04
-3.407421e-04
-3.513699e-04
-3.599271e-04
-3.650188e-04
-3.909040e-04
-3.983740e-04
-4.165355e-04
-4.245087e-04
-4.608840e-04
-4.985326e-04
-5.672870e-04
-6.994939e-04
-8.964530e-04
-1.302149e-03
