1.074857e+10
6.530877e+08
1.841809e+08
1.016865e+08
8.141622e+07
5.890799e+07
5.277118e+07
4.943584e+07
3.208091e+07
2.851512e+07
2.593047e+07
2.474021e+07
2.000147e+07
1.608351e+07
1.504744e+07
1.106421e+07
9.146521e+06
7.824510e+06
7.576954e+06
6.620670e+06
5.589988e+06
4.964366e+06
4.480426e+06
3.832202e+06
3.243617e+06
2.927159e+06
2.502859e+06
2.420593e+06
2.276928e+06
1.851131e+06
1.710009e+06
1.565698e+06
1.351569e+06
1.208089e+06
1.119852e+06
9.713118e+05
9.498738e+05
8.449500e+05
7.536877e+05
6.703319e+05
6.302598e+05
5.390671e+05
5.106844e+05
4.268778e+05
3.793698e+05
3.595204e+05
3.095150e+05
2.885075e+05
2.593175e+05
2.380149e+05
2.072595e+05
1.947770e+05
1.820211e+05
1.588477e+05
1.274197e+05
1.116206e+05
1.025128e+05
9.073616e+04
8.052694e+04
7.229185e+04
5.815305e+04
5.071144e+04
4.123733e+04
3.770474e+04
3.358435e+04
3.031933e+04
2.470571e+04
2.034132e+04
1.376658e+04
1.072524e+04
1.041862e+04
7.839655e+03
7.228615e+03
5.118078e+03
5.024956e+03
4.507504e+03
3.373202e+03
2.010312e+03
1.755588e+03
1.258803e+03
9.987677e+02
7.772057e+02
7.323560e+02
6.515361e+02
5.846323e+02
3.891351e+02
3.034282e+02
1.849609e+02
1.714507e+02
1.385690e+02
1.103855e+02
7.325952e+01
6.655577e+01
5.444195e+01
3.820408e+01
3.355889e+01
2.746752e+01
1.085016e+01
8.451266e+00
6.467687e+00
6.090187e+00
3.780507e+00
2.369780e+00
2.064781e+00
1.361740e+00
9.986416e-01
6.456497e-01
4.827573e-01
4.427243e-01
2.709221e-01
2.632644e-01
2.233837e-01
1.750566e-01
1.607636e-01
1.165796e-01
9.816349e-02
6.423832e-02
5.665948e-02
3.852183e-03
-5.265548e-03
-3.229317e-02
-3.450339e-02
-6.740320e-02
-8.663670e-02
-1.215812e-01
-1.404346e-01
-2.918329e-01
-1.605104e+02
