2.126832e+05
2.118545e+04
4.856029e+03
2.009308e+03
2.202912e+02
2.278516e+01
9.733228e+00
5.671788e+00
1.877229e+00
1.644556e-01
5.952464e-02
4.588063e-02
3.819742e-02
3.630789e-02
3.223023e-02
2.743980e-02
2.249898e-02
2.114547e-02
1.988520e-02
1.852604e-02
1.790237e-02
1.671275e-02
1.513925e-02
1.441750e-02
1.386376e-02
1.298191e-02
1.216296e-02
1.192777e-02
1.153321e-02
1.089226e-02
1.066806e-02
1.031977e-02
9.905919e-03
9.563215e-03
9.464077e-03
8.685895e-03
8.420476e-03
8.207347e-03
7.864664e-03
7.611477e-03
7.486626e-03
7.362495e-03
6.969552e-03
6.626271e-03
6.342206e-03
6.214686e-03
6.040966e-03
5.800682e-03
5.314215e-03
5.115014e-03
4.972223e-03
4.696574e-03
4.497760e-03
4.328530e-03
4.021445e-03
3.878636e-03
3.726423e-03
3.544038e-03
3.384596e-03
3.215502e-03
3.005110e-03
2.891879e-03
2.698855e-03
2.612824e-03
2.445680e-03
2.244795e-03
2.066452e-03
1.863824e-03
1.684610e-03
1.613710e-03
1.482744e-03
1.301847e-03
1.259420e-03
1.234182e-03
1.131765e-03
1.078466e-03
9.985070e-04
8.511627e-04
7.794584e-04
7.036165e-04
6.602489e-04
5.864376e-04
4.088284e-04
3.621958e-04
2.425116e-04
1.865153e-04
9.136733e-05
1.787507e-05
-1.110465e-04
-3.440209e-04
-4.508924e-04
-5.445657e-04
-7.714881e-04
-1.075816e-03
-1.330540e-03
-1.613715e-03
-1.686960e-03
-2.500990e-03
-3.147212e-03
-3.318972e-03
-3.822266e-03
-4.115027e-03
-4.478537e-03
-4.923955e-03
-5.567071e-03
-6.124363e-03
-6.286372e-03
-6.912773e-03
-7.427102e-03
-8.148168e-03
-9.774054e-03
-1.085497e-02
-1.224880e-02
-1.405744e-02
-1.497313e-02
-1.552666e-02
-1.680052e-02
-1.880544e-02
-2.054254e-02
-2.182057e-02
-2.556801e-02
-3.088004e-02
-3.151949e-02
-3.506159e-02
-3.774124e-02
-4.312102e-02
-6.068327e-02
-1.261265e-01
