5.978388e+04
9.764056e+03
4.905678e+03
1.707686e+03
9.490575e+02
6.943326e+02
6.356298e+02
3.509398e+02
2.931011e+02
2.079727e+02
1.242926e+02
1.164101e+02
7.262421e+01
5.996405e+01
4.004240e+01
3.704689e+01
3.596874e+01
2.204725e+01
2.162952e+01
1.958387e+01
1.529469e+01
1.305972e+01
1.175326e+01
9.311650e+00
8.161275e+00
7.622648e+00
6.075656e+00
5.123071e+00
3.843906e+00
3.451572e+00
2.781920e+00
2.243020e+00
2.059804e+00
1.603344e+00
1.217306e+00
8.441350e-01
5.276704e-01
4.038832e-01
3.685319e-01
3.132085e-01
2.970473e-01
2.233543e-01
1.779555e-01
1.632246e-01
1.277803e-01
8.448518e-02
6.351192e-02
5.203199e-02
4.466552e-02
3.800719e-02
2.480513e-02
2.196626e-02
1.770458e-02
1.523426e-02
1.300710e-02
1.018541e-02
6.293419e-03
5.041425e-03
4.188158e-03
3.293262e-03
2.941814e-03
2.533348e-03
2.033846e-03
1.421280e-03
1.109439e-03
1.040093e-03
9.733356e-04
8.939409e-04
8.050656e-04
7.395005e-04
7.139682e-04
6.672054e-04
6.615619e-04
6.232432e-04
6.162500e-04
6.035256e-04
5.866605e-04
5.811161e-04
5.601382e-04
5.569767e-04
5.440704e-04
5.288974e-04
5.235563e-04
5.079331e-04
5.006595e-04
4.944619e-04
4.876008e-04
4.830461e-04
4.737539e-04
4.673686e-04
4.555639e-04
4.518626e-04
4.428992e-04
4.382433e-04
4.245248e-04
4.203129e-04
4.182154e-04
4.116093e-04
4.084184e-04
4.027015e-04
3.921475e-04
3.892602e-04
3.856944e-04
3.813516e-04
3.783562e-04
3.758059e-04
3.718440e-04
3.585523e-04
3.524252e-04
3.465429e-04
3.402781e-04
3.350925e-04
3.332510e-04
3.317514e-04
3.288393e-04
3.253502e-04
3.237374e-04
3.196287e-04
3.176055e-04
3.115025e-04
3.079104e-04
3.056899e-04
3.028477e-04
2.936595e-04
2.929065e-04
2.894335e-04
2.870777e-04
2.851350e-04
2.830758e-04
2.792996e-04
2.742876e-04
2.717883e-04
2.647078e-04
2.629175e-04
2.625233e-04
2.565118e-04
2.529405e-04
2.509091e-04
2.488488e-04
2.473449e-04
2.449694e-04
2.417371e-04
2.387439e-04
2.363279e-04
2.326043e-04
2.310179e-04
2.295958e-04
2.258304e-04
2.239419e-04
2.206142e-04
2.188095e-04
2.160253e-04
2.119110e-04
2.090377e-04
2.047534e-04
2.026750e-04
1.994905e-04
1.978686e-04
1.950841e-04
1.946405e-04
1.933378e-04
1.892242e-04
1.860944e-04
1.827149e-04
1.805385e-04
1.780690e-04
1.767613e-04
1.756378e-04
1.719600e-04
1.670242e-04
1.650469e-04
1.648341e-04
1.599705e-04
1.589860e-04
1.556020e-04
1.537539e-04
1.511809e-04
1.484997e-04
1.473285e-04
1.429504e-04
1.398008e-04
1.386547e-04
1.375756e-04
1.359196e-04
1.330510e-04
1.309198e-04
1.289625e-04
1.237794e-04
1.222629e-04
1.208313e-04
1.197936e-04
1.170493e-04
1.136986e-04
1.128248e-04
1.121889e-04
1.087046e-04
1.076396e-04
1.062745e-04
1.042637e-04
1.015639e-04
9.844111e-05
9.697254e-05
9.298837e-05
9.138494e-05
8.868300e-05
8.589226e-05
8.321847e-05
8.053101e-05
8.027280e-05
7.654336e-05
7.387521e-05
7.332762e-05
7.090857e-05
6.733606e-05
6.606414e-05
6.298955e-05
6.149023e-05
6.115523e-05
5.380605e-05
5.169917e-05
5.105878e-05
4.874072e-05
4.540940e-05
4.513607e-05
4.376363e-05
4.131249e-05
3.937812e-05
3.845580e-05
3.561282e-05
3.362693e-05
3.052123e-05
2.916973e-05
2.875520e-05
2.276086e-05
2.035389e-05
1.672071e-05
1.453898e-05
1.297199e-05
1.178790e-05
9.121541e-06
8.559906e-06
6.771098e-06
4.286669e-06
2.679050e-06
8.240472e-07
2.273205e-13
-2.077948e-14
-6.385593e-14
-2.111940e-06
-3.011456e-06
-4.439526e-06
-6.808683e-06
-1.026480e-05
-1.127512e-05
-1.179540e-05
-1.501247e-05
-1.740260e-05
-1.794767e-05
-1.943613e-05
-2.284538e-05
-2.477314e-05
-2.629417e-05
-2.833456e-05
-3.220607e-05
-3.567546e-05
-3.747340e-05
-3.978510e-05
-4.055521e-05
-4.426859e-05
-4.832594e-05
-4.969273e-05
-5.094350e-05
-5.291610e-05
-5.496915e-05
-5.586943e-05
-5.974480e-05
-6.105908e-05
-6.432815e-05
-6.697926e-05
-6.939503e-05
-7.165733e-05
-7.380256e-05
-7.743154e-05
-7.890049e-05
-8.115701e-05
-8.325769e-05
-8.554209e-05
-8.859524e-05
-9.233096e-05
-9.275709e-05
-9.472875e-05
-9.990606e-05
-1.006863e-04
-1.035132e-04
-1.045382e-04
-1.080271e-04
-1.098318e-04
-1.111519e-04
-1.167131e-04
-1.183083e-04
-1.201594e-04
-1.213515e-04
-1.246173e-04
-1.287538e-04
-1.295709e-04
-1.319572e-04
-1.350045e-04
-1.368429e-04
-1.408150e-04
-1.412536e-04
-1.450561e-04
-1.471657e-04
-1.506653e-04
-1.515037e-04
-1.534154e-04
-1.584449e-04
-1.595001e-04
-1.627895e-04
-1.641057e-04
-1.665302e-04
-1.689822e-04
-1.723177e-04
-1.766412e-04
-1.782091e-04
-1.789391e-04
-1.817669e-04
-1.845652e-04
-1.896942e-04
-1.911829e-04
-1.957365e-04
-1.972634e-04
-2.012886e-04
-2.046835e-04
-2.055815e-04
-2.101608e-04
-2.106554e-04
-2.135694e-04
-2.149951e-04
-2.180201e-04
-2.227636e-04
-2.252464e-04
-2.288210e-04
-2.310497e-04
-2.365525e-04
-2.391329e-04
-2.420766e-04
-2.472263e-04
-2.507578e-04
-2.539689e-04
-2.553849e-04
-2.601801e-04
-2.641067e-04
-2.659122e-04
-2.768464e-04
-2.777854e-04
-2.811711e-04
-2.854569e-04
-2.895923e-04
-2.926081e-04
-2.990710e-04
-3.026004e-04
-3.061615e-04
-3.159223e-04
-3.167233e-04
-3.192041e-04
-3.289395e-04
-3.354731e-04
-3.390072e-04
-3.458276e-04
-3.525491e-04
-3.613646e-04
-3.693399e-04
-3.732933e-04
-3.811935e-04
-3.924055e-04
-4.036974e-04
-4.145487e-04
-4.299115e-04
-4.536417e-04
-4.821439e-04
-5.584920e-04
-6.177827e-04
-6.716680e-04
-1.293391e-03
