3.796680e+06
2.779746e+06
2.475829e+05
1.021432e+05
5.149104e+04
2.267695e+04
1.398529e+04
8.886249e+03
3.935826e+03
2.751053e+03
1.283900e+03
7.890538e+02
6.310748e+02
4.385897e+02
1.707424e+02
9.019016e+01
4.991206e+01
2.522178e+01
1.822639e+01
5.043433e+00
4.518988e+00
3.190706e+00
1.776741e+00
5.784147e-01
3.666435e-01
2.456162e-01
1.669722e-01
1.584391e-01
3.429549e-02
2.048262e-02
1.844615e-02
1.217511e-02
1.074743e-02
9.866611e-03
7.503912e-03
6.561738e-03
5.852984e-03
4.789548e-03
4.181274e-03
3.775452e-03
3.167465e-03
2.854406e-03
2.470684e-03
2.118881e-03
1.769240e-03
1.722822e-03
1.465880e-03
1.308178e-03
1.233645e-03
9.483103e-04
7.330219e-04
7.024108e-04
4.119979e-04
-3.168228e-07
-3.595443e-04
-5.260094e-04
-7.595810e-04
-1.706026e-03
-2.811388e-03
-3.023160e-03
-3.440444e-03
-4.230183e-03
-4.622173e-03
-1.286987e-02
