8.911988e+04
3.697001e+03
2.395827e+03
1.758629e+03
1.158842e+03
8.873872e+02
5.476389e+02
4.277571e+02
3.111673e+02
2.729779e+02
2.447258e+02
2.207889e+02
1.822542e+02
1.731826e+02
1.562946e+02
1.438620e+02
1.341794e+02
1.299847e+02
1.223744e+02
1.154829e+02
1.044962e+02
9.598033e+01
9.100910e+01
8.421420e+01
7.837976e+01
6.826298e+01
6.739381e+01
6.354241e+01
5.988770e+01
5.753485e+01
5.553962e+01
5.019273e+01
4.612815e+01
4.332710e+01
3.799526e+01
3.732975e+01
3.581075e+01
3.339285e+01
3.244171e+01
3.026317e+01
2.648193e+01
2.520544e+01
2.408924e+01
2.265490e+01
2.121342e+01
2.050166e+01
1.919645e+01
1.732832e+01
1.690663e+01
1.536423e+01
1.472021e+01
1.397743e+01
1.260905e+01
1.212819e+01
1.142869e+01
1.048654e+01
9.822766e+00
8.929672e+00
8.462404e+00
7.764227e+00
7.674736e+00
6.926289e+00
6.645810e+00
6.104764e+00
5.904469e+00
5.455017e+00
5.145325e+00
4.806973e+00
4.256786e+00
4.056642e+00
3.740438e+00
3.147809e+00
2.819427e+00
2.651182e+00
2.293508e+00
2.240221e+00
2.144359e+00
1.994740e+00
1.807318e+00
1.774350e+00
1.712846e+00
1.537359e+00
1.497793e+00
1.401172e+00
1.319757e+00
1.292560e+00
1.211466e+00
1.106097e+00
1.058478e+00
1.022401e+00
1.014209e+00
9.534060e-01
9.277931e-01
8.350641e-01
7.778505e-01
7.530155e-01
6.595128e-01
6.415468e-01
6.028014e-01
5.989060e-01
5.484552e-01
4.946919e-01
4.677882e-01
4.478569e-01
4.317620e-01
4.052942e-01
3.728463e-01
3.654908e-01
3.477704e-01
3.126686e-01
3.098871e-01
2.894258e-01
2.756476e-01
2.660345e-01
2.477902e-01
2.329313e-01
2.133091e-01
2.094742e-01
2.041412e-01
1.988548e-01
1.845217e-01
1.708935e-01
1.625940e-01
1.579619e-01
1.424969e-01
1.274456e-01
1.156758e-01
1.045355e-01
1.016235e-01
9.785949e-02
9.282732e-02
8.700223e-02
7.799607e-02
7.563931e-02
6.758255e-02
6.465409e-02
6.280504e-02
6.093605e-02
5.891106e-02
5.649390e-02
5.325406e-02
5.169121e-02
4.865922e-02
4.297406e-02
4.099761e-02
3.751947e-02
3.623588e-02
3.447078e-02
3.344480e-02
3.140277e-02
2.946198e-02
2.812283e-02
2.595124e-02
2.456634e-02
2.265874e-02
2.073974e-02
2.024906e-02
1.917583e-02
1.599096e-02
1.522862e-02
1.446387e-02
1.413506e-02
1.313876e-02
1.163748e-02
1.113698e-02
1.054596e-02
1.023493e-02
9.477870e-03
9.409986e-03
8.916481e-03
8.316513e-03
7.677934e-03
7.306808e-03
6.598034e-03
6.101618e-03
5.903895e-03
5.667743e-03
5.489887e-03
5.402047e-03
4.948586e-03
4.761320e-03
4.577737e-03
3.709484e-03
3.375161e-03
3.204373e-03
3.103610e-03
2.974277e-03
2.946321e-03
2.729801e-03
2.658421e-03
2.595099e-03
2.526514e-03
2.468217e-03
2.355438e-03
2.329812e-03
2.216464e-03
2.057590e-03
1.938837e-03
1.899841e-03
1.812152e-03
1.762251e-03
1.696559e-03
1.655907e-03
1.574072e-03
1.538994e-03
1.503279e-03
1.473491e-03
1.414493e-03
1.375247e-03
1.358379e-03
1.295567e-03
1.284862e-03
1.257510e-03
1.241368e-03
1.222806e-03
1.196686e-03
1.181623e-03
1.173325e-03
1.159474e-03
1.136950e-03
1.125429e-03
1.096798e-03
1.074969e-03
1.057490e-03
1.046730e-03
1.026241e-03
1.016861e-03
1.001207e-03
9.908800e-04
9.763733e-04
9.648599e-04
9.435433e-04
9.249316e-04
9.210160e-04
9.046954e-04
8.885657e-04
8.861020e-04
8.733438e-04
8.590668e-04
8.436258e-04
8.374471e-04
8.216751e-04
8.100762e-04
8.093550e-04
7.929037e-04
7.851413e-04
7.774187e-04
7.635328e-04
7.468949e-04
7.315416e-04
7.214075e-04
7.181374e-04
7.112893e-04
6.964591e-04
6.919655e-04
6.738647e-04
6.672638e-04
6.621050e-04
6.411899e-04
6.322324e-04
6.122955e-04
6.076926e-04
5.988806e-04
5.905498e-04
5.749203e-04
5.701167e-04
5.585557e-04
5.452351e-04
5.345200e-04
5.250362e-04
5.203832e-04
5.136981e-04
4.986455e-04
4.860275e-04
4.828922e-04
4.629896e-04
4.591634e-04
4.456229e-04
4.349794e-04
4.265203e-04
4.163486e-04
4.066039e-04
3.961439e-04
3.926289e-04
3.841829e-04
3.791367e-04
3.671825e-04
3.554683e-04
3.460800e-04
3.340738e-04
3.269786e-04
3.220642e-04
3.080983e-04
3.030057e-04
2.885784e-04
2.805347e-04
2.777718e-04
2.637877e-04
2.577428e-04
2.528513e-04
2.429429e-04
2.318863e-04
2.250571e-04
2.134850e-04
2.105234e-04
1.920701e-04
1.878855e-04
1.802588e-04
1.573844e-04
1.560298e-04
1.513893e-04
1.349459e-04
1.257929e-04
1.208144e-04
1.093487e-04
1.046750e-04
9.237606e-05
8.256354e-05
8.215031e-05
7.304617e-05
5.654672e-05
4.097417e-05
3.607565e-05
2.984494e-05
2.767570e-05
1.808603e-05
9.938365e-06
4.102864e-06
1.138411e-13
-8.584516e-14
-7.987675e-06
-1.041954e-05
-1.854838e-05
-2.640639e-05
-4.926531e-05
-6.247529e-05
-7.572847e-05
-8.428820e-05
-9.097291e-05
-9.821924e-05
-1.100686e-04
-1.135822e-04
-1.209525e-04
-1.300924e-04
-1.551164e-04
-1.637635e-04
-1.711846e-04
-1.942795e-04
-2.085842e-04
-2.098836e-04
-2.223499e-04
-2.319673e-04
-2.375706e-04
-2.540860e-04
-2.706873e-04
-2.782957e-04
-2.857428e-04
-2.926285e-04
-3.066064e-04
-3.149320e-04
-3.325714e-04
-3.387289e-04
-3.496274e-04
-3.556681e-04
-3.726741e-04
-3.861309e-04
-4.034401e-04
-4.071218e-04
-4.332630e-04
-4.433652e-04
-4.470173e-04
-4.551952e-04
-4.711178e-04
-4.788548e-04
-4.822575e-04
-4.979123e-04
-5.405780e-04
-5.616953e-04
-5.798767e-04
-6.097662e-04
-6.348024e-04
-6.718952e-04
-6.937451e-04
-7.252172e-04
