1.872122e+05
2.125945e+04
4.997406e+03
1.772489e+03
1.995449e+02
2.418414e+01
1.066148e+01
6.392144e+00
1.508449e+00
2.147368e-01
7.815038e-02
5.460393e-02
4.524869e-02
3.329928e-02
3.283487e-02
2.627743e-02
2.566526e-02
2.285013e-02
2.178825e-02
2.064867e-02
1.933987e-02
1.839214e-02
1.706750e-02
1.597437e-02
1.540583e-02
1.395310e-02
1.378148e-02
1.227471e-02
1.174708e-02
1.103227e-02
1.090297e-02
9.747528e-03
9.429044e-03
8.795716e-03
8.583221e-03
8.127711e-03
7.705945e-03
7.461983e-03
7.400755e-03
7.032872e-03
6.664486e-03
6.248075e-03
5.999117e-03
5.892923e-03
5.593809e-03
5.308982e-03
5.171517e-03
4.904787e-03
4.719420e-03
4.647916e-03
4.461814e-03
4.227631e-03
3.994127e-03
3.916418e-03
3.769065e-03
3.514122e-03
3.392731e-03
3.243789e-03
3.071917e-03
2.850105e-03
2.719852e-03
2.556921e-03
2.387561e-03
2.224352e-03
2.063842e-03
2.022260e-03
1.998480e-03
1.820107e-03
1.693185e-03
1.564144e-03
1.445986e-03
1.263222e-03
1.161682e-03
1.056642e-03
1.020085e-03
9.212215e-04
8.202256e-04
7.863588e-04
6.964293e-04
6.178516e-04
5.337640e-04
4.645671e-04
3.993466e-04
1.752653e-04
9.247837e-05
-6.959103e-05
-2.512225e-04
-3.605684e-04
-4.470868e-04
-7.050226e-04
-7.617970e-04
-1.075290e-03
-1.435014e-03
-1.578758e-03
-1.785810e-03
-1.858666e-03
-2.149281e-03
-2.499497e-03
-2.914306e-03
-3.354755e-03
-4.382079e-03
-4.850513e-03
-5.386417e-03
-6.377675e-03
-7.034559e-03
-7.362579e-03
-7.464670e-03
-8.463276e-03
-9.345002e-03
-1.059190e-02
-1.116407e-02
-1.226731e-02
-1.330595e-02
-1.478408e-02
-1.547782e-02
-1.787279e-02
-1.884030e-02
-2.096700e-02
-2.329647e-02
-2.482149e-02
-2.646573e-02
-3.126020e-02
-3.888064e-02
-4.455822e-02
-4.652081e-02
-6.114887e-02
-7.136403e-02
-8.709285e-02
