4.631930e+03
7.246733e+01
7.500492e-01
8.667408e-03
3.356393e-04
3.210662e-04
2.764444e-04
2.640006e-04
2.473890e-04
2.448442e-04
2.357831e-04
2.312541e-04
2.255325e-04
2.180087e-04
2.139819e-04
2.030360e-04
1.986445e-04
1.972125e-04
1.863935e-04
1.802788e-04
1.795803e-04
1.780850e-04
1.748728e-04
1.730032e-04
1.685988e-04
1.656020e-04
1.640918e-04
1.598061e-04
1.590386e-04
1.509593e-04
1.485450e-04
1.474526e-04
1.427244e-04
1.414343e-04
1.400025e-04
1.388970e-04
1.352251e-04
1.328985e-04
1.295921e-04
1.263696e-04
1.241191e-04
1.205360e-04
1.197164e-04
1.186562e-04
1.148839e-04
1.135363e-04
1.116737e-04
1.100476e-04
1.078034e-04
1.060213e-04
1.036706e-04
1.020648e-04
1.003433e-04
9.875048e-05
9.792097e-05
9.686985e-05
9.266769e-05
9.057421e-05
9.003029e-05
8.650652e-05
8.552007e-05
8.332667e-05
8.257967e-05
8.171199e-05
7.895754e-05
7.639261e-05
7.423991e-05
7.315325e-05
7.165162e-05
6.994353e-05
6.822842e-05
6.762569e-05
6.366042e-05
6.208012e-05
6.153614e-05
6.063766e-05
5.817010e-05
5.519390e-05
5.351947e-05
5.165541e-05
4.924132e-05
4.879242e-05
4.702702e-05
4.582727e-05
4.552093e-05
4.341036e-05
4.105070e-05
3.822607e-05
3.763917e-05
3.575211e-05
3.474817e-05
3.360989e-05
3.070322e-05
2.937933e-05
2.752474e-05
2.554311e-05
2.426924e-05
2.205064e-05
2.142358e-05
2.089600e-05
1.813905e-05
1.628983e-05
1.417874e-05
1.215211e-05
1.137399e-05
7.931847e-06
6.280258e-06
4.221915e-06
3.967351e-07
-3.814095e-07
-2.012642e-06
-4.330227e-06
-7.548280e-06
-9.627951e-06
-1.170022e-05
-1.321814e-05
-1.433133e-05
-1.752270e-05
-2.114950e-05
-2.294926e-05
-2.749451e-05
-2.901840e-05
-3.114995e-05
-3.259439e-05
-4.234258e-05
-5.682838e-05
-7.452202e-05
-2.049875e-04
