7.407145e+05
2.811036e+05
2.204546e+05
1.679183e+05
1.303116e+05
1.139455e+05
1.046572e+05
9.395774e+04
8.354114e+04
7.561742e+04
6.854246e+04
6.117157e+04
5.760376e+04
4.815776e+04
4.472196e+04
3.521354e+04
2.850399e+04
2.734346e+04
1.870435e+04
1.818224e+04
1.224610e+04
1.081027e+04
9.132947e+03
8.246393e+03
7.414878e+03
6.752383e+03
5.778813e+03
5.134889e+03
3.937984e+03
3.656390e+03
2.905287e+03
2.709223e+03
2.535867e+03
2.012378e+03
1.479501e+03
1.359248e+03
1.050302e+03
7.608805e+02
7.240065e+02
6.376319e+02
5.529466e+02
4.387831e+02
4.253145e+02
3.327562e+02
2.765840e+02
2.381891e+02
1.980484e+02
1.634274e+02
1.517897e+02
1.004263e+02
9.123434e+01
7.839617e+01
6.997316e+01
5.724693e+01
5.200761e+01
4.983375e+01
4.266536e+01
2.869815e+01
2.623730e+01
2.139575e+01
1.436512e+01
1.159742e+01
9.598852e+00
7.233031e+00
6.435227e+00
5.650819e+00
5.358194e+00
4.176675e+00
3.139492e+00
2.862023e+00
2.501199e+00
2.154210e+00
1.257092e+00
1.234822e+00
1.055886e+00
7.259412e-01
6.700982e-01
4.889763e-01
4.632776e-01
3.499077e-01
2.819285e-01
1.473770e-01
1.268535e-01
7.869821e-02
7.519829e-02
5.913842e-02
5.805551e-02
5.027466e-02
4.951936e-02
4.784277e-02
4.520062e-02
4.303847e-02
4.250182e-02
4.236607e-02
3.976472e-02
3.925441e-02
3.688029e-02
3.505110e-02
3.367125e-02
3.245214e-02
3.150548e-02
3.021215e-02
3.007466e-02
2.627253e-02
2.506102e-02
2.463397e-02
2.415624e-02
2.222328e-02
2.151308e-02
1.962060e-02
1.903010e-02
1.853679e-02
1.693678e-02
1.657003e-02
1.580229e-02
1.513950e-02
1.427046e-02
1.316784e-02
1.147249e-02
1.025613e-02
9.173613e-03
6.002049e-03
1.694383e-12
-1.043114e-12
-1.836335e-12
-5.022383e-12
-9.537202e-12
-1.138475e-11
