2.286564e+05
1.965894e+04
5.564479e+03
1.866892e+03
2.227095e+02
2.692519e+01
1.209641e+01
5.924322e+00
1.216852e+00
2.465222e-01
8.045858e-02
5.453330e-02
4.245781e-02
4.165459e-02
3.790724e-02
2.765019e-02
2.741418e-02
2.629045e-02
2.433283e-02
2.165618e-02
2.099732e-02
1.992038e-02
1.913694e-02
1.776123e-02
1.761822e-02
1.670906e-02
1.541936e-02
1.501912e-02
1.377948e-02
1.343038e-02
1.249962e-02
1.165047e-02
1.101912e-02
1.079667e-02
1.016246e-02
9.894509e-03
9.096432e-03
8.604668e-03
8.458688e-03
8.203510e-03
7.925806e-03
7.750167e-03
7.307756e-03
6.918604e-03
6.754718e-03
6.557158e-03
6.393431e-03
6.368888e-03
5.788812e-03
5.599512e-03
5.334348e-03
5.184296e-03
4.891938e-03
4.728702e-03
4.583555e-03
4.424614e-03
4.012074e-03
3.903392e-03
3.821087e-03
3.539739e-03
3.380007e-03
3.073632e-03
2.889976e-03
2.545529e-03
2.471484e-03
2.357414e-03
2.249363e-03
2.186723e-03
2.049643e-03
1.942200e-03
1.573622e-03
1.491860e-03
1.362457e-03
1.276093e-03
1.213774e-03
1.003935e-03
9.403969e-04
7.672858e-04
7.377844e-04
6.071842e-04
5.726994e-04
4.697842e-04
3.178832e-04
2.261468e-04
1.200398e-04
8.789611e-05
-9.951855e-05
-1.418104e-04
-2.976918e-04
-3.277503e-04
-6.697318e-04
-1.069777e-03
-1.080532e-03
-1.263144e-03
-1.597861e-03
-2.052159e-03
-2.243291e-03
-2.749980e-03
-3.181906e-03
-3.219714e-03
-3.954908e-03
-4.355288e-03
-4.771956e-03
-5.200825e-03
-5.748864e-03
-6.230582e-03
-6.780596e-03
-7.266560e-03
-8.099019e-03
-9.217459e-03
-9.575168e-03
-9.696366e-03
-1.142971e-02
-1.200464e-02
-1.289046e-02
-1.334292e-02
-1.544042e-02
-1.988604e-02
-2.075261e-02
-2.363719e-02
-2.882895e-02
-3.088527e-02
-3.533247e-02
-4.302369e-02
-5.669674e-02
-6.458893e-02
-6.860032e-02
-1.140393e-01
