2.801808e+10
8.509697e+09
6.522132e+09
6.408285e+09
5.426693e+09
4.071596e+09
4.025396e+09
3.056254e+09
2.692787e+09
2.322190e+09
2.116495e+09
1.986750e+09
1.826695e+09
1.741398e+09
1.569253e+09
1.503207e+09
1.371692e+09
1.293583e+09
1.257553e+09
1.213738e+09
1.147522e+09
1.079155e+09
1.064397e+09
1.025197e+09
1.003964e+09
9.337540e+08
8.918852e+08
8.902585e+08
8.195901e+08
7.987341e+08
7.738330e+08
7.521101e+08
7.374774e+08
7.332417e+08
6.845820e+08
6.410478e+08
6.235065e+08
6.083304e+08
5.960646e+08
5.929064e+08
5.776972e+08
5.549894e+08
5.358656e+08
5.120861e+08
5.027390e+08
4.910343e+08
4.855280e+08
4.590913e+08
4.373793e+08
4.309502e+08
4.195803e+08
4.002821e+08
3.970006e+08
3.936264e+08
3.839322e+08
3.779700e+08
3.685841e+08
3.593287e+08
3.552431e+08
3.418909e+08
3.243853e+08
3.160060e+08
3.125279e+08
3.089933e+08
2.951551e+08
2.944666e+08
2.817047e+08
2.764319e+08
2.632303e+08
2.604596e+08
2.464978e+08
2.443510e+08
2.342271e+08
2.285670e+08
2.190656e+08
2.178485e+08
2.118316e+08
2.041973e+08
1.998738e+08
1.949033e+08
1.880030e+08
1.782246e+08
1.770845e+08
1.720651e+08
1.679159e+08
1.595400e+08
1.568929e+08
1.538865e+08
1.511489e+08
1.391428e+08
1.342794e+08
1.304170e+08
1.261055e+08
1.252170e+08
1.203534e+08
1.129783e+08
1.102444e+08
1.058215e+08
1.027216e+08
9.980823e+07
9.792092e+07
8.976594e+07
8.526918e+07
8.024553e+07
7.879249e+07
7.339256e+07
7.076290e+07
6.310929e+07
5.917287e+07
5.521519e+07
5.236544e+07
4.148164e+07
3.700579e+07
3.217845e+07
3.160426e+07
3.004502e+07
2.790349e+07
2.629871e+07
2.510757e+07
2.321951e+07
2.268321e+07
1.879302e+07
1.391190e+07
1.309586e+07
5.309039e+06
5.025291e+06
2.054594e+06
1.380958e+06
