1.996513e+12
1.754812e+12
1.503005e+12
1.416937e+12
1.304337e+12
1.228651e+12
1.095560e+12
1.022792e+12
9.230017e+11
9.135916e+11
8.522917e+11
8.225728e+11
7.969707e+11
7.399756e+11
7.126598e+11
6.668698e+11
6.595995e+11
6.255394e+11
5.941530e+11
5.661644e+11
5.583258e+11
5.519194e+11
5.155675e+11
4.938357e+11
4.764219e+11
4.708097e+11
4.541020e+11
4.302574e+11
4.056165e+11
3.893439e+11
3.879869e+11
3.748691e+11
3.684788e+11
3.409982e+11
3.370553e+11
3.319054e+11
3.138661e+11
2.997976e+11
2.967273e+11
2.836835e+11
2.813163e+11
2.738646e+11
2.618834e+11
2.572421e+11
2.518932e+11
2.480246e+11
2.327747e+11
2.233492e+11
2.121855e+11
2.108519e+11
2.031635e+11
1.957911e+11
1.942360e+11
1.904506e+11
1.849329e+11
1.820831e+11
1.765674e+11
1.696110e+11
1.657161e+11
1.629869e+11
1.554132e+11
1.509947e+11
1.496345e+11
1.425085e+11
1.396686e+11
1.390741e+11
1.368977e+11
1.336387e+11
1.320137e+11
1.280639e+11
1.262730e+11
1.227644e+11
1.202468e+11
1.162183e+11
1.145356e+11
1.107108e+11
1.094834e+11
1.074565e+11
1.047526e+11
1.044803e+11
1.023436e+11
1.008107e+11
9.873764e+10
9.576164e+10
9.234889e+10
9.195155e+10
9.041058e+10
8.865186e+10
8.673017e+10
8.647166e+10
8.415138e+10
8.375584e+10
8.197263e+10
7.940968e+10
7.754175e+10
7.689428e+10
7.559666e+10
7.440263e+10
7.350474e+10
7.308312e+10
7.146313e+10
7.031157e+10
6.896279e+10
6.695700e+10
6.621768e+10
6.426838e+10
6.332808e+10
6.197235e+10
6.120730e+10
5.991649e+10
5.889213e+10
5.791649e+10
5.642456e+10
5.596492e+10
5.475592e+10
5.363264e+10
5.214508e+10
5.094287e+10
5.060293e+10
4.834475e+10
4.755191e+10
4.598215e+10
4.501965e+10
4.435189e+10
4.216905e+10
3.581112e+10
1.694759e+10
7.101356e+09
