1.266438e+05
5.979542e+03
3.109277e+03
2.423705e+03
1.970728e+03
1.566743e+03
1.278747e+03
9.401294e+02
8.141736e+02
6.959042e+02
5.574261e+02
4.468562e+02
3.002267e+02
2.764230e+02
2.459417e+02
2.290603e+02
1.873734e+02
1.738663e+02
1.461333e+02
1.322215e+02
1.259069e+02
1.198179e+02
1.054256e+02
8.905838e+01
8.469798e+01
7.544416e+01
6.673148e+01
6.336724e+01
6.027065e+01
5.726394e+01
5.214297e+01
4.797168e+01
4.680416e+01
4.394431e+01
4.171287e+01
3.784537e+01
3.548558e+01
3.461261e+01
3.187998e+01
3.014994e+01
2.769662e+01
2.584068e+01
2.270507e+01
2.057678e+01
2.005643e+01
1.789896e+01
1.684249e+01
1.564580e+01
1.493085e+01
1.356557e+01
1.288408e+01
1.201927e+01
1.102071e+01
1.061567e+01
9.437175e+00
8.766645e+00
7.916718e+00
7.324070e+00
6.898076e+00
6.707480e+00
5.983811e+00
5.597775e+00
5.019806e+00
4.859528e+00
4.264771e+00
3.971741e+00
3.882352e+00
3.564485e+00
3.302067e+00
3.160944e+00
2.879270e+00
2.654495e+00
2.490091e+00
2.414719e+00
2.271837e+00
2.226169e+00
2.087224e+00
1.871582e+00
1.802865e+00
1.622584e+00
1.555833e+00
1.503917e+00
1.337601e+00
1.243536e+00
1.131487e+00
1.085014e+00
9.896778e-01
8.801841e-01
8.421923e-01
7.975131e-01
7.373113e-01
6.975583e-01
6.585202e-01
6.304846e-01
6.085577e-01
5.261554e-01
4.525539e-01
4.458238e-01
4.303243e-01
4.137851e-01
3.734060e-01
3.536028e-01
3.217230e-01
2.956971e-01
2.787826e-01
2.654696e-01
2.455112e-01
2.431503e-01
2.192318e-01
2.109613e-01
2.002812e-01
1.957254e-01
1.792505e-01
1.663339e-01
1.620508e-01
1.518787e-01
1.404890e-01
1.340050e-01
1.140797e-01
1.066103e-01
9.104858e-02
8.955625e-02
8.243303e-02
7.772553e-02
6.877625e-02
6.641867e-02
6.525767e-02
6.001547e-02
5.515641e-02
5.136954e-02
5.016746e-02
4.653125e-02
4.474586e-02
3.722643e-02
3.621658e-02
3.471718e-02
3.307764e-02
3.218808e-02
2.913163e-02
2.751233e-02
2.664065e-02
2.380300e-02
2.180392e-02
2.017156e-02
1.821433e-02
1.709184e-02
1.455843e-02
1.442886e-02
1.189759e-02
1.113627e-02
1.039130e-02
9.806029e-03
8.875096e-03
8.455596e-03
7.957424e-03
7.525242e-03
7.179340e-03
6.838903e-03
6.596808e-03
6.000821e-03
5.839990e-03
5.356471e-03
4.680425e-03
4.564217e-03
4.405543e-03
3.842205e-03
3.492924e-03
3.415697e-03
3.233203e-03
3.072300e-03
2.805175e-03
2.554522e-03
2.421390e-03
2.288283e-03
2.093262e-03
1.994116e-03
1.958252e-03
1.840683e-03
1.795955e-03
1.724210e-03
1.699319e-03
1.645630e-03
1.626425e-03
1.579166e-03
1.552566e-03
1.522821e-03
1.500616e-03
1.469511e-03
1.433912e-03
1.397303e-03
1.363345e-03
1.315898e-03
1.313292e-03
1.288802e-03
1.277828e-03
1.259985e-03
1.237290e-03
1.216103e-03
1.200039e-03
1.186598e-03
1.163029e-03
1.131610e-03
1.126868e-03
1.104137e-03
1.101769e-03
1.088406e-03
1.063129e-03
1.055460e-03
1.046779e-03
1.029473e-03
1.012286e-03
1.009989e-03
9.999494e-04
9.889221e-04
9.769844e-04
9.609762e-04
9.509349e-04
9.347818e-04
9.197308e-04
9.137797e-04
9.031293e-04
8.707139e-04
8.671640e-04
8.497296e-04
8.461651e-04
8.280962e-04
8.165971e-04
7.997013e-04
7.956898e-04
7.938273e-04
7.791320e-04
7.693521e-04
7.501546e-04
7.408605e-04
7.374891e-04
7.301086e-04
7.191991e-04
7.141631e-04
6.979799e-04
6.862652e-04
6.744184e-04
6.693943e-04
6.487126e-04
6.463725e-04
6.379642e-04
6.311590e-04
6.104232e-04
6.016641e-04
5.807392e-04
5.719099e-04
5.689839e-04
5.620715e-04
5.492885e-04
5.267928e-04
5.231023e-04
5.216569e-04
5.180068e-04
5.016349e-04
4.841634e-04
4.779779e-04
4.759289e-04
4.635338e-04
4.531274e-04
4.490196e-04
4.411517e-04
4.291057e-04
4.112057e-04
4.030163e-04
3.911293e-04
3.822042e-04
3.714682e-04
3.682954e-04
3.419976e-04
3.373301e-04
3.303745e-04
3.284064e-04
3.113172e-04
3.010972e-04
2.943912e-04
2.814743e-04
2.735065e-04
2.660527e-04
2.587353e-04
2.528913e-04
2.358589e-04
2.307174e-04
2.199659e-04
2.097935e-04
2.000713e-04
1.877762e-04
1.811001e-04
1.706455e-04
1.588854e-04
1.517544e-04
1.421718e-04
1.376239e-04
1.281733e-04
1.224433e-04
1.115728e-04
1.016027e-04
8.598307e-05
8.129374e-05
7.374683e-05
5.595919e-05
5.312596e-05
4.456644e-05
2.196046e-05
2.158475e-05
1.221672e-05
4.627689e-06
-6.712672e-06
-1.470214e-05
-2.290589e-05
-2.725973e-05
-4.344782e-05
-5.075464e-05
-5.674635e-05
-6.269339e-05
-7.876290e-05
-8.397246e-05
-1.012415e-04
-1.072212e-04
-1.182656e-04
-1.232260e-04
-1.299097e-04
-1.364349e-04
-1.559798e-04
-1.587357e-04
-1.754241e-04
-1.818232e-04
-1.922200e-04
-1.952105e-04
-2.088634e-04
-2.131965e-04
-2.159690e-04
-2.250225e-04
-2.429401e-04
-2.499938e-04
-2.619166e-04
-2.681608e-04
-2.730402e-04
-2.756450e-04
-2.804187e-04
-3.055395e-04
-3.217495e-04
-3.308233e-04
-3.391403e-04
-3.584521e-04
-3.668681e-04
-3.884958e-04
-3.964998e-04
-4.044784e-04
-4.120481e-04
-4.323076e-04
-4.370359e-04
-4.489556e-04
-4.643247e-04
-4.733252e-04
-4.860380e-04
-4.982144e-04
-5.114239e-04
-5.234513e-04
-5.450082e-04
-5.541531e-04
-5.616507e-04
-5.838134e-04
-5.879407e-04
-6.014747e-04
-6.133252e-04
-6.238252e-04
-6.319695e-04
-6.445391e-04
-6.692054e-04
-6.930188e-04
-6.941229e-04
-7.304615e-04
-7.525624e-04
-7.556454e-04
-7.853701e-04
-8.012253e-04
-8.187710e-04
-8.551129e-04
-8.649313e-04
-9.166274e-04
