4.162072e+05
3.327262e+05
2.767756e+05
2.335122e+05
2.283446e+05
1.695408e+05
1.521653e+05
1.486627e+05
1.237490e+05
1.060294e+05
9.595092e+04
8.947066e+04
7.884259e+04
7.439745e+04
6.964808e+04
5.741755e+04
5.091254e+04
4.479446e+04
3.535857e+04
2.730524e+04
2.500729e+04
2.254400e+04
1.867248e+04
1.665430e+04
1.567181e+04
1.310948e+04
1.172242e+04
1.036016e+04
9.119717e+03
7.768760e+03
7.279287e+03
6.610202e+03
6.370235e+03
5.019396e+03
4.433145e+03
4.000243e+03
3.317709e+03
2.517548e+03
2.292342e+03
1.927693e+03
1.799792e+03
1.613560e+03
1.521107e+03
1.302651e+03
1.143207e+03
9.008838e+02
8.351332e+02
7.811120e+02
6.962285e+02
5.223597e+02
5.064316e+02
3.722627e+02
3.422112e+02
3.116677e+02
2.883432e+02
2.339472e+02
2.104928e+02
2.058225e+02
1.821246e+02
1.140907e+02
1.036295e+02
9.413887e+01
7.545061e+01
6.303571e+01
5.052747e+01
4.631341e+01
3.431573e+01
2.666843e+01
1.977957e+01
1.947028e+01
1.420445e+01
1.174415e+01
1.135710e+01
1.041617e+01
8.224737e+00
7.340375e+00
6.414694e+00
5.135210e+00
4.073402e+00
3.123519e+00
2.539350e+00
2.335913e+00
1.854326e+00
1.521718e+00
1.404493e+00
1.130971e+00
9.022088e-01
6.702124e-01
6.235873e-01
3.193244e-01
2.821845e-01
2.600865e-01
2.110869e-01
1.971946e-01
1.444160e-01
1.107329e-01
9.753462e-02
9.048077e-02
6.362543e-02
6.215077e-02
5.225420e-02
5.061397e-02
4.927606e-02
4.862581e-02
4.771825e-02
4.577183e-02
4.444599e-02
4.262611e-02
4.103303e-02
4.008849e-02
3.886171e-02
3.846351e-02
3.745753e-02
3.717755e-02
3.656853e-02
3.521252e-02
3.429699e-02
3.334656e-02
3.103583e-02
2.984908e-02
2.944616e-02
2.911258e-02
2.852723e-02
2.701139e-02
2.678684e-02
2.338787e-02
1.816600e-02
1.557353e-02
