5.253306e+04
6.634337e+02
4.180753e+02
3.408963e+02
2.444185e+02
1.370395e+02
1.123463e+02
8.194379e+01
6.963167e+01
6.111926e+01
5.831437e+01
5.565791e+01
4.417839e+01
4.046362e+01
3.874689e+01
3.482110e+01
3.161211e+01
2.938535e+01
2.736395e+01
2.562127e+01
2.332668e+01
2.166269e+01
2.042178e+01
1.902473e+01
1.719146e+01
1.625745e+01
1.451368e+01
1.319291e+01
1.256372e+01
1.125492e+01
1.061690e+01
9.412944e+00
8.624943e+00
7.932904e+00
7.385577e+00
6.752947e+00
6.131458e+00
5.257373e+00
5.059122e+00
4.519060e+00
3.835990e+00
3.510716e+00
3.416896e+00
3.290193e+00
3.059835e+00
2.629529e+00
2.491258e+00
2.412206e+00
2.262155e+00
1.930808e+00
1.718927e+00
1.570071e+00
1.401490e+00
1.273259e+00
1.169062e+00
1.124531e+00
1.015618e+00
9.872015e-01
8.746344e-01
8.246139e-01
7.224784e-01
6.585883e-01
6.407982e-01
5.384431e-01
5.107656e-01
4.254204e-01
3.937992e-01
3.456674e-01
3.192348e-01
2.680314e-01
2.190727e-01
1.910812e-01
1.828195e-01
1.715507e-01
1.534411e-01
1.321797e-01
1.149924e-01
1.108481e-01
1.041673e-01
9.145159e-02
8.550675e-02
7.868072e-02
7.145103e-02
6.727487e-02
6.202447e-02
5.235673e-02
4.667452e-02
4.154244e-02
3.953929e-02
3.665035e-02
3.199832e-02
2.802279e-02
2.612387e-02
2.467187e-02
2.357704e-02
2.140730e-02
1.792012e-02
1.650503e-02
1.561369e-02
1.488138e-02
1.224327e-02
1.111423e-02
1.064445e-02
9.942960e-03
8.882566e-03
8.001205e-03
7.058445e-03
6.293758e-03
6.163454e-03
5.751157e-03
5.045351e-03
4.739244e-03
4.310846e-03
4.266367e-03
3.717454e-03
3.375227e-03
3.075901e-03
2.948754e-03
2.613256e-03
2.292634e-03
2.161294e-03
2.107617e-03
1.863124e-03
1.689920e-03
1.547254e-03
1.460084e-03
1.383441e-03
1.295644e-03
1.156612e-03
1.084960e-03
1.001004e-03
9.508629e-04
9.057005e-04
8.424685e-04
8.191438e-04
7.903295e-04
7.513094e-04
7.097021e-04
6.684851e-04
6.576355e-04
6.478849e-04
6.279505e-04
6.136587e-04
5.998847e-04
5.516396e-04
5.257105e-04
5.141015e-04
5.014372e-04
4.725630e-04
4.548332e-04
4.409500e-04
4.182483e-04
4.062202e-04
3.742546e-04
3.592693e-04
3.428773e-04
3.374471e-04
3.043514e-04
2.885298e-04
2.565353e-04
2.505009e-04
2.366510e-04
2.267802e-04
2.109855e-04
1.823848e-04
1.654909e-04
1.595740e-04
1.370261e-04
1.340058e-04
1.067394e-04
6.313148e-05
5.344181e-05
3.059944e-05
1.165229e-05
5.525757e-13
-4.613636e-13
-2.225662e-05
-2.903000e-05
-2.996697e-05
-7.891872e-05
-8.605394e-05
-1.278413e-04
-1.352480e-04
-1.507168e-04
-1.722020e-04
-1.826095e-04
-2.364474e-04
-2.464548e-04
-2.625549e-04
-3.106126e-04
-3.693018e-04
-3.887619e-04
