5.860912e+04
1.273834e+04
6.452246e+03
2.036790e+03
1.438488e+03
1.063224e+03
6.429633e+02
4.759435e+02
4.029534e+02
3.246946e+02
2.678389e+02
2.616947e+02
1.875856e+02
1.598048e+02
1.156910e+02
1.037691e+02
9.457420e+01
8.352005e+01
6.912973e+01
6.504556e+01
6.220453e+01
4.746368e+01
4.256096e+01
3.564299e+01
3.075342e+01
2.578128e+01
2.172556e+01
1.824991e+01
1.473898e+01
1.443904e+01
1.166645e+01
1.146421e+01
1.032321e+01
9.794802e+00
7.779063e+00
7.347325e+00
5.693509e+00
5.204559e+00
4.753674e+00
4.668551e+00
3.945842e+00
3.420653e+00
2.789263e+00
2.159101e+00
1.964996e+00
1.316915e+00
1.146273e+00
9.892418e-01
8.243798e-01
8.126994e-01
6.782230e-01
5.576764e-01
4.870067e-01
4.573906e-01
3.748116e-01
2.613599e-01
1.897101e-01
1.531854e-01
1.407181e-01
1.190567e-01
8.547600e-02
7.861175e-02
6.811287e-02
6.337859e-02
5.039877e-02
4.802109e-02
3.692920e-02
2.806265e-02
2.557985e-02
2.034126e-02
1.789928e-02
1.522683e-02
1.078952e-02
9.879454e-03
9.062512e-03
7.207009e-03
5.827273e-03
4.760679e-03
4.112654e-03
3.837733e-03
2.712871e-03
2.335329e-03
1.738496e-03
1.461202e-03
1.397841e-03
1.304826e-03
1.118557e-03
1.060767e-03
1.010881e-03
9.717215e-04
9.212933e-04
8.550400e-04
8.376931e-04
7.646891e-04
7.357993e-04
7.145755e-04
6.963854e-04
6.751307e-04
6.655332e-04
6.447579e-04
6.271211e-04
5.984514e-04
5.744441e-04
5.677734e-04
5.629173e-04
5.573739e-04
5.448653e-04
5.399955e-04
5.253593e-04
5.119576e-04
5.026361e-04
4.931099e-04
4.816774e-04
4.764239e-04
4.746490e-04
4.704208e-04
4.584704e-04
4.529823e-04
4.429097e-04
4.401259e-04
4.285436e-04
4.211715e-04
4.163013e-04
4.116533e-04
4.059891e-04
4.002453e-04
3.986566e-04
3.946042e-04
3.883966e-04
3.837036e-04
3.790155e-04
3.776319e-04
3.719619e-04
3.670090e-04
3.566745e-04
3.521550e-04
3.481539e-04
3.447632e-04
3.425651e-04
3.415775e-04
3.315606e-04
3.276117e-04
3.250622e-04
3.204735e-04
3.189101e-04
3.129219e-04
3.104912e-04
3.045139e-04
3.014181e-04
2.970768e-04
2.933745e-04
2.870928e-04
2.837871e-04
2.791573e-04
2.782908e-04
2.760809e-04
2.752650e-04
2.729230e-04
2.679676e-04
2.648036e-04
2.609379e-04
2.559133e-04
2.538918e-04
2.486805e-04
2.451298e-04
2.412983e-04
2.380267e-04
2.333557e-04
2.329546e-04
2.294075e-04
2.265269e-04
2.242207e-04
2.226837e-04
2.196305e-04
2.156533e-04
2.129459e-04
2.104290e-04
2.090512e-04
2.069166e-04
2.047522e-04
2.000828e-04
1.930379e-04
1.923730e-04
1.901018e-04
1.893952e-04
1.842879e-04
1.826894e-04
1.807672e-04
1.787281e-04
1.728530e-04
1.707075e-04
1.695446e-04
1.687723e-04
1.633026e-04
1.624390e-04
1.589133e-04
1.545866e-04
1.509504e-04
1.462673e-04
1.430978e-04
1.407945e-04
1.375144e-04
1.356770e-04
1.346482e-04
1.319607e-04
1.294434e-04
1.270291e-04
1.236822e-04
1.227775e-04
1.190608e-04
1.186076e-04
1.150664e-04
1.132733e-04
1.108889e-04
1.080795e-04
1.064360e-04
1.016652e-04
9.864703e-05
9.709809e-05
9.386836e-05
9.014248e-05
8.910191e-05
8.785236e-05
8.516041e-05
8.227823e-05
7.868145e-05
7.792677e-05
7.522904e-05
7.148446e-05
6.706712e-05
6.467765e-05
6.417710e-05
6.157022e-05
5.939268e-05
5.701308e-05
5.603344e-05
5.211852e-05
5.104398e-05
4.897575e-05
4.655973e-05
4.359677e-05
4.113399e-05
4.003643e-05
3.545664e-05
3.254179e-05
3.130966e-05
2.932608e-05
2.842876e-05
2.392109e-05
2.135170e-05
1.936292e-05
1.744804e-05
1.566104e-05
1.300640e-05
8.879940e-06
6.438737e-06
4.926507e-06
2.496410e-06
3.467941e-07
3.040605e-14
-5.499374e-15
-6.555240e-14
-1.301149e-13
-2.613094e-06
-5.644082e-06
-6.209995e-06
-7.982202e-06
-8.870536e-06
-1.092411e-05
-1.448833e-05
-1.845447e-05
-2.130389e-05
-2.298775e-05
-2.511111e-05
-2.980216e-05
-3.151306e-05
-3.403184e-05
-3.494360e-05
-3.763644e-05
-4.012167e-05
-4.038547e-05
-4.260547e-05
-4.335394e-05
-4.881194e-05
-5.086492e-05
-5.188229e-05
-5.599365e-05
-5.867571e-05
-6.178979e-05
-6.400065e-05
-6.665718e-05
-6.792619e-05
-7.326809e-05
-7.479670e-05
-7.701678e-05
-7.915126e-05
-7.977654e-05
-8.529709e-05
-8.680273e-05
-9.196471e-05
-9.533474e-05
-9.545381e-05
-9.853640e-05
-1.060242e-04
-1.062923e-04
-1.078271e-04
-1.108794e-04
-1.127030e-04
-1.185643e-04
-1.203340e-04
-1.220248e-04
-1.235850e-04
-1.275583e-04
-1.307253e-04
-1.329930e-04
-1.355136e-04
-1.397083e-04
-1.404986e-04
-1.418263e-04
-1.471428e-04
-1.485289e-04
-1.501039e-04
-1.530950e-04
-1.558504e-04
-1.586111e-04
-1.638493e-04
-1.653256e-04
-1.694191e-04
-1.739461e-04
-1.801134e-04
-1.832127e-04
-1.845874e-04
-1.892956e-04
-1.924985e-04
-1.930647e-04
-1.951257e-04
-1.983124e-04
-2.011649e-04
-2.063328e-04
-2.067670e-04
-2.100603e-04
-2.153614e-04
-2.201840e-04
-2.253888e-04
-2.272504e-04
-2.295677e-04
-2.340751e-04
-2.394363e-04
-2.431756e-04
-2.460876e-04
-2.466826e-04
-2.531859e-04
-2.560997e-04
-2.597412e-04
-2.639162e-04
-2.667537e-04
-2.692913e-04
-2.758371e-04
-2.783116e-04
-2.837492e-04
-2.905738e-04
-2.952243e-04
-3.000865e-04
-3.063398e-04
-3.110152e-04
-3.128233e-04
-3.179198e-04
-3.205562e-04
-3.380942e-04
-3.420905e-04
-3.475948e-04
-3.491624e-04
-3.521015e-04
-3.727492e-04
-3.898156e-04
-4.042954e-04
-4.211239e-04
-4.458309e-04
-4.647656e-04
-5.546135e-04
-6.290193e-04
-7.305545e-04
-7.714556e-04
-9.105990e-04
