1.405204e+08
2.261132e+07
1.681891e+06
1.188758e+06
9.184805e+05
3.016052e+05
1.890200e+05
1.051329e+05
1.692436e+04
1.047706e+04
2.995568e+03
1.139939e+03
4.010060e+02
1.920145e+02
9.031288e+01
8.686792e+01
6.146587e+01
3.800835e+01
3.438102e+01
3.104459e+01
2.321067e+01
2.141893e+01
1.896927e+01
1.674105e+01
1.615843e+01
1.467673e+01
1.378572e+01
1.326639e+01
1.232307e+01
1.153670e+01
1.094888e+01
1.067550e+01
9.995146e+00
9.466547e+00
9.190101e+00
8.806490e+00
8.466458e+00
8.159751e+00
7.976321e+00
7.640838e+00
7.109026e+00
6.975125e+00
6.177936e+00
6.022430e+00
5.685852e+00
5.075176e+00
4.886383e+00
4.582869e+00
4.385530e+00
4.241020e+00
4.027230e+00
3.858571e+00
3.466130e+00
3.111327e+00
2.742789e+00
2.671953e+00
2.525987e+00
2.286061e+00
2.070904e+00
1.891327e+00
1.794498e+00
1.482659e+00
1.324334e+00
1.254189e+00
1.160386e+00
1.013105e+00
7.421215e-01
6.428337e-01
4.798311e-01
4.500574e-01
2.822552e-01
2.352923e-01
1.595599e-01
1.474982e-01
1.256917e-01
7.407771e-02
3.278077e-02
9.373608e-03
7.137466e-10
-1.898781e-10
-6.422101e-02
-8.769860e-02
-1.323447e-01
-1.829716e-01
-2.889298e-01
-3.563862e-01
-4.873158e-01
-5.482541e-01
-5.965655e-01
-7.427768e-01
-8.213558e-01
-1.053608e+00
-1.076501e+00
-1.216267e+00
-1.468850e+00
-1.538850e+00
-1.629088e+00
-1.751441e+00
-2.113022e+00
-2.314964e+00
-2.583455e+00
-3.071611e+00
-3.232639e+00
-3.405729e+00
-3.814872e+00
-3.931027e+00
-4.145090e+00
-4.534787e+00
-5.470942e+00
-5.705403e+00
-6.013192e+00
-6.622528e+00
-6.974386e+00
-7.697059e+00
-8.682002e+00
-9.138538e+00
-1.083548e+01
-1.192764e+01
-1.356677e+01
-1.493189e+01
-1.717077e+01
-1.868062e+01
-2.467218e+01
-2.594595e+01
-3.586651e+01
-4.644790e+01
-5.311084e+01
-6.294439e+01
