6.860082e+02
8.100712e+00
1.698647e-01
1.967848e-03
4.208518e-05
3.896252e-05
3.809836e-05
3.754935e-05
3.563786e-05
3.421560e-05
3.306185e-05
3.257833e-05
3.187383e-05
3.125736e-05
3.099249e-05
3.041953e-05
3.000642e-05
2.896966e-05
2.824262e-05
2.796172e-05
2.762780e-05
2.708558e-05
2.698606e-05
2.664178e-05
2.617626e-05
2.605865e-05
2.526972e-05
2.487177e-05
2.453309e-05
2.410161e-05
2.356692e-05
2.304595e-05
2.293797e-05
2.248651e-05
2.241757e-05
2.213154e-05
2.189952e-05
2.143898e-05
2.113652e-05
2.101339e-05
2.068280e-05
2.010089e-05
1.962525e-05
1.939896e-05
1.903460e-05
1.890630e-05
1.861202e-05
1.828811e-05
1.781729e-05
1.769806e-05
1.743614e-05
1.715935e-05
1.677279e-05
1.627822e-05
1.609069e-05
1.600053e-05
1.571054e-05
1.557132e-05
1.540588e-05
1.518933e-05
1.472019e-05
1.469246e-05
1.405355e-05
1.380373e-05
1.363064e-05
1.346502e-05
1.311688e-05
1.296999e-05
1.266199e-05
1.216467e-05
1.203994e-05
1.166858e-05
1.144355e-05
1.126934e-05
1.090022e-05
1.085541e-05
1.069611e-05
1.040266e-05
1.004776e-05
9.874690e-06
9.486930e-06
9.277215e-06
8.988570e-06
8.483663e-06
8.305225e-06
8.079196e-06
7.843086e-06
7.363751e-06
7.195835e-06
7.112631e-06
6.989405e-06
6.263007e-06
6.023648e-06
5.939626e-06
5.591745e-06
5.390897e-06
5.326442e-06
4.778606e-06
4.699714e-06
4.360001e-06
4.095443e-06
4.018894e-06
3.020086e-06
2.758196e-06
2.592867e-06
2.566286e-06
2.132682e-06
1.845043e-06
1.641396e-06
1.416366e-06
1.022236e-06
5.454302e-07
3.710330e-07
2.267864e-07
3.807892e-09
-2.872343e-15
-3.869412e-07
-1.104515e-06
-1.448632e-06
-1.972676e-06
-2.098150e-06
-2.699399e-06
-3.221885e-06
-3.947069e-06
-4.330526e-06
-6.477172e-06
-1.394802e-05
-3.671367e-05
