1.277012e+05
6.377298e+03
2.887782e+03
2.257880e+03
1.813983e+03
1.595341e+03
1.379499e+03
9.027884e+02
7.874313e+02
7.406092e+02
5.958939e+02
4.250964e+02
2.936580e+02
2.759410e+02
2.502772e+02
2.188652e+02
1.744826e+02
1.648207e+02
1.449840e+02
1.365818e+02
1.263586e+02
1.046148e+02
9.628758e+01
8.037270e+01
7.864763e+01
7.574764e+01
6.804581e+01
6.026219e+01
5.655620e+01
5.259206e+01
5.163444e+01
4.819508e+01
4.331709e+01
3.780360e+01
3.602881e+01
3.438659e+01
3.207391e+01
2.992544e+01
2.934148e+01
2.627683e+01
2.384254e+01
2.272223e+01
2.132457e+01
1.967965e+01
1.925458e+01
1.643443e+01
1.601699e+01
1.428480e+01
1.416704e+01
1.289879e+01
1.169475e+01
1.092447e+01
1.026985e+01
9.244222e+00
8.509287e+00
7.735477e+00
7.284289e+00
7.137219e+00
6.418752e+00
5.902246e+00
5.681886e+00
4.988997e+00
4.875631e+00
4.292860e+00
4.269397e+00
3.951469e+00
3.664813e+00
3.511395e+00
3.366569e+00
3.164551e+00
2.757281e+00
2.535158e+00
2.404476e+00
2.258318e+00
2.045062e+00
1.864779e+00
1.793632e+00
1.666204e+00
1.637149e+00
1.430899e+00
1.289787e+00
1.234937e+00
1.193007e+00
1.118270e+00
1.053930e+00
9.848602e-01
9.382624e-01
8.883312e-01
8.138044e-01
7.565259e-01
7.398579e-01
7.026782e-01
6.137751e-01
6.001372e-01
5.396171e-01
5.018943e-01
4.870571e-01
4.549637e-01
4.369483e-01
4.042822e-01
3.722808e-01
3.399201e-01
3.210939e-01
2.937031e-01
2.683583e-01
2.544541e-01
2.369141e-01
2.170032e-01
2.065991e-01
2.024720e-01
1.869702e-01
1.784966e-01
1.633578e-01
1.550101e-01
1.479901e-01
1.408184e-01
1.284352e-01
1.226246e-01
1.140551e-01
1.019977e-01
9.343672e-02
8.969336e-02
8.016673e-02
7.401307e-02
6.864887e-02
6.442343e-02
6.171629e-02
5.944283e-02
5.318510e-02
5.088238e-02
4.763331e-02
4.215326e-02
3.860841e-02
3.477091e-02
3.195382e-02
2.852083e-02
2.763079e-02
2.606081e-02
2.425003e-02
2.325193e-02
2.139846e-02
2.045722e-02
1.858576e-02
1.729361e-02
1.606509e-02
1.436380e-02
1.330065e-02
1.317861e-02
1.215355e-02
1.133698e-02
1.083520e-02
9.254704e-03
8.685778e-03
7.754936e-03
7.497424e-03
7.406805e-03
6.210109e-03
5.729882e-03
5.467350e-03
5.343820e-03
4.815026e-03
4.239105e-03
3.930211e-03
3.459442e-03
3.146063e-03
2.974052e-03
2.827665e-03
2.613645e-03
2.489544e-03
2.433021e-03
2.325985e-03
2.132926e-03
2.064625e-03
2.019600e-03
1.675438e-03
1.629301e-03
1.574532e-03
1.555276e-03
1.484931e-03
1.466255e-03
1.430865e-03
1.395974e-03
1.386669e-03
1.371497e-03
1.354999e-03
1.327908e-03
1.317089e-03
1.288071e-03
1.275035e-03
1.256797e-03
1.232723e-03
1.215182e-03
1.181167e-03
1.179364e-03
1.153938e-03
1.127595e-03
1.118659e-03
1.116439e-03
1.094063e-03
1.089153e-03
1.070277e-03
1.059774e-03
1.039691e-03
1.033790e-03
1.025571e-03
1.011693e-03
9.994049e-04
9.862242e-04
9.818805e-04
9.631178e-04
9.479856e-04
9.382555e-04
9.205276e-04
8.947054e-04
8.920722e-04
8.784768e-04
8.702630e-04
8.545829e-04
8.463787e-04
8.343720e-04
8.197210e-04
8.152236e-04
7.946507e-04
7.903013e-04
7.718469e-04
7.581401e-04
7.484928e-04
7.424993e-04
7.267514e-04
7.132429e-04
6.990928e-04
6.938310e-04
6.846754e-04
6.823600e-04
6.665569e-04
6.634938e-04
6.506706e-04
6.441967e-04
6.271623e-04
6.226788e-04
6.158178e-04
6.005612e-04
5.907106e-04
5.811331e-04
5.763888e-04
5.642504e-04
5.472080e-04
5.442454e-04
5.349391e-04
5.266572e-04
5.248770e-04
5.057109e-04
5.005684e-04
4.835885e-04
4.785984e-04
4.596037e-04
4.504705e-04
4.459022e-04
4.323719e-04
4.188851e-04
4.147362e-04
4.120185e-04
3.923774e-04
3.854164e-04
3.727181e-04
3.636561e-04
3.587431e-04
3.514940e-04
3.388233e-04
3.346714e-04
3.134388e-04
3.119677e-04
3.006543e-04
2.912610e-04
2.882974e-04
2.827647e-04
2.792991e-04
2.666380e-04
2.564812e-04
2.458231e-04
2.392234e-04
2.300852e-04
2.164510e-04
2.094311e-04
2.015065e-04
1.921768e-04
1.799791e-04
1.734654e-04
1.635088e-04
1.601122e-04
1.428330e-04
1.339693e-04
1.289206e-04
1.185965e-04
1.114332e-04
1.044094e-04
9.271147e-05
8.743184e-05
8.437040e-05
6.298161e-05
5.417758e-05
4.524816e-05
3.070559e-05
2.261478e-05
1.995801e-05
9.424713e-06
5.890801e-06
-1.701513e-05
-2.318260e-05
-3.051983e-05
-3.880223e-05
-4.846676e-05
-5.566394e-05
-6.721053e-05
-6.810479e-05
-9.563970e-05
-9.654165e-05
-1.102708e-04
-1.152621e-04
-1.201765e-04
-1.331639e-04
-1.468350e-04
-1.544378e-04
-1.582935e-04
-1.717167e-04
-1.827696e-04
-1.901728e-04
-1.909362e-04
-2.044851e-04
-2.167452e-04
-2.239517e-04
-2.286826e-04
-2.417144e-04
-2.474846e-04
-2.580913e-04
-2.618312e-04
-2.699791e-04
-2.772917e-04
-2.874829e-04
-3.010526e-04
-3.187502e-04
-3.259045e-04
-3.427272e-04
-3.452910e-04
-3.590184e-04
-3.731788e-04
-3.754165e-04
-3.845445e-04
-4.011150e-04
-4.115949e-04
-4.330967e-04
-4.390648e-04
-4.453998e-04
-4.596130e-04
-4.657298e-04
-4.697657e-04
-4.881901e-04
-4.900700e-04
-5.028807e-04
-5.118356e-04
-5.344424e-04
-5.507332e-04
-5.600073e-04
-5.730458e-04
-5.781632e-04
-6.049024e-04
-6.156300e-04
-6.188335e-04
-6.288469e-04
-6.473109e-04
-6.837378e-04
-6.905653e-04
-6.985302e-04
-7.388585e-04
-7.482278e-04
-7.641760e-04
-8.001227e-04
-8.066556e-04
-8.318679e-04
-8.507162e-04
-8.791101e-04
-8.945465e-04
-9.356736e-04
-9.632338e-04
