1.280366e+05
6.178247e+03
3.246824e+03
2.852667e+03
1.820155e+03
1.485425e+03
1.378569e+03
1.027903e+03
9.490826e+02
7.251597e+02
6.220559e+02
4.799688e+02
2.836966e+02
2.815990e+02
2.203000e+02
1.985762e+02
1.863210e+02
1.661184e+02
1.444103e+02
1.190673e+02
1.156115e+02
9.174040e+01
8.389795e+01
7.519467e+01
7.294976e+01
6.945025e+01
6.442162e+01
6.070078e+01
5.568277e+01
5.375361e+01
5.199076e+01
4.523616e+01
4.262658e+01
3.897504e+01
3.736530e+01
3.565406e+01
3.075695e+01
2.913239e+01
2.635459e+01
2.506041e+01
2.370971e+01
2.109976e+01
2.069510e+01
1.964432e+01
1.811067e+01
1.649362e+01
1.513286e+01
1.356646e+01
1.304783e+01
1.262896e+01
1.189292e+01
1.125801e+01
1.048397e+01
9.714837e+00
9.017593e+00
8.088576e+00
7.598189e+00
6.862701e+00
6.506499e+00
5.999131e+00
5.617374e+00
4.843313e+00
4.492300e+00
4.174144e+00
4.100863e+00
3.772901e+00
3.621875e+00
3.373578e+00
3.257597e+00
2.923399e+00
2.565920e+00
2.435932e+00
2.343197e+00
2.138688e+00
2.001527e+00
1.851917e+00
1.715243e+00
1.589974e+00
1.556001e+00
1.398751e+00
1.250441e+00
1.146646e+00
1.107746e+00
1.057034e+00
9.358917e-01
8.816516e-01
8.467979e-01
8.210076e-01
8.042310e-01
7.485688e-01
6.994135e-01
6.738895e-01
6.070092e-01
5.679399e-01
5.242726e-01
4.973466e-01
4.708011e-01
4.616056e-01
4.172034e-01
3.766876e-01
3.517507e-01
3.137592e-01
3.032443e-01
2.599792e-01
2.487470e-01
2.295555e-01
2.266602e-01
2.085543e-01
2.024268e-01
1.759079e-01
1.617528e-01
1.553288e-01
1.294125e-01
1.287789e-01
1.202572e-01
1.075670e-01
9.646914e-02
9.468478e-02
9.307810e-02
9.190713e-02
8.461206e-02
8.164493e-02
7.352021e-02
6.851523e-02
6.361911e-02
6.014853e-02
5.572313e-02
5.169583e-02
4.454486e-02
3.863318e-02
3.720494e-02
3.606239e-02
3.251523e-02
3.156292e-02
3.115778e-02
2.932851e-02
2.674093e-02
2.172758e-02
1.972618e-02
1.826636e-02
1.655947e-02
1.579022e-02
1.469193e-02
1.405396e-02
1.343180e-02
1.178734e-02
1.087759e-02
1.032664e-02
9.391310e-03
9.163042e-03
8.066231e-03
7.037268e-03
6.083709e-03
5.220905e-03
5.018923e-03
4.907357e-03
4.517576e-03
4.089420e-03
3.982852e-03
3.769726e-03
3.511492e-03
3.232948e-03
3.165126e-03
2.985370e-03
2.780716e-03
2.310873e-03
2.223482e-03
2.116587e-03
2.024009e-03
1.991412e-03
1.809552e-03
1.764230e-03
1.657185e-03
1.591368e-03
1.537601e-03
1.503350e-03
1.454544e-03
1.439025e-03
1.414409e-03
1.384280e-03
1.372245e-03
1.351115e-03
1.338534e-03
1.315673e-03
1.298194e-03
1.284723e-03
1.270475e-03
1.230565e-03
1.219871e-03
1.200513e-03
1.176154e-03
1.161196e-03
1.142024e-03
1.132041e-03
1.120264e-03
1.108034e-03
1.099869e-03
1.078160e-03
1.053539e-03
1.039137e-03
1.035159e-03
1.011125e-03
1.004010e-03
9.907002e-04
9.748487e-04
9.683433e-04
9.610594e-04
9.482525e-04
9.290405e-04
9.237361e-04
9.208330e-04
9.096856e-04
8.905739e-04
8.813182e-04
8.587692e-04
8.538578e-04
8.419221e-04
8.272387e-04
8.256390e-04
8.087168e-04
7.997939e-04
7.802068e-04
7.656225e-04
7.537600e-04
7.426678e-04
7.299732e-04
7.234351e-04
7.196950e-04
7.106299e-04
6.932755e-04
6.895275e-04
6.702940e-04
6.600071e-04
6.479151e-04
6.377982e-04
6.279020e-04
6.228858e-04
6.134526e-04
5.938707e-04
5.905867e-04
5.800925e-04
5.665029e-04
5.661071e-04
5.573868e-04
5.372163e-04
5.319406e-04
5.269035e-04
5.107311e-04
5.009184e-04
4.926237e-04
4.808815e-04
4.707166e-04
4.630864e-04
4.578155e-04
4.509080e-04
4.436042e-04
4.378980e-04
4.183029e-04
4.135971e-04
4.040333e-04
3.997843e-04
3.905866e-04
3.779393e-04
3.766281e-04
3.648504e-04
3.568852e-04
3.395154e-04
3.355568e-04
3.206929e-04
3.138215e-04
3.101451e-04
2.915091e-04
2.863541e-04
2.786432e-04
2.641706e-04
2.629364e-04
2.561663e-04
2.494451e-04
2.433153e-04
2.215396e-04
2.093320e-04
2.053575e-04
1.983019e-04
1.919599e-04
1.844941e-04
1.773467e-04
1.655914e-04
1.621879e-04
1.521656e-04
1.416674e-04
1.191091e-04
1.127684e-04
1.064012e-04
9.898897e-05
8.326359e-05
7.675392e-05
6.647181e-05
5.542767e-05
4.878963e-05
4.302948e-05
3.626080e-05
2.962479e-05
2.226395e-05
8.053868e-06
3.789169e-06
-9.756242e-06
-1.936591e-05
-2.526275e-05
-3.871817e-05
-5.389607e-05
-5.742395e-05
-7.189412e-05
-7.725314e-05
-8.254796e-05
-9.157282e-05
-9.297375e-05
-1.014491e-04
-1.191674e-04
-1.264029e-04
-1.304611e-04
-1.460273e-04
-1.499247e-04
-1.555769e-04
-1.611022e-04
-1.863095e-04
-1.924137e-04
-1.953959e-04
-2.096218e-04
-2.186076e-04
-2.276793e-04
-2.369317e-04
-2.500600e-04
-2.601663e-04
-2.614928e-04
-2.756197e-04
-2.856737e-04
-2.931671e-04
-3.030956e-04
-3.088432e-04
-3.321219e-04
-3.424446e-04
-3.496877e-04
-3.612625e-04
-3.714319e-04
-3.799325e-04
-3.908318e-04
-4.111975e-04
-4.151315e-04
-4.206319e-04
-4.367239e-04
-4.520071e-04
-4.593096e-04
-4.659010e-04
-4.786724e-04
-4.931202e-04
-5.095550e-04
-5.228292e-04
-5.254596e-04
-5.453663e-04
-5.601396e-04
-5.718991e-04
-5.781966e-04
-5.947613e-04
-6.069810e-04
-6.196802e-04
-6.277470e-04
-6.480710e-04
-6.690533e-04
-6.865103e-04
-6.978164e-04
-7.163424e-04
-7.295803e-04
-7.553668e-04
-7.604104e-04
-7.666894e-04
-8.012554e-04
-8.095812e-04
-8.224100e-04
-8.308764e-04
-8.613920e-04
-8.810349e-04
-9.307202e-04
-9.941703e-04
-9.987216e-04
