8.597978e+04
3.384931e+03
2.304676e+03
1.875587e+03
1.098209e+03
7.965070e+02
5.428156e+02
4.465313e+02
3.317298e+02
2.966117e+02
2.622241e+02
2.428339e+02
2.034387e+02
1.980451e+02
1.828042e+02
1.573876e+02
1.550535e+02
1.445058e+02
1.377415e+02
1.265947e+02
1.160966e+02
1.068032e+02
1.002979e+02
9.809969e+01
9.235944e+01
8.820326e+01
8.473239e+01
8.003485e+01
7.283504e+01
6.945268e+01
6.395717e+01
6.029413e+01
5.565697e+01
5.433226e+01
5.250832e+01
4.763508e+01
4.625891e+01
4.441716e+01
4.022060e+01
3.858189e+01
3.747046e+01
3.331285e+01
3.010112e+01
2.824644e+01
2.699595e+01
2.483566e+01
2.391804e+01
2.235704e+01
2.154741e+01
2.006060e+01
1.822141e+01
1.779783e+01
1.669533e+01
1.596559e+01
1.468639e+01
1.367922e+01
1.274555e+01
1.263910e+01
1.139981e+01
1.034457e+01
1.010285e+01
9.047626e+00
8.836829e+00
8.014645e+00
7.338347e+00
6.746303e+00
6.220204e+00
5.783917e+00
5.589683e+00
4.865653e+00
4.718855e+00
4.531541e+00
4.130721e+00
3.815249e+00
3.582826e+00
3.242664e+00
3.136833e+00
2.844522e+00
2.671956e+00
2.449815e+00
2.324936e+00
2.196023e+00
2.074894e+00
1.970057e+00
1.914941e+00
1.846925e+00
1.741291e+00
1.608548e+00
1.536991e+00
1.510327e+00
1.408460e+00
1.301039e+00
1.262224e+00
1.086577e+00
1.059979e+00
9.810397e-01
9.630211e-01
9.022883e-01
8.682138e-01
8.165808e-01
7.653686e-01
7.193240e-01
6.995411e-01
6.514324e-01
6.355632e-01
6.041794e-01
5.861144e-01
5.780758e-01
4.921439e-01
4.709729e-01
4.431732e-01
4.268571e-01
4.211989e-01
4.002092e-01
3.852220e-01
3.501413e-01
3.265463e-01
3.024369e-01
2.854390e-01
2.669981e-01
2.594758e-01
2.404691e-01
2.331124e-01
2.227658e-01
2.132181e-01
1.978876e-01
1.726366e-01
1.680239e-01
1.594123e-01
1.402818e-01
1.377413e-01
1.256538e-01
1.234274e-01
1.209907e-01
1.121105e-01
1.098815e-01
1.073099e-01
9.600054e-02
9.030769e-02
8.955865e-02
8.795764e-02
8.158331e-02
7.413570e-02
7.028767e-02
6.427465e-02
6.329658e-02
6.001541e-02
5.742761e-02
5.454735e-02
5.008954e-02
4.750937e-02
4.451979e-02
3.906425e-02
3.669237e-02
3.366115e-02
3.152300e-02
3.065143e-02
2.715315e-02
2.692512e-02
2.497227e-02
2.315921e-02
2.184881e-02
1.872181e-02
1.835740e-02
1.675587e-02
1.570540e-02
1.494740e-02
1.485090e-02
1.342509e-02
1.281555e-02
1.192992e-02
1.158745e-02
1.054329e-02
9.912430e-03
9.674693e-03
9.186582e-03
8.843192e-03
8.159495e-03
7.793295e-03
7.093991e-03
6.867651e-03
6.470640e-03
6.195162e-03
6.063846e-03
5.808608e-03
5.445235e-03
5.153944e-03
4.972343e-03
4.870443e-03
4.466826e-03
4.080462e-03
3.987558e-03
3.779018e-03
3.737348e-03
3.269505e-03
3.210976e-03
3.107194e-03
2.878988e-03
2.679851e-03
2.472611e-03
2.410947e-03
2.279026e-03
2.166854e-03
2.118809e-03
2.062522e-03
1.973023e-03
1.832067e-03
1.722700e-03
1.666584e-03
1.626391e-03
1.545682e-03
1.493601e-03
1.455185e-03
1.447874e-03
1.416098e-03
1.372708e-03
1.289060e-03
1.255268e-03
1.218047e-03
1.201823e-03
1.199811e-03
1.178885e-03
1.170474e-03
1.124781e-03
1.098743e-03
1.083644e-03
1.081114e-03
1.065867e-03
1.047134e-03
1.035771e-03
1.017508e-03
1.005225e-03
9.959807e-04
9.869710e-04
9.681703e-04
9.566901e-04
9.458925e-04
9.192713e-04
9.100896e-04
9.022571e-04
8.887454e-04
8.784389e-04
8.722480e-04
8.638115e-04
8.520175e-04
8.282952e-04
8.249687e-04
8.092121e-04
7.982391e-04
7.882808e-04
7.708344e-04
7.656734e-04
7.535672e-04
7.401701e-04
7.354006e-04
7.218707e-04
7.156851e-04
7.026120e-04
6.906485e-04
6.821821e-04
6.637269e-04
6.540905e-04
6.422824e-04
6.238868e-04
6.158770e-04
6.049424e-04
5.860034e-04
5.815638e-04
5.802908e-04
5.677699e-04
5.541291e-04
5.441148e-04
5.427580e-04
5.287240e-04
5.194831e-04
5.143501e-04
5.002292e-04
4.944829e-04
4.814653e-04
4.679845e-04
4.620622e-04
4.542204e-04
4.514204e-04
4.450234e-04
4.258215e-04
4.159161e-04
4.044327e-04
4.032462e-04
3.854586e-04
3.828743e-04
3.727199e-04
3.658869e-04
3.521564e-04
3.431694e-04
3.321839e-04
3.163968e-04
3.083839e-04
3.054698e-04
2.985212e-04
2.941222e-04
2.797621e-04
2.680189e-04
2.576218e-04
2.527225e-04
2.464302e-04
2.387116e-04
2.360024e-04
2.258286e-04
2.060109e-04
2.021074e-04
1.966529e-04
1.882022e-04
1.715572e-04
1.694013e-04
1.630263e-04
1.581795e-04
1.362957e-04
1.201187e-04
1.147331e-04
1.030879e-04
9.707684e-05
7.935958e-05
7.304107e-05
6.601118e-05
6.189429e-05
4.028787e-05
3.796848e-05
3.593065e-05
2.152653e-05
1.175913e-05
4.639276e-13
1.396165e-13
-1.805947e-13
-2.269503e-13
-1.818189e-06
-1.011407e-05
-1.740887e-05
-2.948692e-05
-3.628085e-05
-4.639968e-05
-5.154588e-05
-6.623933e-05
-7.560474e-05
-9.414199e-05
-1.158556e-04
-1.203372e-04
-1.308366e-04
-1.334218e-04
-1.446987e-04
-1.496440e-04
-1.639205e-04
-1.725527e-04
-1.785671e-04
-1.811097e-04
-1.977808e-04
-2.104355e-04
-2.195929e-04
-2.323135e-04
-2.455673e-04
-2.521938e-04
-2.573602e-04
-2.728371e-04
-2.854233e-04
-2.907172e-04
-3.032298e-04
-3.099281e-04
-3.399700e-04
-3.506419e-04
-3.709065e-04
-3.783226e-04
-3.921537e-04
-3.979975e-04
-4.134597e-04
-4.308757e-04
-4.417670e-04
-4.550663e-04
-4.690095e-04
-4.823270e-04
-4.900353e-04
-4.961938e-04
-5.492843e-04
-5.804882e-04
-5.908700e-04
-6.343095e-04
