3.857032e+05
2.200071e+05
1.744338e+05
1.616451e+05
1.574662e+05
1.185036e+05
1.160439e+05
1.011422e+05
9.227370e+04
8.058862e+04
7.522005e+04
6.460059e+04
5.804196e+04
5.426198e+04
4.089259e+04
3.865214e+04
3.415699e+04
3.195223e+04
2.180280e+04
1.887071e+04
1.349782e+04
1.178983e+04
1.081563e+04
1.052896e+04
8.633939e+03
7.853966e+03
7.268603e+03
7.160132e+03
6.380981e+03
5.869305e+03
4.355950e+03
3.800445e+03
3.024763e+03
2.659762e+03
2.091437e+03
2.028702e+03
1.577611e+03
1.403284e+03
1.194849e+03
1.079202e+03
8.374899e+02
7.762250e+02
5.900381e+02
4.999795e+02
4.571238e+02
4.093662e+02
3.446465e+02
2.819219e+02
2.654596e+02
2.159372e+02
1.920732e+02
1.642730e+02
1.324005e+02
1.223770e+02
1.011064e+02
8.699319e+01
7.764539e+01
5.816466e+01
5.648865e+01
3.964637e+01
3.569703e+01
2.818466e+01
2.275255e+01
2.001037e+01
1.931627e+01
1.727472e+01
1.631975e+01
9.591724e+00
8.399415e+00
7.142659e+00
5.810413e+00
5.075725e+00
4.350676e+00
4.064270e+00
3.516444e+00
2.819938e+00
1.987388e+00
1.867231e+00
1.241210e+00
1.123975e+00
9.193171e-01
8.246794e-01
5.717766e-01
4.236167e-01
3.321116e-01
2.358888e-01
1.809977e-01
1.509251e-01
1.216477e-01
9.915908e-02
8.709008e-02
8.080848e-02
7.613857e-02
7.504570e-02
7.080705e-02
4.544140e-02
4.054967e-02
3.599419e-02
3.580068e-02
3.156802e-02
3.113304e-02
3.043455e-02
2.976595e-02
2.840020e-02
2.705326e-02
2.655357e-02
2.538902e-02
2.524954e-02
2.480900e-02
2.448221e-02
2.332613e-02
2.191025e-02
2.107508e-02
2.047630e-02
1.911792e-02
1.869736e-02
1.854622e-02
1.761817e-02
1.698197e-02
1.553156e-02
1.524003e-02
1.517420e-02
1.390093e-02
1.315352e-02
1.081701e-02
1.059406e-02
9.992627e-12
-1.166985e-12
