1.286450e+05
6.266448e+03
3.075267e+03
2.843484e+03
1.913521e+03
1.623197e+03
1.436540e+03
1.092898e+03
8.549102e+02
7.248297e+02
6.250868e+02
4.778360e+02
3.037904e+02
2.636515e+02
2.325049e+02
2.107114e+02
1.884160e+02
1.543109e+02
1.234369e+02
1.178334e+02
1.108483e+02
1.013767e+02
9.287542e+01
8.515489e+01
7.662257e+01
7.037823e+01
6.496912e+01
5.708676e+01
5.422462e+01
5.174312e+01
4.483813e+01
4.124471e+01
3.764488e+01
3.752565e+01
3.611731e+01
3.271059e+01
2.898298e+01
2.783806e+01
2.602622e+01
2.450430e+01
2.232710e+01
2.056893e+01
2.018329e+01
1.957750e+01
1.673627e+01
1.625320e+01
1.463225e+01
1.397020e+01
1.322574e+01
1.217806e+01
1.054600e+01
1.023568e+01
9.028787e+00
8.575530e+00
7.837906e+00
7.403289e+00
7.216110e+00
6.708748e+00
6.397914e+00
5.855241e+00
5.165701e+00
5.040427e+00
4.771889e+00
4.501933e+00
3.873008e+00
3.628505e+00
3.317356e+00
2.893994e+00
2.807946e+00
2.351787e+00
2.268947e+00
2.091775e+00
2.016025e+00
1.932170e+00
1.865410e+00
1.672565e+00
1.607575e+00
1.481289e+00
1.411111e+00
1.280979e+00
1.127593e+00
1.104475e+00
1.071700e+00
9.923543e-01
9.718102e-01
8.606423e-01
7.901806e-01
7.808337e-01
7.136674e-01
6.911705e-01
6.746392e-01
6.067265e-01
5.780144e-01
5.375822e-01
5.199654e-01
5.008551e-01
4.626274e-01
4.289581e-01
3.969592e-01
3.591373e-01
3.433081e-01
3.277556e-01
3.081712e-01
2.799363e-01
2.491661e-01
2.305815e-01
2.235391e-01
2.088111e-01
2.005261e-01
1.739174e-01
1.676957e-01
1.628093e-01
1.597933e-01
1.526872e-01
1.430460e-01
1.351333e-01
1.184087e-01
1.133436e-01
1.071390e-01
1.015932e-01
9.558063e-02
9.504537e-02
8.566359e-02
7.871522e-02
7.640578e-02
7.072434e-02
6.381078e-02
5.504990e-02
4.756392e-02
4.668219e-02
4.413440e-02
4.259445e-02
3.965310e-02
3.273639e-02
3.065129e-02
2.894650e-02
2.716536e-02
2.472371e-02
2.366307e-02
2.302542e-02
2.229868e-02
2.008539e-02
1.976185e-02
1.920637e-02
1.870271e-02
1.766291e-02
1.596347e-02
1.507304e-02
1.314741e-02
1.135641e-02
9.814524e-03
9.791613e-03
8.799047e-03
8.534788e-03
7.683007e-03
7.317496e-03
5.759734e-03
5.611586e-03
5.258359e-03
4.591793e-03
4.491421e-03
4.066204e-03
3.751853e-03
3.506704e-03
3.090791e-03
2.995854e-03
2.877683e-03
2.599259e-03
2.556013e-03
2.410071e-03
2.175289e-03
2.068578e-03
2.046885e-03
1.957331e-03
1.887239e-03
1.846136e-03
1.767390e-03
1.664901e-03
1.602203e-03
1.515289e-03
1.477554e-03
1.447604e-03
1.396815e-03
1.367230e-03
1.344383e-03
1.313672e-03
1.302334e-03
1.295613e-03
1.260877e-03
1.236396e-03
1.229109e-03
1.206292e-03
1.199662e-03
1.181074e-03
1.158932e-03
1.140583e-03
1.099997e-03
1.089658e-03
1.087122e-03
1.081505e-03
1.063643e-03
1.042524e-03
1.026872e-03
1.022570e-03
1.009822e-03
1.000594e-03
9.884934e-04
9.759034e-04
9.595631e-04
9.485230e-04
9.319335e-04
9.108083e-04
8.951494e-04
8.851822e-04
8.763429e-04
8.692910e-04
8.672845e-04
8.468493e-04
8.398062e-04
8.234079e-04
8.083268e-04
7.991819e-04
7.894388e-04
7.841256e-04
7.709637e-04
7.561365e-04
7.432998e-04
7.312691e-04
7.261003e-04
7.112233e-04
6.990553e-04
6.923868e-04
6.917721e-04
6.809676e-04
6.741582e-04
6.511366e-04
6.487881e-04
6.415290e-04
6.230676e-04
6.164500e-04
6.125900e-04
6.104811e-04
5.938024e-04
5.815006e-04
5.765862e-04
5.604997e-04
5.566300e-04
5.482273e-04
5.316431e-04
5.247781e-04
5.143704e-04
5.066607e-04
4.784356e-04
4.762099e-04
4.678374e-04
4.501085e-04
4.449439e-04
4.382224e-04
4.214311e-04
4.119129e-04
4.090108e-04
4.056967e-04
3.897906e-04
3.736345e-04
3.690402e-04
3.646103e-04
3.531761e-04
3.498254e-04
3.413195e-04
3.293508e-04
3.265046e-04
3.138366e-04
3.037046e-04
2.947093e-04
2.914027e-04
2.776043e-04
2.710306e-04
2.590039e-04
2.546210e-04
2.498055e-04
2.337780e-04
2.264436e-04
2.227885e-04
2.023338e-04
1.911046e-04
1.819238e-04
1.681104e-04
1.641794e-04
1.535647e-04
1.502817e-04
1.317928e-04
1.190040e-04
1.171845e-04
1.123528e-04
9.997486e-05
9.489885e-05
7.926810e-05
7.221012e-05
6.099046e-05
5.039794e-05
4.636177e-05
3.332715e-05
2.986766e-05
1.393249e-05
7.710242e-06
-2.245618e-06
-1.112930e-05
-2.069500e-05
-3.232989e-05
-3.456169e-05
-4.637585e-05
-5.409402e-05
-6.100866e-05
-6.506418e-05
-7.631136e-05
-8.560977e-05
-8.664590e-05
-1.028766e-04
-1.077541e-04
-1.176745e-04
-1.373383e-04
-1.452543e-04
-1.485185e-04
-1.520421e-04
-1.648961e-04
-1.742126e-04
-1.810719e-04
-1.971408e-04
-2.076765e-04
-2.102218e-04
-2.220009e-04
-2.270955e-04
-2.438647e-04
-2.745806e-04
-2.766088e-04
-2.795538e-04
-2.982611e-04
-3.059697e-04
-3.124388e-04
-3.257825e-04
-3.335760e-04
-3.407185e-04
-3.510973e-04
-3.542456e-04
-3.674688e-04
-3.755562e-04
-3.988019e-04
-4.080045e-04
-4.173862e-04
-4.408667e-04
-4.490130e-04
-4.500934e-04
-4.755533e-04
-4.916111e-04
-5.015002e-04
-5.082246e-04
-5.191566e-04
-5.328365e-04
-5.408943e-04
-5.490953e-04
-5.505630e-04
-5.689980e-04
-5.952347e-04
-6.128812e-04
-6.189651e-04
-6.344776e-04
-6.433078e-04
-6.574765e-04
-6.698857e-04
-6.818386e-04
-7.118616e-04
-7.181556e-04
-7.218361e-04
-7.560305e-04
-7.739075e-04
-7.828393e-04
-8.073648e-04
-8.169170e-04
-8.420221e-04
-8.535624e-04
-9.014877e-04
-9.244053e-04
-9.353837e-04
-9.573456e-04
