3.221036e+12
2.248382e+12
2.026099e+12
1.831604e+12
1.734506e+12
1.533823e+12
1.316378e+12
1.267115e+12
1.232044e+12
1.155615e+12
1.113888e+12
1.080156e+12
9.761590e+11
9.520110e+11
9.066303e+11
8.713547e+11
8.186135e+11
7.810303e+11
7.607695e+11
7.290300e+11
7.038558e+11
6.845245e+11
6.529868e+11
6.308707e+11
6.032144e+11
5.918245e+11
5.641708e+11
5.485218e+11
5.335635e+11
5.139364e+11
4.968162e+11
4.674996e+11
4.640635e+11
4.513482e+11
4.469626e+11
4.327410e+11
4.100993e+11
3.835908e+11
3.757435e+11
3.627255e+11
3.454387e+11
3.417001e+11
3.328485e+11
3.240334e+11
3.191145e+11
3.104952e+11
3.075903e+11
2.836736e+11
2.801361e+11
2.737050e+11
2.668389e+11
2.579126e+11
2.480178e+11
2.400627e+11
2.321145e+11
2.282945e+11
2.253625e+11
2.183946e+11
2.115097e+11
2.079212e+11
2.015698e+11
2.010758e+11
1.912850e+11
1.791422e+11
1.766844e+11
1.758149e+11
1.685595e+11
1.655857e+11
1.619971e+11
1.612458e+11
1.556822e+11
1.536809e+11
1.492240e+11
1.485798e+11
1.458214e+11
1.438239e+11
1.389953e+11
1.356876e+11
1.320874e+11
1.299471e+11
1.263258e+11
1.262510e+11
1.224221e+11
1.199220e+11
1.173373e+11
1.166640e+11
1.146773e+11
1.138445e+11
1.101979e+11
1.093537e+11
1.062832e+11
1.047230e+11
1.016404e+11
1.011428e+11
9.771340e+10
9.615760e+10
9.403884e+10
9.201144e+10
9.016028e+10
8.858592e+10
8.717496e+10
8.613430e+10
8.408820e+10
8.370708e+10
8.171282e+10
8.092321e+10
7.818508e+10
7.756603e+10
7.486596e+10
7.410339e+10
7.363916e+10
7.142349e+10
7.081424e+10
6.963565e+10
6.819512e+10
6.506394e+10
6.425759e+10
6.349721e+10
6.096730e+10
6.015181e+10
5.905780e+10
5.680620e+10
5.464456e+10
5.311001e+10
4.930687e+10
4.789791e+10
3.052512e+10
6.112071e+09
