8.867624e+04
3.707438e+03
2.531321e+03
1.831679e+03
1.087633e+03
7.769361e+02
4.902288e+02
4.064731e+02
2.869394e+02
2.557216e+02
2.409897e+02
2.106151e+02
1.721293e+02
1.570924e+02
1.471295e+02
1.439693e+02
1.289476e+02
1.221261e+02
1.185685e+02
1.074902e+02
1.015179e+02
9.075620e+01
8.476973e+01
8.132568e+01
7.611142e+01
7.215559e+01
6.764307e+01
6.114905e+01
5.855115e+01
5.461106e+01
5.200144e+01
4.744098e+01
4.443459e+01
4.103407e+01
3.997694e+01
3.911149e+01
3.671599e+01
3.491149e+01
3.162451e+01
2.987839e+01
2.752615e+01
2.609099e+01
2.312807e+01
2.157879e+01
2.023766e+01
1.969581e+01
1.821247e+01
1.717042e+01
1.597261e+01
1.506460e+01
1.359956e+01
1.294632e+01
1.249231e+01
1.098634e+01
1.073724e+01
9.991173e+00
9.519370e+00
8.473207e+00
8.049653e+00
7.787566e+00
6.498546e+00
6.360768e+00
6.135383e+00
5.762802e+00
5.105578e+00
4.927530e+00
4.448707e+00
4.300903e+00
3.877389e+00
3.822967e+00
3.349852e+00
2.891592e+00
2.642487e+00
2.522415e+00
2.264540e+00
2.086907e+00
1.942271e+00
1.802689e+00
1.724638e+00
1.697944e+00
1.632724e+00
1.484628e+00
1.331091e+00
1.263867e+00
1.238290e+00
1.179596e+00
1.119056e+00
1.052337e+00
9.537246e-01
9.315652e-01
8.375156e-01
8.018382e-01
7.457133e-01
6.933339e-01
6.584070e-01
6.036884e-01
5.756493e-01
5.548137e-01
5.119420e-01
4.886062e-01
4.766815e-01
4.587618e-01
4.127473e-01
4.085766e-01
3.710015e-01
3.679157e-01
3.521024e-01
3.159606e-01
2.853140e-01
2.792330e-01
2.671823e-01
2.383568e-01
2.245319e-01
2.143091e-01
1.849270e-01
1.795377e-01
1.626209e-01
1.483567e-01
1.423279e-01
1.349635e-01
1.295422e-01
1.178212e-01
1.144321e-01
1.057451e-01
1.035446e-01
9.236005e-02
8.546800e-02
7.718380e-02
7.381703e-02
7.136182e-02
6.379176e-02
6.194012e-02
5.725411e-02
5.685615e-02
4.783330e-02
4.553019e-02
4.440421e-02
4.334763e-02
4.192399e-02
3.986453e-02
3.978294e-02
3.624871e-02
3.442683e-02
3.262563e-02
3.025324e-02
2.750781e-02
2.464656e-02
2.404646e-02
2.216916e-02
2.072642e-02
2.004327e-02
1.904368e-02
1.810525e-02
1.696675e-02
1.573270e-02
1.471253e-02
1.280464e-02
1.203326e-02
1.102748e-02
1.061724e-02
1.002098e-02
9.643661e-03
9.316012e-03
8.627594e-03
8.098952e-03
7.731296e-03
7.383754e-03
7.281644e-03
6.875094e-03
6.740405e-03
6.318141e-03
5.941392e-03
5.685637e-03
5.485850e-03
5.039032e-03
5.018391e-03
4.658083e-03
4.270141e-03
3.854044e-03
3.411258e-03
3.278484e-03
3.173276e-03
2.961604e-03
2.833043e-03
2.714589e-03
2.579405e-03
2.528806e-03
2.482276e-03
2.301609e-03
2.220681e-03
2.108168e-03
2.044938e-03
1.958402e-03
1.894550e-03
1.872283e-03
1.722761e-03
1.702798e-03
1.620005e-03
1.584619e-03
1.548081e-03
1.490723e-03
1.419853e-03
1.379129e-03
1.369601e-03
1.304372e-03
1.294135e-03
1.271239e-03
1.244099e-03
1.222072e-03
1.203878e-03
1.183454e-03
1.150124e-03
1.132856e-03
1.111752e-03
1.107361e-03
1.084848e-03
1.077993e-03
1.058820e-03
1.050925e-03
1.040902e-03
1.021401e-03
1.006593e-03
9.888745e-04
9.863704e-04
9.672668e-04
9.436697e-04
9.414012e-04
9.294117e-04
9.258914e-04
8.938165e-04
8.894134e-04
8.789499e-04
8.690167e-04
8.580306e-04
8.442200e-04
8.411345e-04
8.327574e-04
8.151793e-04
8.077135e-04
7.932605e-04
7.778637e-04
7.722649e-04
7.524918e-04
7.449605e-04
7.369235e-04
7.243819e-04
7.082915e-04
7.043232e-04
6.939670e-04
6.836343e-04
6.765394e-04
6.688128e-04
6.506781e-04
6.466872e-04
6.406208e-04
6.283023e-04
6.227219e-04
6.040396e-04
5.919425e-04
5.836606e-04
5.737308e-04
5.683500e-04
5.628549e-04
5.460034e-04
5.335988e-04
5.299562e-04
5.193136e-04
5.004142e-04
4.882496e-04
4.787096e-04
4.704648e-04
4.650198e-04
4.557123e-04
4.453944e-04
4.317775e-04
4.263436e-04
4.207595e-04
4.108475e-04
4.064777e-04
3.980442e-04
3.889542e-04
3.747074e-04
3.617249e-04
3.536485e-04
3.403646e-04
3.323120e-04
3.266190e-04
3.164412e-04
3.150245e-04
3.090354e-04
3.004837e-04
2.931229e-04
2.834501e-04
2.727015e-04
2.626800e-04
2.462243e-04
2.374373e-04
2.359361e-04
2.263435e-04
2.153900e-04
2.065818e-04
2.024262e-04
1.939377e-04
1.837686e-04
1.822793e-04
1.643291e-04
1.586986e-04
1.525690e-04
1.486269e-04
1.372117e-04
1.288625e-04
1.111979e-04
9.997144e-05
9.015046e-05
8.583809e-05
6.046754e-05
5.748117e-05
5.346626e-05
4.786888e-05
3.938192e-05
2.627590e-05
2.144294e-05
9.338803e-06
2.124496e-06
1.737891e-13
2.803534e-14
-2.480983e-15
-1.755708e-13
-5.847789e-06
-7.887111e-06
-2.541845e-05
-3.563052e-05
-4.604577e-05
-5.051113e-05
-6.031722e-05
-7.662580e-05
-8.423231e-05
-8.580065e-05
-9.925297e-05
-1.109734e-04
-1.200675e-04
-1.453205e-04
-1.523097e-04
-1.636210e-04
-1.713628e-04
-1.781398e-04
-1.845535e-04
-1.924944e-04
-2.042561e-04
-2.161498e-04
-2.354660e-04
-2.423921e-04
-2.536576e-04
-2.554872e-04
-2.841327e-04
-2.886746e-04
-3.018490e-04
-3.092958e-04
-3.236308e-04
-3.280969e-04
-3.365050e-04
-3.525019e-04
-3.639047e-04
-3.730828e-04
-3.800109e-04
-3.861757e-04
-4.032142e-04
-4.066035e-04
-4.266185e-04
-4.423385e-04
-4.564834e-04
-4.621040e-04
-4.809428e-04
-4.867416e-04
-5.165114e-04
-5.185138e-04
-5.288858e-04
-5.434738e-04
-5.659274e-04
-6.074747e-04
-6.145337e-04
-6.231706e-04
-6.619808e-04
-6.858828e-04
