1.287976e+05
6.615585e+03
3.112924e+03
2.762750e+03
2.033139e+03
1.610280e+03
1.365987e+03
1.186446e+03
7.994301e+02
7.074572e+02
6.297385e+02
4.785118e+02
2.788191e+02
2.603329e+02
2.166430e+02
1.779285e+02
1.749344e+02
1.436110e+02
1.365336e+02
1.289566e+02
1.009949e+02
9.106766e+01
7.620370e+01
7.544926e+01
7.177396e+01
6.941789e+01
6.316598e+01
5.719975e+01
5.608138e+01
5.244891e+01
4.261038e+01
4.099725e+01
3.645552e+01
3.616726e+01
3.464045e+01
3.361154e+01
2.908839e+01
2.784207e+01
2.547561e+01
2.449176e+01
2.342238e+01
2.234217e+01
2.081538e+01
2.027281e+01
1.742695e+01
1.557630e+01
1.498604e+01
1.390083e+01
1.270923e+01
1.206431e+01
1.106580e+01
1.029366e+01
9.251377e+00
8.688965e+00
7.853892e+00
7.645794e+00
7.340435e+00
7.118559e+00
6.444680e+00
5.772939e+00
5.432774e+00
4.663082e+00
4.384598e+00
4.150107e+00
3.790717e+00
3.661823e+00
3.494414e+00
3.376184e+00
3.147711e+00
2.754154e+00
2.560454e+00
2.307931e+00
2.181713e+00
2.022490e+00
1.883222e+00
1.738138e+00
1.608285e+00
1.491165e+00
1.454631e+00
1.361198e+00
1.251702e+00
1.139105e+00
1.054560e+00
1.025511e+00
9.592313e-01
9.397807e-01
7.951302e-01
7.751828e-01
7.282852e-01
7.046542e-01
6.362317e-01
6.215187e-01
5.995198e-01
5.372307e-01
4.983259e-01
4.594430e-01
4.268521e-01
4.125983e-01
3.902481e-01
3.778797e-01
3.243263e-01
2.978219e-01
2.946297e-01
2.775764e-01
2.489626e-01
2.259668e-01
2.256191e-01
2.041761e-01
1.985619e-01
1.830884e-01
1.766645e-01
1.662132e-01
1.600599e-01
1.385062e-01
1.287936e-01
1.212894e-01
1.150967e-01
1.036868e-01
9.919087e-02
9.257542e-02
8.309863e-02
7.902382e-02
7.125881e-02
6.892447e-02
6.374691e-02
6.073003e-02
5.416237e-02
4.914612e-02
4.797240e-02
4.278398e-02
3.933707e-02
3.685289e-02
3.319774e-02
3.203580e-02
3.019327e-02
2.815834e-02
2.687793e-02
2.582362e-02
2.492028e-02
2.341737e-02
2.186436e-02
2.098846e-02
1.930923e-02
1.746554e-02
1.684447e-02
1.566849e-02
1.471409e-02
1.172216e-02
1.029514e-02
9.326774e-03
8.370529e-03
7.643170e-03
7.271321e-03
6.935752e-03
6.835318e-03
6.542665e-03
5.720698e-03
5.410148e-03
4.913348e-03
4.231561e-03
3.991357e-03
3.502313e-03
3.172835e-03
3.038667e-03
2.940451e-03
2.829049e-03
2.560414e-03
2.385826e-03
2.287782e-03
2.202214e-03
2.110018e-03
2.085804e-03
2.016383e-03
1.924628e-03
1.893829e-03
1.829901e-03
1.771644e-03
1.737326e-03
1.627514e-03
1.515733e-03
1.503011e-03
1.450760e-03
1.438556e-03
1.384515e-03
1.358707e-03
1.320240e-03
1.296991e-03
1.281894e-03
1.265441e-03
1.254995e-03
1.231831e-03
1.217263e-03
1.196521e-03
1.189349e-03
1.170628e-03
1.149721e-03
1.133957e-03
1.123113e-03
1.112904e-03
1.105391e-03
1.080138e-03
1.064753e-03
1.064489e-03
1.048374e-03
1.040575e-03
1.028645e-03
1.005380e-03
9.916706e-04
9.698161e-04
9.682349e-04
9.488236e-04
9.433000e-04
9.329066e-04
9.259203e-04
9.044222e-04
8.924525e-04
8.887900e-04
8.622252e-04
8.514355e-04
8.458972e-04
8.446038e-04
8.358440e-04
8.184684e-04
7.997394e-04
7.878164e-04
7.738114e-04
7.638517e-04
7.527025e-04
7.469310e-04
7.401840e-04
7.238978e-04
7.118735e-04
7.033408e-04
6.906383e-04
6.887526e-04
6.745665e-04
6.683388e-04
6.559454e-04
6.501710e-04
6.371745e-04
6.245918e-04
6.138923e-04
5.945686e-04
5.887081e-04
5.705847e-04
5.681143e-04
5.588244e-04
5.515306e-04
5.357011e-04
5.222386e-04
5.156932e-04
5.036712e-04
5.025298e-04
4.882472e-04
4.770397e-04
4.731934e-04
4.521419e-04
4.470639e-04
4.317125e-04
4.255606e-04
4.077942e-04
3.941205e-04
3.908202e-04
3.834507e-04
3.756423e-04
3.715124e-04
3.562790e-04
3.510111e-04
3.415467e-04
3.367988e-04
3.271589e-04
3.219536e-04
3.132821e-04
2.919834e-04
2.864128e-04
2.752947e-04
2.737116e-04
2.709116e-04
2.587170e-04
2.387320e-04
2.258533e-04
2.197207e-04
2.097560e-04
2.011682e-04
1.892927e-04
1.845441e-04
1.734137e-04
1.681364e-04
1.419144e-04
1.400024e-04
1.356695e-04
1.249714e-04
1.232913e-04
1.090462e-04
8.668160e-05
8.629580e-05
8.314276e-05
6.351748e-05
6.093777e-05
5.947972e-05
5.328731e-05
4.720994e-05
4.036841e-05
2.854994e-05
1.654512e-05
1.177960e-05
4.725458e-06
-9.332094e-06
-2.245580e-05
-2.925173e-05
-3.603813e-05
-5.936645e-05
-6.607460e-05
-7.089262e-05
-8.169498e-05
-1.024164e-04
-1.085250e-04
-1.203988e-04
-1.308697e-04
-1.323832e-04
-1.415441e-04
-1.458930e-04
-1.547014e-04
-1.674065e-04
-1.786114e-04
-1.933298e-04
-1.991977e-04
-2.063531e-04
-2.189282e-04
-2.294866e-04
-2.378004e-04
-2.562321e-04
-2.651582e-04
-2.661603e-04
-2.905198e-04
-3.040234e-04
-3.119282e-04
-3.209390e-04
-3.218567e-04
-3.342959e-04
-3.409068e-04
-3.551071e-04
-3.636964e-04
-3.684143e-04
-3.783807e-04
-3.943704e-04
-4.006175e-04
-4.274323e-04
-4.321366e-04
-4.425010e-04
-4.488028e-04
-4.586272e-04
-4.691338e-04
-4.761449e-04
-4.897629e-04
-4.982690e-04
-5.187914e-04
-5.333621e-04
-5.383907e-04
-5.560721e-04
-5.628040e-04
-5.817513e-04
-5.958301e-04
-6.039371e-04
-6.143324e-04
-6.391762e-04
-6.498195e-04
-6.717669e-04
-6.863464e-04
-6.973565e-04
-7.010585e-04
-7.139461e-04
-7.339007e-04
-7.356688e-04
-7.638817e-04
-7.747323e-04
-7.902985e-04
-8.223104e-04
-8.476092e-04
-8.645221e-04
-8.811972e-04
-9.246949e-04
-9.787263e-04
-9.950132e-04
