1.283849e+05
6.312764e+03
2.997553e+03
2.805195e+03
2.018887e+03
1.651592e+03
1.269490e+03
1.046303e+03
8.408543e+02
7.781331e+02
6.173798e+02
4.460413e+02
3.470293e+02
2.632042e+02
2.084320e+02
1.995263e+02
1.659395e+02
1.528188e+02
1.284184e+02
1.216721e+02
1.183257e+02
9.845332e+01
9.613752e+01
7.937904e+01
7.178325e+01
6.883115e+01
6.053698e+01
5.969099e+01
5.872718e+01
4.945689e+01
4.815636e+01
4.364566e+01
3.966636e+01
3.678932e+01
3.398993e+01
3.262378e+01
2.720700e+01
2.711407e+01
2.437085e+01
2.275135e+01
2.136471e+01
2.035870e+01
1.849033e+01
1.718708e+01
1.457699e+01
1.390240e+01
1.304147e+01
1.223862e+01
1.120192e+01
1.042989e+01
9.540669e+00
9.145313e+00
8.255464e+00
7.764760e+00
7.105979e+00
6.633250e+00
5.899410e+00
5.479047e+00
5.378102e+00
4.873461e+00
4.707824e+00
4.199234e+00
4.169119e+00
3.893358e+00
3.699606e+00
3.126650e+00
2.881845e+00
2.650094e+00
2.611949e+00
2.528049e+00
2.397896e+00
2.276846e+00
2.146549e+00
1.733609e+00
1.666582e+00
1.569164e+00
1.497873e+00
1.303636e+00
1.270872e+00
1.257576e+00
1.203956e+00
1.065075e+00
9.506722e-01
8.913110e-01
7.891189e-01
7.209895e-01
6.899526e-01
6.522540e-01
6.388222e-01
5.740058e-01
5.471671e-01
5.226116e-01
4.688528e-01
4.431006e-01
4.272798e-01
3.808874e-01
3.563696e-01
3.384233e-01
3.253216e-01
3.049706e-01
2.629658e-01
2.438050e-01
2.371617e-01
2.162214e-01
2.008491e-01
1.933102e-01
1.880784e-01
1.666313e-01
1.541765e-01
1.471941e-01
1.362044e-01
1.148141e-01
1.101860e-01
1.026880e-01
9.853857e-02
8.311835e-02
7.748648e-02
7.646748e-02
7.373112e-02
6.318726e-02
5.970736e-02
5.616915e-02
5.101160e-02
4.817731e-02
4.606296e-02
3.999390e-02
3.892151e-02
3.389658e-02
3.338800e-02
3.092724e-02
3.045268e-02
2.815787e-02
2.430757e-02
2.258337e-02
2.075051e-02
1.695489e-02
1.659374e-02
1.352776e-02
1.332049e-02
1.236497e-02
1.184574e-02
1.082552e-02
9.007866e-03
8.773278e-03
7.991754e-03
7.572180e-03
7.467108e-03
7.055296e-03
6.112698e-03
5.735939e-03
5.354241e-03
5.251865e-03
4.333275e-03
3.809260e-03
3.337067e-03
3.226918e-03
3.215387e-03
3.002582e-03
2.924024e-03
2.648797e-03
2.499137e-03
2.274843e-03
2.165638e-03
2.063430e-03
1.941305e-03
1.897150e-03
1.807885e-03
1.673300e-03
1.586898e-03
1.576485e-03
1.555877e-03
1.483545e-03
1.467325e-03
1.440612e-03
1.395450e-03
1.385150e-03
1.350464e-03
1.308988e-03
1.294036e-03
1.290611e-03
1.271276e-03
1.255941e-03
1.238704e-03
1.208640e-03
1.200664e-03
1.159315e-03
1.144346e-03
1.134637e-03
1.107811e-03
1.102221e-03
1.090455e-03
1.076829e-03
1.068138e-03
1.059953e-03
1.035750e-03
1.027150e-03
1.002080e-03
9.969936e-04
9.905844e-04
9.607509e-04
9.592338e-04
9.445034e-04
9.360916e-04
9.189713e-04
9.051375e-04
8.883212e-04
8.752286e-04
8.670863e-04
8.582390e-04
8.537604e-04
8.441053e-04
8.299118e-04
8.250577e-04
8.140617e-04
8.066456e-04
7.946577e-04
7.922925e-04
7.673161e-04
7.573661e-04
7.484265e-04
7.381745e-04
7.244636e-04
7.102347e-04
7.002272e-04
6.862852e-04
6.764337e-04
6.681859e-04
6.545135e-04
6.465264e-04
6.418507e-04
6.284527e-04
6.223326e-04
6.142656e-04
6.077034e-04
6.019012e-04
5.827296e-04
5.758886e-04
5.649045e-04
5.555669e-04
5.454869e-04
5.255785e-04
5.177928e-04
5.164624e-04
5.024837e-04
4.919651e-04
4.854654e-04
4.844791e-04
4.675504e-04
4.626056e-04
4.481685e-04
4.400462e-04
4.330308e-04
4.243295e-04
4.108154e-04
4.097260e-04
3.963618e-04
3.853174e-04
3.827635e-04
3.710641e-04
3.567112e-04
3.496006e-04
3.443999e-04
3.332221e-04
3.245594e-04
3.205874e-04
3.170474e-04
3.028155e-04
2.894291e-04
2.847384e-04
2.722945e-04
2.711786e-04
2.550855e-04
2.476809e-04
2.415736e-04
2.262858e-04
2.185832e-04
2.133884e-04
2.109373e-04
2.047737e-04
1.952754e-04
1.790740e-04
1.709836e-04
1.574591e-04
1.461077e-04
1.384031e-04
1.258978e-04
1.220425e-04
1.091725e-04
9.963501e-05
9.177961e-05
8.765075e-05
8.653631e-05
7.749454e-05
6.974396e-05
6.264045e-05
5.274298e-05
4.522114e-05
3.405333e-05
2.907605e-05
1.622053e-05
1.410273e-05
6.896506e-06
2.779567e-06
-4.381239e-06
-2.210348e-05
-3.094120e-05
-4.760273e-05
-6.231354e-05
-7.060934e-05
-7.876749e-05
-8.085794e-05
-9.010726e-05
-1.056791e-04
-1.120036e-04
-1.204697e-04
-1.255760e-04
-1.428030e-04
-1.486088e-04
-1.536029e-04
-1.622356e-04
-1.719170e-04
-1.791563e-04
-1.865645e-04
-1.966426e-04
-2.129043e-04
-2.259669e-04
-2.268812e-04
-2.317605e-04
-2.392598e-04
-2.616741e-04
-2.724997e-04
-2.758214e-04
-2.866757e-04
-2.982621e-04
-3.076806e-04
-3.203649e-04
-3.281807e-04
-3.370164e-04
-3.554312e-04
-3.602214e-04
-3.772762e-04
-3.789098e-04
-3.889378e-04
-4.039765e-04
-4.145810e-04
-4.294296e-04
-4.345395e-04
-4.487201e-04
-4.649580e-04
-4.730626e-04
-4.767957e-04
-4.844724e-04
-4.942237e-04
-5.041777e-04
-5.272975e-04
-5.347210e-04
-5.456823e-04
-5.696958e-04
-5.840391e-04
-5.850617e-04
-6.012682e-04
-6.244495e-04
-6.304844e-04
-6.378265e-04
-6.555871e-04
-6.630388e-04
-6.837381e-04
-6.956084e-04
-7.160244e-04
-7.169651e-04
-7.337241e-04
-7.596194e-04
-7.772857e-04
-7.891178e-04
-8.009682e-04
-8.061161e-04
-8.214330e-04
-8.341274e-04
-8.648192e-04
-8.836311e-04
-8.960121e-04
-9.187353e-04
-9.576970e-04
-9.961434e-04
