1.280844e+05
6.306052e+03
3.107339e+03
2.826872e+03
1.956226e+03
1.539340e+03
1.385055e+03
1.110368e+03
8.279250e+02
7.407315e+02
6.584404e+02
4.637392e+02
3.188618e+02
2.557031e+02
2.205876e+02
1.867758e+02
1.750325e+02
1.604828e+02
1.399435e+02
1.251265e+02
1.081941e+02
9.987358e+01
8.492229e+01
7.576958e+01
7.117282e+01
6.831728e+01
6.405867e+01
6.180850e+01
5.715886e+01
5.285001e+01
4.603218e+01
4.232391e+01
4.133158e+01
3.894867e+01
3.557797e+01
3.168068e+01
2.974122e+01
2.889473e+01
2.674217e+01
2.597379e+01
2.525940e+01
2.291221e+01
2.132261e+01
1.850270e+01
1.704852e+01
1.559449e+01
1.438384e+01
1.401305e+01
1.284172e+01
1.226613e+01
1.214008e+01
1.087902e+01
9.335443e+00
9.028932e+00
8.278731e+00
7.601556e+00
7.091944e+00
6.527306e+00
6.252821e+00
5.956532e+00
5.382625e+00
5.138696e+00
4.468599e+00
4.182842e+00
3.855952e+00
3.767190e+00
3.526333e+00
3.312979e+00
3.110795e+00
2.679556e+00
2.509035e+00
2.377033e+00
2.137003e+00
2.064292e+00
1.891691e+00
1.726579e+00
1.677231e+00
1.630455e+00
1.422806e+00
1.355369e+00
1.274406e+00
1.142461e+00
1.100635e+00
1.050551e+00
9.609965e-01
8.760146e-01
8.330437e-01
7.984210e-01
7.626957e-01
6.915466e-01
6.662270e-01
6.522586e-01
6.419161e-01
5.750269e-01
5.720451e-01
5.143306e-01
4.763682e-01
4.440319e-01
4.225729e-01
4.092191e-01
3.860985e-01
3.488230e-01
3.397310e-01
2.979974e-01
2.892807e-01
2.722677e-01
2.673834e-01
2.367337e-01
2.342843e-01
2.207061e-01
2.052974e-01
1.912657e-01
1.804304e-01
1.715158e-01
1.660724e-01
1.541547e-01
1.405350e-01
1.318850e-01
1.165500e-01
1.108476e-01
1.017668e-01
9.401570e-02
9.175486e-02
8.805007e-02
8.439662e-02
7.604973e-02
7.116713e-02
6.329950e-02
6.044337e-02
5.740061e-02
4.948733e-02
4.376774e-02
4.152455e-02
3.941802e-02
3.839895e-02
3.232035e-02
3.166231e-02
2.987643e-02
2.909251e-02
2.356058e-02
2.248437e-02
2.166739e-02
2.001649e-02
1.956200e-02
1.826070e-02
1.673330e-02
1.515650e-02
1.472029e-02
1.378178e-02
1.256669e-02
1.144308e-02
1.125890e-02
1.069285e-02
1.002224e-02
9.645895e-03
8.950305e-03
8.460172e-03
7.780974e-03
6.834544e-03
6.344273e-03
5.314978e-03
5.077441e-03
4.619303e-03
4.358487e-03
4.114121e-03
3.500859e-03
3.396186e-03
3.126403e-03
2.952065e-03
2.839431e-03
2.705248e-03
2.277256e-03
2.139999e-03
2.034533e-03
1.984489e-03
1.820983e-03
1.640790e-03
1.564822e-03
1.508790e-03
1.501622e-03
1.420776e-03
1.418024e-03
1.384822e-03
1.372009e-03
1.344875e-03
1.331098e-03
1.308220e-03
1.287628e-03
1.260031e-03
1.251104e-03
1.239390e-03
1.189377e-03
1.183998e-03
1.166080e-03
1.155938e-03
1.141236e-03
1.130362e-03
1.115883e-03
1.088597e-03
1.064643e-03
1.063317e-03
1.056544e-03
1.033893e-03
1.023099e-03
1.012156e-03
9.932864e-04
9.860789e-04
9.661963e-04
9.565763e-04
9.470317e-04
9.345042e-04
9.235351e-04
9.211508e-04
9.073812e-04
8.911106e-04
8.770903e-04
8.699900e-04
8.599596e-04
8.518256e-04
8.268380e-04
8.192534e-04
8.123975e-04
8.043252e-04
7.909940e-04
7.740258e-04
7.688187e-04
7.534244e-04
7.439343e-04
7.302103e-04
7.153815e-04
7.110997e-04
7.033569e-04
6.847798e-04
6.800268e-04
6.753047e-04
6.577794e-04
6.507997e-04
6.478115e-04
6.386791e-04
6.282353e-04
6.189451e-04
6.103818e-04
6.004064e-04
5.971135e-04
5.926403e-04
5.828621e-04
5.635312e-04
5.465208e-04
5.348126e-04
5.257927e-04
5.205452e-04
5.123175e-04
4.995728e-04
4.853711e-04
4.762495e-04
4.697671e-04
4.531712e-04
4.473092e-04
4.361286e-04
4.341658e-04
4.307883e-04
4.174591e-04
4.057763e-04
3.909903e-04
3.821002e-04
3.694333e-04
3.597859e-04
3.556229e-04
3.396955e-04
3.318518e-04
3.250512e-04
3.134546e-04
3.094403e-04
2.965961e-04
2.939584e-04
2.822911e-04
2.752770e-04
2.639075e-04
2.540080e-04
2.503716e-04
2.291820e-04
2.222419e-04
2.072168e-04
2.040824e-04
1.909121e-04
1.818754e-04
1.798136e-04
1.660898e-04
1.604094e-04
1.516498e-04
1.432483e-04
1.361812e-04
1.282334e-04
1.191497e-04
9.839518e-05
9.161444e-05
8.653293e-05
7.750080e-05
6.789502e-05
6.120224e-05
5.776963e-05
4.812767e-05
4.696273e-05
3.342375e-05
2.011114e-05
1.585896e-05
1.515632e-06
-5.987687e-06
-1.253824e-05
-2.675007e-05
-4.000539e-05
-5.527122e-05
-5.706606e-05
-6.524610e-05
-7.380413e-05
-7.716346e-05
-9.496505e-05
-1.024109e-04
-1.194244e-04
-1.231813e-04
-1.312800e-04
-1.459277e-04
-1.517950e-04
-1.591768e-04
-1.640152e-04
-1.696200e-04
-1.806763e-04
-1.978384e-04
-2.022853e-04
-2.175146e-04
-2.343237e-04
-2.418903e-04
-2.451570e-04
-2.593138e-04
-2.725080e-04
-2.864734e-04
-2.930824e-04
-2.948241e-04
-3.128204e-04
-3.198179e-04
-3.311425e-04
-3.363717e-04
-3.394368e-04
-3.445558e-04
-3.641464e-04
-3.840708e-04
-3.971369e-04
-3.984743e-04
-4.136745e-04
-4.172690e-04
-4.212448e-04
-4.406483e-04
-4.544695e-04
-4.761636e-04
-4.802504e-04
-4.916392e-04
-4.999126e-04
-5.232198e-04
-5.359810e-04
-5.413885e-04
-5.474284e-04
-5.608352e-04
-5.716140e-04
-5.994067e-04
-6.037484e-04
-6.182435e-04
-6.264320e-04
-6.348271e-04
-6.454592e-04
-6.596804e-04
-6.737135e-04
-6.904654e-04
-7.127717e-04
-7.227009e-04
-7.395879e-04
-7.503656e-04
-7.785564e-04
-7.872400e-04
-7.953813e-04
-8.126745e-04
-8.598976e-04
-8.708506e-04
-9.188908e-04
-9.450532e-04
