1.039351e+13
8.115155e+12
5.033452e+12
4.516425e+12
3.891583e+12
3.555843e+12
3.405761e+12
3.115277e+12
2.910243e+12
2.725599e+12
2.614598e+12
2.480237e+12
2.376253e+12
2.298890e+12
2.155996e+12
2.137927e+12
2.105079e+12
1.965120e+12
1.942396e+12
1.854491e+12
1.787134e+12
1.728368e+12
1.668327e+12
1.607717e+12
1.578505e+12
1.564445e+12
1.477632e+12
1.438231e+12
1.410033e+12
1.372024e+12
1.370401e+12
1.321502e+12
1.282589e+12
1.229367e+12
1.191234e+12
1.169280e+12
1.148421e+12
1.113137e+12
1.080654e+12
1.042541e+12
1.018283e+12
1.010661e+12
1.005961e+12
9.673292e+11
9.480936e+11
9.281174e+11
9.147267e+11
9.098862e+11
8.779432e+11
8.511344e+11
8.389600e+11
8.304284e+11
8.002227e+11
7.897799e+11
7.805883e+11
7.652381e+11
7.622064e+11
7.449161e+11
7.300229e+11
7.130752e+11
7.002729e+11
6.923943e+11
6.921504e+11
6.663879e+11
6.577919e+11
6.486203e+11
6.407879e+11
6.344541e+11
6.176056e+11
6.077012e+11
6.060801e+11
5.900702e+11
5.873751e+11
5.842258e+11
5.721242e+11
5.563758e+11
5.526572e+11
5.348616e+11
5.316483e+11
5.226014e+11
5.178839e+11
5.104455e+11
5.054768e+11
4.993889e+11
4.930170e+11
4.901871e+11
4.778015e+11
4.681279e+11
4.598775e+11
4.562031e+11
4.467652e+11
4.433635e+11
4.300926e+11
4.203355e+11
4.152340e+11
4.125864e+11
4.090323e+11
4.069863e+11
3.956862e+11
3.925614e+11
3.888171e+11
3.819178e+11
3.740463e+11
3.647756e+11
3.606034e+11
3.522286e+11
3.487097e+11
3.470493e+11
3.395347e+11
3.388099e+11
3.319884e+11
3.292229e+11
3.205402e+11
3.132190e+11
3.087928e+11
3.054862e+11
2.986482e+11
2.892027e+11
2.845723e+11
2.814155e+11
2.741398e+11
2.614640e+11
2.594171e+11
2.520626e+11
2.433476e+11
2.296546e+11
2.173679e+11
1.565688e+11
