5.843190e+04
1.220585e+04
6.351843e+03
2.065965e+03
1.593966e+03
1.016395e+03
7.220703e+02
4.339120e+02
4.135450e+02
3.200359e+02
2.866871e+02
2.484484e+02
2.134344e+02
1.515083e+02
1.335025e+02
1.146292e+02
9.411486e+01
8.985088e+01
6.330043e+01
5.624254e+01
5.534562e+01
4.990043e+01
3.940423e+01
3.727875e+01
3.412976e+01
2.667696e+01
2.295937e+01
1.947524e+01
1.823532e+01
1.549529e+01
1.518579e+01
1.057882e+01
9.391013e+00
9.141661e+00
8.520038e+00
7.265508e+00
6.691949e+00
5.700802e+00
5.057314e+00
3.867299e+00
3.309794e+00
3.034518e+00
2.681761e+00
2.322073e+00
2.115545e+00
1.826591e+00
1.254937e+00
1.160356e+00
9.180598e-01
7.905251e-01
6.836591e-01
6.336197e-01
5.693796e-01
4.789731e-01
3.542562e-01
3.188850e-01
2.737009e-01
2.051114e-01
1.654586e-01
1.350563e-01
1.123534e-01
9.359584e-02
7.854793e-02
5.517362e-02
5.234396e-02
4.316284e-02
3.055609e-02
2.429466e-02
2.298835e-02
1.952489e-02
1.851045e-02
1.769864e-02
1.576387e-02
1.229959e-02
1.046090e-02
9.718221e-03
7.020324e-03
5.992205e-03
5.243343e-03
5.005321e-03
2.820567e-03
2.553255e-03
2.058142e-03
1.890578e-03
1.789402e-03
1.431204e-03
1.343412e-03
1.245401e-03
1.115968e-03
1.016725e-03
9.538481e-04
8.983123e-04
8.143777e-04
7.923499e-04
7.708776e-04
7.163954e-04
7.019882e-04
6.626198e-04
6.474493e-04
6.309382e-04
6.209056e-04
5.962399e-04
5.927662e-04
5.863502e-04
5.545754e-04
5.395613e-04
5.368057e-04
5.210547e-04
4.991945e-04
4.950230e-04
4.886404e-04
4.825905e-04
4.776348e-04
4.700184e-04
4.646413e-04
4.557529e-04
4.440393e-04
4.361173e-04
4.342884e-04
4.269928e-04
4.213619e-04
4.179698e-04
4.083149e-04
4.030988e-04
3.968448e-04
3.896609e-04
3.880911e-04
3.799868e-04
3.768835e-04
3.742251e-04
3.671352e-04
3.660617e-04
3.614191e-04
3.599544e-04
3.557194e-04
3.516662e-04
3.470323e-04
3.403949e-04
3.352805e-04
3.316013e-04
3.310161e-04
3.238977e-04
3.223126e-04
3.145008e-04
3.132402e-04
3.110565e-04
3.070314e-04
3.042945e-04
3.035807e-04
2.974112e-04
2.958520e-04
2.894004e-04
2.850186e-04
2.804223e-04
2.769456e-04
2.717508e-04
2.699106e-04
2.655985e-04
2.645538e-04
2.617296e-04
2.584129e-04
2.556348e-04
2.542390e-04
2.480530e-04
2.479882e-04
2.427005e-04
2.403909e-04
2.394992e-04
2.339055e-04
2.321662e-04
2.271763e-04
2.267893e-04
2.221854e-04
2.198350e-04
2.177480e-04
2.137425e-04
2.107532e-04
2.091389e-04
2.046865e-04
2.031546e-04
1.992254e-04
1.983564e-04
1.957502e-04
1.920396e-04
1.909996e-04
1.887165e-04
1.874837e-04
1.827298e-04
1.791252e-04
1.778247e-04
1.770064e-04
1.732215e-04
1.673696e-04
1.656481e-04
1.649949e-04
1.594064e-04
1.582357e-04
1.564805e-04
1.555643e-04
1.521672e-04
1.500521e-04
1.481488e-04
1.462764e-04
1.394262e-04
1.370184e-04
1.369156e-04
1.342421e-04
1.311492e-04
1.278876e-04
1.239665e-04
1.217538e-04
1.193609e-04
1.175210e-04
1.147383e-04
1.139859e-04
1.098082e-04
1.092299e-04
1.069775e-04
1.044303e-04
1.039479e-04
1.024182e-04
9.668060e-05
9.330780e-05
9.257421e-05
9.003393e-05
8.777713e-05
8.647636e-05
8.297963e-05
8.062272e-05
7.839869e-05
7.569524e-05
7.269569e-05
7.137447e-05
6.730442e-05
6.455582e-05
6.346501e-05
5.904364e-05
5.591608e-05
5.464634e-05
4.988963e-05
4.946302e-05
4.639781e-05
4.376932e-05
4.289204e-05
3.754050e-05
3.661311e-05
3.494232e-05
3.259675e-05
3.071504e-05
2.593816e-05
2.529908e-05
2.170013e-05
1.783685e-05
1.646641e-05
1.397246e-05
1.302298e-05
1.015074e-05
5.484088e-06
4.985622e-06
1.174776e-06
9.229687e-14
-1.440248e-14
-3.923742e-14
-4.535025e-14
-3.846228e-07
-2.444955e-06
-6.035303e-06
-7.467585e-06
-9.304567e-06
-1.154758e-05
-1.304065e-05
-1.663474e-05
-1.693476e-05
-2.006110e-05
-2.056663e-05
-2.501649e-05
-2.678949e-05
-3.051250e-05
-3.206195e-05
-3.386662e-05
-3.465010e-05
-3.859051e-05
-4.173160e-05
-4.324899e-05
-4.656953e-05
-4.820427e-05
-5.101908e-05
-5.361004e-05
-5.740173e-05
-5.836105e-05
-6.343346e-05
-6.510473e-05
-6.955988e-05
-7.076155e-05
-7.546151e-05
-7.665492e-05
-7.775289e-05
-8.459369e-05
-8.599406e-05
-8.813372e-05
-9.142806e-05
-9.488713e-05
-9.657410e-05
-9.831919e-05
-1.008323e-04
-1.023660e-04
-1.054844e-04
-1.065552e-04
-1.092969e-04
-1.125082e-04
-1.160395e-04
-1.179092e-04
-1.215461e-04
-1.241561e-04
-1.250471e-04
-1.280149e-04
-1.321904e-04
-1.330617e-04
-1.381029e-04
-1.410565e-04
-1.471961e-04
-1.475936e-04
-1.501439e-04
-1.519141e-04
-1.536385e-04
-1.569251e-04
-1.582303e-04
-1.638486e-04
-1.682800e-04
-1.695879e-04
-1.715041e-04
-1.750734e-04
-1.759421e-04
-1.826974e-04
-1.839756e-04
-1.858944e-04
-1.887538e-04
-1.919941e-04
-1.944152e-04
-1.984744e-04
-1.996679e-04
-2.015066e-04
-2.092327e-04
-2.138115e-04
-2.162707e-04
-2.172846e-04
-2.198148e-04
-2.257559e-04
-2.300437e-04
-2.309918e-04
-2.373140e-04
-2.390008e-04
-2.440166e-04
-2.515314e-04
-2.583445e-04
-2.624353e-04
-2.696227e-04
-2.743343e-04
-2.788518e-04
-2.836696e-04
-2.855697e-04
-2.956034e-04
-3.003874e-04
-3.013750e-04
-3.064351e-04
-3.161408e-04
-3.193293e-04
-3.284372e-04
-3.361918e-04
-3.450974e-04
-3.507222e-04
-3.627795e-04
-3.670970e-04
-3.781609e-04
-3.859652e-04
-4.021696e-04
-4.126101e-04
-4.436458e-04
-4.572454e-04
-4.916984e-04
-5.910992e-04
-6.664211e-04
-8.105031e-04
-1.386112e-03
