8.895664e+04
3.810821e+03
2.553467e+03
1.856675e+03
1.111708e+03
7.909179e+02
5.193370e+02
4.251989e+02
2.987881e+02
2.763428e+02
2.627585e+02
2.159599e+02
1.797177e+02
1.763951e+02
1.598236e+02
1.404507e+02
1.300567e+02
1.286491e+02
1.226752e+02
1.138649e+02
1.068843e+02
9.555068e+01
8.993364e+01
8.035258e+01
7.559155e+01
7.163336e+01
7.045500e+01
6.432333e+01
6.236261e+01
5.868718e+01
5.495513e+01
5.164089e+01
5.035584e+01
4.849780e+01
4.466542e+01
4.143382e+01
3.905837e+01
3.709776e+01
3.486452e+01
3.079866e+01
2.962244e+01
2.685610e+01
2.532762e+01
2.420827e+01
2.259509e+01
2.180577e+01
1.989586e+01
1.893780e+01
1.827872e+01
1.690894e+01
1.462955e+01
1.385562e+01
1.306800e+01
1.238770e+01
1.186949e+01
1.141376e+01
1.051486e+01
9.066585e+00
8.345401e+00
8.154434e+00
7.416397e+00
7.019945e+00
6.537313e+00
5.969311e+00
5.384501e+00
5.136094e+00
4.844687e+00
4.564813e+00
4.142126e+00
3.948094e+00
3.821838e+00
3.304526e+00
2.933171e+00
2.731388e+00
2.506055e+00
2.341208e+00
2.317264e+00
2.134579e+00
1.973067e+00
1.852563e+00
1.697364e+00
1.496535e+00
1.491111e+00
1.365815e+00
1.318535e+00
1.263766e+00
1.200181e+00
1.137183e+00
1.121670e+00
1.064838e+00
1.029666e+00
9.720187e-01
8.590602e-01
8.506509e-01
7.668588e-01
7.427612e-01
7.282590e-01
6.916814e-01
6.377326e-01
5.822892e-01
5.605623e-01
5.532697e-01
5.198575e-01
4.659662e-01
4.452784e-01
4.189841e-01
3.964136e-01
3.735737e-01
3.455204e-01
3.254075e-01
3.088152e-01
2.882111e-01
2.700735e-01
2.590382e-01
2.382322e-01
2.308064e-01
2.242604e-01
1.944321e-01
1.904918e-01
1.834702e-01
1.757571e-01
1.653481e-01
1.535482e-01
1.459181e-01
1.298546e-01
1.239964e-01
1.134287e-01
1.100338e-01
9.853545e-02
9.240305e-02
9.141810e-02
8.167011e-02
7.539622e-02
7.318887e-02
6.680765e-02
6.251792e-02
5.982265e-02
5.849674e-02
5.342172e-02
5.158544e-02
4.821539e-02
4.548698e-02
4.453025e-02
4.013546e-02
4.000540e-02
3.921429e-02
3.735594e-02
3.380335e-02
3.219961e-02
2.894544e-02
2.740293e-02
2.651347e-02
2.536595e-02
2.347646e-02
2.273968e-02
2.121270e-02
2.069056e-02
1.938835e-02
1.927462e-02
1.536088e-02
1.488085e-02
1.368017e-02
1.298958e-02
1.274502e-02
1.227872e-02
1.163384e-02
1.050331e-02
9.895832e-03
9.138438e-03
8.661150e-03
8.368836e-03
7.962683e-03
7.301599e-03
7.174888e-03
6.881953e-03
6.053913e-03
5.778858e-03
5.427065e-03
5.142009e-03
4.949639e-03
4.827757e-03
4.751699e-03
4.430102e-03
4.335986e-03
4.162410e-03
4.083203e-03
3.983049e-03
3.705257e-03
3.612634e-03
3.382165e-03
3.217406e-03
2.746082e-03
2.525246e-03
2.323899e-03
2.177528e-03
2.076089e-03
1.995829e-03
1.931186e-03
1.845471e-03
1.813933e-03
1.708210e-03
1.639415e-03
1.600687e-03
1.565996e-03
1.514094e-03
1.498702e-03
1.451390e-03
1.425362e-03
1.383574e-03
1.334216e-03
1.323039e-03
1.298742e-03
1.251444e-03
1.237738e-03
1.216230e-03
1.192118e-03
1.180195e-03
1.153884e-03
1.147886e-03
1.118911e-03
1.099184e-03
1.083500e-03
1.064033e-03
1.053171e-03
1.041974e-03
1.031028e-03
1.011963e-03
9.986180e-04
9.728556e-04
9.705403e-04
9.473484e-04
9.317835e-04
9.245473e-04
9.177132e-04
9.058883e-04
8.900487e-04
8.767080e-04
8.663872e-04
8.479140e-04
8.352058e-04
8.088386e-04
8.033449e-04
7.931734e-04
7.913297e-04
7.862088e-04
7.725085e-04
7.532607e-04
7.496966e-04
7.335756e-04
7.177994e-04
7.034092e-04
6.986049e-04
6.858408e-04
6.802723e-04
6.730697e-04
6.661323e-04
6.575037e-04
6.508142e-04
6.482571e-04
6.280221e-04
6.084898e-04
6.004471e-04
5.962725e-04
5.899165e-04
5.758803e-04
5.589114e-04
5.489351e-04
5.398351e-04
5.373090e-04
5.230655e-04
5.147635e-04
5.062000e-04
4.884404e-04
4.818376e-04
4.638409e-04
4.628601e-04
4.496902e-04
4.387640e-04
4.339139e-04
4.310936e-04
4.168152e-04
4.120718e-04
3.895193e-04
3.878695e-04
3.792121e-04
3.645440e-04
3.569215e-04
3.523053e-04
3.452777e-04
3.423220e-04
3.380479e-04
3.227975e-04
3.133443e-04
3.089144e-04
3.002075e-04
2.865873e-04
2.838069e-04
2.710321e-04
2.568517e-04
2.460936e-04
2.432649e-04
2.385038e-04
2.289181e-04
2.169966e-04
2.114053e-04
1.988110e-04
1.960009e-04
1.806348e-04
1.595955e-04
1.515581e-04
1.430780e-04
1.396457e-04
1.294904e-04
1.228485e-04
1.143642e-04
1.006894e-04
9.654660e-05
9.193612e-05
7.776822e-05
7.290088e-05
5.983958e-05
5.477203e-05
4.499359e-05
3.131101e-05
1.774064e-05
1.343706e-05
3.292870e-06
1.226945e-07
5.026020e-14
8.934685e-15
-2.334241e-14
-9.642704e-14
-1.411553e-13
-1.985574e-05
-2.857007e-05
-4.564348e-05
-5.329456e-05
-5.853037e-05
-8.237008e-05
-8.763771e-05
-9.189678e-05
-1.036266e-04
-1.143976e-04
-1.196856e-04
-1.403397e-04
-1.532393e-04
-1.654808e-04
-1.718476e-04
-1.766343e-04
-1.823826e-04
-1.891087e-04
-1.996574e-04
-2.142463e-04
-2.179031e-04
-2.260661e-04
-2.487779e-04
-2.627601e-04
-2.750933e-04
-2.830728e-04
-2.972163e-04
-3.044382e-04
-3.155593e-04
-3.262655e-04
-3.360015e-04
-3.424160e-04
-3.499705e-04
-3.569290e-04
-3.801117e-04
-3.920363e-04
-4.025726e-04
-4.226754e-04
-4.329878e-04
-4.418271e-04
-4.697276e-04
-4.795770e-04
-4.838966e-04
-5.132033e-04
-5.217210e-04
-5.293523e-04
-5.616981e-04
-5.766663e-04
-6.174648e-04
-6.407482e-04
-6.553811e-04
