4.007348e+05
3.128459e+05
2.571318e+05
2.444814e+05
2.164820e+05
1.893163e+05
1.790998e+05
1.495219e+05
1.449987e+05
1.204574e+05
1.154647e+05
1.076867e+05
9.339612e+04
8.555581e+04
7.984438e+04
6.922662e+04
6.321812e+04
5.007104e+04
4.140651e+04
3.772286e+04
3.272750e+04
3.168401e+04
2.715391e+04
2.113954e+04
2.043689e+04
1.832229e+04
1.704528e+04
1.549497e+04
1.299125e+04
1.067067e+04
1.034366e+04
9.031025e+03
8.201139e+03
6.406426e+03
5.746234e+03
4.543001e+03
3.879731e+03
3.190754e+03
3.068978e+03
2.917521e+03
2.868430e+03
2.493957e+03
2.214268e+03
1.742483e+03
1.639356e+03
1.474751e+03
1.287348e+03
1.085612e+03
7.864975e+02
6.179284e+02
5.846707e+02
5.422729e+02
5.289064e+02
4.866287e+02
3.931147e+02
3.769973e+02
2.935903e+02
2.872975e+02
2.406728e+02
2.345702e+02
1.979691e+02
1.519455e+02
1.336791e+02
1.126231e+02
7.037159e+01
6.606548e+01
5.321982e+01
5.076527e+01
3.962111e+01
3.348409e+01
2.907059e+01
2.584359e+01
2.289771e+01
1.994640e+01
1.735873e+01
1.639525e+01
1.514950e+01
1.188787e+01
9.392488e+00
7.901698e+00
4.685836e+00
4.265819e+00
3.491006e+00
3.210415e+00
2.949425e+00
2.648223e+00
2.313033e+00
2.052607e+00
1.894309e+00
1.282449e+00
8.914253e-01
4.929454e-01
4.182540e-01
3.979484e-01
2.487466e-01
2.279204e-01
2.182794e-01
1.563772e-01
1.438683e-01
1.319681e-01
1.276584e-01
1.090005e-01
1.005400e-01
5.206059e-02
5.030390e-02
4.969344e-02
4.590414e-02
4.512557e-02
4.261039e-02
4.108667e-02
4.048169e-02
3.853054e-02
3.660953e-02
3.612603e-02
3.593161e-02
3.497976e-02
3.466766e-02
3.350559e-02
3.314071e-02
3.301454e-02
3.199814e-02
3.145072e-02
2.861554e-02
2.815155e-02
2.595758e-02
2.014267e-02
1.913418e-02
1.858342e-02
