2.100257e+05
2.251290e+04
5.014288e+03
1.942646e+03
2.088598e+02
3.015929e+01
1.212796e+01
6.220276e+00
1.772619e+00
2.349108e-01
8.071194e-02
4.996235e-02
4.169008e-02
3.755955e-02
3.173445e-02
2.984800e-02
2.429266e-02
2.311481e-02
2.242060e-02
2.004352e-02
1.901784e-02
1.738093e-02
1.629331e-02
1.604350e-02
1.508308e-02
1.476380e-02
1.390755e-02
1.248440e-02
1.209879e-02
1.196046e-02
1.163803e-02
1.109773e-02
1.059045e-02
1.027022e-02
1.006382e-02
8.959366e-03
8.667735e-03
8.063525e-03
7.749163e-03
7.709769e-03
7.285635e-03
7.082887e-03
6.889488e-03
6.401474e-03
6.365000e-03
5.925771e-03
5.767258e-03
5.720976e-03
5.507816e-03
4.963375e-03
4.897725e-03
4.689036e-03
4.453331e-03
4.213293e-03
4.061829e-03
3.803221e-03
3.658446e-03
3.596461e-03
3.342285e-03
3.176630e-03
3.055604e-03
2.922269e-03
2.580995e-03
2.394043e-03
2.304572e-03
2.281837e-03
2.047832e-03
1.906059e-03
1.647963e-03
1.629727e-03
1.440445e-03
1.346338e-03
1.257867e-03
1.153503e-03
1.117471e-03
9.875323e-04
9.496373e-04
8.476123e-04
7.829247e-04
6.788723e-04
6.571361e-04
6.179618e-04
5.768525e-04
4.978770e-04
4.044290e-04
3.163142e-04
2.823128e-04
6.491529e-05
6.898441e-06
-3.414140e-04
-3.971166e-04
-6.691114e-04
-9.509450e-04
-1.163628e-03
-1.464414e-03
-1.626860e-03
-1.961504e-03
-2.362090e-03
-2.412070e-03
-2.883071e-03
-3.315363e-03
-3.543558e-03
-3.742693e-03
-4.562869e-03
-4.781935e-03
-5.275512e-03
-6.240341e-03
-6.560952e-03
-8.427897e-03
-8.475041e-03
-9.671087e-03
-1.041633e-02
-1.245807e-02
-1.295844e-02
-1.461645e-02
-1.568056e-02
-1.898766e-02
-2.040212e-02
-2.211189e-02
-2.433431e-02
-2.640880e-02
-3.079649e-02
-3.565509e-02
-4.172905e-02
-4.329874e-02
-5.636725e-02
-6.123223e-02
-1.010160e-01
