2.085726e+05
2.375093e+04
6.032913e+03
1.976770e+03
2.437847e+02
2.941795e+01
1.419736e+01
6.205205e+00
1.796977e+00
2.824617e-01
9.395517e-02
5.893521e-02
4.019791e-02
3.634654e-02
3.258052e-02
2.639624e-02
2.543725e-02
2.416260e-02
2.283824e-02
2.223775e-02
2.070577e-02
1.928759e-02
1.833705e-02
1.682961e-02
1.586601e-02
1.564637e-02
1.447329e-02
1.340317e-02
1.279489e-02
1.231119e-02
1.121143e-02
1.101625e-02
1.077319e-02
1.053318e-02
9.740696e-03
9.458827e-03
9.067162e-03
8.535367e-03
8.329306e-03
8.041756e-03
7.974917e-03
7.713132e-03
7.289013e-03
6.954784e-03
6.626787e-03
6.172554e-03
6.126501e-03
6.021978e-03
5.671710e-03
5.445222e-03
5.096513e-03
4.856470e-03
4.662678e-03
4.258773e-03
4.042891e-03
3.859474e-03
3.708737e-03
3.473382e-03
3.325805e-03
2.973130e-03
2.770795e-03
2.685401e-03
2.493482e-03
2.227857e-03
2.054540e-03
1.855467e-03
1.702122e-03
1.652536e-03
1.559915e-03
1.521533e-03
1.353477e-03
1.228853e-03
1.151257e-03
1.075261e-03
8.725375e-04
8.181607e-04
7.476349e-04
7.217736e-04
6.618914e-04
5.672190e-04
5.428996e-04
5.027123e-04
4.188594e-04
3.551402e-04
2.833522e-04
4.774047e-05
-8.963382e-05
-1.496042e-04
-2.906582e-04
-4.703070e-04
-7.430092e-04
-9.275345e-04
-1.312078e-03
-1.609290e-03
-1.865455e-03
-2.084357e-03
-2.692104e-03
-3.193416e-03
-3.471348e-03
-3.690844e-03
-4.268009e-03
-4.657446e-03
-5.137000e-03
-5.697266e-03
-5.907905e-03
-6.895957e-03
-7.270493e-03
-8.195029e-03
-8.652109e-03
-9.149466e-03
-9.929500e-03
-1.086325e-02
-1.292760e-02
-1.331628e-02
-1.517746e-02
-1.722610e-02
-1.846346e-02
-2.123002e-02
-2.427122e-02
-2.602885e-02
-2.695459e-02
-3.067783e-02
-3.236961e-02
-3.610379e-02
-4.481250e-02
-4.930554e-02
-5.314011e-02
-9.671520e-02
