8.689491e+04
3.382744e+03
2.349672e+03
1.716316e+03
1.109582e+03
7.704304e+02
5.182465e+02
4.157452e+02
2.984592e+02
2.825707e+02
2.567896e+02
2.179706e+02
2.029347e+02
1.841981e+02
1.576534e+02
1.486037e+02
1.448392e+02
1.377748e+02
1.322814e+02
1.181442e+02
1.115306e+02
1.006560e+02
9.509154e+01
8.634839e+01
8.399490e+01
7.714227e+01
7.358772e+01
7.095757e+01
6.821907e+01
6.085339e+01
5.406107e+01
5.314112e+01
5.057387e+01
4.776386e+01
4.425531e+01
4.332296e+01
4.112505e+01
3.953342e+01
3.579423e+01
3.345462e+01
3.202561e+01
2.954423e+01
2.857494e+01
2.538767e+01
2.481314e+01
2.343026e+01
2.073365e+01
1.891445e+01
1.777071e+01
1.731461e+01
1.675044e+01
1.474539e+01
1.400980e+01
1.357081e+01
1.234712e+01
1.145902e+01
1.101037e+01
1.027079e+01
9.872013e+00
8.768693e+00
8.093256e+00
7.560623e+00
7.020243e+00
6.357529e+00
6.291281e+00
5.984637e+00
5.158673e+00
4.919312e+00
4.686807e+00
4.468504e+00
4.096768e+00
3.545148e+00
3.309572e+00
3.198513e+00
2.973887e+00
2.837312e+00
2.821833e+00
2.353353e+00
2.254901e+00
2.075142e+00
2.016174e+00
1.775866e+00
1.762291e+00
1.531979e+00
1.514440e+00
1.402787e+00
1.312159e+00
1.287267e+00
1.247691e+00
1.134454e+00
1.054794e+00
9.993592e-01
9.364707e-01
9.069240e-01
8.195612e-01
7.793880e-01
7.545601e-01
7.104665e-01
6.747525e-01
6.508231e-01
6.123909e-01
5.904776e-01
5.439610e-01
5.217924e-01
4.823131e-01
4.641049e-01
4.418290e-01
4.202566e-01
3.934359e-01
3.724613e-01
3.594114e-01
3.285130e-01
3.121179e-01
2.954476e-01
2.833206e-01
2.610317e-01
2.430002e-01
2.339521e-01
2.302187e-01
2.148189e-01
2.065645e-01
1.950349e-01
1.813718e-01
1.677992e-01
1.628248e-01
1.455257e-01
1.408579e-01
1.373880e-01
1.325690e-01
1.240270e-01
1.154393e-01
1.077686e-01
1.035466e-01
9.776093e-02
8.678146e-02
8.069686e-02
7.972908e-02
7.262359e-02
6.946210e-02
6.406328e-02
6.367200e-02
6.047643e-02
5.814883e-02
5.587633e-02
5.296307e-02
5.003851e-02
4.613592e-02
4.310934e-02
4.160918e-02
3.921274e-02
3.682252e-02
3.643160e-02
3.365786e-02
2.984372e-02
2.930719e-02
2.862458e-02
2.773079e-02
2.231053e-02
2.178799e-02
2.119133e-02
1.915166e-02
1.847819e-02
1.782311e-02
1.756375e-02
1.638817e-02
1.577890e-02
1.562401e-02
1.370559e-02
1.329838e-02
1.236455e-02
1.162414e-02
1.082621e-02
1.045366e-02
1.016643e-02
9.508645e-03
8.829079e-03
8.738797e-03
8.267818e-03
8.105459e-03
7.136967e-03
6.369109e-03
6.051348e-03
5.840275e-03
5.392869e-03
4.957885e-03
4.806150e-03
4.451218e-03
4.108216e-03
3.964921e-03
3.910388e-03
3.777265e-03
3.645935e-03
3.568457e-03
3.391176e-03
3.319362e-03
3.049296e-03
2.955663e-03
2.611752e-03
2.560534e-03
2.460147e-03
2.333372e-03
2.197139e-03
2.123742e-03
2.035310e-03
1.975660e-03
1.925138e-03
1.808535e-03
1.796813e-03
1.675786e-03
1.651636e-03
1.588920e-03
1.528851e-03
1.478665e-03
1.420854e-03
1.407451e-03
1.353724e-03
1.346666e-03
1.312939e-03
1.276945e-03
1.264369e-03
1.252400e-03
1.223620e-03
1.206689e-03
1.183729e-03
1.135726e-03
1.128059e-03
1.111196e-03
1.102856e-03
1.080847e-03
1.058844e-03
1.054505e-03
1.025034e-03
1.014925e-03
9.982230e-04
9.807131e-04
9.717525e-04
9.610277e-04
9.489173e-04
9.317765e-04
9.278039e-04
9.219499e-04
8.997120e-04
8.835759e-04
8.758766e-04
8.591805e-04
8.470970e-04
8.334121e-04
8.245609e-04
8.067145e-04
7.910859e-04
7.735672e-04
7.708252e-04
7.524024e-04
7.423025e-04
7.290581e-04
7.162244e-04
7.103009e-04
7.052250e-04
6.918709e-04
6.890434e-04
6.829335e-04
6.698389e-04
6.496477e-04
6.462394e-04
6.359219e-04
6.312232e-04
6.208597e-04
6.175441e-04
6.051508e-04
5.903200e-04
5.837691e-04
5.815176e-04
5.598561e-04
5.438771e-04
5.378827e-04
5.215576e-04
5.148021e-04
5.091679e-04
4.950155e-04
4.875471e-04
4.735224e-04
4.697955e-04
4.604624e-04
4.520347e-04
4.426877e-04
4.378135e-04
4.266748e-04
4.130352e-04
4.033840e-04
3.968027e-04
3.832579e-04
3.642813e-04
3.585990e-04
3.553477e-04
3.386027e-04
3.335956e-04
3.280591e-04
3.189125e-04
3.033704e-04
3.028569e-04
2.936108e-04
2.934263e-04
2.751437e-04
2.709985e-04
2.519251e-04
2.346430e-04
2.244014e-04
2.222769e-04
2.135812e-04
1.996291e-04
1.968972e-04
1.939584e-04
1.881303e-04
1.787639e-04
1.731815e-04
1.499968e-04
1.434564e-04
1.296693e-04
1.281263e-04
1.104618e-04
1.017647e-04
9.312381e-05
8.187890e-05
7.730936e-05
7.423788e-05
6.550332e-05
5.579382e-05
4.334740e-05
3.055397e-05
2.484738e-05
3.526059e-06
2.400083e-13
-7.082263e-14
-4.761884e-06
-8.668685e-06
-1.700993e-05
-1.922987e-05
-3.601172e-05
-4.024355e-05
-5.385276e-05
-6.023770e-05
-6.682174e-05
-7.393472e-05
-9.632333e-05
-1.042499e-04
-1.160301e-04
-1.209339e-04
-1.277254e-04
-1.407083e-04
-1.568770e-04
-1.651215e-04
-1.734847e-04
-1.841823e-04
-1.948466e-04
-2.113576e-04
-2.181079e-04
-2.303385e-04
-2.455843e-04
-2.543648e-04
-2.625659e-04
-2.689855e-04
-2.913347e-04
-3.015630e-04
-3.080481e-04
-3.188502e-04
-3.265110e-04
-3.421736e-04
-3.496450e-04
-3.586898e-04
-3.850464e-04
-3.979205e-04
-4.083439e-04
-4.244325e-04
-4.339778e-04
-4.514890e-04
-4.736350e-04
-4.814327e-04
-5.002700e-04
-5.135668e-04
-5.330612e-04
-5.666729e-04
-5.898478e-04
-6.085327e-04
-6.458632e-04
