1.285891e+05
6.086607e+03
3.227122e+03
2.887156e+03
1.825779e+03
1.633825e+03
1.438786e+03
1.082156e+03
9.499732e+02
6.707849e+02
6.232239e+02
5.159156e+02
2.852360e+02
2.710884e+02
2.199396e+02
2.077849e+02
1.713398e+02
1.601704e+02
1.346659e+02
1.306129e+02
1.077128e+02
9.159570e+01
8.648018e+01
7.923853e+01
7.498405e+01
6.926839e+01
6.123298e+01
5.620591e+01
5.411864e+01
5.287097e+01
4.621617e+01
4.150080e+01
4.018198e+01
3.877266e+01
3.290533e+01
3.133348e+01
3.027153e+01
2.686200e+01
2.600723e+01
2.419667e+01
2.264170e+01
2.065119e+01
1.961515e+01
1.807436e+01
1.576296e+01
1.443158e+01
1.358091e+01
1.280777e+01
1.233664e+01
1.145881e+01
1.027006e+01
9.400361e+00
9.138482e+00
8.718781e+00
7.916129e+00
7.836064e+00
7.243168e+00
6.495287e+00
6.049967e+00
5.620345e+00
4.952385e+00
4.656629e+00
4.362067e+00
4.227152e+00
3.810436e+00
3.739001e+00
3.499555e+00
3.162759e+00
2.993360e+00
2.723603e+00
2.544666e+00
2.426969e+00
2.327722e+00
2.181947e+00
1.915044e+00
1.777393e+00
1.668768e+00
1.468204e+00
1.359796e+00
1.284801e+00
1.227224e+00
1.169280e+00
1.089592e+00
1.055469e+00
9.807283e-01
8.739187e-01
7.825128e-01
7.549005e-01
7.329040e-01
7.201598e-01
6.562681e-01
6.087216e-01
5.366709e-01
5.136631e-01
4.961996e-01
4.754844e-01
4.360849e-01
3.836026e-01
3.575733e-01
3.360528e-01
3.144131e-01
3.044861e-01
2.646832e-01
2.567416e-01
2.503225e-01
2.383149e-01
2.197008e-01
1.976110e-01
1.883638e-01
1.872426e-01
1.629979e-01
1.610200e-01
1.496933e-01
1.451354e-01
1.280995e-01
1.241759e-01
1.065632e-01
1.006187e-01
9.794304e-02
9.037278e-02
8.380542e-02
7.664412e-02
7.390394e-02
7.345647e-02
6.804035e-02
6.253430e-02
6.078334e-02
5.582903e-02
5.170042e-02
4.924935e-02
4.339867e-02
3.839630e-02
3.546929e-02
3.292882e-02
3.155081e-02
2.968952e-02
2.843771e-02
2.694752e-02
2.528233e-02
2.454108e-02
2.147419e-02
1.957347e-02
1.682236e-02
1.436275e-02
1.228360e-02
1.097048e-02
1.080002e-02
1.052290e-02
1.009291e-02
9.840040e-03
9.498275e-03
8.504394e-03
7.056021e-03
6.848867e-03
6.475864e-03
5.552394e-03
5.013540e-03
4.597530e-03
3.925007e-03
3.701906e-03
3.176514e-03
3.044832e-03
2.966148e-03
2.791101e-03
2.624847e-03
2.542928e-03
2.478585e-03
2.240983e-03
2.139028e-03
2.053053e-03
2.038940e-03
1.919991e-03
1.845139e-03
1.831258e-03
1.691408e-03
1.638197e-03
1.622057e-03
1.593872e-03
1.496254e-03
1.444014e-03
1.437573e-03
1.408533e-03
1.396839e-03
1.367325e-03
1.334196e-03
1.291152e-03
1.277124e-03
1.252668e-03
1.250315e-03
1.208442e-03
1.200851e-03
1.186358e-03
1.172543e-03
1.154870e-03
1.132776e-03
1.115163e-03
1.108885e-03
1.095142e-03
1.093333e-03
1.073505e-03
1.062353e-03
1.043779e-03
1.024578e-03
1.015927e-03
1.007401e-03
9.753965e-04
9.659553e-04
9.547369e-04
9.478691e-04
9.299766e-04
9.187762e-04
9.061988e-04
8.887685e-04
8.854856e-04
8.661705e-04
8.503415e-04
8.435439e-04
8.295640e-04
8.175976e-04
8.084817e-04
7.958121e-04
7.803556e-04
7.698875e-04
7.609934e-04
7.555258e-04
7.524563e-04
7.364657e-04
7.303372e-04
7.087302e-04
6.935945e-04
6.888172e-04
6.863063e-04
6.754482e-04
6.646697e-04
6.561616e-04
6.452950e-04
6.354621e-04
6.230799e-04
6.172454e-04
6.082714e-04
6.045758e-04
5.845947e-04
5.785541e-04
5.649911e-04
5.571225e-04
5.504087e-04
5.494430e-04
5.347760e-04
5.173379e-04
5.100758e-04
5.040635e-04
4.965902e-04
4.802685e-04
4.753167e-04
4.729372e-04
4.572976e-04
4.460759e-04
4.305484e-04
4.234503e-04
4.146978e-04
4.028347e-04
3.987077e-04
3.913264e-04
3.803460e-04
3.648272e-04
3.604533e-04
3.537740e-04
3.395312e-04
3.351387e-04
3.210598e-04
3.128489e-04
3.003053e-04
2.929775e-04
2.910323e-04
2.746274e-04
2.589325e-04
2.555631e-04
2.512768e-04
2.274752e-04
2.201264e-04
2.155577e-04
1.932451e-04
1.869253e-04
1.830484e-04
1.716676e-04
1.658509e-04
1.644029e-04
1.607952e-04
1.451817e-04
1.420222e-04
1.328794e-04
1.236703e-04
1.120997e-04
1.044396e-04
8.792525e-05
8.359126e-05
7.285581e-05
5.451959e-05
5.123148e-05
4.443855e-05
4.304987e-05
2.643575e-05
1.725456e-05
1.340023e-05
1.812115e-06
-7.315309e-06
-2.538043e-05
-3.210162e-05
-4.190573e-05
-5.321140e-05
-5.823844e-05
-6.713469e-05
-7.280548e-05
-7.578269e-05
-9.324370e-05
-1.117343e-04
-1.131333e-04
-1.306164e-04
-1.337218e-04
-1.414453e-04
-1.440568e-04
-1.564345e-04
-1.697666e-04
-1.734801e-04
-1.822056e-04
-1.826146e-04
-2.096843e-04
-2.157234e-04
-2.287909e-04
-2.492428e-04
-2.598862e-04
-2.728217e-04
-2.806129e-04
-2.921119e-04
-2.984168e-04
-3.043858e-04
-3.149384e-04
-3.218504e-04
-3.320637e-04
-3.385032e-04
-3.491174e-04
-3.534314e-04
-3.755441e-04
-3.880637e-04
-3.913790e-04
-4.067146e-04
-4.086506e-04
-4.222388e-04
-4.402830e-04
-4.568773e-04
-4.639335e-04
-4.778225e-04
-4.785688e-04
-4.953317e-04
-5.086548e-04
-5.163344e-04
-5.219848e-04
-5.342200e-04
-5.533259e-04
-5.602266e-04
-5.622150e-04
-5.743396e-04
-5.868196e-04
-5.889973e-04
-6.158578e-04
-6.515320e-04
-6.556512e-04
-6.572735e-04
-6.640516e-04
-6.818803e-04
-6.900025e-04
-7.274827e-04
-7.352014e-04
-7.514352e-04
-7.639396e-04
-7.783307e-04
-7.878484e-04
-8.139678e-04
-8.311975e-04
-8.341973e-04
-8.589283e-04
-8.948166e-04
-9.450865e-04
-9.663609e-04
