2.119570e+12
1.788571e+12
1.702476e+12
1.519043e+12
1.279406e+12
1.243565e+12
1.176236e+12
1.090722e+12
1.046748e+12
9.703080e+11
8.655379e+11
8.572614e+11
8.229858e+11
7.862260e+11
7.793295e+11
7.212785e+11
6.838730e+11
6.667451e+11
6.461492e+11
5.975296e+11
5.742492e+11
5.617728e+11
5.440018e+11
5.084685e+11
4.934669e+11
4.729783e+11
4.459647e+11
4.275262e+11
3.962420e+11
3.867610e+11
3.726255e+11
3.598876e+11
3.481416e+11
3.399003e+11
3.235106e+11
3.129772e+11
3.070961e+11
2.954337e+11
2.892148e+11
2.815773e+11
2.743338e+11
2.680533e+11
2.582567e+11
2.534946e+11
2.398746e+11
2.317191e+11
2.281475e+11
2.246598e+11
2.212976e+11
2.141819e+11
2.102590e+11
2.027624e+11
2.002229e+11
1.947641e+11
1.837240e+11
1.809325e+11
1.766147e+11
1.723430e+11
1.657250e+11
1.649358e+11
1.612971e+11
1.594371e+11
1.513712e+11
1.479798e+11
1.413394e+11
1.409706e+11
1.366982e+11
1.358385e+11
1.272598e+11
1.256009e+11
1.230386e+11
1.213387e+11
1.184074e+11
1.162472e+11
1.139962e+11
1.114257e+11
1.071864e+11
1.058585e+11
1.030580e+11
1.007674e+11
9.834533e+10
9.723604e+10
9.590837e+10
9.400080e+10
9.231147e+10
9.035500e+10
8.894021e+10
8.741881e+10
8.634036e+10
8.312223e+10
8.103385e+10
8.051983e+10
7.853012e+10
7.825005e+10
7.713908e+10
7.505346e+10
7.359171e+10
7.273311e+10
7.184267e+10
7.077832e+10
6.917974e+10
6.855201e+10
6.699604e+10
6.597864e+10
6.371598e+10
6.263860e+10
6.120926e+10
5.994362e+10
5.959163e+10
5.817624e+10
5.672097e+10
5.633428e+10
5.482282e+10
5.464643e+10
5.396146e+10
5.286966e+10
5.130760e+10
5.049768e+10
5.002144e+10
4.906331e+10
4.846914e+10
4.597720e+10
4.358188e+10
4.169162e+10
4.015222e+10
3.877391e+10
3.526394e+10
3.001532e+10
