2.705792e+10
1.480711e+10
5.372027e+09
4.698861e+09
4.387892e+09
3.768243e+09
3.446559e+09
2.982217e+09
2.777386e+09
2.550723e+09
2.271284e+09
2.062660e+09
1.928780e+09
1.850577e+09
1.754724e+09
1.741818e+09
1.588920e+09
1.511712e+09
1.492506e+09
1.353990e+09
1.305783e+09
1.276067e+09
1.265553e+09
1.189926e+09
1.156566e+09
1.079251e+09
1.053517e+09
1.032977e+09
9.788169e+08
9.500636e+08
9.474465e+08
8.896200e+08
8.668424e+08
8.277424e+08
7.908717e+08
7.805891e+08
7.730842e+08
7.599329e+08
7.203969e+08
7.128656e+08
6.901240e+08
6.661185e+08
6.456086e+08
6.270232e+08
6.174779e+08
5.886996e+08
5.731133e+08
5.527033e+08
5.335211e+08
5.284947e+08
4.943847e+08
4.870625e+08
4.760219e+08
4.661008e+08
4.526319e+08
4.325974e+08
4.240965e+08
4.189734e+08
4.021308e+08
3.967184e+08
3.870954e+08
3.831921e+08
3.719122e+08
3.645014e+08
3.506992e+08
3.477345e+08
3.307846e+08
3.276969e+08
3.234226e+08
3.117689e+08
3.033163e+08
2.966691e+08
2.862100e+08
2.766725e+08
2.663270e+08
2.595027e+08
2.548850e+08
2.492612e+08
2.431495e+08
2.369346e+08
2.289571e+08
2.205674e+08
2.171201e+08
2.138058e+08
2.092005e+08
2.042500e+08
1.992706e+08
1.951165e+08
1.860974e+08
1.804755e+08
1.739408e+08
1.704366e+08
1.676168e+08
1.634091e+08
1.573764e+08
1.552681e+08
1.535930e+08
1.465567e+08
1.395971e+08
1.347685e+08
1.309115e+08
1.273716e+08
1.158800e+08
1.113065e+08
1.062894e+08
1.041251e+08
9.774280e+07
9.471186e+07
8.824807e+07
8.648474e+07
8.042722e+07
7.982148e+07
7.774772e+07
7.509256e+07
7.362614e+07
6.686661e+07
6.066116e+07
5.227342e+07
4.883785e+07
4.199508e+07
3.617404e+07
3.531377e+07
2.270008e+07
2.049384e+07
1.874860e+07
7.930709e+06
5.785082e+06
2.785276e+05
