8.481837e+12
7.011183e+12
5.531513e+12
3.993973e+12
3.862612e+12
3.285159e+12
3.003938e+12
2.936471e+12
2.653226e+12
2.471792e+12
2.448713e+12
2.347802e+12
2.253869e+12
2.216775e+12
2.062943e+12
1.988282e+12
1.875844e+12
1.841553e+12
1.728566e+12
1.700995e+12
1.635975e+12
1.610921e+12
1.540034e+12
1.487848e+12
1.427767e+12
1.400020e+12
1.358420e+12
1.343552e+12
1.271177e+12
1.238785e+12
1.213386e+12
1.181549e+12
1.130190e+12
1.093110e+12
1.091783e+12
1.083968e+12
1.009486e+12
9.637208e+11
9.574579e+11
9.344496e+11
9.316243e+11
8.853828e+11
8.701504e+11
8.611563e+11
8.508017e+11
8.345883e+11
8.197489e+11
8.147886e+11
8.034935e+11
7.897745e+11
7.628588e+11
7.495786e+11
7.118457e+11
7.032959e+11
6.872719e+11
6.802837e+11
6.696510e+11
6.549351e+11
6.475459e+11
6.420551e+11
6.320109e+11
6.261831e+11
6.091127e+11
6.015061e+11
5.949707e+11
5.871452e+11
5.816869e+11
5.691440e+11
5.465081e+11
5.398964e+11
5.292401e+11
5.239663e+11
5.184992e+11
5.060302e+11
5.023325e+11
4.944126e+11
4.885816e+11
4.797272e+11
4.757108e+11
4.718328e+11
4.669103e+11
4.547832e+11
4.487424e+11
4.399870e+11
4.312691e+11
4.227268e+11
4.176370e+11
4.132623e+11
4.071778e+11
4.016848e+11
3.962566e+11
3.941165e+11
3.902249e+11
3.826400e+11
3.718769e+11
3.710093e+11
3.673401e+11
3.591738e+11
3.575042e+11
3.533439e+11
3.456739e+11
3.435962e+11
3.353990e+11
3.312464e+11
3.226066e+11
3.196572e+11
3.152862e+11
3.122487e+11
3.070885e+11
3.038639e+11
2.941343e+11
2.881736e+11
2.846955e+11
2.818116e+11
2.800290e+11
2.764595e+11
2.671823e+11
2.630406e+11
2.536941e+11
2.467966e+11
2.364619e+11
2.309932e+11
2.251470e+11
2.225380e+11
2.167441e+11
1.875467e+11
1.637038e+11
8.752752e+10
