1.432219e+08
2.260848e+07
1.991490e+06
9.599449e+05
6.414456e+05
3.068851e+05
2.534730e+05
1.098038e+05
1.257205e+04
8.428117e+03
2.769585e+03
8.548301e+02
5.916064e+02
3.585008e+02
6.154259e+01
5.409520e+01
4.039804e+01
3.419989e+01
2.850369e+01
2.679125e+01
2.475819e+01
2.210266e+01
1.857468e+01
1.743014e+01
1.640698e+01
1.503292e+01
1.403085e+01
1.377422e+01
1.283598e+01
1.168652e+01
1.131041e+01
1.046546e+01
9.649866e+00
9.441857e+00
8.686659e+00
8.138595e+00
8.058093e+00
7.542709e+00
7.436603e+00
6.987327e+00
6.721535e+00
5.906365e+00
5.555788e+00
5.447526e+00
5.255569e+00
5.028677e+00
4.653358e+00
4.414333e+00
4.232989e+00
4.022702e+00
3.713008e+00
3.598910e+00
3.371933e+00
3.199579e+00
3.142304e+00
2.849903e+00
2.556892e+00
2.412340e+00
2.006997e+00
1.937017e+00
1.873837e+00
1.361295e+00
1.271744e+00
1.120612e+00
1.029008e+00
9.192997e-01
7.562163e-01
7.376644e-01
5.097365e-01
3.421060e-01
3.022585e-01
2.321996e-01
1.742250e-01
1.306204e-01
1.009138e-01
7.074327e-02
6.660599e-02
4.824439e-02
3.235055e-02
1.925664e-09
-1.513758e-11
-8.437946e-11
-2.538053e-02
-5.433924e-02
-1.300116e-01
-1.614871e-01
-2.161020e-01
-2.952306e-01
-4.056208e-01
-4.487856e-01
-5.456874e-01
-6.754162e-01
-7.986917e-01
-1.191661e+00
-1.308604e+00
-1.372875e+00
-1.550554e+00
-1.714676e+00
-1.913467e+00
-2.064167e+00
-2.450341e+00
-2.525270e+00
-2.740513e+00
-2.857124e+00
-3.435783e+00
-3.663187e+00
-4.065379e+00
-4.541313e+00
-4.874460e+00
-5.389004e+00
-6.263735e+00
-6.771898e+00
-6.865800e+00
-7.452432e+00
-8.476574e+00
-8.951118e+00
-9.723012e+00
-1.054356e+01
-1.168256e+01
-1.344984e+01
-1.487294e+01
-2.101711e+01
-2.545883e+01
-2.858004e+01
-2.920135e+01
-3.832131e+01
-4.644633e+01
-5.738293e+01
