5.857963e+04
1.106648e+04
6.824595e+03
1.652076e+03
1.386096e+03
9.368716e+02
6.506783e+02
4.594839e+02
3.327188e+02
2.674302e+02
2.333588e+02
1.596294e+02
1.392892e+02
1.130129e+02
9.141150e+01
9.110165e+01
8.544692e+01
7.016949e+01
5.927504e+01
5.193788e+01
4.718398e+01
3.306978e+01
2.494558e+01
2.148890e+01
2.032663e+01
1.715748e+01
1.587243e+01
1.427780e+01
1.217816e+01
1.028619e+01
8.755113e+00
8.607985e+00
7.650618e+00
5.582121e+00
3.987386e+00
3.872726e+00
3.180208e+00
2.958385e+00
2.783700e+00
2.576830e+00
2.154237e+00
1.998815e+00
1.296042e+00
1.112605e+00
8.420825e-01
8.225512e-01
7.458796e-01
4.752043e-01
4.465265e-01
3.679174e-01
3.370669e-01
2.694692e-01
2.057253e-01
1.904457e-01
1.716705e-01
1.397561e-01
1.157212e-01
9.344862e-02
6.664212e-02
5.868782e-02
4.965822e-02
4.057725e-02
3.252459e-02
2.985796e-02
2.601236e-02
2.165647e-02
1.623997e-02
1.528236e-02
1.394050e-02
1.279772e-02
8.152273e-03
6.651657e-03
5.568024e-03
4.789847e-03
4.066447e-03
3.274869e-03
2.316322e-03
1.783566e-03
1.706707e-03
1.543849e-03
1.253247e-03
1.091332e-03
1.071917e-03
9.533667e-04
9.150081e-04
8.857751e-04
8.547766e-04
7.686568e-04
7.509206e-04
7.133917e-04
6.708036e-04
6.507797e-04
6.347076e-04
6.253147e-04
6.166652e-04
6.024325e-04
5.911583e-04
5.719735e-04
5.654504e-04
5.588378e-04
5.503217e-04
5.344942e-04
5.296635e-04
5.142389e-04
5.088067e-04
4.945330e-04
4.878476e-04
4.818538e-04
4.730548e-04
4.663288e-04
4.628776e-04
4.593552e-04
4.487814e-04
4.403090e-04
4.358785e-04
4.234678e-04
4.187415e-04
4.107837e-04
4.041944e-04
4.012128e-04
3.972218e-04
3.890017e-04
3.865443e-04
3.820760e-04
3.763456e-04
3.727455e-04
3.664616e-04
3.634742e-04
3.565940e-04
3.509252e-04
3.417588e-04
3.410547e-04
3.362794e-04
3.340451e-04
3.293992e-04
3.241992e-04
3.224007e-04
3.208710e-04
3.172077e-04
3.151173e-04
3.084676e-04
3.062178e-04
3.012597e-04
2.972620e-04
2.925393e-04
2.905613e-04
2.888584e-04
2.842344e-04
2.812895e-04
2.784301e-04
2.727008e-04
2.705108e-04
2.682621e-04
2.645621e-04
2.599649e-04
2.551389e-04
2.531712e-04
2.511076e-04
2.475652e-04
2.458675e-04
2.433784e-04
2.418799e-04
2.392284e-04
2.332055e-04
2.307848e-04
2.270498e-04
2.256012e-04
2.232166e-04
2.179266e-04
2.138859e-04
2.108378e-04
2.094509e-04
2.054328e-04
2.052728e-04
2.005927e-04
1.990231e-04
1.973747e-04
1.964664e-04
1.913041e-04
1.869133e-04
1.842542e-04
1.825572e-04
1.803138e-04
1.795113e-04
1.760613e-04
1.731206e-04
1.709501e-04
1.658081e-04
1.620720e-04
1.607368e-04
1.589820e-04
1.559567e-04
1.548864e-04
1.499896e-04
1.478469e-04
1.458191e-04
1.443081e-04
1.403482e-04
1.354764e-04
1.323850e-04
1.320186e-04
1.298588e-04
1.272803e-04
1.262919e-04
1.237338e-04
1.196669e-04
1.196321e-04
1.160134e-04
1.147810e-04
1.120445e-04
1.111203e-04
1.091643e-04
1.062116e-04
1.032524e-04
9.842897e-05
9.832221e-05
9.401749e-05
9.223394e-05
9.183554e-05
8.877458e-05
8.453680e-05
8.326587e-05
8.026077e-05
7.733990e-05
7.597064e-05
7.318280e-05
7.083775e-05
6.843158e-05
6.547625e-05
6.512931e-05
6.187086e-05
5.999342e-05
5.511978e-05
5.413004e-05
5.378520e-05
5.075632e-05
4.751473e-05
4.514528e-05
4.361370e-05
4.307628e-05
3.824587e-05
3.635330e-05
3.543432e-05
3.244716e-05
3.102404e-05
2.992895e-05
2.563018e-05
2.520125e-05
2.237464e-05
1.995923e-05
1.792616e-05
1.669358e-05
1.489231e-05
1.016654e-05
8.921763e-06
6.240658e-06
3.560345e-06
3.181745e-06
1.687367e-06
4.501592e-14
-7.285327e-14
-3.265357e-06
-4.086069e-06
-7.220160e-06
-1.060782e-05
-1.426300e-05
-1.471798e-05
-1.751087e-05
-1.923536e-05
-2.092985e-05
-2.336630e-05
-2.478039e-05
-2.647834e-05
-2.800855e-05
-2.986117e-05
-3.194889e-05
-3.583490e-05
-4.260477e-05
-4.420148e-05
-4.935260e-05
-5.054971e-05
-5.431807e-05
-5.605758e-05
-5.867587e-05
-5.946908e-05
-6.128646e-05
-6.297896e-05
-6.550184e-05
-7.022199e-05
-7.236063e-05
-7.435603e-05
-7.638512e-05
-7.676498e-05
-8.076530e-05
-8.293788e-05
-8.691917e-05
-9.071562e-05
-9.374097e-05
-9.499355e-05
-9.572660e-05
-9.761927e-05
-1.000691e-04
-1.015700e-04
-1.033740e-04
-1.080468e-04
-1.097818e-04
-1.122386e-04
-1.167894e-04
-1.199331e-04
-1.221852e-04
-1.261825e-04
-1.268842e-04
-1.319275e-04
-1.338104e-04
-1.375390e-04
-1.389562e-04
-1.414836e-04
-1.440252e-04
-1.458335e-04
-1.495692e-04
-1.522907e-04
-1.564339e-04
-1.595287e-04
-1.619462e-04
-1.642543e-04
-1.682751e-04
-1.697108e-04
-1.722839e-04
-1.743097e-04
-1.785442e-04
-1.828519e-04
-1.865533e-04
-1.873865e-04
-1.908368e-04
-1.953364e-04
-2.017785e-04
-2.035407e-04
-2.069462e-04
-2.094096e-04
-2.116187e-04
-2.139338e-04
-2.183482e-04
-2.219187e-04
-2.254812e-04
-2.275787e-04
-2.306576e-04
-2.324560e-04
-2.383170e-04
-2.437849e-04
-2.461942e-04
-2.490324e-04
-2.531715e-04
-2.556600e-04
-2.617046e-04
-2.639895e-04
-2.696559e-04
-2.730830e-04
-2.772184e-04
-2.780780e-04
-2.842014e-04
-2.921766e-04
-2.972725e-04
-3.020774e-04
-3.064626e-04
-3.112421e-04
-3.188591e-04
-3.253482e-04
-3.346941e-04
-3.378059e-04
-3.431943e-04
-3.449190e-04
-3.520243e-04
-3.593207e-04
-3.629474e-04
-3.777033e-04
-3.857973e-04
-4.084377e-04
-4.281420e-04
-4.459448e-04
-4.746613e-04
-5.364139e-04
-6.061933e-04
-7.273193e-04
-1.248915e-03
