1.240968e+05
5.392095e+03
4.806633e+03
2.440847e+03
1.518262e+03
1.296060e+03
7.608946e+02
6.930296e+02
5.909307e+02
4.909055e+02
4.020421e+02
3.948911e+02
3.458825e+02
3.211561e+02
3.158069e+02
2.603806e+02
2.360062e+02
2.036096e+02
1.827725e+02
1.551750e+02
1.400919e+02
1.282168e+02
1.234070e+02
1.201201e+02
1.108991e+02
9.757858e+01
8.884351e+01
8.372644e+01
7.331561e+01
6.892111e+01
6.479967e+01
6.114115e+01
5.752103e+01
5.318949e+01
4.932240e+01
4.679540e+01
4.415312e+01
3.941571e+01
3.858133e+01
3.607804e+01
3.306012e+01
3.256119e+01
2.998964e+01
2.734381e+01
2.467496e+01
2.360121e+01
2.159689e+01
1.947964e+01
1.843499e+01
1.641763e+01
1.554072e+01
1.490279e+01
1.308504e+01
1.246211e+01
1.105042e+01
1.072445e+01
9.852459e+00
9.059442e+00
8.431389e+00
7.511296e+00
7.007250e+00
6.670447e+00
6.215192e+00
6.062938e+00
5.476824e+00
5.142891e+00
4.773995e+00
4.347126e+00
3.703928e+00
3.612021e+00
3.541509e+00
3.016445e+00
2.943669e+00
2.933520e+00
2.722111e+00
2.482805e+00
2.377809e+00
1.903973e+00
1.779548e+00
1.670387e+00
1.631130e+00
1.420673e+00
1.368429e+00
1.336830e+00
1.212970e+00
1.118622e+00
1.051474e+00
9.861620e-01
9.238408e-01
8.697217e-01
8.171197e-01
7.878774e-01
7.333091e-01
6.673048e-01
6.189322e-01
5.831348e-01
5.100865e-01
4.766141e-01
4.267041e-01
4.078611e-01
3.685826e-01
3.381040e-01
3.302901e-01
3.208454e-01
2.749982e-01
2.662685e-01
2.543221e-01
2.301026e-01
2.209948e-01
2.042047e-01
1.903969e-01
1.732026e-01
1.617336e-01
1.473389e-01
1.184134e-01
1.139266e-01
9.751071e-02
9.244854e-02
9.005038e-02
8.565994e-02
8.000457e-02
7.649791e-02
6.987905e-02
6.841482e-02
5.873759e-02
5.433331e-02
5.321757e-02
4.914009e-02
4.793092e-02
4.456737e-02
4.133552e-02
3.917725e-02
3.649630e-02
3.508994e-02
3.469124e-02
3.315623e-02
3.253737e-02
2.805137e-02
2.778664e-02
2.573777e-02
2.278809e-02
1.999248e-02
1.885302e-02
1.804155e-02
1.734784e-02
1.612371e-02
1.488676e-02
1.374894e-02
1.289463e-02
1.143666e-02
1.088345e-02
9.346362e-03
7.700235e-03
6.826980e-03
6.582668e-03
6.154379e-03
4.651431e-03
4.427149e-03
4.188198e-03
4.101028e-03
3.976111e-03
3.677344e-03
3.578707e-03
3.454015e-03
3.289009e-03
3.011994e-03
2.911825e-03
2.380386e-03
2.266195e-03
2.152306e-03
1.978458e-03
1.846939e-03
1.760455e-03
1.690248e-03
1.631335e-03
1.543099e-03
1.494653e-03
1.475214e-03
1.410862e-03
1.382127e-03
1.344813e-03
1.312904e-03
1.308507e-03
1.294599e-03
1.275767e-03
1.258121e-03
1.245141e-03
1.218138e-03
1.183359e-03
1.160191e-03
1.150194e-03
1.143834e-03
1.122298e-03
1.110816e-03
1.095845e-03
1.082714e-03
1.076746e-03
1.051462e-03
1.038087e-03
1.030236e-03
1.012487e-03
1.008414e-03
1.006405e-03
9.901937e-04
9.812007e-04
9.735905e-04
9.538153e-04
9.406611e-04
9.277240e-04
9.146947e-04
9.014123e-04
8.882609e-04
8.808968e-04
8.706526e-04
8.617667e-04
8.577475e-04
8.533036e-04
8.419828e-04
8.363933e-04
8.318053e-04
8.249203e-04
8.180992e-04
8.067660e-04
8.036462e-04
7.876914e-04
7.715109e-04
7.613944e-04
7.560834e-04
7.488891e-04
7.391652e-04
7.366503e-04
7.255705e-04
7.081507e-04
7.017088e-04
6.910174e-04
6.809863e-04
6.725255e-04
6.690082e-04
6.562190e-04
6.524950e-04
6.442933e-04
6.399665e-04
6.154935e-04
6.105010e-04
6.058807e-04
5.925125e-04
5.837061e-04
5.751649e-04
5.694767e-04
5.561924e-04
5.540706e-04
5.511338e-04
5.411440e-04
5.357950e-04
5.295766e-04
5.213065e-04
5.119023e-04
5.029610e-04
5.008798e-04
4.866946e-04
4.825199e-04
4.778728e-04
4.647649e-04
4.582655e-04
4.481940e-04
4.428441e-04
4.322779e-04
4.236807e-04
4.198290e-04
4.118065e-04
4.001737e-04
3.964323e-04
3.938636e-04
3.825872e-04
3.804932e-04
3.693704e-04
3.593663e-04
3.528805e-04
3.389701e-04
3.283852e-04
3.167479e-04
3.084305e-04
3.014817e-04
2.959823e-04
2.952139e-04
2.803283e-04
2.722933e-04
2.697357e-04
2.650064e-04
2.494410e-04
2.425736e-04
2.348951e-04
2.260802e-04
2.227374e-04
2.166824e-04
2.013918e-04
1.934293e-04
1.880629e-04
1.871772e-04
1.745917e-04
1.691992e-04
1.543691e-04
1.472793e-04
1.362341e-04
1.306323e-04
1.197250e-04
1.147670e-04
1.068537e-04
9.813128e-05
9.060512e-05
7.715482e-05
6.981311e-05
6.428944e-05
5.696069e-05
5.638459e-05
4.766092e-05
4.203916e-05
3.082491e-05
2.431546e-05
1.989820e-05
1.553489e-05
1.147344e-05
-6.579134e-06
-1.095469e-05
-2.368652e-05
-3.138482e-05
-3.619938e-05
-5.011476e-05
-5.932286e-05
-6.207014e-05
-6.935572e-05
-8.226652e-05
-8.688539e-05
-9.655761e-05
-1.021428e-04
-1.120017e-04
-1.188424e-04
-1.301624e-04
-1.357206e-04
-1.443928e-04
-1.497609e-04
-1.664835e-04
-1.687805e-04
-1.799328e-04
-1.820732e-04
-2.003075e-04
-2.009613e-04
-2.196267e-04
-2.210330e-04
-2.430122e-04
-2.437934e-04
-2.516530e-04
-2.560264e-04
-2.671943e-04
-2.855988e-04
-2.907350e-04
-2.938564e-04
-3.056275e-04
-3.263920e-04
-3.306228e-04
-3.413763e-04
-3.455892e-04
-3.549999e-04
-3.688741e-04
-3.814706e-04
-3.923169e-04
-3.946629e-04
-4.125249e-04
-4.192563e-04
-4.322500e-04
-4.335299e-04
-4.542515e-04
-4.631059e-04
-4.707974e-04
-5.028395e-04
-5.120320e-04
-5.172079e-04
-5.533210e-04
-5.889025e-04
-6.072691e-04
-6.218212e-04
-6.471558e-04
-6.532156e-04
-6.812571e-04
