1.618471e+10
4.898388e+08
2.978927e+08
1.017499e+08
7.896739e+07
6.228574e+07
4.694250e+07
4.206373e+07
3.377226e+07
2.923363e+07
2.357484e+07
2.131462e+07
1.849301e+07
1.749812e+07
1.549023e+07
1.417433e+07
1.162716e+07
9.471566e+06
7.980696e+06
6.806206e+06
6.392528e+06
5.728980e+06
4.693630e+06
4.284426e+06
3.854886e+06
3.616390e+06
3.214848e+06
2.918965e+06
2.809698e+06
2.423723e+06
2.219771e+06
1.836059e+06
1.629148e+06
1.529345e+06
1.373005e+06
1.141707e+06
1.053178e+06
8.274253e+05
7.121928e+05
6.223708e+05
6.029115e+05
5.897578e+05
5.255792e+05
4.923867e+05
4.177340e+05
3.775522e+05
3.544099e+05
2.637676e+05
2.255719e+05
2.065588e+05
1.852275e+05
1.748696e+05
1.438295e+05
1.232455e+05
1.089136e+05
9.738770e+04
8.333130e+04
5.305632e+04
4.878560e+04
4.446805e+04
3.721774e+04
3.670818e+04
3.262632e+04
2.668454e+04
2.163330e+04
1.961984e+04
1.780359e+04
1.468546e+04
1.391380e+04
1.088441e+04
8.460796e+03
6.124643e+03
4.579888e+03
3.569115e+03
2.235091e+03
1.710731e+03
1.421513e+03
9.053755e+02
6.744761e+02
6.057169e+02
3.747793e+02
2.784614e+02
2.234166e+02
2.042038e+02
1.326912e+02
1.059617e+02
7.603466e+01
6.161991e+01
3.459588e+01
1.905079e+01
1.788286e+01
1.133459e+01
7.104928e+00
5.199677e+00
3.552541e+00
2.387928e+00
1.598246e+00
1.188641e+00
8.175792e-01
4.406807e-01
3.845110e-01
3.425325e-01
2.344885e-01
1.876107e-01
1.632006e-01
1.551720e-01
1.301035e-01
1.204720e-01
8.305074e-02
7.759660e-02
6.829492e-02
6.755625e-02
5.432363e-02
4.992765e-02
4.377636e-02
3.092371e-02
2.394052e-02
1.090374e-02
2.043183e-04
-7.384513e-03
-1.104160e-02
-1.958123e-02
-2.774186e-02
-4.778545e-02
-5.937056e-02
-8.867855e-02
-1.012729e-01
-1.053462e-01
