5.882886e+04
1.046282e+04
5.384708e+03
2.039268e+03
8.284463e+02
6.740810e+02
6.401747e+02
2.996742e+02
2.412928e+02
2.303849e+02
1.807793e+02
1.533546e+02
1.206303e+02
1.001681e+02
7.876553e+01
6.147162e+01
4.998979e+01
4.189095e+01
3.245492e+01
2.222527e+01
2.108720e+01
2.053371e+01
1.857033e+01
1.486967e+01
1.363164e+01
1.218403e+01
1.069553e+01
7.157421e+00
6.652137e+00
4.870511e+00
4.517637e+00
3.870012e+00
3.619282e+00
3.335883e+00
2.474452e+00
1.563052e+00
1.426570e+00
1.030603e+00
9.483137e-01
8.550085e-01
7.532003e-01
6.360850e-01
4.612428e-01
2.905288e-01
2.476088e-01
2.146122e-01
1.768685e-01
1.403445e-01
1.027429e-01
9.025330e-02
7.954425e-02
5.038486e-02
4.424719e-02
3.461585e-02
2.731257e-02
2.482833e-02
1.892675e-02
1.667163e-02
1.517954e-02
1.328186e-02
9.752485e-03
8.685714e-03
6.858032e-03
5.790822e-03
4.093308e-03
3.625195e-03
3.415501e-03
2.219838e-03
2.043332e-03
1.503416e-03
1.352596e-03
1.203227e-03
9.939843e-04
9.446472e-04
8.844982e-04
8.394900e-04
7.989982e-04
7.620377e-04
7.088085e-04
6.785704e-04
6.631352e-04
6.269101e-04
6.121626e-04
6.084702e-04
5.917888e-04
5.821173e-04
5.630992e-04
5.571949e-04
5.501391e-04
5.405759e-04
5.300050e-04
5.181869e-04
5.160386e-04
4.939130e-04
4.834265e-04
4.741304e-04
4.672476e-04
4.607285e-04
4.569485e-04
4.531927e-04
4.468388e-04
4.458926e-04
4.351175e-04
4.239663e-04
4.217005e-04
4.170100e-04
4.143990e-04
4.116547e-04
3.900911e-04
3.882892e-04
3.847515e-04
3.792607e-04
3.776485e-04
3.711071e-04
3.666448e-04
3.623895e-04
3.603186e-04
3.561334e-04
3.470005e-04
3.404054e-04
3.382944e-04
3.345776e-04
3.277012e-04
3.251016e-04
3.222318e-04
3.183231e-04
3.163335e-04
3.159517e-04
3.081947e-04
3.070176e-04
3.003752e-04
2.983434e-04
2.943231e-04
2.890843e-04
2.883753e-04
2.787273e-04
2.774656e-04
2.745057e-04
2.710314e-04
2.689610e-04
2.664058e-04
2.626792e-04
2.597320e-04
2.584475e-04
2.549296e-04
2.527116e-04
2.512319e-04
2.465661e-04
2.421377e-04
2.412470e-04
2.375617e-04
2.365658e-04
2.322244e-04
2.275551e-04
2.244158e-04
2.191699e-04
2.172740e-04
2.131728e-04
2.120732e-04
2.063498e-04
2.049354e-04
2.017464e-04
1.995549e-04
1.983295e-04
1.945415e-04
1.920601e-04
1.905658e-04
1.877365e-04
1.850146e-04
1.840158e-04
1.784070e-04
1.779445e-04
1.751300e-04
1.727572e-04
1.710824e-04
1.667935e-04
1.660444e-04
1.629852e-04
1.579228e-04
1.560991e-04
1.535510e-04
1.511744e-04
1.478942e-04
1.464190e-04
1.451993e-04
1.410596e-04
1.396087e-04
1.359676e-04
1.339248e-04
1.323281e-04
1.318594e-04
1.286769e-04
1.270038e-04
1.268042e-04
1.181512e-04
1.165329e-04
1.149557e-04
1.127762e-04
1.109640e-04
1.073561e-04
1.065826e-04
1.040960e-04
1.021376e-04
1.005158e-04
9.815054e-05
9.531072e-05
9.363445e-05
8.988821e-05
8.922508e-05
8.721934e-05
8.458261e-05
8.112459e-05
7.969041e-05
7.878190e-05
7.275682e-05
7.122208e-05
6.862749e-05
6.656082e-05
6.526397e-05
6.359741e-05
6.118408e-05
5.892109e-05
5.762952e-05
5.486152e-05
5.226598e-05
5.009295e-05
4.905429e-05
4.624914e-05
4.470807e-05
4.425773e-05
4.189693e-05
4.123647e-05
3.620383e-05
3.408746e-05
3.157277e-05
2.971862e-05
2.697989e-05
2.617031e-05
2.342407e-05
2.195713e-05
2.113692e-05
1.670341e-05
1.544424e-05
1.196086e-05
1.145585e-05
1.048857e-05
7.336474e-06
6.214417e-06
3.780715e-06
1.589368e-06
1.233028e-13
-3.741251e-14
-8.358283e-14
-1.331936e-06
-4.278794e-06
-5.420001e-06
-1.079451e-05
-1.217505e-05
-1.379655e-05
-1.643534e-05
-1.826867e-05
-1.971602e-05
-2.133115e-05
-2.255725e-05
-2.545552e-05
-2.686343e-05
-2.962279e-05
-3.281308e-05
-3.556075e-05
-3.634995e-05
-4.094176e-05
-4.387934e-05
-4.421316e-05
-5.016132e-05
-5.135376e-05
-5.228568e-05
-5.298647e-05
-5.530292e-05
-5.961188e-05
-6.317107e-05
-6.488201e-05
-6.641981e-05
-6.801247e-05
-7.127324e-05
-7.225529e-05
-7.541906e-05
-7.579879e-05
-7.947898e-05
-8.201433e-05
-8.218140e-05
-8.319963e-05
-8.777794e-05
-9.037922e-05
-9.269189e-05
-9.438945e-05
-9.795783e-05
-9.930293e-05
-1.008089e-04
-1.023734e-04
-1.083850e-04
-1.125645e-04
-1.150601e-04
-1.166825e-04
-1.181519e-04
-1.204628e-04
-1.240607e-04
-1.246309e-04
-1.270231e-04
-1.299534e-04
-1.328544e-04
-1.348148e-04
-1.371406e-04
-1.410297e-04
-1.437684e-04
-1.464534e-04
-1.471624e-04
-1.514170e-04
-1.529272e-04
-1.578055e-04
-1.592198e-04
-1.632918e-04
-1.659630e-04
-1.695727e-04
-1.734526e-04
-1.756758e-04
-1.797480e-04
-1.818121e-04
-1.832411e-04
-1.849729e-04
-1.905589e-04
-1.924955e-04
-1.953491e-04
-2.001080e-04
-2.016399e-04
-2.039352e-04
-2.053229e-04
-2.083163e-04
-2.113016e-04
-2.154265e-04
-2.162263e-04
-2.210877e-04
-2.228882e-04
-2.284308e-04
-2.313389e-04
-2.328027e-04
-2.410947e-04
-2.418909e-04
-2.487420e-04
-2.515065e-04
-2.560559e-04
-2.598939e-04
-2.640432e-04
-2.678311e-04
-2.708666e-04
-2.726610e-04
-2.852370e-04
-2.884346e-04
-2.904137e-04
-2.952535e-04
-2.988835e-04
-3.048239e-04
-3.126753e-04
-3.162581e-04
-3.207784e-04
-3.238970e-04
-3.291724e-04
-3.330407e-04
-3.371000e-04
-3.616135e-04
-3.655535e-04
-3.733415e-04
-3.810014e-04
-3.876378e-04
-3.957512e-04
-4.141225e-04
-4.232446e-04
-4.352374e-04
-4.454168e-04
-4.666983e-04
-5.151097e-04
-5.963097e-04
-6.150621e-04
-8.282784e-04
-1.142747e-03
