1.275874e+08
2.123259e+07
2.428384e+06
8.608324e+05
7.700718e+05
3.019893e+05
2.584790e+05
1.121280e+05
1.594991e+04
9.746710e+03
4.768269e+03
1.282168e+03
3.771262e+02
1.676760e+02
5.505938e+01
4.640385e+01
3.632893e+01
3.249360e+01
2.910131e+01
2.328719e+01
2.229968e+01
1.842846e+01
1.608111e+01
1.600440e+01
1.482335e+01
1.430434e+01
1.323239e+01
1.221710e+01
1.093422e+01
1.027293e+01
9.177184e+00
9.145284e+00
8.595780e+00
8.336995e+00
8.088234e+00
7.254000e+00
7.007365e+00
6.714352e+00
6.415176e+00
5.734652e+00
5.532870e+00
5.428930e+00
5.144789e+00
5.002119e+00
4.726060e+00
4.609834e+00
4.180128e+00
3.923196e+00
3.727057e+00
3.511723e+00
3.181389e+00
3.060074e+00
2.912893e+00
2.703375e+00
2.578296e+00
2.408453e+00
2.240258e+00
2.114564e+00
1.877594e+00
1.717401e+00
1.457851e+00
1.388019e+00
1.055587e+00
9.323111e-01
9.005361e-01
6.508734e-01
4.891070e-01
4.318846e-01
3.395277e-01
2.967965e-01
2.729281e-01
2.045255e-01
1.772585e-01
1.720775e-01
1.245468e-01
8.883533e-02
5.167109e-02
3.567437e-02
2.192145e-02
1.183116e-04
-9.435712e-02
-1.169413e-01
-1.809139e-01
-2.531413e-01
-3.226871e-01
-4.256018e-01
-4.630966e-01
-5.265315e-01
-5.574925e-01
-6.165721e-01
-9.102665e-01
-9.916406e-01
-1.035170e+00
-1.051015e+00
-1.198308e+00
-1.309331e+00
-1.618008e+00
-1.765328e+00
-2.018777e+00
-2.137187e+00
-2.175694e+00
-2.352621e+00
-2.885744e+00
-3.083879e+00
-3.180281e+00
-3.567264e+00
-4.008602e+00
-4.266583e+00
-4.939617e+00
-5.036766e+00
-5.681788e+00
-6.389192e+00
-7.113918e+00
-7.974778e+00
-8.294408e+00
-8.823228e+00
-9.237119e+00
-1.059444e+01
-1.101308e+01
-1.305555e+01
-1.494137e+01
-2.023212e+01
-2.187714e+01
-2.525439e+01
-2.783884e+01
-3.580939e+01
-5.031213e+01
-6.440380e+01
