3.815192e+05
3.254678e+05
6.964044e+04
2.414527e+04
2.132317e+03
5.638235e+02
1.543866e+02
7.656564e+01
1.993394e+01
5.259243e+00
1.062071e+00
4.207918e-01
8.998295e-02
5.028879e-02
4.730455e-02
4.220248e-02
4.102006e-02
4.059907e-02
3.953364e-02
3.917312e-02
3.757805e-02
3.609055e-02
3.532403e-02
3.464007e-02
3.430913e-02
3.271209e-02
3.247518e-02
3.202394e-02
3.129560e-02
3.048571e-02
2.978423e-02
2.946810e-02
2.855035e-02
2.834884e-02
2.794833e-02
2.753723e-02
2.675420e-02
2.607666e-02
2.589577e-02
2.565453e-02
2.518755e-02
2.441904e-02
2.400478e-02
2.330114e-02
2.306636e-02
2.277665e-02
2.252620e-02
2.209893e-02
2.145853e-02
2.111519e-02
2.075104e-02
2.061843e-02
2.036154e-02
2.005466e-02
1.955815e-02
1.947638e-02
1.932898e-02
1.902272e-02
1.889466e-02
1.858203e-02
1.831219e-02
1.796448e-02
1.790395e-02
1.737948e-02
1.697256e-02
1.677330e-02
1.635002e-02
1.606125e-02
1.586793e-02
1.584087e-02
1.553992e-02
1.524844e-02
1.483448e-02
1.461205e-02
1.431318e-02
1.411387e-02
1.401607e-02
1.379286e-02
1.335914e-02
1.327031e-02
1.286744e-02
1.257230e-02
1.220825e-02
1.203933e-02
1.177687e-02
1.165399e-02
1.119040e-02
1.107827e-02
1.084817e-02
1.059452e-02
1.031325e-02
1.020479e-02
1.004417e-02
9.992263e-03
9.714635e-03
9.476658e-03
9.082334e-03
8.786694e-03
8.603501e-03
8.523550e-03
8.300541e-03
8.077942e-03
7.877821e-03
7.756857e-03
7.188664e-03
6.773045e-03
6.059179e-03
5.634335e-03
5.106934e-03
4.653126e-03
3.980459e-03
3.846017e-03
2.652994e-03
5.020566e-04
-7.663068e-04
-1.686112e-03
-3.412276e-03
-4.901263e-03
-7.002624e-03
-1.096089e-02
-1.251353e-02
-1.359439e-02
-2.188760e-02
-2.372772e-02
-3.461924e-02
-3.578833e-02
-7.197832e-02
-1.115168e-01
