1.286761e+05
6.205911e+03
3.159169e+03
2.680844e+03
2.064765e+03
1.576813e+03
1.421080e+03
1.086765e+03
8.986473e+02
7.516055e+02
6.676402e+02
5.002236e+02
3.105899e+02
2.495833e+02
2.357078e+02
1.873514e+02
1.862038e+02
1.460114e+02
1.256709e+02
1.186768e+02
1.119369e+02
1.027812e+02
8.584241e+01
8.285992e+01
7.233690e+01
7.082942e+01
6.711902e+01
6.097879e+01
5.798705e+01
5.118422e+01
4.858047e+01
4.267806e+01
3.808154e+01
3.623115e+01
3.338724e+01
3.219098e+01
2.940323e+01
2.705951e+01
2.672462e+01
2.570749e+01
2.431998e+01
2.272771e+01
2.024497e+01
1.847155e+01
1.716850e+01
1.496302e+01
1.456191e+01
1.382650e+01
1.256310e+01
1.091855e+01
1.078766e+01
9.407988e+00
8.806708e+00
8.435103e+00
7.790007e+00
7.434617e+00
7.237114e+00
6.049798e+00
5.807153e+00
5.105702e+00
4.786608e+00
4.348897e+00
4.181565e+00
4.051311e+00
3.654230e+00
3.529955e+00
3.338469e+00
2.835283e+00
2.771202e+00
2.558561e+00
2.473114e+00
2.328257e+00
2.246626e+00
1.927622e+00
1.905190e+00
1.676645e+00
1.529204e+00
1.476495e+00
1.288118e+00
1.213423e+00
1.173317e+00
1.086053e+00
1.040067e+00
1.016749e+00
8.699705e-01
7.912918e-01
7.525226e-01
7.234892e-01
6.911005e-01
6.477065e-01
6.259345e-01
5.572612e-01
5.034939e-01
4.621738e-01
4.305760e-01
4.204114e-01
4.189188e-01
3.809855e-01
3.695266e-01
3.249999e-01
3.049979e-01
2.742784e-01
2.587284e-01
2.406442e-01
2.297098e-01
2.054892e-01
1.909728e-01
1.603926e-01
1.588723e-01
1.537423e-01
1.471225e-01
1.435482e-01
1.215153e-01
1.177248e-01
1.042413e-01
9.956813e-02
9.363681e-02
9.191466e-02
9.039617e-02
8.159476e-02
7.573579e-02
6.818956e-02
5.953262e-02
5.696450e-02
5.064853e-02
4.667798e-02
4.566231e-02
4.200917e-02
3.718885e-02
3.431959e-02
3.159516e-02
3.032340e-02
2.814293e-02
2.581572e-02
2.500165e-02
2.235340e-02
2.028880e-02
1.901701e-02
1.655451e-02
1.594540e-02
1.345601e-02
1.266026e-02
1.171106e-02
1.048973e-02
1.014020e-02
9.800006e-03
9.224759e-03
9.059607e-03
8.395704e-03
7.375752e-03
6.090842e-03
5.414233e-03
4.991639e-03
4.939297e-03
4.695524e-03
4.162570e-03
3.837735e-03
3.386061e-03
3.093843e-03
3.020681e-03
2.872278e-03
2.669225e-03
2.631287e-03
2.539244e-03
2.425935e-03
2.364537e-03
2.258889e-03
2.197092e-03
2.040974e-03
1.976721e-03
1.802352e-03
1.740447e-03
1.659887e-03
1.623015e-03
1.514833e-03
1.480377e-03
1.428247e-03
1.417002e-03
1.379969e-03
1.344293e-03
1.301027e-03
1.292428e-03
1.284803e-03
1.271688e-03
1.259450e-03
1.246723e-03
1.220519e-03
1.204424e-03
1.183115e-03
1.172360e-03
1.151569e-03
1.130271e-03
1.119796e-03
1.116179e-03
1.097090e-03
1.088969e-03
1.060114e-03
1.045012e-03
1.028707e-03
1.024828e-03
1.004628e-03
9.974241e-04
9.827318e-04
9.648623e-04
9.643706e-04
9.491830e-04
9.370153e-04
9.154725e-04
8.937606e-04
8.822202e-04
8.756776e-04
8.633198e-04
8.541567e-04
8.455538e-04
8.420826e-04
8.250356e-04
8.215986e-04
8.119518e-04
7.925817e-04
7.854145e-04
7.718339e-04
7.628981e-04
7.517192e-04
7.437715e-04
7.292678e-04
7.231081e-04
7.137446e-04
7.023689e-04
6.927623e-04
6.837095e-04
6.678802e-04
6.662320e-04
6.514874e-04
6.313575e-04
6.249740e-04
6.170050e-04
5.998784e-04
5.943425e-04
5.864361e-04
5.824975e-04
5.715357e-04
5.609224e-04
5.552333e-04
5.468999e-04
5.370241e-04
5.291794e-04
5.268958e-04
5.075952e-04
4.899165e-04
4.840831e-04
4.680957e-04
4.558552e-04
4.462121e-04
4.425811e-04
4.357127e-04
4.244864e-04
4.069326e-04
4.025566e-04
3.906052e-04
3.830706e-04
3.718282e-04
3.632198e-04
3.512362e-04
3.462660e-04
3.403121e-04
3.325794e-04
3.206693e-04
3.081081e-04
3.033661e-04
2.984157e-04
2.957075e-04
2.749305e-04
2.693173e-04
2.646919e-04
2.583382e-04
2.438513e-04
2.402528e-04
2.285937e-04
2.159178e-04
2.102122e-04
2.036141e-04
1.953501e-04
1.852271e-04
1.827116e-04
1.770482e-04
1.565661e-04
1.488230e-04
1.350602e-04
1.284366e-04
1.236560e-04
1.123817e-04
9.717188e-05
9.185860e-05
8.860909e-05
8.457225e-05
7.106028e-05
6.521689e-05
5.131075e-05
4.566874e-05
3.786065e-05
3.251817e-05
2.816629e-05
1.142037e-05
2.280011e-06
-1.566028e-06
-1.637192e-05
-2.143646e-05
-3.527151e-05
-4.650635e-05
-5.020538e-05
-6.502463e-05
-7.392381e-05
-8.123278e-05
-9.214580e-05
-9.946746e-05
-1.081401e-04
-1.160862e-04
-1.202471e-04
-1.327164e-04
-1.400016e-04
-1.563233e-04
-1.594184e-04
-1.689195e-04
-1.778024e-04
-1.877828e-04
-1.922714e-04
-2.029045e-04
-2.135189e-04
-2.378094e-04
-2.407082e-04
-2.457749e-04
-2.601745e-04
-2.696010e-04
-2.806381e-04
-2.824400e-04
-3.011815e-04
-3.142707e-04
-3.163613e-04
-3.286446e-04
-3.436216e-04
-3.481214e-04
-3.633937e-04
-3.749352e-04
-3.848378e-04
-3.918379e-04
-4.036331e-04
-4.069085e-04
-4.215883e-04
-4.354524e-04
-4.464842e-04
-4.568938e-04
-4.623197e-04
-4.694164e-04
-4.857050e-04
-5.033180e-04
-5.129242e-04
-5.176543e-04
-5.312297e-04
-5.582952e-04
-5.611305e-04
-5.708304e-04
-5.790046e-04
-6.152418e-04
-6.214216e-04
-6.264868e-04
-6.397592e-04
-6.579210e-04
-6.642997e-04
-6.736542e-04
-6.836180e-04
-6.969014e-04
-7.160929e-04
-7.281101e-04
-7.506586e-04
-7.658353e-04
-7.735682e-04
-7.933186e-04
-8.166020e-04
-8.590458e-04
-8.703518e-04
-8.769881e-04
-9.260242e-04
-9.461502e-04
-1.008390e-03
