2.214767e+07
1.299816e+06
1.263870e+06
7.128796e+05
3.813157e+05
2.568267e+05
9.326307e+04
6.291216e+04
5.383562e+04
3.376449e+04
1.252421e+04
1.113358e+04
7.589385e+03
5.151107e+03
4.493761e+03
2.543800e+03
1.309793e+03
8.762668e+02
6.951851e+02
4.377979e+02
2.782025e+02
2.156807e+02
1.299265e+02
1.079300e+02
5.471514e+01
4.073085e+01
3.244436e+01
2.830566e+01
2.395116e+01
1.894932e+01
1.816758e+01
1.365727e+01
8.725219e+00
7.366704e+00
6.332781e+00
4.255077e+00
3.751116e+00
2.587620e+00
2.450013e+00
1.678075e+00
1.277465e+00
1.030346e+00
8.227701e-01
6.147947e-01
4.671746e-01
4.344763e-01
3.427912e-01
2.551626e-01
2.160902e-01
1.427465e-01
1.175206e-01
1.064213e-01
8.245490e-02
6.891794e-02
6.772833e-02
6.268046e-02
6.080155e-02
6.026782e-02
5.662307e-02
5.515777e-02
5.258084e-02
5.125627e-02
4.965239e-02
4.900546e-02
4.766096e-02
4.581538e-02
4.516579e-02
4.443001e-02
4.258652e-02
4.030187e-02
3.971377e-02
3.847053e-02
3.754187e-02
3.635040e-02
3.475964e-02
3.269582e-02
3.182029e-02
3.129215e-02
2.970308e-02
2.728171e-02
2.561145e-02
2.507943e-02
2.478019e-02
2.281701e-02
2.105568e-02
2.088913e-02
1.973030e-02
1.863642e-02
1.749231e-02
1.690549e-02
1.449119e-02
1.344211e-02
1.169807e-02
9.518759e-03
5.556136e-03
2.307728e-03
1.665914e-03
1.442364e-03
-7.177813e-04
-3.461759e-03
-6.169559e-03
-7.480204e-03
-1.086146e-02
-1.396127e-02
-1.790619e-02
-1.950263e-02
-2.894085e-02
-3.513692e-02
-3.537071e-02
-3.835726e-02
-6.095368e-02
-7.801080e-02
-1.102969e-01
-1.688818e-01
-3.360216e-01
-4.787857e-01
-7.193914e-01
-8.475035e-01
-1.288606e+00
-1.742547e+00
-2.266706e+00
-2.489725e+00
-3.470165e+00
-8.919863e+00
-1.707624e+01
-2.332113e+01
-3.208398e+01
-3.646166e+01
