8.836050e+04
3.503235e+03
2.283242e+03
1.754758e+03
1.059084e+03
7.545949e+02
5.345579e+02
3.930522e+02
2.952003e+02
2.753246e+02
2.639375e+02
2.002756e+02
1.850651e+02
1.718463e+02
1.385376e+02
1.340061e+02
1.262594e+02
1.160311e+02
1.123418e+02
1.063938e+02
1.001456e+02
9.482085e+01
9.064362e+01
8.469126e+01
8.202769e+01
7.253542e+01
6.818820e+01
6.635515e+01
5.914336e+01
5.785143e+01
5.660711e+01
5.005827e+01
4.903934e+01
4.184410e+01
4.076138e+01
3.763130e+01
3.740255e+01
3.506748e+01
3.121977e+01
3.088252e+01
2.802090e+01
2.657211e+01
2.426482e+01
2.211300e+01
1.945570e+01
1.836331e+01
1.724465e+01
1.702697e+01
1.563482e+01
1.434776e+01
1.366012e+01
1.307417e+01
1.247587e+01
1.140827e+01
1.138340e+01
1.073517e+01
9.423057e+00
8.694946e+00
8.043509e+00
7.747042e+00
6.891377e+00
6.720136e+00
6.252133e+00
5.934220e+00
5.431265e+00
5.112060e+00
4.832826e+00
4.608909e+00
4.418868e+00
3.635611e+00
3.555417e+00
3.244832e+00
2.768906e+00
2.593461e+00
2.384738e+00
2.172190e+00
2.086698e+00
1.955696e+00
1.711217e+00
1.631378e+00
1.607466e+00
1.434933e+00
1.381698e+00
1.310510e+00
1.217579e+00
1.133463e+00
1.113633e+00
1.067453e+00
1.057338e+00
1.010526e+00
8.952905e-01
8.299489e-01
8.093647e-01
7.541298e-01
7.119141e-01
6.805304e-01
6.580861e-01
6.365456e-01
5.981356e-01
5.699850e-01
5.237635e-01
5.136765e-01
4.904344e-01
4.396039e-01
3.862149e-01
3.756333e-01
3.636487e-01
3.348811e-01
3.092199e-01
2.894589e-01
2.773006e-01
2.580967e-01
2.472066e-01
2.371607e-01
2.212247e-01
2.125964e-01
2.002897e-01
1.981877e-01
1.895944e-01
1.733320e-01
1.593591e-01
1.530893e-01
1.510056e-01
1.433138e-01
1.383018e-01
1.225011e-01
1.145911e-01
1.115735e-01
1.030354e-01
9.700343e-02
8.840341e-02
8.221330e-02
7.842917e-02
7.558966e-02
6.946921e-02
6.301888e-02
5.973797e-02
5.603328e-02
5.459684e-02
5.143311e-02
5.091431e-02
4.526977e-02
4.504955e-02
4.072830e-02
3.820166e-02
3.665385e-02
3.475390e-02
3.364547e-02
3.077389e-02
2.771168e-02
2.722872e-02
2.596661e-02
2.521433e-02
2.443286e-02
2.007434e-02
1.940558e-02
1.836359e-02
1.737227e-02
1.683539e-02
1.552426e-02
1.493783e-02
1.371689e-02
1.257889e-02
1.209908e-02
1.149648e-02
1.054938e-02
1.005574e-02
9.386821e-03
8.385483e-03
8.017976e-03
7.925239e-03
7.669668e-03
7.317250e-03
7.023592e-03
6.703241e-03
6.233116e-03
6.179888e-03
5.828170e-03
5.507886e-03
5.306530e-03
5.143256e-03
4.811628e-03
4.496218e-03
4.223729e-03
3.879824e-03
3.577732e-03
3.155561e-03
3.003947e-03
2.771946e-03
2.721498e-03
2.636096e-03
2.511344e-03
2.307783e-03
2.255328e-03
2.153601e-03
2.139811e-03
2.103225e-03
2.032927e-03
1.942113e-03
1.848985e-03
1.806943e-03
1.665228e-03
1.627964e-03
1.573011e-03
1.544206e-03
1.501873e-03
1.445048e-03
1.433070e-03
1.382409e-03
1.329876e-03
1.325238e-03
1.278331e-03
1.257874e-03
1.217235e-03
1.198497e-03
1.183997e-03
1.151160e-03
1.148068e-03
1.137125e-03
1.127182e-03
1.103678e-03
1.098077e-03
1.063641e-03
1.052859e-03
1.040217e-03
1.024436e-03
1.015227e-03
9.935249e-04
9.716043e-04
9.633583e-04
9.573135e-04
9.367559e-04
9.234750e-04
9.158390e-04
9.012686e-04
8.901514e-04
8.769991e-04
8.628432e-04
8.471048e-04
8.383829e-04
8.292683e-04
8.278259e-04
7.998424e-04
7.888541e-04
7.684681e-04
7.594717e-04
7.574944e-04
7.484433e-04
7.396373e-04
7.375945e-04
7.209391e-04
6.970541e-04
6.916508e-04
6.794621e-04
6.674353e-04
6.580407e-04
6.454239e-04
6.381934e-04
6.136321e-04
6.091653e-04
6.052111e-04
5.971119e-04
5.880607e-04
5.752931e-04
5.705697e-04
5.482726e-04
5.465125e-04
5.353027e-04
5.284624e-04
5.154234e-04
5.086298e-04
5.002898e-04
4.962001e-04
4.776493e-04
4.665568e-04
4.611120e-04
4.498033e-04
4.479751e-04
4.365428e-04
4.299545e-04
4.259670e-04
4.041999e-04
3.927588e-04
3.917663e-04
3.816089e-04
3.723695e-04
3.553556e-04
3.516392e-04
3.457654e-04
3.284364e-04
3.183571e-04
3.134744e-04
3.043263e-04
2.900987e-04
2.828716e-04
2.690058e-04
2.515730e-04
2.480335e-04
2.397817e-04
2.352456e-04
2.261945e-04
2.163417e-04
1.992418e-04
1.960161e-04
1.923113e-04
1.836468e-04
1.731207e-04
1.723011e-04
1.619454e-04
1.451707e-04
1.378298e-04
1.288219e-04
1.094509e-04
1.054292e-04
9.587224e-05
8.584822e-05
7.946534e-05
7.242584e-05
5.231333e-05
4.870543e-05
4.430710e-05
3.669106e-05
3.059451e-05
1.115489e-05
8.484760e-06
4.032383e-13
1.624074e-13
7.340352e-14
2.675673e-14
-2.652999e-14
-5.263596e-14
-1.064251e-13
-3.299916e-06
-1.410504e-05
-2.869524e-05
-4.479823e-05
-4.766584e-05
-6.030956e-05
-6.253934e-05
-8.365414e-05
-9.159337e-05
-1.003439e-04
-1.042755e-04
-1.198459e-04
-1.362641e-04
-1.439388e-04
-1.546321e-04
-1.633192e-04
-1.729003e-04
-1.819856e-04
-1.911547e-04
-1.962716e-04
-2.063427e-04
-2.170062e-04
-2.236239e-04
-2.324712e-04
-2.393354e-04
-2.602761e-04
-2.786909e-04
-2.943268e-04
-3.056223e-04
-3.154250e-04
-3.242750e-04
-3.263064e-04
-3.454852e-04
-3.476265e-04
-3.701698e-04
-3.916824e-04
-4.149716e-04
-4.299455e-04
-4.419694e-04
-4.485900e-04
-4.591339e-04
-4.813957e-04
-5.064410e-04
-5.184712e-04
-5.255706e-04
-5.452696e-04
-5.552065e-04
-5.756709e-04
-5.941459e-04
-6.088772e-04
-6.376468e-04
-6.533769e-04
