1.287652e+05
6.012160e+03
2.983555e+03
2.833108e+03
1.953081e+03
1.675811e+03
1.398385e+03
1.088909e+03
8.445961e+02
8.253459e+02
6.036245e+02
5.111936e+02
3.044219e+02
2.746046e+02
2.369389e+02
2.084770e+02
1.627101e+02
1.485087e+02
1.434143e+02
1.274680e+02
1.158339e+02
1.007135e+02
8.919543e+01
7.913451e+01
7.407234e+01
7.102010e+01
6.537398e+01
5.829009e+01
5.720967e+01
4.935941e+01
4.648672e+01
4.254910e+01
3.887802e+01
3.683498e+01
3.482915e+01
3.344579e+01
3.090169e+01
2.965395e+01
2.636217e+01
2.422691e+01
2.389015e+01
2.342454e+01
2.070708e+01
1.797728e+01
1.769392e+01
1.625995e+01
1.423467e+01
1.342828e+01
1.273221e+01
1.196890e+01
1.059485e+01
9.732429e+00
9.030309e+00
8.543173e+00
7.624893e+00
7.269841e+00
7.005644e+00
6.900727e+00
6.099691e+00
5.812827e+00
5.445975e+00
4.729653e+00
4.204400e+00
3.972226e+00
3.830217e+00
3.717752e+00
3.403432e+00
3.072505e+00
2.930072e+00
2.714302e+00
2.470232e+00
2.322731e+00
2.090223e+00
2.084544e+00
1.961035e+00
1.684318e+00
1.584582e+00
1.583006e+00
1.441812e+00
1.390271e+00
1.310147e+00
1.182314e+00
1.032013e+00
9.398381e-01
9.244086e-01
8.087060e-01
8.022147e-01
7.529145e-01
6.839793e-01
6.389812e-01
6.122807e-01
5.799693e-01
5.623837e-01
5.549063e-01
4.887019e-01
4.611869e-01
4.423134e-01
3.989782e-01
3.850011e-01
3.606846e-01
3.337248e-01
3.009633e-01
2.919820e-01
2.380611e-01
2.256393e-01
2.141199e-01
2.033997e-01
1.985010e-01
1.788157e-01
1.657687e-01
1.593376e-01
1.441596e-01
1.260869e-01
1.245952e-01
1.194083e-01
1.121536e-01
1.056068e-01
9.025308e-02
8.603479e-02
8.095541e-02
7.710294e-02
7.563784e-02
6.718437e-02
6.485625e-02
6.208829e-02
5.963383e-02
5.635203e-02
5.174839e-02
4.816663e-02
4.626828e-02
4.416988e-02
4.124293e-02
3.615938e-02
3.314731e-02
2.903331e-02
2.736482e-02
2.596497e-02
2.497235e-02
2.406097e-02
2.232405e-02
2.100200e-02
1.988069e-02
1.764229e-02
1.697699e-02
1.500753e-02
1.390686e-02
1.227059e-02
1.077624e-02
1.047485e-02
1.000417e-02
9.651474e-03
7.909305e-03
7.217827e-03
6.445676e-03
6.251643e-03
6.046207e-03
5.803113e-03
5.117403e-03
4.869527e-03
4.459635e-03
4.173567e-03
3.866969e-03
3.693444e-03
3.381711e-03
3.273290e-03
2.874050e-03
2.783351e-03
2.732753e-03
2.546615e-03
2.465702e-03
2.355968e-03
2.304049e-03
2.193853e-03
2.029890e-03
1.976809e-03
1.933300e-03
1.806286e-03
1.733309e-03
1.555040e-03
1.504549e-03
1.489818e-03
1.467274e-03
1.446410e-03
1.414362e-03
1.376108e-03
1.350349e-03
1.316155e-03
1.299423e-03
1.282546e-03
1.256165e-03
1.242341e-03
1.224742e-03
1.208687e-03
1.195856e-03
1.164883e-03
1.153061e-03
1.138103e-03
1.124844e-03
1.096669e-03
1.079886e-03
1.066549e-03
1.054960e-03
1.044155e-03
1.023975e-03
1.003369e-03
9.969338e-04
9.956851e-04
9.846824e-04
9.775966e-04
9.556589e-04
9.476708e-04
9.429625e-04
9.181876e-04
9.125985e-04
9.019670e-04
8.900433e-04
8.838275e-04
8.586045e-04
8.549221e-04
8.456464e-04
8.252728e-04
8.232661e-04
8.139085e-04
7.983043e-04
7.816053e-04
7.726640e-04
7.599908e-04
7.570149e-04
7.532022e-04
7.437612e-04
7.297176e-04
7.205089e-04
7.149264e-04
7.023027e-04
6.980540e-04
6.764560e-04
6.544942e-04
6.485112e-04
6.354215e-04
6.259973e-04
6.149159e-04
6.040671e-04
5.918659e-04
5.894012e-04
5.824878e-04
5.719614e-04
5.597987e-04
5.388859e-04
5.355455e-04
5.197171e-04
5.173563e-04
5.115777e-04
4.993895e-04
4.885244e-04
4.822218e-04
4.629407e-04
4.558623e-04
4.412002e-04
4.359639e-04
4.218407e-04
4.106554e-04
4.008351e-04
3.963120e-04
3.822047e-04
3.760142e-04
3.664673e-04
3.529597e-04
3.437384e-04
3.404118e-04
3.296247e-04
3.272947e-04
3.141821e-04
3.105744e-04
2.932927e-04
2.828154e-04
2.801285e-04
2.723783e-04
2.568568e-04
2.465067e-04
2.434796e-04
2.359513e-04
2.294808e-04
2.169042e-04
2.078592e-04
1.962689e-04
1.897305e-04
1.756524e-04
1.646200e-04
1.559398e-04
1.486489e-04
1.384854e-04
1.276043e-04
1.172034e-04
1.017667e-04
9.293015e-05
8.999738e-05
8.172722e-05
7.931975e-05
6.134870e-05
5.353407e-05
3.851341e-05
3.138143e-05
2.344775e-05
1.457658e-05
6.707958e-06
4.122741e-06
-1.038290e-06
-8.727158e-06
-2.201258e-05
-3.347973e-05
-3.700973e-05
-4.575699e-05
-5.817493e-05
-6.105804e-05
-7.451605e-05
-8.352180e-05
-8.754459e-05
-9.986428e-05
-1.076245e-04
-1.111431e-04
-1.247920e-04
-1.325665e-04
-1.404365e-04
-1.499525e-04
-1.587762e-04
-1.769852e-04
-1.813472e-04
-1.983246e-04
-2.034902e-04
-2.096565e-04
-2.221690e-04
-2.384684e-04
-2.505656e-04
-2.581860e-04
-2.700038e-04
-2.785456e-04
-2.971227e-04
-2.999853e-04
-3.038956e-04
-3.170725e-04
-3.209845e-04
-3.367379e-04
-3.483867e-04
-3.563456e-04
-3.653474e-04
-3.832352e-04
-3.869858e-04
-3.895396e-04
-3.997231e-04
-4.185551e-04
-4.300752e-04
-4.359964e-04
-4.499234e-04
-4.719540e-04
-4.742148e-04
-4.917476e-04
-4.982168e-04
-5.168119e-04
-5.213709e-04
-5.299445e-04
-5.510810e-04
-5.546075e-04
-5.671118e-04
-5.839650e-04
-5.988193e-04
-6.235003e-04
-6.292354e-04
-6.400978e-04
-6.459248e-04
-6.598896e-04
-6.767731e-04
-6.992139e-04
-7.177803e-04
-7.313408e-04
-7.544158e-04
-7.702313e-04
-7.853078e-04
-7.983913e-04
-8.161015e-04
-8.548143e-04
-8.692986e-04
-8.833588e-04
-9.240921e-04
-9.297314e-04
