8.831292e+04
3.714001e+03
2.396857e+03
1.717554e+03
1.013093e+03
7.154975e+02
5.241365e+02
3.846640e+02
3.084329e+02
2.776207e+02
2.284580e+02
2.017744e+02
1.707528e+02
1.634012e+02
1.505890e+02
1.423179e+02
1.316190e+02
1.181718e+02
1.105288e+02
1.064965e+02
9.937001e+01
9.643660e+01
8.759691e+01
7.835628e+01
7.468768e+01
6.921461e+01
6.543025e+01
6.221693e+01
5.867506e+01
5.659903e+01
5.264821e+01
4.808423e+01
4.590723e+01
4.368835e+01
4.066267e+01
4.017873e+01
3.860844e+01
3.737597e+01
3.285407e+01
3.090695e+01
2.733053e+01
2.703385e+01
2.477118e+01
2.287753e+01
1.975890e+01
1.860341e+01
1.792039e+01
1.772705e+01
1.639381e+01
1.498009e+01
1.430136e+01
1.305525e+01
1.231898e+01
1.110770e+01
1.060614e+01
9.962344e+00
9.513155e+00
8.974674e+00
8.042366e+00
7.716340e+00
7.139314e+00
6.517445e+00
6.300305e+00
6.029993e+00
5.641452e+00
5.261652e+00
4.419414e+00
4.303858e+00
4.089130e+00
3.949054e+00
3.392369e+00
2.987783e+00
2.866672e+00
2.670059e+00
2.525416e+00
2.140960e+00
2.022767e+00
1.811420e+00
1.764411e+00
1.695493e+00
1.563909e+00
1.528095e+00
1.440038e+00
1.324298e+00
1.227157e+00
1.137094e+00
1.110089e+00
1.085951e+00
9.752873e-01
9.175129e-01
8.817323e-01
8.702160e-01
8.381255e-01
7.981254e-01
7.485674e-01
6.428446e-01
6.176520e-01
5.738565e-01
5.484902e-01
4.975932e-01
4.719111e-01
4.516060e-01
4.257751e-01
4.010319e-01
3.783785e-01
3.640002e-01
3.504627e-01
3.186469e-01
3.124541e-01
2.896129e-01
2.795254e-01
2.647908e-01
2.384208e-01
2.282223e-01
2.209261e-01
1.988772e-01
1.945824e-01
1.759210e-01
1.668781e-01
1.623911e-01
1.534811e-01
1.431163e-01
1.400239e-01
1.299412e-01
1.259129e-01
1.150280e-01
1.105131e-01
9.626602e-02
9.238241e-02
8.454894e-02
8.287001e-02
8.155590e-02
7.463737e-02
7.327949e-02
6.883927e-02
6.573558e-02
6.383376e-02
6.020229e-02
5.482392e-02
5.315997e-02
5.196961e-02
4.968508e-02
4.490108e-02
4.382914e-02
4.257456e-02
4.129813e-02
3.703805e-02
3.564506e-02
3.285537e-02
3.123706e-02
2.970800e-02
2.843546e-02
2.763280e-02
2.485760e-02
2.459058e-02
2.316547e-02
2.179706e-02
1.946937e-02
1.820524e-02
1.613723e-02
1.587093e-02
1.515257e-02
1.472326e-02
1.285147e-02
1.188285e-02
1.017281e-02
9.624712e-03
9.166134e-03
8.677364e-03
8.484173e-03
8.285787e-03
8.137521e-03
7.414838e-03
6.804465e-03
6.377153e-03
6.155325e-03
5.549983e-03
5.404334e-03
5.160959e-03
4.870693e-03
4.773157e-03
4.577366e-03
4.435204e-03
4.266197e-03
3.975376e-03
3.705957e-03
3.494973e-03
3.394112e-03
3.011737e-03
2.810676e-03
2.634184e-03
2.544776e-03
2.413090e-03
2.283028e-03
2.205905e-03
2.198075e-03
2.100542e-03
2.035650e-03
1.976530e-03
1.915424e-03
1.803729e-03
1.754016e-03
1.663028e-03
1.625563e-03
1.531581e-03
1.518807e-03
1.472032e-03
1.449702e-03
1.423891e-03
1.387399e-03
1.357770e-03
1.305660e-03
1.260753e-03
1.243684e-03
1.232298e-03
1.183921e-03
1.150724e-03
1.144963e-03
1.123196e-03
1.112307e-03
1.076501e-03
1.067863e-03
1.062922e-03
1.053030e-03
1.024788e-03
1.019518e-03
1.008480e-03
9.996113e-04
9.838928e-04
9.706179e-04
9.459646e-04
9.395287e-04
9.196966e-04
9.139457e-04
8.963487e-04
8.844942e-04
8.676281e-04
8.527487e-04
8.448997e-04
8.347742e-04
8.233159e-04
8.087508e-04
7.996333e-04
7.917484e-04
7.786599e-04
7.686602e-04
7.546471e-04
7.432764e-04
7.338519e-04
7.281891e-04
7.175199e-04
7.056644e-04
6.966928e-04
6.915570e-04
6.805349e-04
6.673829e-04
6.603863e-04
6.553300e-04
6.469901e-04
6.259485e-04
6.215076e-04
6.095966e-04
6.073843e-04
5.952565e-04
5.811740e-04
5.716057e-04
5.702163e-04
5.604712e-04
5.408681e-04
5.368640e-04
5.348416e-04
5.188645e-04
5.129353e-04
5.043112e-04
4.889143e-04
4.707690e-04
4.620573e-04
4.583060e-04
4.451468e-04
4.362902e-04
4.287786e-04
4.161272e-04
4.143297e-04
3.976882e-04
3.871377e-04
3.830238e-04
3.737230e-04
3.643938e-04
3.617470e-04
3.463440e-04
3.332922e-04
3.301413e-04
3.183025e-04
3.124224e-04
2.994229e-04
2.871341e-04
2.761128e-04
2.711379e-04
2.662790e-04
2.527528e-04
2.469037e-04
2.375277e-04
2.326062e-04
2.263578e-04
2.187944e-04
2.012725e-04
1.950068e-04
1.879859e-04
1.790096e-04
1.642837e-04
1.464405e-04
1.453531e-04
1.284913e-04
1.224764e-04
1.156017e-04
1.135625e-04
8.773884e-05
8.575807e-05
7.706672e-05
6.758898e-05
5.228028e-05
4.577404e-05
3.991449e-05
3.056273e-05
1.354535e-05
6.852800e-06
-2.851998e-14
-9.123809e-07
-6.656622e-06
-9.093509e-06
-1.886464e-05
-2.429082e-05
-4.147940e-05
-5.439332e-05
-5.701869e-05
-6.577186e-05
-6.916987e-05
-9.280971e-05
-9.924609e-05
-1.009664e-04
-1.192631e-04
-1.254196e-04
-1.374007e-04
-1.456553e-04
-1.534617e-04
-1.670087e-04
-1.755865e-04
-1.844607e-04
-1.901879e-04
-1.998683e-04
-2.145969e-04
-2.228446e-04
-2.253410e-04
-2.427955e-04
-2.545394e-04
-2.663310e-04
-2.694934e-04
-2.772995e-04
-3.012501e-04
-3.143251e-04
-3.199436e-04
-3.297948e-04
-3.417136e-04
-3.506546e-04
-3.605388e-04
-3.949201e-04
-3.966922e-04
-4.054029e-04
-4.099008e-04
-4.334314e-04
-4.477460e-04
-4.532955e-04
-4.638972e-04
-4.759437e-04
-4.835228e-04
-5.070796e-04
-5.199828e-04
-5.392085e-04
-5.513577e-04
-5.591215e-04
-5.777557e-04
-5.986759e-04
-6.520313e-04
-6.717469e-04
