1.334917e+08
2.242827e+07
1.992804e+06
1.043751e+06
7.613540e+05
3.370292e+05
2.543538e+05
1.199258e+05
1.339447e+04
9.004420e+03
2.889440e+03
8.391188e+02
5.511653e+02
1.873330e+02
1.125036e+02
6.472344e+01
4.771844e+01
4.502546e+01
3.750379e+01
3.051608e+01
2.927403e+01
2.628441e+01
2.383823e+01
2.247072e+01
1.720317e+01
1.629137e+01
1.540300e+01
1.409018e+01
1.369713e+01
1.183197e+01
1.151645e+01
1.107823e+01
1.071251e+01
1.006060e+01
9.439158e+00
9.176402e+00
8.595956e+00
7.801129e+00
7.371082e+00
7.309837e+00
6.467636e+00
6.226793e+00
6.103304e+00
5.828758e+00
5.560612e+00
5.359485e+00
4.790535e+00
4.450994e+00
4.411026e+00
3.955672e+00
3.675214e+00
3.507192e+00
3.285911e+00
3.019117e+00
2.770076e+00
2.551669e+00
2.507744e+00
2.299454e+00
2.107189e+00
1.983021e+00
1.897016e+00
1.312676e+00
1.230935e+00
1.174791e+00
9.991801e-01
8.814208e-01
7.977869e-01
7.206328e-01
6.531613e-01
5.324883e-01
4.583612e-01
4.068700e-01
2.214915e-01
1.973139e-01
9.585133e-02
8.854897e-02
6.185693e-02
2.806737e-02
2.519624e-10
-2.573323e-10
-3.206566e-02
-5.107386e-02
-1.063957e-01
-1.644744e-01
-2.090471e-01
-3.563532e-01
-3.625799e-01
-4.974831e-01
-6.150663e-01
-7.694402e-01
-8.344633e-01
-1.047626e+00
-1.280676e+00
-1.481532e+00
-1.547813e+00
-1.684304e+00
-1.867815e+00
-1.920972e+00
-2.333520e+00
-2.577387e+00
-2.799031e+00
-3.197007e+00
-3.231175e+00
-3.411421e+00
-3.759219e+00
-3.962821e+00
-4.682912e+00
-4.720856e+00
-5.583526e+00
-6.045482e+00
-6.258051e+00
-7.004404e+00
-7.256497e+00
-8.482705e+00
-1.052878e+01
-1.156206e+01
-1.173031e+01
-1.368056e+01
-1.624989e+01
-1.719986e+01
-1.852726e+01
-2.257621e+01
-2.713819e+01
-3.407678e+01
-4.034492e+01
-4.102369e+01
-5.132769e+01
-6.686732e+01
