6.410781e+05
2.663002e+05
1.966159e+05
1.703631e+05
1.392771e+05
1.075311e+05
1.007811e+05
9.783472e+04
8.114930e+04
7.913612e+04
6.313847e+04
5.798112e+04
4.857493e+04
3.929486e+04
3.686131e+04
3.039858e+04
2.916224e+04
2.425269e+04
1.857067e+04
1.539121e+04
9.701664e+03
9.089741e+03
8.621902e+03
7.331573e+03
6.183764e+03
5.851988e+03
5.145426e+03
4.619328e+03
4.381989e+03
3.010304e+03
2.853889e+03
2.530452e+03
2.171928e+03
1.618341e+03
1.382380e+03
1.262128e+03
1.066797e+03
1.004374e+03
8.348115e+02
7.384474e+02
6.118607e+02
4.756488e+02
3.456935e+02
3.184439e+02
2.342016e+02
2.148001e+02
1.917062e+02
1.521338e+02
1.173364e+02
9.580367e+01
9.048721e+01
8.101370e+01
7.528930e+01
5.276165e+01
4.270051e+01
3.228099e+01
2.495310e+01
2.358185e+01
2.120168e+01
1.851891e+01
1.532532e+01
1.205437e+01
9.063741e+00
7.173137e+00
5.758390e+00
4.855144e+00
4.464346e+00
4.099730e+00
2.586463e+00
2.221933e+00
1.744474e+00
1.525012e+00
1.223329e+00
7.645461e-01
6.213127e-01
4.859906e-01
4.042039e-01
3.786176e-01
3.384393e-01
3.030232e-01
1.163035e-01
1.057459e-01
9.835788e-02
8.865698e-02
7.982520e-02
6.411679e-02
5.248466e-02
4.949085e-02
4.879459e-02
4.792484e-02
4.554621e-02
4.051374e-02
3.732238e-02
3.566879e-02
3.502063e-02
3.372620e-02
3.157255e-02
3.102779e-02
3.042445e-02
2.787613e-02
2.694576e-02
2.626853e-02
2.593445e-02
2.526924e-02
2.480622e-02
2.342710e-02
2.334449e-02
2.143109e-02
2.103087e-02
2.047155e-02
2.030828e-02
1.923972e-02
1.831029e-02
1.820476e-02
1.805807e-02
1.760219e-02
1.717782e-02
1.694891e-02
1.566255e-02
1.519071e-02
1.460633e-02
1.369925e-02
1.305720e-02
1.166436e-02
1.106479e-02
1.105420e-02
4.670978e-12
-2.227968e-12
