1.283669e+05
6.450923e+03
2.984239e+03
2.654682e+03
2.004783e+03
1.614048e+03
1.410877e+03
1.077727e+03
9.494565e+02
7.160137e+02
6.255229e+02
5.112126e+02
2.944772e+02
2.748936e+02
2.309137e+02
2.042000e+02
1.782309e+02
1.398532e+02
1.343994e+02
1.239473e+02
9.798200e+01
9.324515e+01
8.568172e+01
7.512874e+01
7.102110e+01
6.839124e+01
6.282426e+01
5.926570e+01
5.166296e+01
4.949664e+01
4.597802e+01
4.238933e+01
3.817661e+01
3.697737e+01
3.263810e+01
3.034051e+01
2.996708e+01
2.827142e+01
2.541970e+01
2.396051e+01
2.273388e+01
2.174313e+01
1.821638e+01
1.716005e+01
1.575740e+01
1.491223e+01
1.457218e+01
1.332564e+01
1.239749e+01
1.059078e+01
9.910574e+00
9.476092e+00
9.129313e+00
8.730786e+00
8.307016e+00
7.978380e+00
7.139745e+00
6.721699e+00
6.397225e+00
5.592316e+00
5.356143e+00
4.955981e+00
4.847862e+00
4.163842e+00
3.721969e+00
3.261495e+00
3.066823e+00
3.055855e+00
2.733417e+00
2.546042e+00
2.422554e+00
2.290471e+00
2.164311e+00
1.996777e+00
1.900473e+00
1.730974e+00
1.531898e+00
1.421017e+00
1.404225e+00
1.296619e+00
1.196596e+00
1.093876e+00
1.062351e+00
9.872147e-01
9.165079e-01
8.329212e-01
7.786940e-01
7.354093e-01
6.887245e-01
6.341827e-01
5.943900e-01
5.528061e-01
5.092118e-01
4.848743e-01
4.645588e-01
4.358306e-01
3.863778e-01
3.593075e-01
3.527890e-01
3.338494e-01
3.032488e-01
2.808855e-01
2.703344e-01
2.606756e-01
2.462689e-01
2.083460e-01
2.034216e-01
1.901973e-01
1.761427e-01
1.578357e-01
1.524573e-01
1.517197e-01
1.321964e-01
1.208812e-01
1.055181e-01
9.500943e-02
9.062495e-02
8.540479e-02
8.390801e-02
8.169911e-02
7.567130e-02
7.038094e-02
6.639433e-02
6.167877e-02
5.947841e-02
5.659776e-02
5.333029e-02
4.729945e-02
4.270835e-02
4.175892e-02
3.920278e-02
3.677262e-02
3.503462e-02
3.089048e-02
2.917030e-02
2.674192e-02
1.957007e-02
1.894100e-02
1.720276e-02
1.661930e-02
1.618758e-02
1.396213e-02
1.339082e-02
1.248623e-02
1.182560e-02
1.117354e-02
1.030422e-02
9.509098e-03
8.743509e-03
8.237106e-03
7.924264e-03
7.694779e-03
6.403571e-03
5.295862e-03
4.809907e-03
4.063512e-03
3.805769e-03
3.664074e-03
3.588133e-03
3.331282e-03
3.115483e-03
2.994765e-03
2.788049e-03
2.645994e-03
2.494156e-03
2.384168e-03
2.363336e-03
1.984544e-03
1.927445e-03
1.901858e-03
1.801836e-03
1.767108e-03
1.726639e-03
1.641058e-03
1.575657e-03
1.529778e-03
1.488806e-03
1.461335e-03
1.431908e-03
1.412474e-03
1.381262e-03
1.364350e-03
1.348407e-03
1.316798e-03
1.299580e-03
1.281928e-03
1.250538e-03
1.231302e-03
1.215628e-03
1.202393e-03
1.190360e-03
1.176849e-03
1.153516e-03
1.139682e-03
1.130637e-03
1.112981e-03
1.077746e-03
1.071764e-03
1.063915e-03
1.061347e-03
1.046192e-03
1.031206e-03
1.021810e-03
9.993515e-04
9.896355e-04
9.782203e-04
9.722213e-04
9.597875e-04
9.490600e-04
9.276373e-04
9.132322e-04
9.014775e-04
8.895241e-04
8.807350e-04
8.728151e-04
8.592089e-04
8.481783e-04
8.294054e-04
8.183593e-04
8.163048e-04
8.123166e-04
7.947673e-04
7.878816e-04
7.744901e-04
7.629396e-04
7.564208e-04
7.437928e-04
7.318869e-04
7.209846e-04
7.148964e-04
6.977828e-04
6.856532e-04
6.762092e-04
6.666204e-04
6.513509e-04
6.402490e-04
6.361060e-04
6.191214e-04
6.127736e-04
5.980433e-04
5.930053e-04
5.777084e-04
5.698597e-04
5.599678e-04
5.479172e-04
5.383950e-04
5.243276e-04
5.224496e-04
5.135000e-04
5.046232e-04
4.997154e-04
4.844601e-04
4.756512e-04
4.629067e-04
4.531784e-04
4.452770e-04
4.327335e-04
4.253445e-04
4.115885e-04
4.083035e-04
4.031828e-04
3.855720e-04
3.746717e-04
3.682185e-04
3.619535e-04
3.539886e-04
3.456394e-04
3.372211e-04
3.211758e-04
3.145998e-04
3.031906e-04
2.901068e-04
2.841356e-04
2.780833e-04
2.712119e-04
2.658624e-04
2.496439e-04
2.424619e-04
2.408413e-04
2.237173e-04
2.063425e-04
1.987576e-04
1.946157e-04
1.835055e-04
1.725020e-04
1.590454e-04
1.550980e-04
1.486500e-04
1.284413e-04
1.249511e-04
1.186059e-04
1.148337e-04
1.091063e-04
1.058260e-04
8.815520e-05
8.024360e-05
7.626189e-05
6.254855e-05
5.086199e-05
3.865315e-05
3.414081e-05
2.247683e-05
6.674810e-06
-2.844396e-06
-1.646940e-05
-2.294277e-05
-2.510783e-05
-3.258543e-05
-4.518160e-05
-5.263144e-05
-6.626132e-05
-7.429603e-05
-8.417106e-05
-9.183525e-05
-9.496915e-05
-1.053067e-04
-1.217286e-04
-1.230885e-04
-1.450245e-04
-1.490141e-04
-1.533954e-04
-1.740263e-04
-1.757048e-04
-1.835753e-04
-1.888537e-04
-1.941918e-04
-2.152209e-04
-2.155075e-04
-2.324473e-04
-2.372590e-04
-2.499194e-04
-2.555625e-04
-2.698903e-04
-2.728010e-04
-2.879550e-04
-2.932908e-04
-2.997740e-04
-3.123273e-04
-3.253258e-04
-3.322778e-04
-3.606399e-04
-3.685042e-04
-3.743503e-04
-3.828289e-04
-3.952432e-04
-4.037679e-04
-4.108683e-04
-4.146791e-04
-4.231779e-04
-4.365703e-04
-4.420420e-04
-4.637332e-04
-4.689592e-04
-4.808130e-04
-5.002065e-04
-5.127610e-04
-5.267181e-04
-5.307655e-04
-5.359704e-04
-5.487930e-04
-5.608051e-04
-5.729011e-04
-5.948681e-04
-5.967498e-04
-6.054910e-04
-6.156049e-04
-6.442908e-04
-6.506346e-04
-6.701329e-04
-6.864716e-04
-6.954872e-04
-7.211088e-04
-7.233445e-04
-7.611675e-04
-7.651868e-04
-8.055343e-04
-8.216009e-04
-8.302074e-04
-8.522333e-04
-8.697503e-04
-8.748737e-04
-9.126755e-04
-9.490554e-04
-9.935825e-04
