8.894039e+09
8.826436e+08
2.146911e+08
1.318699e+08
9.370964e+07
8.215263e+07
7.422385e+07
4.963456e+07
3.906890e+07
3.135892e+07
2.513547e+07
1.833855e+07
1.766393e+07
1.627015e+07
1.331044e+07
1.208478e+07
1.019040e+07
9.512398e+06
8.778779e+06
7.515330e+06
7.072530e+06
6.797008e+06
5.385716e+06
4.178810e+06
3.584529e+06
3.153538e+06
2.945352e+06
2.849140e+06
2.461382e+06
2.175992e+06
1.926788e+06
1.668514e+06
1.597866e+06
1.489210e+06
1.446093e+06
1.285881e+06
1.057590e+06
1.005620e+06
8.840518e+05
7.483469e+05
6.896764e+05
5.800150e+05
5.658856e+05
5.369215e+05
4.658770e+05
4.269761e+05
4.003070e+05
3.828880e+05
3.301430e+05
2.965115e+05
2.723824e+05
2.460494e+05
2.333581e+05
1.637972e+05
1.522739e+05
1.398351e+05
1.161597e+05
9.906321e+04
9.348155e+04
8.608733e+04
7.981423e+04
6.182108e+04
5.565168e+04
5.082221e+04
4.205500e+04
3.628598e+04
3.188188e+04
2.658324e+04
1.950648e+04
1.687373e+04
1.387924e+04
1.168730e+04
9.994712e+03
6.147429e+03
5.689534e+03
3.187635e+03
2.346073e+03
1.571864e+03
1.085838e+03
7.605207e+02
5.366591e+02
4.563349e+02
4.150793e+02
1.586298e+02
1.052789e+02
6.441541e+01
5.847235e+01
3.692990e+01
2.515309e+01
2.043174e+01
1.395860e+01
9.782716e+00
4.403000e+00
3.477289e+00
2.275029e+00
1.499660e+00
1.264989e+00
8.820617e-01
6.802885e-01
4.470322e-01
4.359777e-01
3.677397e-01
3.331905e-01
2.986069e-01
2.816757e-01
2.503798e-01
2.350108e-01
2.286693e-01
1.812718e-01
1.413509e-01
1.360826e-01
1.141585e-01
9.110383e-02
8.226458e-02
7.296474e-02
4.902136e-02
2.880962e-02
2.028399e-02
-1.014318e-02
-2.455033e-02
-4.196197e-02
-8.547716e-02
-9.718195e-02
-1.434693e-01
-1.857649e-01
-2.130125e-01
-2.581235e-01
-3.039735e-01
