5.581368e+05
2.508168e+05
2.075825e+05
1.408317e+05
1.198039e+05
1.028761e+05
9.078916e+04
8.313123e+04
7.799220e+04
7.031073e+04
6.112732e+04
5.592288e+04
5.340969e+04
4.563360e+04
4.113528e+04
3.090856e+04
2.953907e+04
2.473594e+04
1.805151e+04
1.374523e+04
1.207856e+04
9.409171e+03
9.026327e+03
7.971897e+03
7.069405e+03
5.215960e+03
5.064850e+03
4.656363e+03
4.186758e+03
3.458855e+03
3.097639e+03
2.652898e+03
2.246771e+03
2.001509e+03
1.500361e+03
1.367820e+03
1.106722e+03
1.085056e+03
9.114546e+02
6.560206e+02
6.258447e+02
5.635442e+02
4.348168e+02
4.036074e+02
3.523466e+02
3.048362e+02
2.700179e+02
2.260976e+02
1.825296e+02
1.686339e+02
1.420660e+02
1.068356e+02
7.549386e+01
5.894965e+01
5.360201e+01
4.453158e+01
4.293413e+01
3.464673e+01
3.001224e+01
2.866593e+01
2.296616e+01
2.073520e+01
1.955443e+01
1.584112e+01
1.399278e+01
9.416329e+00
8.191359e+00
7.318864e+00
5.584630e+00
4.938340e+00
3.779433e+00
3.102529e+00
2.968927e+00
2.809917e+00
2.329412e+00
1.288606e+00
1.122449e+00
9.344683e-01
7.772797e-01
5.664411e-01
4.821538e-01
4.530870e-01
4.248937e-01
3.697950e-01
3.517904e-01
1.553280e-01
1.140146e-01
1.008740e-01
9.326198e-02
8.287925e-02
6.775183e-02
5.751631e-02
4.343220e-02
3.907334e-02
3.775755e-02
3.538269e-02
3.455488e-02
3.097633e-02
3.006539e-02
2.958607e-02
2.810322e-02
2.677093e-02
2.581306e-02
2.299082e-02
2.267747e-02
2.127306e-02
2.054403e-02
1.942885e-02
1.896529e-02
1.832150e-02
1.761593e-02
1.756967e-02
1.703160e-02
1.672274e-02
1.606411e-02
1.541978e-02
1.505171e-02
1.487136e-02
1.437548e-02
1.411803e-02
1.336341e-02
1.249660e-02
1.105848e-02
1.058187e-02
9.681739e-03
8.997392e-03
2.889074e-12
-4.114015e-14
