8.885137e+04
3.963987e+03
2.509848e+03
1.876786e+03
1.049402e+03
7.692554e+02
5.056989e+02
4.056735e+02
3.404450e+02
2.824765e+02
2.499725e+02
2.046128e+02
1.947834e+02
1.689735e+02
1.610201e+02
1.535441e+02
1.316828e+02
1.257681e+02
1.203112e+02
1.103854e+02
1.050224e+02
9.698498e+01
8.937753e+01
8.618019e+01
7.911472e+01
7.665211e+01
7.423072e+01
6.745754e+01
6.267415e+01
5.975985e+01
5.669533e+01
5.450581e+01
4.633449e+01
4.529738e+01
4.107118e+01
3.959198e+01
3.868063e+01
3.404670e+01
3.340482e+01
3.148013e+01
3.053234e+01
2.795784e+01
2.774035e+01
2.304171e+01
2.202611e+01
2.192871e+01
2.055063e+01
1.944017e+01
1.757768e+01
1.662914e+01
1.572475e+01
1.508596e+01
1.375189e+01
1.270618e+01
1.169472e+01
1.119096e+01
1.066085e+01
9.559335e+00
8.899157e+00
8.248132e+00
7.922079e+00
7.676794e+00
6.990941e+00
6.326059e+00
6.051949e+00
5.605515e+00
5.559216e+00
5.110432e+00
5.017987e+00
4.611097e+00
4.245391e+00
3.560920e+00
3.362286e+00
2.923835e+00
2.838533e+00
2.662605e+00
2.380224e+00
2.190087e+00
2.025520e+00
1.769453e+00
1.742371e+00
1.670153e+00
1.578221e+00
1.539681e+00
1.467889e+00
1.370340e+00
1.311938e+00
1.212903e+00
1.203095e+00
1.148483e+00
1.045112e+00
1.013286e+00
9.072948e-01
9.025537e-01
8.670371e-01
7.944395e-01
7.344660e-01
7.069078e-01
6.293218e-01
6.037551e-01
5.801767e-01
5.205653e-01
5.004969e-01
4.871462e-01
4.551949e-01
4.536813e-01
4.149071e-01
3.720012e-01
3.408150e-01
3.215717e-01
3.043747e-01
2.880675e-01
2.734078e-01
2.687100e-01
2.378264e-01
2.298966e-01
2.153918e-01
1.965632e-01
1.887330e-01
1.834736e-01
1.750231e-01
1.730073e-01
1.588752e-01
1.497101e-01
1.355680e-01
1.326036e-01
1.228666e-01
1.188457e-01
1.171866e-01
9.968729e-02
9.399214e-02
8.625386e-02
8.333626e-02
8.057800e-02
7.788507e-02
7.151089e-02
7.017738e-02
6.563929e-02
6.151391e-02
6.008998e-02
5.780562e-02
5.458409e-02
5.324993e-02
5.032913e-02
4.559530e-02
4.332265e-02
4.202656e-02
3.912413e-02
3.590517e-02
3.391141e-02
3.160241e-02
2.963011e-02
2.767297e-02
2.701601e-02
2.397796e-02
2.232344e-02
2.213248e-02
2.016618e-02
1.885064e-02
1.762080e-02
1.735563e-02
1.622891e-02
1.578072e-02
1.374313e-02
1.270223e-02
1.210348e-02
1.110527e-02
9.983723e-03
9.888245e-03
9.675413e-03
8.935616e-03
7.967645e-03
7.750690e-03
7.497453e-03
7.144533e-03
6.965436e-03
6.796684e-03
6.368282e-03
6.219057e-03
6.101310e-03
5.517352e-03
5.321535e-03
4.992391e-03
4.880494e-03
4.756343e-03
4.592613e-03
4.400747e-03
3.956783e-03
3.729141e-03
3.645354e-03
3.516233e-03
3.011760e-03
2.704015e-03
2.489965e-03
2.418776e-03
2.241129e-03
2.100770e-03
2.000090e-03
1.984055e-03
1.850068e-03
1.764880e-03
1.740787e-03
1.672902e-03
1.642764e-03
1.590448e-03
1.570068e-03
1.528436e-03
1.473860e-03
1.427269e-03
1.406142e-03
1.393089e-03
1.348212e-03
1.308321e-03
1.268948e-03
1.237386e-03
1.216591e-03
1.209194e-03
1.189497e-03
1.173659e-03
1.168285e-03
1.138153e-03
1.104990e-03
1.088551e-03
1.074231e-03
1.065046e-03
1.037988e-03
1.031679e-03
1.023558e-03
1.016403e-03
9.990942e-04
9.948815e-04
9.763608e-04
9.734564e-04
9.591742e-04
9.330253e-04
9.153280e-04
9.143302e-04
8.994429e-04
8.953473e-04
8.671011e-04
8.559204e-04
8.365546e-04
8.336096e-04
8.191277e-04
8.064227e-04
7.974120e-04
7.862124e-04
7.793991e-04
7.587536e-04
7.489978e-04
7.397247e-04
7.298131e-04
7.261109e-04
7.169843e-04
7.063702e-04
7.043947e-04
6.906005e-04
6.772681e-04
6.522176e-04
6.463779e-04
6.339428e-04
6.297671e-04
6.186601e-04
6.017678e-04
5.966805e-04
5.867494e-04
5.821504e-04
5.740764e-04
5.697234e-04
5.511087e-04
5.448412e-04
5.320865e-04
5.265404e-04
5.205682e-04
5.131235e-04
4.991564e-04
4.903219e-04
4.826146e-04
4.796908e-04
4.695491e-04
4.650556e-04
4.501955e-04
4.288358e-04
4.262775e-04
4.164745e-04
4.088263e-04
3.984664e-04
3.863084e-04
3.754551e-04
3.745825e-04
3.720695e-04
3.630068e-04
3.453376e-04
3.374712e-04
3.263545e-04
3.154549e-04
2.931023e-04
2.802423e-04
2.769487e-04
2.682543e-04
2.616771e-04
2.493351e-04
2.331952e-04
2.203286e-04
2.108895e-04
2.007556e-04
1.986169e-04
1.881637e-04
1.849219e-04
1.736326e-04
1.619218e-04
1.589249e-04
1.439471e-04
1.385601e-04
1.306535e-04
1.227419e-04
1.032002e-04
1.017632e-04
9.476185e-05
8.700031e-05
7.285567e-05
6.406060e-05
4.824458e-05
3.914514e-05
3.705616e-05
2.762966e-05
1.686720e-05
1.412342e-05
1.193406e-13
-1.000624e-14
-5.225994e-14
-4.753956e-06
-2.480583e-05
-2.684331e-05
-3.237958e-05
-4.396705e-05
-5.664516e-05
-5.922219e-05
-6.401489e-05
-7.156552e-05
-9.119666e-05
-9.739451e-05
-1.023048e-04
-1.074475e-04
-1.244265e-04
-1.367936e-04
-1.499193e-04
-1.578243e-04
-1.692582e-04
-1.737870e-04
-1.842485e-04
-1.880269e-04
-2.218608e-04
-2.389211e-04
-2.441905e-04
-2.571696e-04
-2.670466e-04
-2.772583e-04
-2.858345e-04
-3.003770e-04
-3.140219e-04
-3.167736e-04
-3.274415e-04
-3.360147e-04
-3.438194e-04
-3.707911e-04
-3.805888e-04
-3.882516e-04
-4.093907e-04
-4.189621e-04
-4.309461e-04
-4.402691e-04
-4.548821e-04
-4.579411e-04
-4.928538e-04
-5.054326e-04
-5.156152e-04
-5.332896e-04
-5.612352e-04
-5.673520e-04
-5.811811e-04
-6.161306e-04
-6.408140e-04
-6.476293e-04
