1.155942e+10
1.096043e+09
3.295216e+08
1.195422e+08
9.414141e+07
8.140085e+07
7.740995e+07
5.669021e+07
4.013214e+07
2.652318e+07
2.573369e+07
2.446169e+07
2.077615e+07
1.791763e+07
1.690309e+07
1.296596e+07
1.130338e+07
9.468698e+06
8.825516e+06
7.687776e+06
6.541706e+06
6.294063e+06
5.314908e+06
4.862276e+06
4.804365e+06
4.325594e+06
3.476324e+06
3.127151e+06
2.815982e+06
2.725771e+06
2.291393e+06
1.744299e+06
1.660355e+06
1.444460e+06
1.339388e+06
1.321058e+06
1.234976e+06
9.949129e+05
8.974439e+05
7.952754e+05
7.367973e+05
6.977489e+05
6.267913e+05
6.019968e+05
5.679320e+05
4.919982e+05
4.572792e+05
4.502907e+05
3.437608e+05
3.020140e+05
2.805755e+05
2.501289e+05
2.159920e+05
2.057245e+05
1.838073e+05
1.635866e+05
1.520514e+05
1.260784e+05
1.034356e+05
8.827322e+04
7.410731e+04
6.363459e+04
5.389361e+04
4.966996e+04
3.872647e+04
2.590349e+04
1.707750e+04
1.682295e+04
1.327342e+04
9.509926e+03
8.258309e+03
6.954974e+03
5.222517e+03
4.775525e+03
4.175752e+03
3.566016e+03
2.968393e+03
1.762527e+03
1.617591e+03
1.316298e+03
1.212320e+03
7.017343e+02
5.374904e+02
2.936369e+02
2.100034e+02
1.670509e+02
1.525862e+02
1.025445e+02
8.083367e+01
5.840803e+01
5.478936e+01
4.325462e+01
3.455518e+01
1.567192e+01
1.353197e+01
7.575328e+00
7.419380e+00
3.397030e+00
2.848927e+00
2.455428e+00
1.943943e+00
9.119831e-01
7.051179e-01
4.668198e-01
3.099761e-01
2.711631e-01
2.362848e-01
1.992996e-01
1.608989e-01
1.384322e-01
1.332316e-01
1.189141e-01
1.064403e-01
9.423921e-02
7.709545e-02
6.305493e-02
5.607201e-02
3.053196e-02
2.175093e-02
1.274525e-02
7.128916e-03
-1.004135e-02
-2.171533e-02
-4.192373e-02
-6.211155e-02
-6.869791e-02
-8.835293e-02
-1.007763e-01
