1.287994e+05
5.861679e+03
3.322069e+03
2.923806e+03
2.012008e+03
1.686811e+03
1.320385e+03
1.070403e+03
8.741699e+02
7.608376e+02
6.965570e+02
4.980492e+02
3.105804e+02
2.717571e+02
2.259736e+02
2.118104e+02
1.823747e+02
1.548919e+02
1.309991e+02
1.156551e+02
1.095308e+02
1.078784e+02
9.544083e+01
7.777748e+01
7.528828e+01
6.838279e+01
6.507949e+01
6.053614e+01
5.509140e+01
5.128139e+01
4.824907e+01
4.296177e+01
3.708697e+01
3.608161e+01
3.436283e+01
3.346434e+01
3.069164e+01
2.890105e+01
2.630240e+01
2.318736e+01
2.216963e+01
2.165560e+01
2.023155e+01
1.784311e+01
1.691494e+01
1.511295e+01
1.371229e+01
1.312160e+01
1.230879e+01
1.167162e+01
1.105026e+01
9.742710e+00
9.484099e+00
8.525867e+00
8.214345e+00
7.208375e+00
6.945065e+00
6.510883e+00
5.942893e+00
5.865851e+00
5.036200e+00
4.797774e+00
4.230331e+00
3.991520e+00
3.809071e+00
3.517593e+00
3.129330e+00
3.050778e+00
2.849707e+00
2.631949e+00
2.455935e+00
2.301018e+00
2.087250e+00
1.974355e+00
1.946108e+00
1.738180e+00
1.646600e+00
1.474732e+00
1.413481e+00
1.272326e+00
1.203220e+00
1.153849e+00
1.106196e+00
1.026545e+00
9.089334e-01
8.971535e-01
8.360274e-01
7.818871e-01
7.386293e-01
6.900396e-01
6.703546e-01
6.253058e-01
5.940622e-01
5.770259e-01
5.271129e-01
4.870574e-01
4.507214e-01
4.480946e-01
3.903667e-01
3.849396e-01
3.552984e-01
3.232188e-01
2.881602e-01
2.750506e-01
2.548126e-01
2.322166e-01
2.228538e-01
2.114543e-01
1.941303e-01
1.867776e-01
1.782248e-01
1.587425e-01
1.481298e-01
1.384054e-01
1.289975e-01
1.256571e-01
1.118364e-01
1.026592e-01
1.004484e-01
9.117626e-02
8.539416e-02
8.381986e-02
8.064684e-02
7.351400e-02
7.018035e-02
6.318393e-02
5.900383e-02
5.352764e-02
4.700013e-02
4.506790e-02
4.343366e-02
4.012128e-02
3.916993e-02
3.443787e-02
3.118762e-02
2.977539e-02
2.760705e-02
2.541931e-02
2.308132e-02
2.149151e-02
2.069909e-02
1.829621e-02
1.720067e-02
1.547635e-02
1.254258e-02
1.218782e-02
1.156012e-02
1.043792e-02
9.980996e-03
8.890103e-03
8.390590e-03
8.011408e-03
7.944399e-03
6.642382e-03
6.512288e-03
5.509147e-03
4.972282e-03
4.848815e-03
4.283404e-03
4.219527e-03
3.883878e-03
3.689998e-03
3.174938e-03
2.993513e-03
2.826350e-03
2.590974e-03
2.508176e-03
2.363602e-03
2.221267e-03
2.115818e-03
1.915463e-03
1.837897e-03
1.812365e-03
1.780966e-03
1.691821e-03
1.580788e-03
1.537111e-03
1.504951e-03
1.438612e-03
1.425698e-03
1.403284e-03
1.393863e-03
1.355759e-03
1.329753e-03
1.328237e-03
1.309690e-03
1.297077e-03
1.276190e-03
1.254294e-03
1.235464e-03
1.214509e-03
1.210694e-03
1.188493e-03
1.173800e-03
1.151243e-03
1.138738e-03
1.126207e-03
1.093069e-03
1.075975e-03
1.060994e-03
1.057022e-03
1.030925e-03
1.021843e-03
1.008876e-03
9.989098e-04
9.865498e-04
9.812521e-04
9.667616e-04
9.524952e-04
9.317898e-04
9.236816e-04
9.149120e-04
9.015498e-04
8.901276e-04
8.688907e-04
8.562391e-04
8.433922e-04
8.423272e-04
8.336965e-04
8.047147e-04
7.945701e-04
7.828351e-04
7.699265e-04
7.657849e-04
7.578142e-04
7.382591e-04
7.331730e-04
7.294281e-04
7.071385e-04
6.996983e-04
6.942338e-04
6.902255e-04
6.697656e-04
6.649941e-04
6.555215e-04
6.385775e-04
6.285087e-04
6.210746e-04
6.164726e-04
6.123176e-04
6.102889e-04
5.927974e-04
5.814415e-04
5.719384e-04
5.628653e-04
5.480452e-04
5.449791e-04
5.391788e-04
5.154540e-04
5.138715e-04
5.131423e-04
4.986005e-04
4.859172e-04
4.843054e-04
4.779255e-04
4.725812e-04
4.600477e-04
4.491594e-04
4.252003e-04
4.213315e-04
4.176246e-04
4.134473e-04
3.994106e-04
3.902949e-04
3.798890e-04
3.667671e-04
3.595714e-04
3.477188e-04
3.404325e-04
3.349285e-04
3.266837e-04
3.199258e-04
3.058762e-04
2.936807e-04
2.780675e-04
2.622057e-04
2.563244e-04
2.462670e-04
2.417309e-04
2.367587e-04
2.328547e-04
2.165477e-04
2.086088e-04
2.065635e-04
1.945052e-04
1.901888e-04
1.747712e-04
1.665631e-04
1.558540e-04
1.487637e-04
1.296336e-04
1.252775e-04
1.164593e-04
1.085433e-04
1.017710e-04
9.311061e-05
8.552929e-05
6.538513e-05
5.893822e-05
4.722562e-05
4.189995e-05
3.885607e-05
3.563088e-05
2.295177e-05
2.027021e-05
7.789686e-06
-6.085845e-06
-1.138537e-05
-2.382342e-05
-3.276760e-05
-3.836316e-05
-5.932345e-05
-6.323661e-05
-7.221847e-05
-7.533908e-05
-9.297573e-05
-1.006570e-04
-1.176040e-04
-1.242590e-04
-1.308975e-04
-1.369323e-04
-1.523756e-04
-1.620243e-04
-1.713371e-04
-1.802674e-04
-1.811923e-04
-1.872170e-04
-1.993234e-04
-2.100790e-04
-2.153402e-04
-2.299037e-04
-2.398079e-04
-2.609864e-04
-2.721043e-04
-2.856481e-04
-2.872947e-04
-3.002512e-04
-3.115969e-04
-3.131586e-04
-3.239384e-04
-3.319299e-04
-3.430576e-04
-3.542919e-04
-3.623263e-04
-3.735636e-04
-3.905844e-04
-4.038609e-04
-4.107998e-04
-4.167746e-04
-4.239519e-04
-4.376849e-04
-4.427925e-04
-4.641058e-04
-4.801821e-04
-4.898972e-04
-4.949951e-04
-4.999380e-04
-5.093498e-04
-5.222116e-04
-5.471600e-04
-5.544100e-04
-5.698709e-04
-5.977990e-04
-6.005934e-04
-6.251651e-04
-6.313427e-04
-6.524367e-04
-6.568338e-04
-6.856711e-04
-7.011325e-04
-7.037059e-04
-7.207379e-04
-7.292072e-04
-7.550404e-04
-7.677232e-04
-7.937561e-04
-8.167014e-04
-8.248679e-04
-8.359356e-04
-8.688816e-04
-8.712516e-04
-9.151500e-04
-9.302518e-04
-9.967822e-04
