2.900896e+10
1.379980e+10
6.830261e+09
4.366574e+09
3.896652e+09
3.657594e+09
3.105291e+09
2.954469e+09
2.900106e+09
2.629732e+09
2.443340e+09
2.306171e+09
2.165359e+09
2.046918e+09
1.955708e+09
1.787548e+09
1.767587e+09
1.713475e+09
1.626357e+09
1.516363e+09
1.426276e+09
1.391929e+09
1.326727e+09
1.298948e+09
1.266679e+09
1.216677e+09
1.139571e+09
1.072006e+09
1.045552e+09
1.009822e+09
9.896408e+08
9.552966e+08
9.373167e+08
9.162405e+08
9.020742e+08
8.779908e+08
8.353147e+08
8.192383e+08
7.997967e+08
7.848363e+08
7.718468e+08
7.530520e+08
7.378792e+08
7.116438e+08
6.908655e+08
6.821817e+08
6.548352e+08
6.313210e+08
6.156420e+08
5.995674e+08
5.733536e+08
5.680244e+08
5.477988e+08
5.433417e+08
5.272378e+08
5.088854e+08
4.988239e+08
4.904830e+08
4.833218e+08
4.737159e+08
4.654970e+08
4.539863e+08
4.355366e+08
4.279335e+08
4.246595e+08
4.088876e+08
4.009214e+08
3.973960e+08
3.817311e+08
3.766285e+08
3.624742e+08
3.517832e+08
3.440932e+08
3.343806e+08
3.293883e+08
3.180204e+08
3.128226e+08
3.060478e+08
2.921136e+08
2.839084e+08
2.748815e+08
2.677321e+08
2.635885e+08
2.618916e+08
2.557635e+08
2.493151e+08
2.434197e+08
2.398575e+08
2.277538e+08
2.231805e+08
2.159388e+08
2.092690e+08
2.058322e+08
2.003789e+08
1.945572e+08
1.921086e+08
1.807203e+08
1.764096e+08
1.738981e+08
1.690753e+08
1.647997e+08
1.583257e+08
1.558442e+08
1.475298e+08
1.363837e+08
1.315172e+08
1.260602e+08
1.197779e+08
1.160789e+08
1.121304e+08
9.982724e+07
9.701442e+07
9.465981e+07
8.623883e+07
8.407588e+07
7.432594e+07
6.792412e+07
6.760234e+07
6.024496e+07
5.656236e+07
5.378651e+07
5.107568e+07
4.436669e+07
3.823288e+07
3.290999e+07
1.987074e+07
1.138077e+07
8.777043e+06
