1.999696e+05
2.579108e+04
4.062421e+03
1.609465e+03
2.035839e+02
2.693154e+01
8.924971e+00
5.138826e+00
1.329499e+00
1.824347e-01
5.374678e-02
4.996923e-02
4.490086e-02
3.528008e-02
3.071347e-02
2.736129e-02
2.624300e-02
2.578495e-02
2.242609e-02
2.152241e-02
1.872125e-02
1.789192e-02
1.593662e-02
1.468210e-02
1.412520e-02
1.351046e-02
1.228508e-02
1.142063e-02
1.117568e-02
1.083147e-02
1.065479e-02
9.679271e-03
9.604730e-03
9.292525e-03
8.961692e-03
8.762905e-03
8.202143e-03
8.132177e-03
7.886551e-03
7.296616e-03
6.955424e-03
6.742329e-03
6.428149e-03
6.375739e-03
6.149614e-03
5.904697e-03
5.774223e-03
5.628152e-03
5.215046e-03
5.052363e-03
4.663067e-03
4.554700e-03
4.349732e-03
4.101638e-03
3.931304e-03
3.758372e-03
3.539454e-03
3.391439e-03
3.095267e-03
3.013473e-03
2.924205e-03
2.565786e-03
2.541785e-03
2.395568e-03
2.262590e-03
2.016905e-03
1.933644e-03
1.733806e-03
1.696828e-03
1.517664e-03
1.388734e-03
1.305068e-03
1.225943e-03
1.124496e-03
1.064048e-03
9.521805e-04
9.232633e-04
8.799777e-04
7.957317e-04
6.750700e-04
6.518943e-04
5.773119e-04
3.441026e-04
3.061980e-04
1.960095e-04
1.166236e-04
-1.234567e-04
-2.140735e-04
-3.578682e-04
-4.671100e-04
-6.691906e-04
-9.798331e-04
-1.253331e-03
-1.468935e-03
-1.666862e-03
-1.736809e-03
-2.431220e-03
-2.669391e-03
-3.036428e-03
-3.334349e-03
-3.860252e-03
-4.313765e-03
-4.585572e-03
-4.724549e-03
-5.395475e-03
-5.891520e-03
-6.686967e-03
-6.991700e-03
-7.360354e-03
-8.633125e-03
-8.832050e-03
-9.972763e-03
-1.129196e-02
-1.197043e-02
-1.398611e-02
-1.533027e-02
-1.680865e-02
-1.821855e-02
-2.015545e-02
-2.237771e-02
-2.289625e-02
-2.763545e-02
-3.374493e-02
-3.617901e-02
-3.715265e-02
-5.265887e-02
-6.976683e-02
-1.044044e-01
