8.395746e+04
3.449074e+03
2.290469e+03
1.861268e+03
1.166264e+03
8.103890e+02
6.434609e+02
4.662648e+02
3.748386e+02
3.446410e+02
3.379726e+02
2.944637e+02
2.889935e+02
2.480704e+02
2.416324e+02
2.242006e+02
2.129750e+02
1.915759e+02
1.713309e+02
1.665889e+02
1.618357e+02
1.587390e+02
1.490059e+02
1.383277e+02
1.299272e+02
1.166812e+02
1.140501e+02
1.107037e+02
1.069629e+02
1.044290e+02
9.157500e+01
8.926192e+01
8.324061e+01
8.056589e+01
7.676800e+01
7.366864e+01
7.210439e+01
6.573952e+01
6.286472e+01
5.675295e+01
5.479642e+01
5.257974e+01
5.082225e+01
4.699389e+01
4.446114e+01
4.309455e+01
4.053091e+01
3.686803e+01
3.525068e+01
3.444905e+01
3.222781e+01
3.151222e+01
2.859869e+01
2.725510e+01
2.618486e+01
2.442342e+01
2.224985e+01
2.061824e+01
1.988927e+01
1.895990e+01
1.819877e+01
1.625106e+01
1.560345e+01
1.501596e+01
1.319286e+01
1.237664e+01
1.189138e+01
1.098805e+01
1.058540e+01
9.267166e+00
8.164651e+00
7.845406e+00
7.698868e+00
7.278153e+00
6.810912e+00
6.205269e+00
5.750747e+00
5.337503e+00
4.930305e+00
4.361307e+00
4.308888e+00
4.223436e+00
4.163544e+00
3.985600e+00
3.762486e+00
3.626304e+00
3.546966e+00
3.261321e+00
3.143808e+00
2.972591e+00
2.838824e+00
2.671683e+00
2.623164e+00
2.494369e+00
2.335212e+00
2.208640e+00
2.060708e+00
1.999766e+00
1.916365e+00
1.810680e+00
1.590016e+00
1.449074e+00
1.391400e+00
1.338366e+00
1.216527e+00
1.182395e+00
1.137164e+00
1.100945e+00
1.072019e+00
9.771504e-01
9.310737e-01
9.085702e-01
8.746545e-01
8.327376e-01
8.155714e-01
7.593482e-01
7.372665e-01
6.894723e-01
6.790371e-01
6.671169e-01
6.413963e-01
5.891261e-01
5.597180e-01
5.544456e-01
5.145397e-01
4.962413e-01
4.548210e-01
4.312044e-01
4.028533e-01
3.962962e-01
3.862359e-01
3.408760e-01
3.308368e-01
3.165215e-01
3.103243e-01
2.853921e-01
2.719342e-01
2.573532e-01
2.370182e-01
2.248126e-01
2.134050e-01
2.030112e-01
1.977623e-01
1.825309e-01
1.772286e-01
1.665985e-01
1.581239e-01
1.569140e-01
1.329040e-01
1.280887e-01
1.230683e-01
1.163289e-01
1.126769e-01
1.119611e-01
1.051996e-01
9.085884e-02
8.675429e-02
8.400603e-02
7.865918e-02
7.540188e-02
7.413594e-02
7.049330e-02
6.745069e-02
5.908461e-02
5.386961e-02
5.330909e-02
5.189823e-02
5.008956e-02
4.803776e-02
4.370009e-02
4.223439e-02
3.898169e-02
3.674706e-02
3.564192e-02
3.401687e-02
3.339761e-02
3.112212e-02
3.033780e-02
2.869950e-02
2.853146e-02
2.813049e-02
2.527923e-02
2.345495e-02
2.310074e-02
2.189101e-02
2.153231e-02
2.069334e-02
1.998525e-02
1.937382e-02
1.480381e-02
1.300254e-02
1.194407e-02
1.159844e-02
1.128742e-02
1.048820e-02
1.013132e-02
9.214215e-03
8.456071e-03
8.235904e-03
7.838977e-03
7.597785e-03
7.574205e-03
7.264960e-03
6.735316e-03
6.500192e-03
6.235949e-03
5.761010e-03
5.500532e-03
5.320927e-03
5.035685e-03
4.790251e-03
4.677854e-03
4.527316e-03
4.444710e-03
4.354877e-03
4.058113e-03
3.744842e-03
3.646598e-03
3.247543e-03
3.023881e-03
2.930237e-03
2.849752e-03
2.570026e-03
2.299852e-03
2.241063e-03
2.083361e-03
2.041519e-03
1.919073e-03
1.804990e-03
1.741595e-03
1.637180e-03
1.513786e-03
1.380396e-03
1.336624e-03
1.295987e-03
1.281884e-03
1.254423e-03
1.224533e-03
1.188591e-03
1.165130e-03
1.147396e-03
1.129207e-03
1.116689e-03
1.091322e-03
1.087816e-03
1.042425e-03
1.032742e-03
1.012442e-03
9.987433e-04
9.749887e-04
9.544175e-04
9.463906e-04
9.364111e-04
9.144770e-04
9.117535e-04
8.911849e-04
8.695745e-04
8.674011e-04
8.569935e-04
8.432631e-04
8.364526e-04
8.166907e-04
8.001789e-04
7.858710e-04
7.765493e-04
7.731374e-04
7.473737e-04
7.448466e-04
7.335011e-04
7.256980e-04
7.237319e-04
7.008169e-04
6.964519e-04
6.769907e-04
6.728142e-04
6.540241e-04
6.488294e-04
6.403359e-04
6.261782e-04
6.177953e-04
6.123366e-04
6.008225e-04
5.788109e-04
5.651363e-04
5.565446e-04
5.471506e-04
5.463313e-04
5.257870e-04
5.243575e-04
5.108119e-04
5.076110e-04
4.883638e-04
4.847973e-04
4.757444e-04
4.693605e-04
4.588850e-04
4.491412e-04
4.445694e-04
4.358036e-04
4.267753e-04
4.076282e-04
3.987816e-04
3.958115e-04
3.812679e-04
3.728748e-04
3.713350e-04
3.588911e-04
3.524679e-04
3.434640e-04
3.258620e-04
3.136281e-04
3.001559e-04
2.817612e-04
2.718397e-04
2.592008e-04
2.577523e-04
2.450812e-04
2.400979e-04
2.325058e-04
2.318424e-04
2.126208e-04
2.038319e-04
1.979253e-04
1.806024e-04
1.794557e-04
1.655903e-04
1.451415e-04
1.399734e-04
1.362842e-04
1.230805e-04
1.105223e-04
9.497150e-05
8.579672e-05
7.565230e-05
6.720817e-05
5.443442e-05
4.460672e-05
4.040910e-05
3.956053e-05
3.094232e-05
1.661494e-05
1.784246e-13
7.685401e-14
2.168553e-14
-3.695805e-14
-1.016438e-13
-1.587154e-13
-1.421026e-07
-1.087926e-05
-1.713438e-05
-3.052055e-05
-4.340105e-05
-5.065708e-05
-5.427156e-05
-6.263037e-05
-7.763257e-05
-8.447702e-05
-1.030286e-04
-1.087903e-04
-1.350788e-04
-1.396687e-04
-1.516115e-04
-1.681142e-04
-1.741375e-04
-1.894761e-04
-2.070039e-04
-2.176342e-04
-2.287394e-04
-2.436666e-04
-2.588282e-04
-2.623955e-04
-2.729267e-04
-3.089342e-04
-3.132507e-04
-3.271222e-04
-3.366131e-04
-3.468976e-04
-3.578392e-04
-3.878339e-04
-3.955531e-04
-4.163433e-04
-4.486227e-04
-4.702956e-04
-4.807951e-04
