2.147276e+12
1.676533e+12
1.495797e+12
1.389224e+12
1.311931e+12
1.223626e+12
1.164791e+12
1.066480e+12
9.649962e+11
9.434597e+11
9.122595e+11
8.606684e+11
8.566277e+11
8.043104e+11
7.933215e+11
7.445553e+11
6.908456e+11
6.240012e+11
5.948703e+11
5.701081e+11
5.624050e+11
5.144357e+11
4.987730e+11
4.862055e+11
4.805010e+11
4.556811e+11
4.457486e+11
4.376920e+11
4.176891e+11
3.923869e+11
3.827166e+11
3.688268e+11
3.547323e+11
3.324783e+11
3.317691e+11
3.158971e+11
3.088103e+11
3.014763e+11
2.904641e+11
2.860032e+11
2.686988e+11
2.538783e+11
2.499548e+11
2.357690e+11
2.305759e+11
2.293900e+11
2.198676e+11
2.142443e+11
2.070373e+11
2.040011e+11
1.982764e+11
1.937600e+11
1.894321e+11
1.872905e+11
1.834887e+11
1.708157e+11
1.682859e+11
1.674903e+11
1.634752e+11
1.608070e+11
1.568630e+11
1.473395e+11
1.438636e+11
1.407321e+11
1.397185e+11
1.332523e+11
1.299533e+11
1.286131e+11
1.229814e+11
1.220674e+11
1.190141e+11
1.146494e+11
1.112969e+11
1.096274e+11
1.078118e+11
1.048396e+11
1.021204e+11
9.928789e+10
9.650755e+10
9.479279e+10
9.390782e+10
9.222591e+10
9.103404e+10
8.941111e+10
8.735486e+10
8.526035e+10
8.379896e+10
8.278735e+10
8.174776e+10
7.998862e+10
7.842983e+10
7.703523e+10
7.429063e+10
7.350900e+10
7.321716e+10
7.054940e+10
6.906660e+10
6.800303e+10
6.691650e+10
6.553553e+10
6.492739e+10
6.282684e+10
6.133302e+10
6.076070e+10
6.009674e+10
5.956796e+10
5.870696e+10
5.702740e+10
5.516823e+10
5.513003e+10
5.339765e+10
5.183668e+10
5.146348e+10
4.929981e+10
4.848676e+10
4.769127e+10
4.680864e+10
4.575634e+10
4.249759e+10
4.053675e+10
3.677952e+10
3.587095e+10
3.348356e+10
3.203040e+10
1.938113e+10
1.624742e+10
2.909573e+09
2.207937e+09
