3.415526e+05
2.579997e+05
1.454306e+05
1.306181e+05
1.174402e+05
1.142462e+05
1.006421e+05
9.864527e+04
8.850397e+04
7.528045e+04
6.489402e+04
6.039306e+04
4.837701e+04
4.440838e+04
4.028644e+04
3.267763e+04
2.818550e+04
2.433094e+04
1.824675e+04
1.383063e+04
1.283040e+04
1.071641e+04
9.136245e+03
8.095008e+03
6.871232e+03
6.293740e+03
5.645505e+03
5.204963e+03
4.490426e+03
3.965741e+03
3.507570e+03
2.510640e+03
2.164681e+03
2.131652e+03
1.727237e+03
1.609295e+03
1.299655e+03
9.637280e+02
8.041125e+02
6.872177e+02
6.493970e+02
5.662275e+02
4.402408e+02
4.007465e+02
3.218796e+02
3.009976e+02
2.678535e+02
2.043568e+02
1.843328e+02
1.367917e+02
1.210585e+02
9.647881e+01
8.490549e+01
7.927298e+01
6.985810e+01
6.272792e+01
5.020934e+01
4.749640e+01
4.458351e+01
2.821514e+01
2.457965e+01
1.961352e+01
1.366356e+01
1.051077e+01
9.659027e+00
9.263440e+00
8.505812e+00
5.603979e+00
5.298322e+00
4.655274e+00
4.536938e+00
3.674699e+00
2.362959e+00
1.970828e+00
1.678980e+00
1.562705e+00
1.416054e+00
8.828999e-01
7.593544e-01
6.527444e-01
6.273443e-01
6.006031e-01
4.981024e-01
3.362061e-01
2.817600e-01
2.469698e-01
2.334850e-01
1.724992e-01
1.129234e-01
1.097889e-01
6.930590e-02
4.901687e-02
3.446529e-02
3.373641e-02
2.671486e-02
2.429283e-02
2.246712e-02
2.234167e-02
2.179169e-02
2.113436e-02
2.010792e-02
1.925582e-02
1.859281e-02
1.843878e-02
1.813967e-02
1.751062e-02
1.722134e-02
1.646601e-02
1.633670e-02
1.567112e-02
1.540710e-02
1.518766e-02
1.489518e-02
1.400927e-02
1.346157e-02
1.323279e-02
1.259107e-02
1.254136e-02
1.213671e-02
1.132859e-02
1.066279e-02
1.049648e-02
1.005083e-02
9.128982e-03
7.834282e-03
6.754074e-03
5.407230e-03
6.494694e-12
