1.309888e+08
2.169219e+07
1.962807e+06
1.670243e+06
9.742652e+05
3.113798e+05
1.920143e+05
8.873585e+04
2.186465e+04
1.242921e+04
3.259025e+03
1.076337e+03
5.210271e+02
2.457730e+02
7.386087e+01
6.524757e+01
6.135510e+01
5.338145e+01
4.610812e+01
3.772013e+01
3.318847e+01
2.903994e+01
2.667585e+01
2.363607e+01
2.262841e+01
1.890239e+01
1.812823e+01
1.660571e+01
1.570307e+01
1.369293e+01
1.347703e+01
1.231522e+01
1.151102e+01
1.110607e+01
1.078833e+01
9.743252e+00
8.669396e+00
8.310240e+00
7.001712e+00
6.836099e+00
6.771095e+00
6.155204e+00
6.122874e+00
5.645130e+00
5.354950e+00
5.042669e+00
4.905678e+00
4.230710e+00
4.021887e+00
3.742596e+00
3.437103e+00
3.059276e+00
2.748154e+00
2.630644e+00
2.465392e+00
2.340122e+00
2.150633e+00
1.984538e+00
1.558683e+00
1.516204e+00
1.269655e+00
1.061381e+00
8.882064e-01
8.011776e-01
6.278738e-01
5.827230e-01
5.398629e-01
3.605255e-01
3.511465e-01
2.673985e-01
2.371672e-01
2.275202e-01
1.495025e-01
1.131856e-01
9.338731e-02
6.907041e-02
3.067712e-02
4.906273e-03
-2.328313e-10
-1.368145e-02
-9.226244e-02
-1.308532e-01
-1.838420e-01
-2.838424e-01
-3.136038e-01
-4.660084e-01
-5.130194e-01
-6.889330e-01
-7.927374e-01
-9.220220e-01
-1.072530e+00
-1.204656e+00
-1.442286e+00
-1.607437e+00
-1.738484e+00
-1.781367e+00
-1.980234e+00
-2.222503e+00
-2.439139e+00
-2.838394e+00
-2.905459e+00
-3.137248e+00
-3.531354e+00
-3.907608e+00
-4.280365e+00
-4.489404e+00
-5.190869e+00
-5.705179e+00
-6.022890e+00
-6.540241e+00
-6.850409e+00
-8.134756e+00
-8.866787e+00
-1.028244e+01
-1.090460e+01
-1.314466e+01
-1.338276e+01
-1.857393e+01
-1.918842e+01
-2.011547e+01
-2.192775e+01
-2.594403e+01
-3.038118e+01
-3.404541e+01
-3.899705e+01
-4.239413e+01
-8.374893e+01
-9.389162e+01
