1.009109e+10
8.293158e+08
2.630981e+08
1.303601e+08
8.700179e+07
7.164190e+07
5.373320e+07
5.247648e+07
4.783919e+07
4.054846e+07
3.751542e+07
3.250005e+07
2.624995e+07
1.802946e+07
1.745017e+07
1.412487e+07
1.166385e+07
1.031305e+07
9.769118e+06
9.003974e+06
7.726300e+06
6.536368e+06
5.287896e+06
4.451531e+06
4.000092e+06
3.493904e+06
3.355878e+06
2.883852e+06
2.681451e+06
2.372977e+06
2.005591e+06
1.912452e+06
1.859197e+06
1.678576e+06
1.307103e+06
1.253065e+06
1.117222e+06
1.091783e+06
9.618580e+05
8.678262e+05
7.689789e+05
7.306034e+05
6.325949e+05
5.820238e+05
5.090790e+05
4.646347e+05
4.333023e+05
4.070048e+05
3.428700e+05
3.250745e+05
3.153195e+05
2.311735e+05
2.135308e+05
1.772046e+05
1.555443e+05
1.497410e+05
1.292827e+05
1.127155e+05
1.023211e+05
9.479650e+04
8.139896e+04
7.999128e+04
7.079589e+04
5.906175e+04
4.802220e+04
4.258449e+04
3.858730e+04
3.252334e+04
2.931254e+04
2.603474e+04
2.420912e+04
1.760534e+04
1.584414e+04
1.330868e+04
1.042780e+04
9.990153e+03
8.775228e+03
7.303884e+03
6.680431e+03
6.317545e+03
5.915533e+03
5.682879e+03
4.684935e+03
3.981427e+03
3.102216e+03
2.806807e+03
2.389395e+03
1.753118e+03
1.457496e+03
1.225567e+03
1.026368e+03
7.797531e+02
5.913382e+02
4.116440e+02
3.125769e+02
2.202116e+02
1.971846e+02
1.688445e+02
1.438701e+02
9.460639e+01
7.174945e+01
6.113454e+01
2.930373e+01
2.690572e+01
2.110673e+01
1.583295e+01
8.202553e+00
6.257662e+00
4.386048e+00
2.833273e+00
2.466863e+00
1.523211e+00
1.225504e+00
1.116493e+00
7.976296e-01
6.517321e-01
4.156131e-01
2.308571e-01
1.778935e-01
1.162523e-01
1.055240e-01
9.177673e-02
3.323745e-02
5.707928e-03
-2.914138e-02
-7.273753e-02
-1.251285e+00
-9.062305e+01
