2.220217e+05
2.181377e+04
4.767560e+03
1.777705e+03
1.875720e+02
2.802439e+01
8.613669e+00
5.649844e+00
1.241090e+00
2.220524e-01
6.814387e-02
5.934486e-02
3.996502e-02
3.779938e-02
3.765213e-02
3.060803e-02
2.726341e-02
2.317537e-02
2.285813e-02
2.016168e-02
1.869391e-02
1.735106e-02
1.594838e-02
1.476815e-02
1.410465e-02
1.379875e-02
1.355418e-02
1.301620e-02
1.239761e-02
1.221263e-02
1.141989e-02
1.091211e-02
1.086427e-02
1.012248e-02
9.154246e-03
8.884920e-03
8.693960e-03
8.419593e-03
8.129012e-03
7.601463e-03
7.360503e-03
7.067800e-03
6.952984e-03
6.814214e-03
6.704086e-03
6.316561e-03
6.190143e-03
5.940195e-03
5.615462e-03
5.507038e-03
5.369775e-03
5.066154e-03
5.033350e-03
4.658713e-03
4.453153e-03
4.367272e-03
4.177398e-03
4.014282e-03
3.722580e-03
3.548675e-03
3.536014e-03
3.316301e-03
3.070970e-03
3.009325e-03
2.753160e-03
2.668596e-03
2.555811e-03
2.436060e-03
2.298371e-03
2.048944e-03
1.935128e-03
1.849678e-03
1.745913e-03
1.609127e-03
1.484761e-03
1.412614e-03
1.095342e-03
9.572065e-04
8.621946e-04
8.273345e-04
7.800753e-04
6.349257e-04
4.179510e-04
3.683844e-04
3.436052e-04
1.347960e-04
1.048378e-04
-9.920109e-05
-5.174271e-04
-6.963341e-04
-1.091963e-03
-1.269294e-03
-1.456476e-03
-1.579898e-03
-1.744360e-03
-1.906537e-03
-2.161846e-03
-2.978573e-03
-3.249961e-03
-3.526647e-03
-3.900688e-03
-4.144794e-03
-4.429064e-03
-4.948161e-03
-5.035153e-03
-5.374053e-03
-6.412882e-03
-6.765439e-03
-7.552392e-03
-8.119459e-03
-9.232529e-03
-9.792849e-03
-1.040307e-02
-1.344919e-02
-1.399045e-02
-1.527124e-02
-1.590513e-02
-1.901416e-02
-2.140133e-02
-2.297768e-02
-2.352347e-02
-3.357829e-02
-3.590272e-02
-4.050114e-02
-5.198270e-02
-5.914798e-02
-5.991359e-02
-1.052455e-01
