1.346660e+08
1.927172e+07
2.119176e+06
9.480536e+05
8.702181e+05
3.288213e+05
1.968738e+05
1.106820e+05
1.540068e+04
1.120327e+04
9.970996e+03
7.226533e+02
3.423661e+02
1.865396e+02
6.613833e+01
5.776580e+01
5.185188e+01
4.133723e+01
3.270425e+01
2.726019e+01
2.386646e+01
1.940068e+01
1.927778e+01
1.851776e+01
1.736111e+01
1.633382e+01
1.585461e+01
1.405850e+01
1.332341e+01
1.142647e+01
1.061509e+01
9.970320e+00
9.503468e+00
8.944125e+00
8.517159e+00
7.594586e+00
7.278523e+00
7.171881e+00
6.620627e+00
6.196461e+00
6.016359e+00
5.888624e+00
5.609705e+00
5.240527e+00
5.047833e+00
4.692244e+00
4.538962e+00
4.290798e+00
4.178715e+00
3.909860e+00
3.626558e+00
3.382042e+00
2.967561e+00
2.760240e+00
2.619543e+00
2.496793e+00
2.300380e+00
2.084925e+00
1.814999e+00
1.624999e+00
1.488559e+00
1.363246e+00
1.163363e+00
1.099980e+00
9.525964e-01
8.043953e-01
5.866108e-01
4.865177e-01
4.428544e-01
4.172250e-01
3.600738e-01
2.377997e-01
1.903854e-01
1.578195e-01
8.376320e-02
7.016467e-02
3.836796e-02
3.128450e-02
2.460293e-09
-1.368615e-02
-4.603518e-02
-9.679787e-02
-1.348236e-01
-2.605940e-01
-2.781019e-01
-3.979432e-01
-5.067490e-01
-5.679048e-01
-6.237246e-01
-6.765721e-01
-6.947857e-01
-1.122657e+00
-1.127584e+00
-1.279396e+00
-1.461794e+00
-1.570710e+00
-1.777259e+00
-1.954691e+00
-2.218983e+00
-2.493521e+00
-2.708143e+00
-2.820055e+00
-3.223755e+00
-3.618697e+00
-3.783686e+00
-3.885916e+00
-4.433365e+00
-4.858134e+00
-5.348153e+00
-5.418196e+00
-5.804905e+00
-6.681217e+00
-7.061213e+00
-7.705110e+00
-8.725698e+00
-1.015641e+01
-1.149843e+01
-1.268547e+01
-1.422471e+01
-1.645146e+01
-1.707165e+01
-1.889669e+01
-2.149929e+01
-2.802211e+01
-3.192894e+01
-3.623002e+01
-4.513940e+01
-6.647769e+01
