2.088942e+12
1.816080e+12
1.663922e+12
1.581566e+12
1.382140e+12
1.336118e+12
1.178566e+12
1.094449e+12
1.012637e+12
9.633367e+11
9.253148e+11
9.106499e+11
8.137232e+11
7.737677e+11
7.536071e+11
7.199042e+11
6.675952e+11
6.303821e+11
6.131247e+11
6.000127e+11
5.648335e+11
5.458986e+11
5.226737e+11
4.870723e+11
4.820891e+11
4.519204e+11
4.377442e+11
4.341273e+11
4.126624e+11
3.980684e+11
3.800228e+11
3.695466e+11
3.626661e+11
3.463102e+11
3.421660e+11
3.349132e+11
3.129568e+11
3.120984e+11
2.975353e+11
2.900407e+11
2.801759e+11
2.675993e+11
2.632499e+11
2.564921e+11
2.403394e+11
2.364123e+11
2.280013e+11
2.188758e+11
2.152838e+11
2.045894e+11
2.029243e+11
1.963650e+11
1.912561e+11
1.905667e+11
1.845031e+11
1.801136e+11
1.708114e+11
1.672412e+11
1.649394e+11
1.616309e+11
1.520323e+11
1.506067e+11
1.450686e+11
1.416304e+11
1.387414e+11
1.366333e+11
1.329819e+11
1.300005e+11
1.269007e+11
1.252180e+11
1.211125e+11
1.194774e+11
1.160956e+11
1.144595e+11
1.111726e+11
1.086569e+11
1.051272e+11
1.036013e+11
1.015032e+11
9.927006e+10
9.681047e+10
9.495976e+10
9.380753e+10
9.259483e+10
9.134744e+10
8.904031e+10
8.747160e+10
8.511565e+10
8.362438e+10
8.227630e+10
8.036318e+10
7.974351e+10
7.726991e+10
7.621603e+10
7.562536e+10
7.433110e+10
7.080760e+10
7.025056e+10
6.891629e+10
6.885885e+10
6.687327e+10
6.509097e+10
6.442406e+10
6.231985e+10
6.098649e+10
6.078121e+10
5.915476e+10
5.811611e+10
5.730364e+10
5.707857e+10
5.510746e+10
5.377099e+10
5.332161e+10
5.162381e+10
5.111468e+10
5.067106e+10
4.850190e+10
4.669953e+10
4.440986e+10
4.252914e+10
3.658399e+10
3.532991e+10
2.064482e+10
1.589306e+10
1.457820e+10
1.117940e+10
9.152204e+09
4.226635e+09
