6.545638e+05
3.446017e+05
1.940232e+05
1.751622e+05
1.444743e+05
1.304606e+05
1.185190e+05
1.075415e+05
9.016565e+04
8.703108e+04
7.314206e+04
7.002166e+04
6.456421e+04
5.127102e+04
4.914355e+04
4.170952e+04
3.202851e+04
2.847619e+04
2.280936e+04
1.555863e+04
1.291383e+04
1.182156e+04
1.090390e+04
9.308944e+03
9.090955e+03
7.711001e+03
7.238001e+03
5.746475e+03
4.844674e+03
3.959692e+03
3.603112e+03
2.864902e+03
2.723897e+03
2.106237e+03
1.507175e+03
1.413134e+03
1.199895e+03
1.023440e+03
7.882419e+02
7.607327e+02
5.745496e+02
4.005836e+02
3.512839e+02
3.320597e+02
2.952064e+02
2.495879e+02
2.063903e+02
2.055630e+02
1.759448e+02
1.507659e+02
1.188502e+02
7.811083e+01
7.697881e+01
6.057103e+01
4.778247e+01
4.650312e+01
4.096718e+01
3.204233e+01
2.659295e+01
2.271685e+01
1.819469e+01
1.302793e+01
1.224054e+01
1.008844e+01
7.704738e+00
7.046783e+00
5.468565e+00
4.392052e+00
4.116491e+00
2.540403e+00
2.328391e+00
1.474251e+00
1.047758e+00
1.017828e+00
8.301172e-01
7.158478e-01
6.522116e-01
4.792714e-01
3.407089e-01
3.367746e-01
2.275486e-01
1.936178e-01
1.608302e-01
1.389191e-01
1.298813e-01
9.097533e-02
8.181648e-02
7.045069e-02
6.559979e-02
5.881888e-02
5.453767e-02
5.309082e-02
4.928183e-02
4.809024e-02
4.558212e-02
4.274671e-02
4.022763e-02
3.892735e-02
3.758438e-02
3.568291e-02
3.490977e-02
3.426628e-02
3.183339e-02
3.143007e-02
3.103125e-02
2.931128e-02
2.884321e-02
2.829723e-02
2.777680e-02
2.678901e-02
2.663302e-02
2.378607e-02
2.247540e-02
2.194417e-02
2.142210e-02
2.091662e-02
1.962805e-02
1.881472e-02
1.811053e-02
1.762958e-02
1.688778e-02
1.668459e-02
1.603863e-02
1.260059e-02
1.203857e-02
1.041110e-02
9.424770e-03
4.433240e-11
