1.936260e+05
2.388773e+04
5.209162e+03
1.922643e+03
2.174725e+02
2.657146e+01
9.130173e+00
7.263810e+00
1.632210e+00
2.475643e-01
6.703857e-02
3.814222e-02
3.635605e-02
3.189636e-02
3.042123e-02
2.716582e-02
2.336420e-02
2.113724e-02
2.005576e-02
1.868178e-02
1.812012e-02
1.658076e-02
1.579441e-02
1.521094e-02
1.460085e-02
1.344455e-02
1.283505e-02
1.193213e-02
1.128316e-02
1.109661e-02
1.055971e-02
1.025797e-02
1.004622e-02
9.691318e-03
9.242745e-03
8.881207e-03
8.460520e-03
8.229432e-03
7.930714e-03
7.525451e-03
7.197797e-03
6.925030e-03
6.572973e-03
6.436287e-03
6.148989e-03
6.068326e-03
5.840790e-03
5.429311e-03
5.214109e-03
5.114944e-03
4.996470e-03
4.538448e-03
4.377579e-03
4.033362e-03
3.802805e-03
3.740247e-03
3.530780e-03
3.326540e-03
3.109704e-03
2.995061e-03
2.824420e-03
2.735344e-03
2.608487e-03
2.440122e-03
2.263025e-03
2.200392e-03
2.112395e-03
1.982401e-03
1.715955e-03
1.561596e-03
1.487730e-03
1.361070e-03
1.239690e-03
1.126770e-03
9.956990e-04
9.053136e-04
8.765628e-04
7.332964e-04
7.161511e-04
6.510660e-04
5.753158e-04
4.936015e-04
3.896476e-04
2.316713e-04
2.067947e-04
1.993099e-04
-4.621690e-05
-9.936423e-05
-2.699217e-04
-4.641732e-04
-5.692637e-04
-6.736382e-04
-7.218039e-04
-8.872065e-04
-1.137333e-03
-1.427919e-03
-1.719622e-03
-1.769857e-03
-2.193010e-03
-2.468750e-03
-3.279245e-03
-3.882401e-03
-4.363670e-03
-4.824534e-03
-5.135816e-03
-5.769266e-03
-6.158348e-03
-7.110771e-03
-8.079590e-03
-9.293605e-03
-1.067420e-02
-1.090436e-02
-1.229171e-02
-1.299782e-02
-1.328988e-02
-1.481026e-02
-1.631912e-02
-1.658981e-02
-2.119242e-02
-2.388185e-02
-2.494912e-02
-2.763208e-02
-3.992594e-02
-4.333548e-02
-5.005966e-02
-5.737457e-02
-6.262295e-02
-9.939221e-02
