4.422437e+05
3.192315e+05
3.017267e+05
2.438400e+05
2.032723e+05
1.738683e+05
1.681453e+05
1.506413e+05
1.305050e+05
1.114392e+05
9.585835e+04
8.729065e+04
7.371805e+04
7.186090e+04
6.591569e+04
5.652993e+04
4.952418e+04
4.612668e+04
3.855589e+04
3.175144e+04
2.818368e+04
2.387572e+04
1.927966e+04
1.898354e+04
1.400573e+04
1.356143e+04
1.164077e+04
1.150489e+04
9.673452e+03
8.509755e+03
7.976957e+03
7.501241e+03
5.777038e+03
4.536339e+03
4.071395e+03
3.943581e+03
3.425267e+03
3.081688e+03
2.554226e+03
2.308591e+03
2.052223e+03
1.887531e+03
1.624057e+03
1.439184e+03
1.299470e+03
1.080055e+03
1.038944e+03
8.960233e+02
7.045198e+02
6.167084e+02
5.681046e+02
4.469653e+02
2.870622e+02
2.639966e+02
2.227298e+02
1.995522e+02
1.702613e+02
1.620960e+02
1.312529e+02
1.079636e+02
9.354199e+01
8.432877e+01
7.078566e+01
4.911160e+01
4.569053e+01
4.442636e+01
4.032363e+01
2.444986e+01
2.366782e+01
1.963536e+01
1.813751e+01
1.627393e+01
1.191578e+01
8.329726e+00
6.515905e+00
4.705495e+00
3.867400e+00
2.433436e+00
2.180385e+00
2.053210e+00
1.855535e+00
1.281660e+00
1.008966e+00
9.349042e-01
6.872110e-01
6.394016e-01
3.919990e-01
3.646142e-01
2.725501e-01
1.763106e-01
1.350333e-01
1.114093e-01
8.194667e-02
7.426749e-02
7.269982e-02
7.036478e-02
6.844128e-02
6.411939e-02
6.212753e-02
5.557316e-02
5.103889e-02
4.756454e-02
4.541501e-02
4.404432e-02
4.145078e-02
4.055374e-02
3.978917e-02
3.901160e-02
3.637480e-02
3.340976e-02
3.177811e-02
3.133162e-02
3.111712e-02
3.061381e-02
2.963873e-02
2.814126e-02
2.748878e-02
2.691528e-02
2.488849e-02
2.471030e-02
2.229938e-02
2.163538e-02
1.692581e-02
1.402741e-02
8.886505e-03
1.134248e-11
6.417210e-12
3.801659e-12
