8.901515e+04
3.728191e+03
2.398588e+03
1.833859e+03
1.133318e+03
8.094739e+02
5.335334e+02
4.307482e+02
3.126617e+02
2.759293e+02
2.331556e+02
2.074266e+02
1.949923e+02
1.874934e+02
1.682261e+02
1.499834e+02
1.284537e+02
1.199990e+02
1.165722e+02
1.112441e+02
1.052300e+02
9.417408e+01
9.358154e+01
8.577124e+01
7.401201e+01
7.120332e+01
6.647095e+01
6.462278e+01
5.874075e+01
5.690612e+01
5.448507e+01
5.122276e+01
4.729842e+01
4.156180e+01
4.081752e+01
3.951894e+01
3.648958e+01
3.567572e+01
3.127644e+01
2.875507e+01
2.860608e+01
2.666417e+01
2.656312e+01
2.299293e+01
2.201050e+01
2.098982e+01
1.849195e+01
1.788705e+01
1.618369e+01
1.573720e+01
1.493616e+01
1.363190e+01
1.230820e+01
1.164264e+01
1.111920e+01
1.042505e+01
1.022773e+01
9.440235e+00
8.464880e+00
7.587956e+00
7.344776e+00
6.808445e+00
6.198794e+00
5.736484e+00
5.371675e+00
5.061269e+00
4.818911e+00
4.616542e+00
3.980145e+00
3.802057e+00
3.311858e+00
3.130674e+00
2.892200e+00
2.526163e+00
2.328130e+00
2.196802e+00
2.067052e+00
1.994968e+00
1.788802e+00
1.733269e+00
1.539723e+00
1.426232e+00
1.413087e+00
1.351260e+00
1.297598e+00
1.239400e+00
1.152039e+00
1.108258e+00
1.043639e+00
1.027271e+00
9.468833e-01
9.096097e-01
8.551677e-01
7.711343e-01
7.285504e-01
6.849264e-01
6.482553e-01
6.196572e-01
5.664932e-01
5.374880e-01
5.235473e-01
4.971508e-01
4.547242e-01
4.339792e-01
4.079922e-01
3.814334e-01
3.394057e-01
3.299616e-01
3.141021e-01
2.995808e-01
2.932920e-01
2.550295e-01
2.350649e-01
2.155833e-01
2.062183e-01
2.019299e-01
1.922016e-01
1.814070e-01
1.732532e-01
1.627910e-01
1.594577e-01
1.462977e-01
1.324364e-01
1.305287e-01
1.280015e-01
1.223905e-01
1.044685e-01
9.817123e-02
9.614854e-02
9.276552e-02
8.532422e-02
7.667370e-02
7.622144e-02
7.391356e-02
6.887788e-02
6.474510e-02
6.205247e-02
5.694016e-02
5.490538e-02
5.120151e-02
4.493301e-02
4.078754e-02
3.903441e-02
3.612977e-02
3.406498e-02
3.208717e-02
3.016206e-02
2.837502e-02
2.693396e-02
2.677646e-02
2.522980e-02
2.355566e-02
2.178337e-02
2.090994e-02
2.075349e-02
1.899261e-02
1.726981e-02
1.658007e-02
1.609378e-02
1.469377e-02
1.382960e-02
1.321803e-02
1.211601e-02
1.184701e-02
1.165099e-02
9.824602e-03
8.634479e-03
8.234878e-03
7.924978e-03
7.248308e-03
6.961515e-03
6.738327e-03
6.519234e-03
5.854558e-03
5.612072e-03
5.503406e-03
5.130142e-03
4.745737e-03
4.638600e-03
4.009487e-03
3.767359e-03
3.748119e-03
3.589045e-03
3.373305e-03
3.302561e-03
3.097387e-03
3.063248e-03
2.935999e-03
2.599135e-03
2.464015e-03
2.339814e-03
2.297857e-03
2.134032e-03
2.068911e-03
1.923137e-03
1.884016e-03
1.872609e-03
1.727639e-03
1.656003e-03
1.639879e-03
1.589005e-03
1.432730e-03
1.416409e-03
1.409451e-03
1.395953e-03
1.331667e-03
1.317600e-03
1.309096e-03
1.268532e-03
1.238146e-03
1.236990e-03
1.229773e-03
1.175450e-03
1.167561e-03
1.153961e-03
1.132620e-03
1.105268e-03
1.098585e-03
1.078772e-03
1.064411e-03
1.063416e-03
1.045300e-03
1.022407e-03
1.013773e-03
1.003750e-03
9.913108e-04
9.777158e-04
9.569729e-04
9.506554e-04
9.382880e-04
9.234873e-04
9.151321e-04
8.961142e-04
8.873012e-04
8.630794e-04
8.461558e-04
8.427349e-04
8.323007e-04
8.259816e-04
8.161389e-04
8.103651e-04
7.934706e-04
7.748952e-04
7.680937e-04
7.569193e-04
7.509217e-04
7.414758e-04
7.189567e-04
7.109334e-04
7.084850e-04
6.986199e-04
6.770694e-04
6.664151e-04
6.613840e-04
6.450912e-04
6.310667e-04
6.275481e-04
6.144245e-04
6.120660e-04
6.008833e-04
5.924515e-04
5.849304e-04
5.669704e-04
5.602886e-04
5.503820e-04
5.411982e-04
5.344584e-04
5.308448e-04
5.177493e-04
5.073820e-04
4.988500e-04
4.831213e-04
4.756843e-04
4.668124e-04
4.543484e-04
4.406017e-04
4.278295e-04
4.229324e-04
4.097346e-04
4.026910e-04
3.930039e-04
3.886498e-04
3.798674e-04
3.670115e-04
3.617264e-04
3.517944e-04
3.440196e-04
3.370739e-04
3.331168e-04
3.204326e-04
3.087347e-04
3.057353e-04
2.992824e-04
2.856636e-04
2.773033e-04
2.713081e-04
2.584384e-04
2.497440e-04
2.350827e-04
2.180077e-04
2.134702e-04
2.074853e-04
2.009391e-04
1.974260e-04
1.852388e-04
1.634283e-04
1.602035e-04
1.444808e-04
1.323492e-04
1.267118e-04
1.177551e-04
1.150307e-04
1.050872e-04
9.408668e-05
9.167847e-05
7.226109e-05
6.652271e-05
5.499833e-05
3.938248e-05
3.299716e-05
2.630934e-05
1.587659e-05
5.435706e-06
1.571688e-13
1.223254e-13
6.438585e-14
-2.481027e-14
-6.736645e-14
-1.459463e-13
-1.644969e-13
-4.601600e-06
-1.202745e-05
-2.962803e-05
-3.700102e-05
-4.613470e-05
-4.906495e-05
-5.595739e-05
-7.080159e-05
-8.927486e-05
-9.855734e-05
-1.163656e-04
-1.248528e-04
-1.325977e-04
-1.520533e-04
-1.611840e-04
-1.655948e-04
-1.697006e-04
-1.845740e-04
-1.911837e-04
-2.006392e-04
-2.088386e-04
-2.191871e-04
-2.324399e-04
-2.434246e-04
-2.528598e-04
-2.645490e-04
-2.727465e-04
-2.795390e-04
-2.917444e-04
-3.098367e-04
-3.140097e-04
-3.347110e-04
-3.503946e-04
-3.574701e-04
-3.635477e-04
-3.708089e-04
-3.761728e-04
-3.824306e-04
-4.051874e-04
-4.135383e-04
-4.243732e-04
-4.387566e-04
-4.500650e-04
-4.684714e-04
-4.889052e-04
-5.000009e-04
-5.097191e-04
-5.252844e-04
-5.442293e-04
-5.632445e-04
-5.852893e-04
-6.041886e-04
-6.266546e-04
-6.668739e-04
