8.881022e+04
3.805294e+03
2.417995e+03
1.886897e+03
1.069546e+03
8.134331e+02
4.752594e+02
4.049381e+02
3.057448e+02
2.852776e+02
2.326660e+02
2.000711e+02
1.751825e+02
1.628758e+02
1.580858e+02
1.448107e+02
1.409814e+02
1.237154e+02
1.208537e+02
1.110430e+02
1.077543e+02
9.598232e+01
8.820431e+01
8.095528e+01
7.459362e+01
7.066495e+01
6.592658e+01
6.321808e+01
5.896600e+01
5.527977e+01
5.306321e+01
4.851233e+01
4.537875e+01
4.337495e+01
3.934208e+01
3.773523e+01
3.557606e+01
3.432777e+01
3.266322e+01
3.067980e+01
2.966091e+01
2.587160e+01
2.524538e+01
2.358935e+01
2.267150e+01
2.113972e+01
1.946756e+01
1.795209e+01
1.676574e+01
1.585144e+01
1.522315e+01
1.445668e+01
1.242282e+01
1.221547e+01
1.044966e+01
1.016100e+01
9.429428e+00
8.939507e+00
8.110770e+00
7.188302e+00
6.933660e+00
6.611053e+00
6.285810e+00
5.660933e+00
5.148693e+00
5.071855e+00
4.581986e+00
4.306063e+00
4.149267e+00
3.587491e+00
3.432238e+00
3.082189e+00
2.724156e+00
2.657983e+00
2.577739e+00
2.207247e+00
2.173011e+00
1.968015e+00
1.832003e+00
1.805492e+00
1.659354e+00
1.564419e+00
1.486217e+00
1.435208e+00
1.372336e+00
1.289288e+00
1.268254e+00
1.128536e+00
1.048223e+00
1.015653e+00
9.524961e-01
8.974963e-01
8.760607e-01
8.163371e-01
7.745730e-01
7.488615e-01
6.486738e-01
6.331244e-01
6.243752e-01
5.457959e-01
5.106715e-01
4.905419e-01
4.697604e-01
4.579552e-01
4.094940e-01
3.987709e-01
3.865679e-01
3.490817e-01
3.334966e-01
3.187350e-01
3.119938e-01
2.686954e-01
2.508295e-01
2.422619e-01
2.267143e-01
2.133683e-01
2.100393e-01
1.854316e-01
1.798504e-01
1.703562e-01
1.403836e-01
1.301532e-01
1.260956e-01
1.210446e-01
1.173941e-01
1.098800e-01
1.044109e-01
9.619521e-02
9.290336e-02
8.945885e-02
8.499952e-02
8.012213e-02
7.813329e-02
6.498801e-02
6.309696e-02
5.687731e-02
5.266679e-02
5.122687e-02
4.596350e-02
4.432021e-02
4.054784e-02
3.990025e-02
3.742967e-02
3.609828e-02
3.533716e-02
3.143240e-02
2.823529e-02
2.716538e-02
2.478113e-02
2.384016e-02
2.282965e-02
2.074608e-02
2.044638e-02
1.966939e-02
1.807773e-02
1.758756e-02
1.622587e-02
1.530339e-02
1.482501e-02
1.395537e-02
1.341449e-02
1.183296e-02
1.104146e-02
1.062843e-02
1.006682e-02
9.238314e-03
8.811683e-03
8.399117e-03
7.185603e-03
7.166902e-03
6.570408e-03
5.974987e-03
5.649763e-03
5.249067e-03
4.880930e-03
4.555256e-03
4.344335e-03
4.298082e-03
3.846134e-03
3.789237e-03
3.436617e-03
3.353890e-03
3.160184e-03
3.097047e-03
3.031771e-03
2.997819e-03
2.808999e-03
2.625512e-03
2.573936e-03
2.369513e-03
2.231453e-03
2.154391e-03
2.082707e-03
1.942776e-03
1.821905e-03
1.741101e-03
1.672306e-03
1.618625e-03
1.550067e-03
1.529608e-03
1.468078e-03
1.448219e-03
1.411077e-03
1.390330e-03
1.378220e-03
1.336261e-03
1.281594e-03
1.270124e-03
1.249756e-03
1.241886e-03
1.222662e-03
1.195053e-03
1.163520e-03
1.140351e-03
1.125267e-03
1.117680e-03
1.107307e-03
1.088586e-03
1.078658e-03
1.056533e-03
1.048079e-03
1.020008e-03
1.003490e-03
1.000686e-03
9.829539e-04
9.710966e-04
9.584450e-04
9.357512e-04
9.286746e-04
9.215869e-04
9.133400e-04
8.990526e-04
8.758341e-04
8.727362e-04
8.591027e-04
8.396009e-04
8.346166e-04
8.206208e-04
8.177994e-04
8.020154e-04
7.989663e-04
7.811300e-04
7.706389e-04
7.589716e-04
7.468219e-04
7.326410e-04
7.274278e-04
7.132760e-04
7.016418e-04
6.957526e-04
6.876486e-04
6.686889e-04
6.637406e-04
6.551208e-04
6.480555e-04
6.367423e-04
6.226403e-04
6.184235e-04
6.091812e-04
5.976635e-04
5.913032e-04
5.855052e-04
5.715262e-04
5.604284e-04
5.456766e-04
5.413743e-04
5.343828e-04
5.239316e-04
5.099446e-04
5.029954e-04
4.863545e-04
4.816219e-04
4.803383e-04
4.634196e-04
4.575967e-04
4.430091e-04
4.360475e-04
4.314877e-04
4.191551e-04
4.157604e-04
4.081428e-04
4.031930e-04
3.871642e-04
3.805085e-04
3.711083e-04
3.624418e-04
3.525118e-04
3.398990e-04
3.374316e-04
3.225679e-04
3.119521e-04
3.069512e-04
3.028589e-04
2.917254e-04
2.734879e-04
2.645324e-04
2.618103e-04
2.541831e-04
2.373681e-04
2.310569e-04
2.255663e-04
2.170355e-04
2.036678e-04
1.988555e-04
1.883064e-04
1.812741e-04
1.772801e-04
1.689166e-04
1.545330e-04
1.520618e-04
1.429803e-04
1.368130e-04
1.316468e-04
1.056993e-04
1.008045e-04
9.265191e-05
8.928184e-05
8.225176e-05
7.288578e-05
6.678321e-05
4.953263e-05
4.313335e-05
3.521503e-05
2.750683e-05
1.519295e-05
1.084128e-05
5.125433e-07
8.580456e-14
4.090267e-14
-4.037977e-14
-1.519024e-05
-2.607677e-05
-3.527449e-05
-4.889791e-05
-5.580254e-05
-6.290113e-05
-6.690899e-05
-8.132873e-05
-8.821306e-05
-1.059733e-04
-1.129591e-04
-1.196572e-04
-1.380449e-04
-1.391423e-04
-1.481520e-04
-1.532218e-04
-1.668581e-04
-1.717330e-04
-1.857771e-04
-1.957713e-04
-2.060652e-04
-2.106392e-04
-2.232222e-04
-2.371940e-04
-2.534516e-04
-2.580011e-04
-2.650487e-04
-2.869043e-04
-3.067133e-04
-3.166573e-04
-3.229116e-04
-3.332617e-04
-3.478678e-04
-3.517777e-04
-3.697867e-04
-3.771088e-04
-3.875805e-04
-4.035119e-04
-4.072014e-04
-4.238382e-04
-4.509407e-04
-4.605608e-04
-4.708122e-04
-4.878904e-04
-4.944649e-04
-5.169936e-04
-5.390717e-04
-5.521922e-04
-5.746273e-04
-5.894792e-04
-6.172247e-04
-6.472558e-04
-6.597932e-04
-6.968554e-04
