1.092745e+10
9.845879e+08
1.644488e+08
9.930894e+07
8.372287e+07
4.677147e+07
4.210776e+07
3.817139e+07
2.493197e+07
2.152244e+07
2.069321e+07
1.362955e+07
1.316160e+07
1.161730e+07
9.983347e+06
8.672956e+06
7.398516e+06
5.843322e+06
5.196926e+06
4.215976e+06
2.750797e+06
2.284355e+06
2.165354e+06
1.740991e+06
1.585300e+06
1.310332e+06
1.185935e+06
9.421108e+05
8.950301e+05
8.793784e+05
7.006352e+05
6.426895e+05
5.298070e+05
4.825991e+05
4.426668e+05
3.678842e+05
3.571881e+05
3.266566e+05
2.776316e+05
2.465804e+05
2.144178e+05
2.085870e+05
1.518195e+05
1.219002e+05
1.041445e+05
8.580776e+04
7.029033e+04
6.867702e+04
6.309745e+04
5.455713e+04
4.282612e+04
3.581451e+04
3.123920e+04
2.620709e+04
2.424548e+04
1.917967e+04
1.562498e+04
1.378330e+04
1.328062e+04
8.804146e+03
8.169755e+03
6.043233e+03
5.113092e+03
4.361610e+03
3.286494e+03
2.569940e+03
1.886544e+03
1.803461e+03
1.433940e+03
1.025787e+03
8.317006e+02
4.551725e+02
4.183607e+02
2.731857e+02
2.287418e+02
2.040373e+02
1.347099e+02
9.687941e+01
8.901631e+01
4.456202e+01
3.869577e+01
2.704947e+01
2.251235e+01
1.599690e+01
1.241247e+01
8.849916e+00
5.706155e+00
4.884431e+00
4.100329e+00
3.001568e+00
2.401950e+00
1.476329e+00
1.271559e+00
8.795996e-01
5.013439e-01
4.630747e-01
3.117481e-01
2.821976e-01
2.204521e-01
1.861758e-01
1.386890e-01
1.329050e-01
1.129354e-01
8.413419e-02
6.866746e-02
5.765865e-02
4.500546e-02
4.046388e-02
3.757346e-02
2.914581e-02
2.493717e-02
1.725869e-02
1.443506e-02
9.249127e-03
6.006015e-03
4.892873e-03
3.209611e-03
7.030432e-04
-2.873932e-03
-4.383745e-03
-6.926310e-03
-1.239991e-02
-1.582219e-02
-2.041838e-02
-3.488749e-02
-3.620432e-02
-4.124787e-02
-4.816834e-02
