2.783250e+10
1.067605e+10
5.585020e+09
4.817932e+09
4.518582e+09
3.661025e+09
3.412106e+09
2.754707e+09
2.529692e+09
2.394319e+09
2.190739e+09
2.108697e+09
1.874509e+09
1.797022e+09
1.711878e+09
1.618524e+09
1.608657e+09
1.503088e+09
1.332381e+09
1.285104e+09
1.244015e+09
1.225391e+09
1.153732e+09
1.116272e+09
1.073104e+09
1.044367e+09
9.998221e+08
9.737759e+08
9.518373e+08
9.277429e+08
8.913031e+08
8.678164e+08
8.384606e+08
7.800488e+08
7.700791e+08
7.492979e+08
7.352070e+08
6.886638e+08
6.830467e+08
6.541270e+08
6.356632e+08
6.176125e+08
5.929725e+08
5.820429e+08
5.680755e+08
5.227127e+08
5.191215e+08
5.171913e+08
5.050776e+08
4.778289e+08
4.716620e+08
4.558564e+08
4.509833e+08
4.428248e+08
4.405711e+08
4.161495e+08
4.063859e+08
4.021406e+08
3.830128e+08
3.794326e+08
3.713302e+08
3.556460e+08
3.512831e+08
3.428259e+08
3.364396e+08
3.274495e+08
3.244694e+08
3.161406e+08
3.064152e+08
2.933966e+08
2.915756e+08
2.789206e+08
2.752701e+08
2.696339e+08
2.585398e+08
2.535516e+08
2.484716e+08
2.368441e+08
2.327250e+08
2.206219e+08
2.172230e+08
2.105116e+08
2.045259e+08
1.996207e+08
1.948421e+08
1.879573e+08
1.844995e+08
1.807958e+08
1.783117e+08
1.755469e+08
1.708069e+08
1.662806e+08
1.571670e+08
1.547609e+08
1.472991e+08
1.435660e+08
1.314228e+08
1.305793e+08
1.234273e+08
1.162820e+08
1.137451e+08
1.123686e+08
1.099692e+08
1.058972e+08
9.951036e+07
9.680668e+07
8.814206e+07
8.210563e+07
7.440279e+07
6.985935e+07
6.799189e+07
6.311904e+07
5.657475e+07
5.065643e+07
4.759962e+07
4.282934e+07
3.995638e+07
3.658243e+07
3.409287e+07
2.771860e+07
2.565242e+07
2.320025e+07
2.261780e+07
1.809235e+07
1.473470e+07
1.234135e+07
1.153178e+07
3.371058e+05
