1.284490e+05
6.684821e+03
2.886345e+03
2.701940e+03
1.808329e+03
1.737594e+03
1.429876e+03
1.068074e+03
8.645579e+02
6.573387e+02
6.261223e+02
4.699993e+02
2.956397e+02
2.646936e+02
2.322716e+02
2.039735e+02
1.752331e+02
1.440928e+02
1.384893e+02
1.239963e+02
1.059127e+02
9.818736e+01
9.357629e+01
8.605076e+01
7.693795e+01
7.322118e+01
6.447215e+01
6.044697e+01
5.743566e+01
5.490149e+01
4.422098e+01
4.137540e+01
4.105540e+01
4.032199e+01
3.589875e+01
3.209811e+01
2.957911e+01
2.741426e+01
2.591129e+01
2.524343e+01
2.351607e+01
2.132013e+01
2.011290e+01
1.817155e+01
1.697988e+01
1.559524e+01
1.531873e+01
1.393130e+01
1.215857e+01
1.107617e+01
1.081227e+01
9.679289e+00
8.958014e+00
8.222473e+00
8.043871e+00
7.380097e+00
6.928629e+00
6.728976e+00
5.974087e+00
5.298842e+00
4.885733e+00
4.780695e+00
4.621227e+00
4.366312e+00
3.700731e+00
3.544272e+00
3.363189e+00
3.187876e+00
2.816327e+00
2.642476e+00
2.410072e+00
2.357549e+00
2.115218e+00
1.970584e+00
1.903823e+00
1.727312e+00
1.702996e+00
1.557916e+00
1.332041e+00
1.207705e+00
1.136841e+00
1.094936e+00
1.020485e+00
9.173455e-01
8.786718e-01
8.458908e-01
8.375162e-01
7.839727e-01
7.609938e-01
6.874697e-01
6.300104e-01
5.982596e-01
5.688485e-01
5.416404e-01
5.071714e-01
4.624268e-01
3.934001e-01
3.849278e-01
3.743354e-01
3.578615e-01
3.481218e-01
3.150965e-01
2.903220e-01
2.768885e-01
2.625493e-01
2.578821e-01
2.314206e-01
2.011658e-01
1.968666e-01
1.859983e-01
1.801413e-01
1.646384e-01
1.563712e-01
1.356847e-01
1.280479e-01
1.208716e-01
1.196650e-01
1.083291e-01
9.636546e-02
8.571728e-02
8.206002e-02
7.857152e-02
7.434648e-02
7.331248e-02
6.809060e-02
6.628332e-02
5.417278e-02
5.232338e-02
4.868479e-02
4.675635e-02
4.273640e-02
3.878031e-02
3.673808e-02
3.462437e-02
3.305491e-02
3.097307e-02
2.999454e-02
2.644268e-02
2.482741e-02
2.372309e-02
2.290580e-02
1.961401e-02
1.888690e-02
1.673427e-02
1.609491e-02
1.479784e-02
1.370104e-02
1.322844e-02
1.118664e-02
1.047284e-02
1.010491e-02
9.643305e-03
8.799340e-03
7.671331e-03
6.919764e-03
6.691446e-03
6.136019e-03
5.424885e-03
5.085901e-03
4.957163e-03
4.565324e-03
4.386841e-03
4.305196e-03
3.824490e-03
3.363064e-03
3.169572e-03
3.040127e-03
2.839080e-03
2.618969e-03
2.321775e-03
2.282220e-03
2.105901e-03
2.027617e-03
1.997538e-03
1.815315e-03
1.683919e-03
1.572621e-03
1.535650e-03
1.466209e-03
1.460787e-03
1.400583e-03
1.395527e-03
1.368739e-03
1.360637e-03
1.330480e-03
1.302997e-03
1.295295e-03
1.256422e-03
1.234659e-03
1.224684e-03
1.214960e-03
1.197514e-03
1.165302e-03
1.163023e-03
1.150275e-03
1.113660e-03
1.104571e-03
1.090191e-03
1.088812e-03
1.077287e-03
1.064373e-03
1.033630e-03
1.027013e-03
1.013102e-03
1.009916e-03
9.934601e-04
9.798969e-04
9.629992e-04
9.583133e-04
9.486661e-04
9.343349e-04
9.229241e-04
9.115475e-04
8.959045e-04
8.921079e-04
8.871625e-04
8.641389e-04
8.539060e-04
8.364258e-04
8.255650e-04
8.136911e-04
8.021065e-04
7.852477e-04
7.771843e-04
7.684868e-04
7.633367e-04
7.604167e-04
7.447039e-04
7.309677e-04
7.264255e-04
7.063166e-04
6.967965e-04
6.879467e-04
6.800540e-04
6.666278e-04
6.603980e-04
6.407714e-04
6.375519e-04
6.223713e-04
6.090637e-04
5.997462e-04
5.923291e-04
5.754807e-04
5.688659e-04
5.564983e-04
5.531178e-04
5.378529e-04
5.356420e-04
5.261546e-04
5.207275e-04
5.023479e-04
5.016892e-04
4.832971e-04
4.774707e-04
4.754675e-04
4.587813e-04
4.573107e-04
4.495266e-04
4.399712e-04
4.363486e-04
4.218318e-04
4.099865e-04
4.043389e-04
3.901433e-04
3.841883e-04
3.765459e-04
3.682557e-04
3.453751e-04
3.364989e-04
3.259614e-04
3.182954e-04
3.162944e-04
3.005711e-04
2.914902e-04
2.870708e-04
2.706063e-04
2.644464e-04
2.543909e-04
2.466371e-04
2.390346e-04
2.341766e-04
2.214227e-04
2.092815e-04
2.004124e-04
1.954059e-04
1.890086e-04
1.818427e-04
1.673870e-04
1.614983e-04
1.483532e-04
1.434114e-04
1.375299e-04
1.225021e-04
1.213656e-04
1.048485e-04
9.155995e-05
7.760716e-05
7.129622e-05
5.536785e-05
5.410156e-05
5.041235e-05
4.323338e-05
3.326386e-05
3.084720e-05
1.866495e-05
6.532145e-06
-7.212351e-06
-2.129142e-05
-2.966019e-05
-3.759588e-05
-4.568106e-05
-6.347987e-05
-6.419612e-05
-7.334547e-05
-7.853969e-05
-9.611757e-05
-1.024968e-04
-1.221429e-04
-1.245170e-04
-1.317201e-04
-1.386566e-04
-1.444550e-04
-1.585617e-04
-1.637112e-04
-1.666894e-04
-1.787653e-04
-1.932123e-04
-1.975874e-04
-2.121129e-04
-2.192103e-04
-2.298575e-04
-2.496867e-04
-2.565627e-04
-2.625659e-04
-2.830923e-04
-2.868987e-04
-3.006317e-04
-3.035126e-04
-3.164648e-04
-3.179784e-04
-3.315234e-04
-3.372073e-04
-3.504061e-04
-3.589600e-04
-3.770965e-04
-3.890891e-04
-3.936325e-04
-4.104504e-04
-4.268805e-04
-4.356641e-04
-4.383266e-04
-4.585651e-04
-4.841700e-04
-4.929417e-04
-5.008868e-04
-5.061050e-04
-5.158010e-04
-5.243099e-04
-5.444867e-04
-5.579011e-04
-5.709883e-04
-5.746817e-04
-5.848085e-04
-5.940765e-04
-6.101411e-04
-6.189042e-04
-6.412358e-04
-6.568673e-04
-6.592599e-04
-6.664100e-04
-6.878854e-04
-7.165772e-04
-7.227447e-04
-7.430441e-04
-7.624238e-04
-7.847922e-04
-7.897628e-04
-8.247208e-04
-8.406569e-04
-8.807927e-04
-9.046524e-04
-9.222164e-04
-9.605392e-04
-1.021950e-03
