1.280768e+05
5.749532e+03
3.049515e+03
2.954696e+03
1.790113e+03
1.639614e+03
1.323401e+03
1.121365e+03
8.203035e+02
7.146510e+02
5.927174e+02
4.660373e+02
3.171861e+02
2.630074e+02
2.377371e+02
2.064391e+02
1.712531e+02
1.631251e+02
1.528241e+02
1.285626e+02
1.175813e+02
1.028205e+02
9.764401e+01
9.312921e+01
8.115636e+01
6.886286e+01
6.719867e+01
6.103635e+01
5.603570e+01
4.988368e+01
4.536660e+01
4.366145e+01
4.125383e+01
3.815191e+01
3.427685e+01
3.174127e+01
3.042937e+01
2.915890e+01
2.752623e+01
2.658464e+01
2.436928e+01
2.242048e+01
2.031732e+01
1.914142e+01
1.681578e+01
1.561617e+01
1.423111e+01
1.391221e+01
1.256447e+01
1.223448e+01
1.046795e+01
9.868382e+00
8.980121e+00
8.606142e+00
8.254123e+00
7.770086e+00
6.968103e+00
6.746375e+00
6.279071e+00
5.875890e+00
5.544279e+00
4.977277e+00
4.873491e+00
3.833246e+00
3.628362e+00
3.353062e+00
3.301005e+00
3.083297e+00
2.847443e+00
2.651599e+00
2.587933e+00
2.325696e+00
2.252250e+00
2.213142e+00
2.136516e+00
1.963619e+00
1.780297e+00
1.634829e+00
1.596893e+00
1.484046e+00
1.367884e+00
1.265680e+00
1.188654e+00
1.138095e+00
9.591309e-01
8.766704e-01
8.025971e-01
7.564504e-01
7.070041e-01
6.942729e-01
6.338706e-01
6.038989e-01
5.510883e-01
5.154265e-01
5.099162e-01
4.880101e-01
4.563771e-01
4.071488e-01
3.844871e-01
3.647393e-01
3.522431e-01
3.332156e-01
3.053060e-01
2.720181e-01
2.699035e-01
2.552196e-01
2.409225e-01
2.348361e-01
2.250475e-01
2.088721e-01
1.875391e-01
1.796721e-01
1.662676e-01
1.524385e-01
1.317925e-01
1.249607e-01
1.157229e-01
1.068608e-01
1.026650e-01
9.566556e-02
8.786468e-02
8.488848e-02
7.808806e-02
7.463221e-02
7.228529e-02
6.262270e-02
6.115044e-02
5.884245e-02
5.079439e-02
4.952760e-02
4.599962e-02
4.331554e-02
3.570407e-02
3.460877e-02
3.365726e-02
3.204514e-02
3.075369e-02
2.832391e-02
2.696096e-02
2.363774e-02
2.214092e-02
2.179204e-02
2.016173e-02
1.929549e-02
1.804496e-02
1.451591e-02
1.399613e-02
1.305102e-02
1.150424e-02
1.054565e-02
1.026875e-02
9.354329e-03
9.291482e-03
8.582958e-03
8.504551e-03
8.020963e-03
7.668484e-03
6.748439e-03
6.345346e-03
6.163118e-03
5.928831e-03
4.965165e-03
4.719900e-03
3.999824e-03
3.874388e-03
3.570218e-03
3.430695e-03
2.974645e-03
2.805722e-03
2.702559e-03
2.628595e-03
2.466897e-03
2.377781e-03
2.138499e-03
2.100504e-03
1.864066e-03
1.822041e-03
1.686971e-03
1.611476e-03
1.578418e-03
1.494505e-03
1.458471e-03
1.427840e-03
1.390719e-03
1.371588e-03
1.371533e-03
1.342461e-03
1.308938e-03
1.296609e-03
1.279134e-03
1.252408e-03
1.242778e-03
1.204027e-03
1.187059e-03
1.163897e-03
1.156294e-03
1.150368e-03
1.124540e-03
1.114835e-03
1.095888e-03
1.088429e-03
1.070019e-03
1.056377e-03
1.043652e-03
1.030806e-03
1.023539e-03
9.987373e-04
9.763602e-04
9.696116e-04
9.562788e-04
9.444387e-04
9.337016e-04
9.305788e-04
9.090474e-04
9.010544e-04
8.844362e-04
8.820969e-04
8.736767e-04
8.575108e-04
8.334930e-04
8.273921e-04
8.094668e-04
8.021902e-04
7.943175e-04
7.814450e-04
7.771053e-04
7.710288e-04
7.607247e-04
7.473137e-04
7.326632e-04
7.118373e-04
7.005930e-04
6.940812e-04
6.868359e-04
6.695656e-04
6.597639e-04
6.547080e-04
6.485074e-04
6.343373e-04
6.262296e-04
6.124863e-04
5.990930e-04
5.883787e-04
5.845151e-04
5.728336e-04
5.627244e-04
5.570907e-04
5.460276e-04
5.412553e-04
5.275321e-04
5.238744e-04
5.069568e-04
4.964825e-04
4.824788e-04
4.759941e-04
4.635941e-04
4.567779e-04
4.506001e-04
4.397900e-04
4.375229e-04
4.307625e-04
4.116764e-04
4.038694e-04
3.940613e-04
3.821870e-04
3.750341e-04
3.738779e-04
3.649042e-04
3.547237e-04
3.448893e-04
3.287512e-04
3.199633e-04
3.098101e-04
2.900003e-04
2.772673e-04
2.682913e-04
2.662930e-04
2.604394e-04
2.488824e-04
2.433291e-04
2.270541e-04
2.186515e-04
2.167135e-04
2.107721e-04
2.042960e-04
1.964032e-04
1.816708e-04
1.725997e-04
1.694592e-04
1.640772e-04
1.495555e-04
1.422575e-04
1.374917e-04
1.265114e-04
1.065974e-04
9.917153e-05
9.079644e-05
8.607396e-05
7.428735e-05
6.713626e-05
5.611353e-05
4.445296e-05
3.913526e-05
3.022230e-05
2.182279e-05
1.056976e-05
3.924480e-07
-1.140545e-05
-2.522923e-05
-3.306252e-05
-3.812201e-05
-4.797287e-05
-6.311901e-05
-6.662818e-05
-7.962654e-05
-9.217431e-05
-9.775229e-05
-9.930811e-05
-1.051817e-04
-1.179503e-04
-1.296507e-04
-1.485651e-04
-1.501787e-04
-1.542206e-04
-1.616961e-04
-1.807228e-04
-1.899548e-04
-2.076224e-04
-2.095497e-04
-2.126201e-04
-2.280643e-04
-2.361182e-04
-2.394499e-04
-2.527433e-04
-2.716385e-04
-2.813107e-04
-2.920972e-04
-2.980041e-04
-3.050439e-04
-3.259884e-04
-3.319852e-04
-3.383729e-04
-3.500619e-04
-3.602931e-04
-3.851787e-04
-3.935194e-04
-4.043038e-04
-4.085620e-04
-4.177467e-04
-4.238155e-04
-4.284109e-04
-4.533177e-04
-4.577675e-04
-4.625341e-04
-4.822083e-04
-4.923212e-04
-5.046232e-04
-5.119956e-04
-5.317893e-04
-5.373554e-04
-5.453553e-04
-5.647779e-04
-5.700896e-04
-5.871463e-04
-6.017199e-04
-6.199343e-04
-6.374006e-04
-6.430414e-04
-6.605105e-04
-6.806564e-04
-6.931883e-04
-6.982659e-04
-7.242687e-04
-7.295295e-04
-7.370376e-04
-7.723895e-04
-7.850732e-04
-8.004960e-04
-8.287252e-04
-8.465379e-04
-8.871225e-04
-9.178140e-04
-9.411609e-04
-9.596187e-04
