6.476994e+05
2.694649e+05
2.116821e+05
1.606497e+05
1.462018e+05
1.062629e+05
1.034323e+05
9.315404e+04
8.666372e+04
7.295279e+04
6.463335e+04
6.017369e+04
5.185576e+04
5.004730e+04
3.605788e+04
3.472992e+04
3.093851e+04
2.532028e+04
1.616381e+04
1.285874e+04
1.024075e+04
9.478274e+03
7.898376e+03
7.216182e+03
6.616255e+03
6.399096e+03
5.422893e+03
4.854724e+03
3.985604e+03
3.485087e+03
3.201846e+03
2.326901e+03
2.110892e+03
1.729468e+03
1.396271e+03
1.377700e+03
1.045874e+03
8.436394e+02
8.340373e+02
6.942637e+02
6.375814e+02
5.668801e+02
4.653277e+02
3.471107e+02
3.033699e+02
2.764843e+02
2.606637e+02
2.165329e+02
1.600336e+02
1.538598e+02
1.224356e+02
8.131868e+01
7.220274e+01
6.742701e+01
5.354354e+01
4.535991e+01
3.906121e+01
3.380880e+01
3.131565e+01
2.832808e+01
2.294108e+01
1.623042e+01
1.141249e+01
9.013643e+00
7.751504e+00
7.365948e+00
5.141675e+00
4.771958e+00
4.152842e+00
3.404009e+00
2.946002e+00
2.737856e+00
2.379923e+00
2.127081e+00
1.975968e+00
1.449187e+00
9.040371e-01
7.194086e-01
6.040323e-01
5.471818e-01
4.682505e-01
3.909109e-01
2.911335e-01
2.596723e-01
1.958923e-01
1.452008e-01
1.161284e-01
1.012107e-01
8.804443e-02
5.912505e-02
5.473135e-02
4.968720e-02
4.652549e-02
4.333067e-02
3.979797e-02
3.821884e-02
3.594537e-02
3.459917e-02
3.382887e-02
3.238971e-02
3.210735e-02
3.108087e-02
2.957574e-02
2.909624e-02
2.802231e-02
2.726742e-02
2.656066e-02
2.515625e-02
2.440910e-02
2.329185e-02
2.226460e-02
2.182421e-02
1.994643e-02
1.963536e-02
1.887273e-02
1.873888e-02
1.832073e-02
1.745076e-02
1.691295e-02
1.662800e-02
1.578603e-02
1.432247e-02
1.302195e-02
1.238021e-02
1.098964e-02
1.024763e-02
8.726724e-03
5.138197e-03
