5.858368e+04
1.257066e+04
7.443491e+03
2.186137e+03
1.516081e+03
9.996161e+02
8.029827e+02
4.189607e+02
3.704189e+02
2.985744e+02
2.693628e+02
2.346116e+02
2.102120e+02
1.893653e+02
1.518947e+02
1.144005e+02
1.031242e+02
8.512065e+01
8.223152e+01
6.600119e+01
6.128558e+01
5.106419e+01
4.406131e+01
3.799291e+01
3.311840e+01
2.341586e+01
2.036259e+01
1.979566e+01
1.844632e+01
1.459700e+01
1.319780e+01
1.094553e+01
9.996292e+00
8.873054e+00
7.992323e+00
7.677666e+00
6.726904e+00
5.586319e+00
4.348610e+00
4.137222e+00
3.531457e+00
3.393350e+00
2.706794e+00
2.403256e+00
2.104087e+00
1.336979e+00
1.254851e+00
1.170158e+00
1.009998e+00
8.625004e-01
7.702644e-01
6.458605e-01
5.306341e-01
4.754255e-01
3.890988e-01
3.539822e-01
3.369218e-01
1.879124e-01
1.741640e-01
1.477697e-01
1.290945e-01
8.339571e-02
7.159670e-02
5.069445e-02
4.202208e-02
2.938920e-02
2.850117e-02
2.683865e-02
2.348124e-02
2.283278e-02
1.689489e-02
1.568012e-02
1.236723e-02
1.182799e-02
9.985103e-03
8.183598e-03
7.385000e-03
6.133582e-03
3.527784e-03
3.255594e-03
2.749510e-03
2.214389e-03
1.651861e-03
1.398978e-03
1.315216e-03
1.226078e-03
1.142783e-03
1.057077e-03
9.953154e-04
9.500094e-04
9.321458e-04
8.983279e-04
8.427922e-04
7.761304e-04
7.482284e-04
7.276246e-04
6.965530e-04
6.656393e-04
6.368494e-04
6.183070e-04
6.045151e-04
5.808139e-04
5.709246e-04
5.570914e-04
5.532362e-04
5.411714e-04
5.290546e-04
5.183835e-04
5.069311e-04
4.945074e-04
4.927075e-04
4.898262e-04
4.823129e-04
4.730422e-04
4.715201e-04
4.666530e-04
4.623954e-04
4.578501e-04
4.549480e-04
4.488356e-04
4.404369e-04
4.311577e-04
4.191057e-04
4.174145e-04
4.146629e-04
4.114740e-04
4.042897e-04
4.000945e-04
3.954413e-04
3.910839e-04
3.872692e-04
3.852896e-04
3.761424e-04
3.717833e-04
3.701167e-04
3.663686e-04
3.565108e-04
3.485552e-04
3.427841e-04
3.404428e-04
3.374518e-04
3.319774e-04
3.275386e-04
3.268955e-04
3.229536e-04
3.205173e-04
3.134349e-04
3.120764e-04
3.070007e-04
3.026405e-04
2.969670e-04
2.945130e-04
2.919525e-04
2.884347e-04
2.882207e-04
2.815314e-04
2.777435e-04
2.774347e-04
2.718525e-04
2.676483e-04
2.674975e-04
2.635214e-04
2.604057e-04
2.583776e-04
2.508271e-04
2.503939e-04
2.495158e-04
2.435633e-04
2.423990e-04
2.409393e-04
2.342495e-04
2.325064e-04
2.315484e-04
2.282086e-04
2.233812e-04
2.225590e-04
2.203533e-04
2.183119e-04
2.139513e-04
2.116697e-04
2.099259e-04
2.047248e-04
2.023870e-04
1.990493e-04
1.958753e-04
1.932956e-04
1.885670e-04
1.871817e-04
1.845294e-04
1.808889e-04
1.801148e-04
1.783163e-04
1.767946e-04
1.742580e-04
1.698186e-04
1.676150e-04
1.645625e-04
1.624742e-04
1.616590e-04
1.586504e-04
1.567377e-04
1.540990e-04
1.489384e-04
1.466146e-04
1.440199e-04
1.408382e-04
1.396083e-04
1.371339e-04
1.353587e-04
1.292581e-04
1.277809e-04
1.251841e-04
1.227060e-04
1.191270e-04
1.158326e-04
1.154182e-04
1.114788e-04
1.101214e-04
1.096107e-04
1.040262e-04
1.027186e-04
1.001351e-04
9.738738e-05
9.563993e-05
9.267478e-05
9.051470e-05
8.958246e-05
8.813223e-05
8.306808e-05
7.960529e-05
7.830227e-05
7.502199e-05
7.362042e-05
7.337772e-05
6.936704e-05
6.750602e-05
6.547174e-05
6.235538e-05
6.156222e-05
6.028902e-05
5.702821e-05
5.550873e-05
5.072417e-05
4.665325e-05
4.333899e-05
4.230357e-05
3.925398e-05
3.714962e-05
3.273665e-05
3.189965e-05
2.858375e-05
2.800438e-05
2.327505e-05
2.302843e-05
2.051631e-05
1.684724e-05
1.458028e-05
1.270497e-05
1.163593e-05
9.842746e-06
6.898856e-06
5.257640e-07
5.955345e-14
-5.956727e-14
-9.458030e-07
-2.547813e-06
-3.295835e-06
-5.866005e-06
-7.410004e-06
-1.076066e-05
-1.343754e-05
-1.619379e-05
-1.679416e-05
-2.063450e-05
-2.376414e-05
-2.680258e-05
-2.836745e-05
-3.356809e-05
-3.473858e-05
-3.658865e-05
-3.941537e-05
-4.036170e-05
-4.394667e-05
-4.604347e-05
-5.109821e-05
-5.342454e-05
-5.549139e-05
-5.781788e-05
-5.934671e-05
-6.117969e-05
-6.390508e-05
-6.507168e-05
-6.700390e-05
-7.172034e-05
-7.276743e-05
-7.567999e-05
-7.732566e-05
-7.871211e-05
-8.094720e-05
-8.737747e-05
-8.744322e-05
-9.260292e-05
-9.294308e-05
-9.441307e-05
-9.845554e-05
-9.967459e-05
-1.019654e-04
-1.052638e-04
-1.080898e-04
-1.097636e-04
-1.164070e-04
-1.173764e-04
-1.196038e-04
-1.220140e-04
-1.226776e-04
-1.271429e-04
-1.289855e-04
-1.333796e-04
-1.356546e-04
-1.412329e-04
-1.428506e-04
-1.444373e-04
-1.476987e-04
-1.511645e-04
-1.523650e-04
-1.549653e-04
-1.600044e-04
-1.614283e-04
-1.653090e-04
-1.686132e-04
-1.737782e-04
-1.776366e-04
-1.799375e-04
-1.828478e-04
-1.839889e-04
-1.856329e-04
-1.895565e-04
-1.917997e-04
-1.984220e-04
-2.002137e-04
-2.037374e-04
-2.103430e-04
-2.118546e-04
-2.132561e-04
-2.181809e-04
-2.202400e-04
-2.264126e-04
-2.278908e-04
-2.334675e-04
-2.365864e-04
-2.401704e-04
-2.431692e-04
-2.460689e-04
-2.518532e-04
-2.546760e-04
-2.599903e-04
-2.636215e-04
-2.711399e-04
-2.717324e-04
-2.781530e-04
-2.800044e-04
-2.883397e-04
-2.915018e-04
-2.982769e-04
-3.002258e-04
-3.076709e-04
-3.129173e-04
-3.173104e-04
-3.239395e-04
-3.280450e-04
-3.330308e-04
-3.448916e-04
-3.472917e-04
-3.689471e-04
-3.783366e-04
-3.891769e-04
-3.987917e-04
-4.124189e-04
-4.584844e-04
-5.536055e-04
-5.797882e-04
-7.795380e-04
-1.113589e-03
-1.161916e-03
