8.781832e+04
3.583890e+03
2.343441e+03
1.667365e+03
1.054351e+03
7.689288e+02
5.444342e+02
4.416359e+02
3.009925e+02
2.838785e+02
2.492457e+02
1.993223e+02
1.954816e+02
1.695495e+02
1.563269e+02
1.423180e+02
1.255763e+02
1.153761e+02
1.118209e+02
1.082641e+02
1.054393e+02
8.786361e+01
8.313206e+01
7.953765e+01
7.462114e+01
7.297259e+01
6.677248e+01
6.295744e+01
5.989465e+01
5.645785e+01
5.010997e+01
4.792938e+01
4.648038e+01
4.291471e+01
3.998003e+01
3.944218e+01
3.727652e+01
3.565625e+01
3.411504e+01
3.034991e+01
2.799408e+01
2.590993e+01
2.516787e+01
2.296114e+01
1.979617e+01
1.906701e+01
1.790427e+01
1.747431e+01
1.604069e+01
1.590737e+01
1.514214e+01
1.375464e+01
1.361903e+01
1.152916e+01
1.073078e+01
9.710239e+00
9.327474e+00
9.277524e+00
8.387905e+00
7.629734e+00
7.043019e+00
6.709291e+00
6.143771e+00
5.714614e+00
5.208607e+00
4.989189e+00
4.730807e+00
4.354347e+00
4.038643e+00
3.561191e+00
3.238113e+00
2.808093e+00
2.615360e+00
2.561801e+00
2.370892e+00
2.190107e+00
2.141206e+00
1.914992e+00
1.771727e+00
1.615225e+00
1.554149e+00
1.451597e+00
1.408397e+00
1.376599e+00
1.254597e+00
1.164475e+00
1.142139e+00
1.075955e+00
1.004230e+00
9.467795e-01
8.754715e-01
8.355537e-01
8.185871e-01
7.220898e-01
6.735346e-01
6.658257e-01
6.392855e-01
5.979820e-01
5.608342e-01
5.272086e-01
5.196834e-01
4.925268e-01
4.345225e-01
4.164657e-01
3.997800e-01
3.716324e-01
3.573905e-01
3.439060e-01
3.175720e-01
2.939608e-01
2.569315e-01
2.343153e-01
2.206180e-01
2.155622e-01
1.926738e-01
1.884779e-01
1.770833e-01
1.718975e-01
1.651556e-01
1.495956e-01
1.397541e-01
1.297941e-01
1.267092e-01
1.200585e-01
1.181860e-01
1.082762e-01
1.055005e-01
9.939886e-02
9.076320e-02
8.445679e-02
8.100437e-02
7.853928e-02
7.528737e-02
7.220372e-02
6.440505e-02
6.182656e-02
6.139725e-02
6.045535e-02
5.696417e-02
5.410182e-02
4.999918e-02
4.874155e-02
4.301980e-02
4.265916e-02
3.901058e-02
3.772659e-02
3.478260e-02
3.249768e-02
3.072967e-02
2.987360e-02
2.713152e-02
2.577881e-02
2.177729e-02
2.109298e-02
2.032129e-02
1.961930e-02
1.880566e-02
1.792677e-02
1.660713e-02
1.523454e-02
1.362876e-02
1.319640e-02
1.202467e-02
1.200501e-02
1.103756e-02
1.096913e-02
9.818736e-03
9.625025e-03
8.894228e-03
8.293604e-03
7.588018e-03
7.231737e-03
7.056262e-03
6.893145e-03
6.362207e-03
5.995044e-03
5.948421e-03
5.663912e-03
5.483101e-03
5.257398e-03
4.783740e-03
4.248746e-03
4.244468e-03
3.952179e-03
3.653769e-03
3.590189e-03
3.364936e-03
3.204171e-03
2.992179e-03
2.845245e-03
2.728882e-03
2.504123e-03
2.378150e-03
2.282799e-03
2.221615e-03
2.173156e-03
2.048534e-03
2.033755e-03
1.938950e-03
1.825144e-03
1.730726e-03
1.682127e-03
1.648055e-03
1.534183e-03
1.488837e-03
1.432031e-03
1.416623e-03
1.404089e-03
1.342233e-03
1.317448e-03
1.279915e-03
1.268298e-03
1.250308e-03
1.206122e-03
1.187413e-03
1.161690e-03
1.153101e-03
1.112712e-03
1.101590e-03
1.095437e-03
1.067333e-03
1.061060e-03
1.035401e-03
1.028354e-03
1.016729e-03
1.012838e-03
1.000989e-03
9.907151e-04
9.813098e-04
9.562347e-04
9.322856e-04
9.241039e-04
9.146907e-04
9.039827e-04
8.875906e-04
8.846973e-04
8.649647e-04
8.568237e-04
8.363558e-04
8.257185e-04
8.201470e-04
8.128083e-04
7.967877e-04
7.890494e-04
7.739602e-04
7.664975e-04
7.544367e-04
7.467862e-04
7.327680e-04
7.245028e-04
7.180352e-04
7.039609e-04
6.965882e-04
6.862790e-04
6.753028e-04
6.692376e-04
6.542910e-04
6.457156e-04
6.417797e-04
6.363792e-04
6.232450e-04
6.132746e-04
6.083094e-04
5.893588e-04
5.866340e-04
5.827152e-04
5.611371e-04
5.464423e-04
5.346205e-04
5.278090e-04
5.221982e-04
5.038660e-04
5.000074e-04
4.876887e-04
4.805133e-04
4.712627e-04
4.533155e-04
4.457121e-04
4.402281e-04
4.315842e-04
4.282819e-04
4.138444e-04
4.034220e-04
3.955718e-04
3.909680e-04
3.878364e-04
3.629386e-04
3.579019e-04
3.508720e-04
3.490659e-04
3.306246e-04
3.246623e-04
3.159997e-04
3.107888e-04
2.924605e-04
2.819857e-04
2.743591e-04
2.668911e-04
2.593824e-04
2.445442e-04
2.349820e-04
2.267802e-04
2.166290e-04
2.030094e-04
1.964696e-04
1.924152e-04
1.855816e-04
1.761326e-04
1.584391e-04
1.538495e-04
1.442860e-04
1.279960e-04
1.197560e-04
1.180491e-04
1.156086e-04
1.035075e-04
9.988225e-05
8.640197e-05
8.281011e-05
6.910022e-05
5.877943e-05
4.539634e-05
4.194268e-05
2.260220e-05
2.002411e-05
1.600891e-05
7.858165e-06
9.577072e-14
3.083607e-14
2.750196e-14
-5.319019e-14
-8.129115e-06
-1.460072e-05
-2.317941e-05
-4.555018e-05
-5.316607e-05
-5.349326e-05
-5.883208e-05
-7.039359e-05
-8.017108e-05
-9.320336e-05
-1.000828e-04
-1.093642e-04
-1.213960e-04
-1.413425e-04
-1.421935e-04
-1.476325e-04
-1.601512e-04
-1.738329e-04
-1.855766e-04
-1.876405e-04
-1.998163e-04
-2.062535e-04
-2.141440e-04
-2.310482e-04
-2.341542e-04
-2.504516e-04
-2.637366e-04
-2.798965e-04
-3.015033e-04
-3.083514e-04
-3.165758e-04
-3.280972e-04
-3.398668e-04
-3.472113e-04
-3.588948e-04
-3.735197e-04
-3.802658e-04
-3.843074e-04
-4.028917e-04
-4.189700e-04
-4.327130e-04
-4.469902e-04
-4.757157e-04
-4.803317e-04
-4.934621e-04
-4.999068e-04
-5.224291e-04
-5.267645e-04
-5.508192e-04
-5.774610e-04
-5.984890e-04
-6.406131e-04
-6.574095e-04
