1.211061e+13
8.876814e+12
6.790863e+12
5.175013e+12
4.645245e+12
4.100039e+12
3.885017e+12
3.638378e+12
3.336410e+12
3.133714e+12
2.945097e+12
2.723512e+12
2.630734e+12
2.504911e+12
2.476782e+12
2.342359e+12
2.220564e+12
2.183237e+12
2.100502e+12
2.054369e+12
1.974900e+12
1.936575e+12
1.907001e+12
1.868628e+12
1.790844e+12
1.739794e+12
1.658679e+12
1.620277e+12
1.578342e+12
1.535477e+12
1.526897e+12
1.508419e+12
1.457817e+12
1.438662e+12
1.416317e+12
1.351038e+12
1.328280e+12
1.279590e+12
1.263054e+12
1.241008e+12
1.214302e+12
1.189646e+12
1.159281e+12
1.131679e+12
1.110564e+12
1.081563e+12
1.072552e+12
1.057907e+12
1.052029e+12
1.040372e+12
1.006571e+12
9.847983e+11
9.747308e+11
9.471888e+11
9.392376e+11
9.147592e+11
8.906179e+11
8.845392e+11
8.693318e+11
8.528845e+11
8.317448e+11
8.081833e+11
7.954097e+11
7.776540e+11
7.749842e+11
7.696089e+11
7.492665e+11
7.390287e+11
7.337020e+11
7.257709e+11
7.175088e+11
7.075354e+11
6.939691e+11
6.810802e+11
6.786674e+11
6.715690e+11
6.472138e+11
6.352703e+11
6.295649e+11
6.169376e+11
6.007138e+11
5.967713e+11
5.947118e+11
5.844055e+11
5.836027e+11
5.766686e+11
5.698794e+11
5.621023e+11
5.613242e+11
5.490899e+11
5.446755e+11
5.340389e+11
5.313018e+11
5.173974e+11
5.149452e+11
5.051356e+11
4.992800e+11
4.876362e+11
4.836525e+11
4.810627e+11
4.724724e+11
4.631774e+11
4.581059e+11
4.528010e+11
4.445639e+11
4.359150e+11
4.259377e+11
4.232505e+11
4.208694e+11
4.143760e+11
4.074458e+11
4.055068e+11
3.977223e+11
3.839261e+11
3.798932e+11
3.746980e+11
3.669604e+11
3.640013e+11
3.617632e+11
3.537338e+11
3.472400e+11
3.359808e+11
3.346942e+11
3.111841e+11
2.846457e+11
2.784948e+11
1.756767e+11
4.341063e+10
