1.286921e+05
5.903119e+03
3.215555e+03
2.975601e+03
2.077757e+03
1.748390e+03
1.386314e+03
1.137430e+03
9.240928e+02
7.469827e+02
6.581213e+02
4.809597e+02
3.070539e+02
2.946152e+02
2.483132e+02
2.195065e+02
1.664171e+02
1.596636e+02
1.406015e+02
1.149221e+02
1.103496e+02
9.719061e+01
9.230112e+01
8.600815e+01
7.596246e+01
6.909805e+01
6.767256e+01
6.438122e+01
5.530290e+01
5.311149e+01
4.701077e+01
4.219890e+01
3.904329e+01
3.471122e+01
3.365349e+01
3.107102e+01
2.932591e+01
2.776564e+01
2.384398e+01
2.177303e+01
2.043897e+01
2.003651e+01
1.916704e+01
1.741644e+01
1.625239e+01
1.405593e+01
1.315259e+01
1.291946e+01
1.223880e+01
1.174437e+01
1.094776e+01
1.048008e+01
9.237447e+00
8.568941e+00
8.063830e+00
7.071430e+00
6.713154e+00
6.537292e+00
5.926964e+00
5.815693e+00
5.393705e+00
4.591122e+00
3.924326e+00
3.633638e+00
3.525314e+00
3.225741e+00
3.167373e+00
3.034965e+00
2.860573e+00
2.672825e+00
2.389228e+00
2.259618e+00
1.920904e+00
1.828053e+00
1.747669e+00
1.655277e+00
1.565237e+00
1.536906e+00
1.454319e+00
1.229751e+00
1.169728e+00
1.105272e+00
9.233042e-01
8.790089e-01
8.494199e-01
7.994468e-01
7.942317e-01
7.509296e-01
6.800229e-01
6.669653e-01
6.222687e-01
5.922701e-01
5.608326e-01
5.299292e-01
4.800455e-01
4.216657e-01
4.005223e-01
3.742772e-01
3.601165e-01
3.218583e-01
2.806674e-01
2.663045e-01
2.409969e-01
2.301126e-01
2.126421e-01
2.068466e-01
1.989178e-01
1.841331e-01
1.665406e-01
1.553678e-01
1.500743e-01
1.471343e-01
1.416713e-01
1.246313e-01
1.223500e-01
1.150614e-01
1.005748e-01
9.948768e-02
9.471582e-02
8.343989e-02
8.102896e-02
7.094429e-02
6.536700e-02
6.255209e-02
6.117417e-02
5.867300e-02
5.550574e-02
5.294042e-02
4.947662e-02
4.613084e-02
4.039778e-02
3.504843e-02
3.401665e-02
3.210260e-02
2.951904e-02
2.840496e-02
2.540943e-02
2.492440e-02
2.255647e-02
2.200605e-02
1.958624e-02
1.922245e-02
1.799770e-02
1.643136e-02
1.607217e-02
1.375670e-02
1.279181e-02
1.231433e-02
1.051727e-02
9.117901e-03
8.384191e-03
7.686111e-03
6.661523e-03
6.324807e-03
6.183983e-03
6.010527e-03
5.614773e-03
5.102968e-03
4.815505e-03
4.393958e-03
3.671137e-03
3.357214e-03
3.278132e-03
2.972311e-03
2.862707e-03
2.571968e-03
2.293359e-03
2.095316e-03
2.021304e-03
1.879171e-03
1.777385e-03
1.680982e-03
1.621295e-03
1.546379e-03
1.518440e-03
1.478247e-03
1.449495e-03
1.402484e-03
1.389357e-03
1.358814e-03
1.335168e-03
1.309277e-03
1.289559e-03
1.274220e-03
1.268401e-03
1.252956e-03
1.249192e-03
1.234524e-03
1.195541e-03
1.187524e-03
1.183666e-03
1.156414e-03
1.144578e-03
1.133586e-03
1.101902e-03
1.093172e-03
1.075211e-03
1.070005e-03
1.054771e-03
1.037375e-03
1.033283e-03
1.025539e-03
1.005027e-03
9.960453e-04
9.795266e-04
9.577016e-04
9.542630e-04
9.485085e-04
9.348642e-04
9.240393e-04
9.145393e-04
9.019768e-04
8.874686e-04
8.780854e-04
8.765073e-04
8.638001e-04
8.540802e-04
8.385525e-04
8.355261e-04
8.260061e-04
8.133337e-04
8.050277e-04
7.961051e-04
7.933647e-04
7.728787e-04
7.635485e-04
7.481879e-04
7.322215e-04
7.218124e-04
7.122211e-04
7.047480e-04
6.967095e-04
6.790770e-04
6.695235e-04
6.669994e-04
6.492980e-04
6.373202e-04
6.272708e-04
6.211647e-04
6.087475e-04
6.033737e-04
5.954448e-04
5.848555e-04
5.634128e-04
5.537975e-04
5.453610e-04
5.337067e-04
5.314554e-04
5.177765e-04
5.158274e-04
5.044792e-04
4.910617e-04
4.838771e-04
4.808700e-04
4.620374e-04
4.528619e-04
4.478976e-04
4.383182e-04
4.290971e-04
4.228672e-04
4.026211e-04
3.960507e-04
3.869244e-04
3.767535e-04
3.559309e-04
3.486496e-04
3.395119e-04
3.371415e-04
3.270691e-04
3.243119e-04
3.124011e-04
3.056451e-04
2.963914e-04
2.934340e-04
2.776687e-04
2.653839e-04
2.546032e-04
2.435705e-04
2.352614e-04
2.285426e-04
2.267864e-04
2.148427e-04
1.998708e-04
1.908896e-04
1.867247e-04
1.699045e-04
1.577125e-04
1.526264e-04
1.447808e-04
1.402936e-04
1.216278e-04
1.148834e-04
1.102284e-04
1.056086e-04
8.069712e-05
7.455421e-05
5.978830e-05
5.281858e-05
5.005349e-05
3.803912e-05
3.163294e-05
2.138971e-05
1.998829e-05
-7.995341e-06
-1.326157e-05
-1.487033e-05
-1.926006e-05
-3.894720e-05
-4.713975e-05
-5.735035e-05
-6.309526e-05
-6.964094e-05
-8.102750e-05
-8.715550e-05
-1.084553e-04
-1.119848e-04
-1.286704e-04
-1.313340e-04
-1.403036e-04
-1.529590e-04
-1.632231e-04
-1.679351e-04
-1.773440e-04
-1.820789e-04
-1.880620e-04
-1.969276e-04
-2.149541e-04
-2.181308e-04
-2.297552e-04
-2.368194e-04
-2.498406e-04
-2.657375e-04
-2.731571e-04
-2.922388e-04
-3.037747e-04
-3.083692e-04
-3.140265e-04
-3.186481e-04
-3.270476e-04
-3.421848e-04
-3.449351e-04
-3.569147e-04
-3.646426e-04
-3.855537e-04
-3.921667e-04
-4.035457e-04
-4.117744e-04
-4.210403e-04
-4.318084e-04
-4.579792e-04
-4.599647e-04
-4.687298e-04
-4.925848e-04
-5.017561e-04
-5.102195e-04
-5.179108e-04
-5.351785e-04
-5.397658e-04
-5.612436e-04
-5.750713e-04
-5.826807e-04
-5.898898e-04
-5.955848e-04
-6.129020e-04
-6.347743e-04
-6.419572e-04
-6.460273e-04
-6.529141e-04
-6.894119e-04
-6.917070e-04
-7.117474e-04
-7.193555e-04
-7.356935e-04
-7.557906e-04
-7.618162e-04
-7.872044e-04
-7.920565e-04
-8.202865e-04
-8.368258e-04
-8.565152e-04
-8.862697e-04
-9.176371e-04
-9.294622e-04
-9.428044e-04
