1.276229e+05
6.555880e+03
2.834101e+03
2.730280e+03
1.739561e+03
1.552547e+03
1.465978e+03
1.032785e+03
8.779751e+02
6.266580e+02
5.834711e+02
4.321312e+02
2.873495e+02
2.622625e+02
2.168508e+02
2.104852e+02
1.878156e+02
1.578234e+02
1.287456e+02
1.226131e+02
1.126061e+02
1.071233e+02
1.013692e+02
8.315623e+01
7.453692e+01
7.099958e+01
6.531014e+01
6.234908e+01
5.930280e+01
5.191745e+01
4.556280e+01
4.426819e+01
4.028624e+01
3.916337e+01
3.546318e+01
3.351762e+01
3.100871e+01
3.017339e+01
2.892311e+01
2.793574e+01
2.535536e+01
2.455636e+01
2.200560e+01
2.022307e+01
1.733944e+01
1.639779e+01
1.569530e+01
1.486268e+01
1.409299e+01
1.205998e+01
1.071031e+01
9.762923e+00
9.565718e+00
8.709549e+00
8.033150e+00
7.573757e+00
7.054652e+00
6.952281e+00
6.717910e+00
6.084116e+00
5.961274e+00
5.729882e+00
4.719255e+00
4.286984e+00
4.102885e+00
3.795727e+00
3.496922e+00
3.214519e+00
2.914440e+00
2.873299e+00
2.595590e+00
2.327250e+00
2.297618e+00
2.093906e+00
2.053181e+00
1.967115e+00
1.782558e+00
1.653772e+00
1.564321e+00
1.467016e+00
1.380455e+00
1.228783e+00
1.180924e+00
1.069885e+00
1.018780e+00
9.174767e-01
8.583397e-01
8.340150e-01
7.934337e-01
7.131794e-01
6.892829e-01
6.801040e-01
6.298730e-01
5.986832e-01
5.750885e-01
5.252119e-01
4.971808e-01
4.583935e-01
4.093297e-01
4.000313e-01
3.750848e-01
3.521380e-01
3.341922e-01
3.106494e-01
2.780098e-01
2.639168e-01
2.574813e-01
2.488837e-01
2.301971e-01
2.271647e-01
2.057114e-01
2.012941e-01
1.760865e-01
1.631099e-01
1.547434e-01
1.426233e-01
1.355111e-01
1.188012e-01
1.089438e-01
1.043696e-01
9.257232e-02
9.163649e-02
8.168374e-02
7.316020e-02
6.990375e-02
6.903261e-02
6.496306e-02
6.215906e-02
5.615882e-02
5.291262e-02
4.796542e-02
4.428826e-02
3.962203e-02
3.545979e-02
3.239685e-02
2.857570e-02
2.835670e-02
2.468739e-02
2.420476e-02
2.338688e-02
2.282577e-02
1.946223e-02
1.837874e-02
1.689543e-02
1.564558e-02
1.540709e-02
1.415398e-02
1.389038e-02
1.277513e-02
1.260930e-02
1.144400e-02
9.844094e-03
9.183343e-03
8.443536e-03
8.027094e-03
7.438945e-03
6.743381e-03
6.325726e-03
6.022246e-03
5.706403e-03
5.330705e-03
5.001980e-03
4.475226e-03
4.292913e-03
4.126421e-03
3.751200e-03
3.479737e-03
2.808020e-03
2.596785e-03
2.526922e-03
2.464371e-03
2.277563e-03
2.122505e-03
2.069728e-03
1.845854e-03
1.728909e-03
1.678460e-03
1.622520e-03
1.582204e-03
1.565836e-03
1.557620e-03
1.485816e-03
1.469302e-03
1.437448e-03
1.385942e-03
1.361916e-03
1.351910e-03
1.332389e-03
1.314020e-03
1.292045e-03
1.248138e-03
1.236020e-03
1.218230e-03
1.207393e-03
1.184843e-03
1.173020e-03
1.154011e-03
1.136075e-03
1.129940e-03
1.121595e-03
1.103033e-03
1.098239e-03
1.081733e-03
1.065564e-03
1.061089e-03
1.043296e-03
1.017362e-03
1.006081e-03
1.001511e-03
9.763474e-04
9.577072e-04
9.539791e-04
9.470473e-04
9.214584e-04
9.089692e-04
9.010189e-04
8.972373e-04
8.684651e-04
8.592054e-04
8.584331e-04
8.475260e-04
8.402692e-04
8.385531e-04
8.086388e-04
7.984327e-04
7.823416e-04
7.714326e-04
7.631188e-04
7.530453e-04
7.482570e-04
7.391949e-04
7.317578e-04
7.155612e-04
7.039480e-04
7.022933e-04
6.834870e-04
6.677317e-04
6.628570e-04
6.547434e-04
6.374504e-04
6.268653e-04
6.200781e-04
6.154131e-04
6.053897e-04
5.961086e-04
5.753385e-04
5.718577e-04
5.583993e-04
5.498288e-04
5.433114e-04
5.326924e-04
5.300564e-04
5.030786e-04
5.015160e-04
4.818787e-04
4.789119e-04
4.743463e-04
4.620765e-04
4.600279e-04
4.370075e-04
4.343310e-04
4.279870e-04
4.107731e-04
4.012720e-04
3.918581e-04
3.759500e-04
3.724900e-04
3.575668e-04
3.549446e-04
3.520933e-04
3.306272e-04
3.216109e-04
3.203072e-04
3.163879e-04
3.075991e-04
2.992843e-04
2.915139e-04
2.848356e-04
2.651980e-04
2.558022e-04
2.477644e-04
2.403006e-04
2.270078e-04
2.199207e-04
2.121837e-04
1.992916e-04
1.871897e-04
1.742469e-04
1.729132e-04
1.631630e-04
1.566863e-04
1.392999e-04
1.353362e-04
1.266165e-04
1.208287e-04
1.064078e-04
9.992766e-05
9.711157e-05
8.861587e-05
7.535859e-05
5.684321e-05
5.185452e-05
4.564585e-05
3.661024e-05
2.056533e-05
1.477954e-05
1.347913e-05
7.611612e-06
-3.266753e-06
-1.651682e-05
-2.634681e-05
-3.517080e-05
-3.947751e-05
-5.089674e-05
-6.653987e-05
-7.576609e-05
-8.066998e-05
-9.895524e-05
-1.064644e-04
-1.104075e-04
-1.196821e-04
-1.309560e-04
-1.447976e-04
-1.508996e-04
-1.580104e-04
-1.692998e-04
-1.699956e-04
-1.905431e-04
-1.981588e-04
-2.175179e-04
-2.311057e-04
-2.347008e-04
-2.489921e-04
-2.533638e-04
-2.579081e-04
-2.793994e-04
-2.859897e-04
-2.916362e-04
-3.060735e-04
-3.150782e-04
-3.236395e-04
-3.282481e-04
-3.407005e-04
-3.454016e-04
-3.641421e-04
-3.836166e-04
-3.861414e-04
-4.043128e-04
-4.123680e-04
-4.278600e-04
-4.325208e-04
-4.474693e-04
-4.556164e-04
-4.632101e-04
-4.711850e-04
-4.936974e-04
-5.057618e-04
-5.145409e-04
-5.217362e-04
-5.415282e-04
-5.474462e-04
-5.645159e-04
-5.732985e-04
-5.897682e-04
-5.900887e-04
-6.093967e-04
-6.271611e-04
-6.339324e-04
-6.562861e-04
-6.629194e-04
-6.720435e-04
-6.807297e-04
-7.120542e-04
-7.167255e-04
-7.305031e-04
-7.490592e-04
-7.519462e-04
-7.721237e-04
-8.113288e-04
-8.454353e-04
-8.638643e-04
-9.058493e-04
-9.600932e-04
-9.932225e-04
