1.281084e+05
6.072246e+03
2.948490e+03
2.532386e+03
1.985939e+03
1.793327e+03
1.478797e+03
9.409933e+02
8.572323e+02
8.035391e+02
6.687597e+02
4.816849e+02
3.233913e+02
2.843084e+02
2.599628e+02
2.346517e+02
1.849181e+02
1.607156e+02
1.498728e+02
1.388382e+02
1.237540e+02
1.075880e+02
9.747823e+01
8.376555e+01
8.020691e+01
7.197818e+01
6.876079e+01
6.307621e+01
5.652832e+01
5.339232e+01
4.986344e+01
4.676545e+01
4.503503e+01
4.067336e+01
3.553376e+01
3.268187e+01
3.172561e+01
2.929900e+01
2.822816e+01
2.557349e+01
2.419555e+01
2.311185e+01
2.155625e+01
1.896309e+01
1.662613e+01
1.558326e+01
1.422197e+01
1.333322e+01
1.243820e+01
1.216002e+01
1.124519e+01
9.656045e+00
9.303043e+00
8.904600e+00
8.328404e+00
8.120944e+00
7.072576e+00
6.914791e+00
6.167899e+00
5.534824e+00
5.041135e+00
4.776392e+00
4.451701e+00
3.895121e+00
3.720180e+00
3.581735e+00
3.254425e+00
3.077067e+00
2.821808e+00
2.725988e+00
2.433298e+00
2.399011e+00
2.277135e+00
2.124515e+00
1.976881e+00
1.771490e+00
1.680012e+00
1.595691e+00
1.472931e+00
1.402716e+00
1.267170e+00
1.170027e+00
1.064352e+00
9.907297e-01
9.187260e-01
8.579684e-01
8.119452e-01
7.850198e-01
7.722217e-01
6.738562e-01
6.301256e-01
5.911202e-01
5.616585e-01
5.182219e-01
5.048865e-01
4.801564e-01
4.528834e-01
4.366478e-01
3.867636e-01
3.505160e-01
3.276820e-01
3.163495e-01
2.817988e-01
2.634272e-01
2.416839e-01
2.310117e-01
2.202952e-01
2.058022e-01
1.960562e-01
1.841192e-01
1.665327e-01
1.425148e-01
1.358961e-01
1.225692e-01
1.191988e-01
1.132664e-01
1.021593e-01
9.906032e-02
9.739175e-02
9.013829e-02
8.198851e-02
8.000896e-02
7.234576e-02
6.483457e-02
6.291670e-02
5.838183e-02
5.336844e-02
4.985290e-02
4.714749e-02
4.314350e-02
3.950520e-02
3.719619e-02
3.121586e-02
3.008400e-02
2.899024e-02
2.730952e-02
2.317888e-02
1.961613e-02
1.767853e-02
1.711901e-02
1.667386e-02
1.509372e-02
1.343898e-02
1.235731e-02
1.130331e-02
1.090832e-02
1.002483e-02
9.492797e-03
8.934150e-03
8.524729e-03
7.523230e-03
7.415363e-03
6.281413e-03
5.985481e-03
5.443001e-03
4.950677e-03
4.608134e-03
4.288717e-03
3.902156e-03
3.682428e-03
3.523182e-03
3.403066e-03
3.182991e-03
2.829142e-03
2.463441e-03
2.311501e-03
2.215913e-03
2.185028e-03
2.021611e-03
1.882157e-03
1.842226e-03
1.826639e-03
1.770510e-03
1.733816e-03
1.714733e-03
1.615023e-03
1.560793e-03
1.542038e-03
1.472523e-03
1.463301e-03
1.430472e-03
1.410794e-03
1.369616e-03
1.351751e-03
1.340728e-03
1.317184e-03
1.285800e-03
1.273119e-03
1.253643e-03
1.217196e-03
1.212638e-03
1.188228e-03
1.182632e-03
1.174647e-03
1.156650e-03
1.142863e-03
1.119580e-03
1.107026e-03
1.094072e-03
1.077474e-03
1.060322e-03
1.050675e-03
1.028143e-03
1.010316e-03
1.001723e-03
9.985873e-04
9.934275e-04
9.657108e-04
9.599936e-04
9.435173e-04
9.358608e-04
9.189963e-04
8.983756e-04
8.865851e-04
8.823683e-04
8.718402e-04
8.588202e-04
8.475809e-04
8.393085e-04
8.327884e-04
8.207472e-04
8.082865e-04
7.961545e-04
7.877058e-04
7.764921e-04
7.655423e-04
7.602489e-04
7.511214e-04
7.200332e-04
7.152001e-04
7.059273e-04
7.040043e-04
6.979491e-04
6.813693e-04
6.641313e-04
6.553729e-04
6.476834e-04
6.399928e-04
6.290614e-04
6.229740e-04
6.088257e-04
6.004446e-04
5.886180e-04
5.814927e-04
5.798112e-04
5.578807e-04
5.550440e-04
5.350967e-04
5.233117e-04
5.195074e-04
5.090404e-04
5.014319e-04
4.934646e-04
4.913033e-04
4.839389e-04
4.773138e-04
4.659416e-04
4.530631e-04
4.398379e-04
4.316757e-04
4.265810e-04
4.104759e-04
4.009230e-04
3.887210e-04
3.752618e-04
3.726703e-04
3.632887e-04
3.497424e-04
3.377355e-04
3.269873e-04
3.192272e-04
3.138804e-04
3.026063e-04
2.859750e-04
2.800827e-04
2.722550e-04
2.667984e-04
2.536216e-04
2.424547e-04
2.353853e-04
2.304773e-04
2.118466e-04
2.047313e-04
2.002524e-04
1.890350e-04
1.805221e-04
1.749637e-04
1.617994e-04
1.500732e-04
1.431237e-04
1.292655e-04
1.278735e-04
1.180920e-04
1.089254e-04
9.843001e-05
9.692404e-05
9.453540e-05
7.756491e-05
6.927854e-05
5.636723e-05
4.211674e-05
2.953177e-05
2.392001e-05
1.996882e-05
9.412964e-06
3.549914e-06
-2.808898e-07
-4.137246e-06
-3.597436e-05
-3.978892e-05
-4.433546e-05
-6.451624e-05
-7.236230e-05
-7.950288e-05
-8.657256e-05
-8.857410e-05
-9.457218e-05
-9.700842e-05
-1.065334e-04
-1.300871e-04
-1.455863e-04
-1.512888e-04
-1.651447e-04
-1.708247e-04
-1.749389e-04
-1.800446e-04
-1.992445e-04
-2.132811e-04
-2.182286e-04
-2.265408e-04
-2.397369e-04
-2.497852e-04
-2.546014e-04
-2.698514e-04
-2.803765e-04
-2.880653e-04
-2.935567e-04
-2.977227e-04
-3.174479e-04
-3.251712e-04
-3.373516e-04
-3.507046e-04
-3.591961e-04
-3.643847e-04
-3.716114e-04
-3.749383e-04
-3.845852e-04
-3.895340e-04
-4.013912e-04
-4.190172e-04
-4.254336e-04
-4.473925e-04
-4.644671e-04
-4.790725e-04
-5.027972e-04
-5.081164e-04
-5.237078e-04
-5.461563e-04
-5.491440e-04
-5.599549e-04
-5.657171e-04
-5.815208e-04
-5.874138e-04
-5.941703e-04
-6.036104e-04
-6.150848e-04
-6.336617e-04
-6.639001e-04
-6.669687e-04
-6.908061e-04
-7.045390e-04
-7.130656e-04
-7.242069e-04
-7.309737e-04
-7.562493e-04
-7.807883e-04
-8.073169e-04
-8.167223e-04
-8.466246e-04
-8.572962e-04
-8.763450e-04
-9.052115e-04
-9.320751e-04
-9.698971e-04
