1.243889e+05
6.228030e+03
3.394520e+03
2.148816e+03
2.006737e+03
1.421687e+03
1.062289e+03
8.105608e+02
7.673237e+02
6.333392e+02
5.017048e+02
4.223356e+02
3.395817e+02
3.056378e+02
2.866382e+02
2.638512e+02
2.090786e+02
1.881448e+02
1.695022e+02
1.561024e+02
1.438687e+02
1.404319e+02
1.152960e+02
9.961224e+01
9.102908e+01
8.858923e+01
8.328708e+01
7.523357e+01
7.110692e+01
6.455099e+01
5.667918e+01
5.622650e+01
4.951761e+01
4.770677e+01
4.407920e+01
3.924097e+01
3.825400e+01
3.732941e+01
3.522069e+01
3.423884e+01
2.884377e+01
2.774825e+01
2.651564e+01
2.452902e+01
2.178725e+01
2.106411e+01
2.012474e+01
1.694740e+01
1.641148e+01
1.539882e+01
1.416295e+01
1.277614e+01
1.129458e+01
1.097176e+01
1.000350e+01
9.414828e+00
8.838765e+00
8.701323e+00
7.646178e+00
7.152964e+00
6.799319e+00
6.606579e+00
6.127733e+00
5.442396e+00
4.820080e+00
4.618298e+00
4.164142e+00
3.950394e+00
3.582841e+00
3.438595e+00
3.318051e+00
2.880234e+00
2.665790e+00
2.630651e+00
2.423291e+00
2.398275e+00
2.130924e+00
1.676702e+00
1.614793e+00
1.487909e+00
1.312319e+00
1.301173e+00
1.198284e+00
1.170680e+00
1.088061e+00
1.045563e+00
1.005374e+00
9.465141e-01
8.110865e-01
7.751049e-01
7.065749e-01
6.951538e-01
6.459197e-01
5.900128e-01
5.606399e-01
5.312863e-01
5.153929e-01
4.753407e-01
4.312217e-01
3.905281e-01
3.596816e-01
3.245350e-01
3.006410e-01
2.896111e-01
2.562307e-01
2.379767e-01
2.233512e-01
2.115434e-01
2.077587e-01
1.948334e-01
1.899056e-01
1.677264e-01
1.663805e-01
1.483943e-01
1.390405e-01
1.323964e-01
1.233179e-01
1.092767e-01
1.069177e-01
9.751533e-02
9.174012e-02
8.873642e-02
8.125074e-02
7.815217e-02
7.376794e-02
6.703816e-02
6.446498e-02
6.195671e-02
5.876751e-02
5.010566e-02
4.517240e-02
4.325742e-02
3.749548e-02
3.435058e-02
3.161752e-02
2.977872e-02
2.638546e-02
2.611047e-02
2.447788e-02
2.178677e-02
2.113573e-02
1.904326e-02
1.683367e-02
1.459569e-02
1.409664e-02
1.279814e-02
1.240267e-02
1.221604e-02
1.120901e-02
9.711533e-03
8.927021e-03
8.048516e-03
7.369719e-03
6.444119e-03
6.005656e-03
5.729138e-03
5.354539e-03
4.867843e-03
4.491829e-03
4.248184e-03
3.711740e-03
3.272542e-03
3.092134e-03
2.859199e-03
2.743434e-03
2.672331e-03
2.497845e-03
2.399419e-03
2.216741e-03
2.127009e-03
2.067450e-03
1.823012e-03
1.707626e-03
1.669317e-03
1.597184e-03
1.582863e-03
1.505842e-03
1.497693e-03
1.466528e-03
1.437741e-03
1.397579e-03
1.377313e-03
1.336036e-03
1.308602e-03
1.292129e-03
1.279764e-03
1.262995e-03
1.245139e-03
1.211966e-03
1.202835e-03
1.188411e-03
1.168196e-03
1.156871e-03
1.136522e-03
1.132256e-03
1.119412e-03
1.106326e-03
1.096747e-03
1.089799e-03
1.072880e-03
1.057649e-03
1.037423e-03
1.034391e-03
1.013021e-03
1.003304e-03
9.981432e-04
9.787490e-04
9.725404e-04
9.537406e-04
9.404458e-04
9.290317e-04
9.072734e-04
8.958445e-04
8.861247e-04
8.741016e-04
8.679147e-04
8.633203e-04
8.535660e-04
8.376724e-04
8.299502e-04
8.231603e-04
8.119799e-04
8.007977e-04
7.862225e-04
7.760078e-04
7.717988e-04
7.604119e-04
7.465947e-04
7.395379e-04
7.312183e-04
7.239664e-04
7.187197e-04
7.084772e-04
6.984235e-04
6.811574e-04
6.634950e-04
6.566194e-04
6.520496e-04
6.441090e-04
6.373972e-04
6.288360e-04
6.236051e-04
6.152049e-04
5.997244e-04
5.917497e-04
5.797389e-04
5.779271e-04
5.729208e-04
5.659755e-04
5.549344e-04
5.485209e-04
5.368066e-04
5.362004e-04
5.138101e-04
5.082748e-04
5.015057e-04
4.852625e-04
4.705205e-04
4.648371e-04
4.594436e-04
4.404061e-04
4.343523e-04
4.314341e-04
4.259938e-04
4.117277e-04
4.099582e-04
3.963363e-04
3.873610e-04
3.779475e-04
3.729020e-04
3.623411e-04
3.497663e-04
3.494806e-04
3.420392e-04
3.245827e-04
3.180613e-04
3.104004e-04
3.034630e-04
2.881366e-04
2.879215e-04
2.768266e-04
2.743153e-04
2.700174e-04
2.529395e-04
2.445150e-04
2.344575e-04
2.310517e-04
2.173975e-04
2.052512e-04
2.016907e-04
1.796031e-04
1.708888e-04
1.563614e-04
1.542566e-04
1.465765e-04
1.430683e-04
1.260445e-04
1.218847e-04
1.106863e-04
1.047351e-04
9.570656e-05
8.371621e-05
7.429127e-05
7.210562e-05
6.698521e-05
6.055267e-05
4.560451e-05
4.223394e-05
3.792967e-05
1.779777e-05
9.568736e-06
8.518937e-07
-1.519070e-05
-1.695142e-05
-2.700228e-05
-3.990965e-05
-5.053726e-05
-5.428384e-05
-5.542906e-05
-6.486887e-05
-7.687314e-05
-8.480944e-05
-9.504738e-05
-1.078433e-04
-1.198130e-04
-1.333090e-04
-1.384164e-04
-1.406443e-04
-1.441469e-04
-1.544033e-04
-1.696000e-04
-1.787275e-04
-1.948305e-04
-2.017189e-04
-2.091947e-04
-2.158159e-04
-2.232946e-04
-2.334546e-04
-2.472933e-04
-2.506646e-04
-2.605596e-04
-2.657621e-04
-2.879472e-04
-2.935302e-04
-3.006079e-04
-3.146108e-04
-3.180499e-04
-3.356666e-04
-3.413360e-04
-3.470593e-04
-3.625152e-04
-3.719212e-04
-3.863132e-04
-4.079101e-04
-4.142896e-04
-4.256654e-04
-4.333475e-04
-4.435215e-04
-4.613269e-04
-4.739318e-04
-4.892482e-04
-4.956100e-04
-5.030854e-04
-5.246897e-04
-5.269834e-04
-5.291166e-04
-5.356779e-04
-5.745631e-04
-5.931662e-04
-5.998446e-04
-6.096456e-04
-6.121516e-04
-6.385586e-04
-6.479674e-04
-6.625080e-04
-6.822645e-04
-7.108701e-04
-7.128773e-04
-7.299809e-04
-7.424424e-04
-7.688560e-04
-7.983477e-04
-8.148546e-04
-8.290068e-04
