1.286269e+05
6.234375e+03
3.017575e+03
2.581409e+03
1.851138e+03
1.625555e+03
1.518156e+03
1.017491e+03
8.990784e+02
7.276957e+02
6.333032e+02
5.114081e+02
3.045955e+02
2.602640e+02
2.051559e+02
1.984069e+02
1.685235e+02
1.589201e+02
1.463636e+02
1.251080e+02
1.005298e+02
9.697963e+01
9.452065e+01
8.543908e+01
7.261051e+01
7.152188e+01
6.375012e+01
5.990047e+01
5.667496e+01
5.380820e+01
4.888002e+01
4.436952e+01
3.929388e+01
3.847100e+01
3.534192e+01
3.344830e+01
3.098925e+01
2.836027e+01
2.631494e+01
2.503310e+01
2.394635e+01
2.146465e+01
2.078571e+01
1.900653e+01
1.762721e+01
1.665491e+01
1.396505e+01
1.358802e+01
1.320060e+01
1.170490e+01
1.054303e+01
1.035010e+01
9.107661e+00
8.663136e+00
8.397429e+00
8.047514e+00
7.199805e+00
6.833908e+00
6.447844e+00
5.810154e+00
5.386238e+00
4.844176e+00
4.258687e+00
4.057044e+00
3.483777e+00
3.331416e+00
3.120282e+00
2.929836e+00
2.888143e+00
2.480039e+00
2.377738e+00
2.249745e+00
2.150877e+00
2.063361e+00
1.887300e+00
1.746700e+00
1.591110e+00
1.494136e+00
1.311616e+00
1.275738e+00
1.162719e+00
1.105331e+00
1.029216e+00
9.770615e-01
9.300387e-01
8.352841e-01
7.936096e-01
7.763563e-01
7.430005e-01
6.925695e-01
6.404864e-01
6.234373e-01
5.619336e-01
4.958041e-01
4.619862e-01
4.479476e-01
4.249693e-01
3.877802e-01
3.706146e-01
3.434532e-01
3.306633e-01
2.909403e-01
2.806518e-01
2.591147e-01
2.390990e-01
2.321363e-01
2.186359e-01
2.026678e-01
1.908547e-01
1.787086e-01
1.719685e-01
1.640461e-01
1.569896e-01
1.333088e-01
1.208195e-01
1.064243e-01
1.004443e-01
9.196441e-02
9.028456e-02
8.393072e-02
8.147213e-02
7.794518e-02
6.925915e-02
6.815401e-02
6.564222e-02
5.615766e-02
5.550661e-02
4.709294e-02
4.685257e-02
4.658927e-02
4.262669e-02
3.784515e-02
3.431288e-02
3.257734e-02
3.224456e-02
2.952798e-02
2.858979e-02
2.355285e-02
2.173600e-02
2.143825e-02
1.835433e-02
1.749201e-02
1.700758e-02
1.589593e-02
1.280503e-02
1.192246e-02
1.079179e-02
9.925205e-03
9.192048e-03
9.002427e-03
8.625577e-03
8.249234e-03
7.149214e-03
6.665118e-03
5.965972e-03
5.560286e-03
5.240449e-03
4.628357e-03
4.477428e-03
3.991693e-03
3.977046e-03
3.600896e-03
3.455323e-03
3.239529e-03
3.019173e-03
2.751316e-03
2.474368e-03
2.341546e-03
2.199568e-03
2.019156e-03
1.949803e-03
1.849000e-03
1.768901e-03
1.744766e-03
1.662444e-03
1.584192e-03
1.516939e-03
1.470602e-03
1.447402e-03
1.403245e-03
1.390673e-03
1.375251e-03
1.345770e-03
1.333768e-03
1.330608e-03
1.276359e-03
1.266816e-03
1.235625e-03
1.220740e-03
1.206696e-03
1.167320e-03
1.146525e-03
1.141356e-03
1.135720e-03
1.101011e-03
1.100008e-03
1.080901e-03
1.071326e-03
1.063371e-03
1.040500e-03
1.026146e-03
1.004944e-03
9.932326e-04
9.881562e-04
9.813217e-04
9.719401e-04
9.516976e-04
9.353511e-04
9.274113e-04
9.183745e-04
9.153255e-04
8.989653e-04
8.847100e-04
8.770067e-04
8.701455e-04
8.573384e-04
8.506469e-04
8.376171e-04
8.315740e-04
8.239726e-04
8.181601e-04
7.812995e-04
7.789205e-04
7.628372e-04
7.486348e-04
7.458503e-04
7.378248e-04
7.283734e-04
7.083066e-04
7.029562e-04
6.953143e-04
6.773989e-04
6.681859e-04
6.635115e-04
6.581680e-04
6.458730e-04
6.303433e-04
6.125740e-04
6.067143e-04
5.978143e-04
5.906199e-04
5.796009e-04
5.764203e-04
5.658434e-04
5.629152e-04
5.327122e-04
5.301266e-04
5.160905e-04
5.113300e-04
5.043083e-04
4.879946e-04
4.784045e-04
4.710655e-04
4.662486e-04
4.554538e-04
4.529640e-04
4.431840e-04
4.226352e-04
4.211601e-04
4.109012e-04
4.000144e-04
3.966514e-04
3.805992e-04
3.739906e-04
3.722155e-04
3.653146e-04
3.530546e-04
3.458882e-04
3.337693e-04
3.246751e-04
3.170249e-04
3.064462e-04
3.025699e-04
3.001750e-04
2.765229e-04
2.753493e-04
2.575876e-04
2.454224e-04
2.379839e-04
2.337463e-04
2.212865e-04
2.127133e-04
2.049542e-04
1.985023e-04
1.897259e-04
1.863554e-04
1.836082e-04
1.660422e-04
1.473248e-04
1.395154e-04
1.277353e-04
1.232244e-04
1.151934e-04
1.011697e-04
9.902092e-05
8.948230e-05
8.587819e-05
7.983905e-05
7.318669e-05
6.372382e-05
5.158936e-05
2.836642e-05
2.115926e-05
1.069974e-05
1.173594e-06
-8.357561e-06
-8.942383e-06
-2.400257e-05
-3.938196e-05
-4.156442e-05
-4.860788e-05
-5.404597e-05
-5.688227e-05
-7.908519e-05
-8.469956e-05
-9.716826e-05
-1.079216e-04
-1.158147e-04
-1.216493e-04
-1.316383e-04
-1.422210e-04
-1.493461e-04
-1.543207e-04
-1.751303e-04
-1.895216e-04
-1.921866e-04
-1.996401e-04
-2.059207e-04
-2.175205e-04
-2.309182e-04
-2.399888e-04
-2.443423e-04
-2.556388e-04
-2.626660e-04
-2.711608e-04
-2.846317e-04
-2.902333e-04
-3.048880e-04
-3.204495e-04
-3.432978e-04
-3.530497e-04
-3.560625e-04
-3.690740e-04
-3.822185e-04
-3.835771e-04
-3.960374e-04
-4.034843e-04
-4.138998e-04
-4.205603e-04
-4.284038e-04
-4.384468e-04
-4.650287e-04
-4.664318e-04
-4.868077e-04
-5.027846e-04
-5.093500e-04
-5.207975e-04
-5.307103e-04
-5.396937e-04
-5.653759e-04
-5.769590e-04
-5.890004e-04
-6.033549e-04
-6.174437e-04
-6.220668e-04
-6.330959e-04
-6.443476e-04
-6.540675e-04
-6.765632e-04
-6.964963e-04
-7.059028e-04
-7.142188e-04
-7.419964e-04
-7.433979e-04
-7.707177e-04
-7.756536e-04
-8.192188e-04
-8.366119e-04
-8.535697e-04
-8.856200e-04
-8.963484e-04
-9.176775e-04
-9.313326e-04
-9.524483e-04
