7.406112e+05
3.069548e+05
2.339259e+05
1.586805e+05
1.479255e+05
1.181679e+05
1.128718e+05
1.062702e+05
8.552590e+04
8.201431e+04
7.628748e+04
6.314229e+04
5.934239e+04
5.710854e+04
5.062916e+04
4.306181e+04
3.807837e+04
3.418463e+04
2.430354e+04
1.906797e+04
1.622896e+04
1.133006e+04
1.039535e+04
9.248019e+03
8.000445e+03
7.284206e+03
6.065068e+03
5.513432e+03
4.952513e+03
4.491129e+03
4.119535e+03
3.224219e+03
3.137384e+03
2.485100e+03
1.832688e+03
1.682925e+03
1.297398e+03
1.159012e+03
9.687704e+02
9.063989e+02
7.611053e+02
5.440535e+02
4.970142e+02
4.202202e+02
3.471771e+02
2.859367e+02
2.811920e+02
2.351893e+02
2.018122e+02
1.989422e+02
1.688695e+02
1.502487e+02
1.227339e+02
9.978303e+01
7.018961e+01
6.761809e+01
6.040155e+01
4.788675e+01
4.208657e+01
3.694682e+01
2.899967e+01
2.165936e+01
2.022668e+01
1.777451e+01
1.524051e+01
1.243677e+01
1.149156e+01
1.105311e+01
9.131478e+00
8.286549e+00
5.394009e+00
4.531295e+00
4.185408e+00
3.805275e+00
2.746608e+00
2.433069e+00
2.139998e+00
1.687039e+00
1.437841e+00
1.290143e+00
1.223365e+00
8.310400e-01
8.195177e-01
6.039569e-01
4.652239e-01
4.522512e-01
3.544840e-01
2.436617e-01
1.898341e-01
1.705041e-01
1.573259e-01
1.068594e-01
7.006491e-02
6.811363e-02
6.678119e-02
5.813370e-02
5.515751e-02
5.092021e-02
4.963381e-02
4.715447e-02
4.341523e-02
4.244698e-02
4.175720e-02
4.083966e-02
3.933763e-02
3.648027e-02
3.493210e-02
3.357048e-02
3.096619e-02
2.965355e-02
2.841263e-02
2.576688e-02
2.530545e-02
2.297051e-02
2.153190e-02
2.073923e-02
2.014833e-02
1.969563e-02
1.812824e-02
1.786175e-02
1.693336e-02
1.646038e-02
1.628147e-02
1.513433e-02
1.510657e-02
1.160198e-02
1.102899e-13
-7.400581e-12
