2.076836e+05
1.673870e+04
6.198909e+03
2.365984e+03
1.956931e+02
2.401468e+01
1.043037e+01
6.989292e+00
1.966028e+00
2.779421e-01
6.998429e-02
4.911698e-02
4.142540e-02
3.773997e-02
3.349535e-02
3.070094e-02
2.479130e-02
2.373579e-02
2.132783e-02
2.012607e-02
1.885653e-02
1.818313e-02
1.759817e-02
1.685472e-02
1.567012e-02
1.477581e-02
1.373211e-02
1.270665e-02
1.207582e-02
1.201264e-02
1.085948e-02
1.045555e-02
1.008899e-02
9.804986e-03
9.365669e-03
9.096775e-03
8.797624e-03
8.346454e-03
7.974115e-03
7.851838e-03
7.067871e-03
6.823476e-03
6.578041e-03
6.448961e-03
6.155491e-03
6.008226e-03
5.574397e-03
5.392907e-03
5.056121e-03
4.829796e-03
4.588450e-03
4.230866e-03
3.981588e-03
3.916302e-03
3.831676e-03
3.587249e-03
3.428468e-03
3.147898e-03
2.986949e-03
2.802997e-03
2.683769e-03
2.361013e-03
2.246426e-03
2.199200e-03
2.022701e-03
1.854612e-03
1.605501e-03
1.535413e-03
1.425076e-03
1.243642e-03
1.218729e-03
1.129685e-03
1.067640e-03
8.578124e-04
8.300841e-04
8.010412e-04
6.787215e-04
6.634606e-04
5.872986e-04
5.404108e-04
5.280792e-04
4.361588e-04
4.050794e-04
3.064678e-04
2.792083e-04
5.723670e-05
-1.556414e-04
-3.041782e-04
-5.066693e-04
-6.825380e-04
-8.940317e-04
-1.340484e-03
-1.440889e-03
-1.628762e-03
-1.956654e-03
-2.205769e-03
-2.345823e-03
-2.717118e-03
-2.886798e-03
-3.116671e-03
-4.057657e-03
-4.352474e-03
-5.394991e-03
-5.946456e-03
-6.122250e-03
-6.495262e-03
-7.361103e-03
-7.921092e-03
-8.415418e-03
-8.480242e-03
-9.067724e-03
-1.104764e-02
-1.137350e-02
-1.213551e-02
-1.243540e-02
-1.393021e-02
-1.542128e-02
-1.610294e-02
-1.783704e-02
-2.318435e-02
-2.494126e-02
-2.822732e-02
-3.309852e-02
-3.464090e-02
-4.794673e-02
-5.510122e-02
-7.040633e-02
-1.303388e-01
