2.541432e+10
1.254685e+10
5.373849e+09
4.168380e+09
3.590345e+09
3.474418e+09
3.064188e+09
2.835005e+09
2.582823e+09
2.502516e+09
2.285552e+09
2.119557e+09
2.087047e+09
2.012387e+09
1.725744e+09
1.621830e+09
1.570330e+09
1.509649e+09
1.405771e+09
1.380254e+09
1.329891e+09
1.280734e+09
1.255453e+09
1.192107e+09
1.170617e+09
1.116146e+09
1.095183e+09
1.049814e+09
1.028658e+09
9.898887e+08
9.036018e+08
9.016087e+08
8.699505e+08
8.536357e+08
8.012689e+08
7.929041e+08
7.762330e+08
7.672492e+08
7.346465e+08
7.226038e+08
6.833309e+08
6.777732e+08
6.667658e+08
6.435291e+08
6.176373e+08
6.033122e+08
5.880413e+08
5.731068e+08
5.522940e+08
5.429684e+08
5.236116e+08
5.079924e+08
4.974057e+08
4.827939e+08
4.766430e+08
4.645065e+08
4.519364e+08
4.443021e+08
4.370302e+08
4.295813e+08
4.174867e+08
4.050423e+08
3.937540e+08
3.883926e+08
3.823691e+08
3.634491e+08
3.580700e+08
3.488823e+08
3.428214e+08
3.365184e+08
3.352103e+08
3.193726e+08
3.153768e+08
2.968254e+08
2.869519e+08
2.764456e+08
2.738846e+08
2.674429e+08
2.545515e+08
2.526366e+08
2.470575e+08
2.428006e+08
2.375277e+08
2.277827e+08
2.245777e+08
2.198063e+08
2.119484e+08
2.036757e+08
2.006584e+08
1.954200e+08
1.851992e+08
1.834466e+08
1.745782e+08
1.715945e+08
1.667335e+08
1.642944e+08
1.501001e+08
1.480842e+08
1.454267e+08
1.411188e+08
1.299161e+08
1.279134e+08
1.246869e+08
1.108710e+08
1.085235e+08
1.029533e+08
1.016946e+08
9.690871e+07
9.105794e+07
8.799226e+07
8.145228e+07
7.935011e+07
7.607622e+07
7.129759e+07
6.561088e+07
6.211050e+07
5.652989e+07
5.541097e+07
4.704400e+07
4.019956e+07
3.823405e+07
3.471572e+07
3.227447e+07
2.738182e+07
1.279501e+07
6.095880e+06
3.689271e+06
2.127981e+06
