2.173361e+05
2.336508e+04
4.630529e+03
1.781194e+03
2.100786e+02
2.366566e+01
1.000231e+01
6.672492e+00
2.081113e+00
2.742572e-01
6.089663e-02
5.162325e-02
3.674161e-02
3.156378e-02
3.092086e-02
2.557593e-02
2.479989e-02
2.315780e-02
2.232223e-02
1.976763e-02
1.800992e-02
1.752009e-02
1.738020e-02
1.571195e-02
1.521905e-02
1.476504e-02
1.362214e-02
1.296816e-02
1.199409e-02
1.162447e-02
1.121225e-02
1.108768e-02
1.055966e-02
1.006075e-02
9.645510e-03
9.300173e-03
8.753347e-03
8.554913e-03
8.173112e-03
7.956666e-03
7.464445e-03
7.164581e-03
6.801277e-03
6.707483e-03
6.554606e-03
6.174737e-03
5.885355e-03
5.724347e-03
5.546390e-03
5.312925e-03
5.040236e-03
4.797770e-03
4.605258e-03
4.521421e-03
4.276161e-03
4.223788e-03
4.043773e-03
3.805353e-03
3.728504e-03
3.575211e-03
3.279800e-03
3.103837e-03
2.946935e-03
2.890945e-03
2.621793e-03
2.316243e-03
2.269822e-03
2.126742e-03
2.046120e-03
2.008270e-03
1.928649e-03
1.816387e-03
1.577032e-03
1.415171e-03
1.195109e-03
1.135317e-03
1.082887e-03
9.512081e-04
8.771405e-04
7.911606e-04
6.327208e-04
5.531304e-04
4.995848e-04
4.426482e-04
3.006552e-04
2.120458e-04
9.814110e-05
3.865483e-05
-1.916969e-04
-2.100467e-04
-4.595046e-04
-5.790480e-04
-7.004413e-04
-9.669535e-04
-1.105678e-03
-1.523944e-03
-1.864348e-03
-2.246042e-03
-2.530392e-03
-2.803489e-03
-3.401890e-03
-3.584380e-03
-3.659994e-03
-3.777782e-03
-4.205174e-03
-5.487416e-03
-5.787398e-03
-6.060456e-03
-6.531388e-03
-7.629725e-03
-8.773833e-03
-9.356414e-03
-9.782532e-03
-1.037494e-02
-1.254923e-02
-1.382639e-02
-1.631093e-02
-1.918764e-02
-2.151136e-02
-2.463984e-02
-2.584866e-02
-2.883729e-02
-3.407585e-02
-3.896188e-02
-4.290913e-02
-4.817693e-02
-5.737572e-02
-1.299423e-01
