2.159378e+05
1.964905e+04
5.405046e+03
2.071707e+03
1.830313e+02
1.924101e+01
9.852637e+00
4.840708e+00
1.582779e+00
1.301903e-01
6.259026e-02
4.439667e-02
3.922059e-02
3.434709e-02
2.878966e-02
2.647341e-02
2.576703e-02
2.247828e-02
2.145769e-02
2.054202e-02
1.990435e-02
1.841861e-02
1.717795e-02
1.664063e-02
1.561837e-02
1.478905e-02
1.426292e-02
1.308417e-02
1.298733e-02
1.264231e-02
1.209038e-02
1.144896e-02
1.100049e-02
1.079051e-02
1.016667e-02
9.560758e-03
9.316575e-03
8.878496e-03
8.722559e-03
8.552696e-03
8.423160e-03
8.062478e-03
7.853775e-03
7.416796e-03
7.303427e-03
7.123590e-03
6.898072e-03
6.682809e-03
6.332092e-03
6.074842e-03
6.027431e-03
5.876100e-03
5.419532e-03
5.199464e-03
5.030294e-03
4.863910e-03
4.687253e-03
4.399633e-03
4.336559e-03
3.898796e-03
3.746596e-03
3.540529e-03
3.263970e-03
3.158869e-03
2.844252e-03
2.613994e-03
2.416516e-03
2.279046e-03
2.144110e-03
1.953737e-03
1.892272e-03
1.581553e-03
1.440515e-03
1.374625e-03
1.232605e-03
1.168922e-03
1.079910e-03
9.785442e-04
8.256313e-04
6.352189e-04
4.867148e-04
4.367730e-04
4.192925e-04
6.752367e-05
-3.793642e-05
-8.610836e-05
-3.542120e-04
-7.771535e-04
-1.016551e-03
-1.125715e-03
-1.317148e-03
-1.597222e-03
-1.688979e-03
-2.197938e-03
-2.525762e-03
-2.564474e-03
-3.176244e-03
-3.202525e-03
-3.823816e-03
-4.137294e-03
-4.777588e-03
-4.963083e-03
-5.474715e-03
-5.733438e-03
-6.227584e-03
-7.107918e-03
-7.862668e-03
-8.169517e-03
-8.657187e-03
-9.132058e-03
-9.492424e-03
-1.101407e-02
-1.293076e-02
-1.463731e-02
-1.611405e-02
-1.755498e-02
-1.910221e-02
-2.100993e-02
-2.182129e-02
-2.495857e-02
-2.801052e-02
-3.186204e-02
-3.698226e-02
-3.899948e-02
-4.693527e-02
-4.990901e-02
-5.811557e-02
-1.180328e-01
