5.716391e+12
4.664735e+12
3.912540e+12
3.260817e+12
2.690060e+12
2.471326e+12
2.348012e+12
2.165526e+12
2.077170e+12
2.012506e+12
1.815319e+12
1.727813e+12
1.692720e+12
1.555877e+12
1.518323e+12
1.470636e+12
1.362546e+12
1.340689e+12
1.312006e+12
1.223270e+12
1.167970e+12
1.158143e+12
1.132855e+12
1.093257e+12
1.037518e+12
1.009259e+12
9.764381e+11
9.417188e+11
9.029979e+11
8.624447e+11
8.511238e+11
8.370547e+11
7.854421e+11
7.769947e+11
7.575797e+11
7.303534e+11
7.184840e+11
7.141027e+11
6.861866e+11
6.773602e+11
6.486528e+11
6.301791e+11
6.239643e+11
6.098014e+11
5.969246e+11
5.746665e+11
5.640199e+11
5.522399e+11
5.371416e+11
5.198546e+11
5.072467e+11
4.964418e+11
4.833071e+11
4.723965e+11
4.615846e+11
4.556987e+11
4.476939e+11
4.391700e+11
4.249478e+11
4.183863e+11
4.134195e+11
4.054517e+11
3.950905e+11
3.906856e+11
3.858354e+11
3.703444e+11
3.683176e+11
3.549246e+11
3.531885e+11
3.447045e+11
3.396170e+11
3.360639e+11
3.286038e+11
3.181378e+11
3.104623e+11
3.054257e+11
2.999299e+11
2.886621e+11
2.845751e+11
2.842520e+11
2.764120e+11
2.745131e+11
2.732522e+11
2.687989e+11
2.588143e+11
2.555636e+11
2.510108e+11
2.492863e+11
2.456526e+11
2.430958e+11
2.418735e+11
2.403378e+11
2.332967e+11
2.295710e+11
2.279227e+11
2.264798e+11
2.224660e+11
2.193642e+11
2.155618e+11
2.121873e+11
2.089405e+11
2.058313e+11
2.049940e+11
1.995249e+11
1.947231e+11
1.943691e+11
1.902552e+11
1.871923e+11
1.810879e+11
1.802317e+11
1.772990e+11
1.746114e+11
1.703964e+11
1.682872e+11
1.664591e+11
1.642131e+11
1.591054e+11
1.572594e+11
1.493353e+11
1.400611e+11
1.351456e+11
1.177373e+11
7.815548e+10
5.917165e+10
5.190874e+10
4.191218e+10
2.209704e+10
1.599371e+09
