1.236971e+05
5.900057e+03
4.871549e+03
2.670016e+03
1.579854e+03
1.241487e+03
7.199458e+02
6.562536e+02
6.165477e+02
5.044597e+02
4.755310e+02
3.668709e+02
3.534114e+02
3.004550e+02
2.679534e+02
2.472827e+02
2.306636e+02
2.201231e+02
1.909039e+02
1.681642e+02
1.477231e+02
1.426656e+02
1.230667e+02
1.131654e+02
1.068794e+02
1.045239e+02
9.919875e+01
9.416745e+01
8.686836e+01
7.980916e+01
6.858140e+01
6.283336e+01
6.022194e+01
5.659381e+01
5.222271e+01
5.060306e+01
4.698394e+01
4.483050e+01
4.233712e+01
3.918383e+01
3.719733e+01
3.223721e+01
2.995330e+01
2.951645e+01
2.704457e+01
2.439360e+01
2.252591e+01
2.174051e+01
2.020592e+01
1.863684e+01
1.828000e+01
1.675947e+01
1.432061e+01
1.300948e+01
1.178034e+01
1.137288e+01
1.082769e+01
1.031821e+01
9.772334e+00
9.068834e+00
8.828869e+00
8.411728e+00
7.466230e+00
6.984753e+00
6.124424e+00
5.402542e+00
5.044572e+00
4.568379e+00
4.398979e+00
3.873246e+00
3.742147e+00
3.347899e+00
3.006011e+00
2.731170e+00
2.607584e+00
2.579320e+00
2.302607e+00
2.219038e+00
2.016056e+00
1.767794e+00
1.739467e+00
1.570359e+00
1.492214e+00
1.367821e+00
1.145195e+00
1.092448e+00
1.046631e+00
9.844117e-01
9.575989e-01
8.705508e-01
8.563550e-01
7.448209e-01
6.866618e-01
6.529483e-01
6.228516e-01
5.869545e-01
5.357891e-01
5.193377e-01
4.916619e-01
4.461301e-01
4.393170e-01
4.175206e-01
3.802191e-01
3.390839e-01
3.188093e-01
2.689768e-01
2.623807e-01
2.477632e-01
2.380638e-01
2.314354e-01
2.151198e-01
1.986257e-01
1.864204e-01
1.767308e-01
1.612278e-01
1.518031e-01
1.269748e-01
1.142645e-01
1.094318e-01
1.021958e-01
9.980370e-02
9.119180e-02
8.384383e-02
8.161256e-02
7.229402e-02
6.587307e-02
6.310457e-02
5.988251e-02
5.496203e-02
5.023384e-02
4.831747e-02
4.316608e-02
3.683078e-02
3.374371e-02
3.226643e-02
2.962611e-02
2.871268e-02
2.692952e-02
2.588905e-02
2.333918e-02
2.137280e-02
2.000305e-02
1.872767e-02
1.709396e-02
1.583433e-02
1.472321e-02
1.252164e-02
1.212521e-02
1.145776e-02
1.125678e-02
1.076389e-02
1.037552e-02
9.569167e-03
8.717198e-03
7.649223e-03
6.683413e-03
5.968948e-03
5.664914e-03
5.191595e-03
4.826589e-03
4.511548e-03
3.762835e-03
3.596770e-03
3.469010e-03
3.308184e-03
3.145291e-03
3.031020e-03
2.941196e-03
2.872517e-03
2.537068e-03
2.343553e-03
2.209214e-03
2.081354e-03
2.003265e-03
1.791340e-03
1.731700e-03
1.673785e-03
1.597377e-03
1.586789e-03
1.544151e-03
1.507929e-03
1.422786e-03
1.352485e-03
1.324549e-03
1.283792e-03
1.264702e-03
1.245148e-03
1.227422e-03
1.208927e-03
1.193585e-03
1.175665e-03
1.164673e-03
1.147486e-03
1.143884e-03
1.122647e-03
1.102005e-03
1.090669e-03
1.078382e-03
1.067275e-03
1.062705e-03
1.051059e-03
1.039823e-03
1.030071e-03
1.018054e-03
1.006786e-03
9.926879e-04
9.797219e-04
9.539819e-04
9.498614e-04
9.380121e-04
9.314544e-04
9.197725e-04
9.093673e-04
9.004272e-04
8.929535e-04
8.824549e-04
8.696903e-04
8.631808e-04
8.591926e-04
8.525776e-04
8.496660e-04
8.434376e-04
8.262656e-04
8.125682e-04
8.098608e-04
7.992666e-04
7.929298e-04
7.779304e-04
7.713839e-04
7.665774e-04
7.655670e-04
7.508525e-04
7.456588e-04
7.293919e-04
7.199175e-04
7.101498e-04
7.008986e-04
7.002059e-04
6.836505e-04
6.735828e-04
6.709491e-04
6.580656e-04
6.475690e-04
6.428748e-04
6.384721e-04
6.329115e-04
6.265403e-04
6.193697e-04
6.106393e-04
6.046689e-04
5.881120e-04
5.867437e-04
5.725664e-04
5.691450e-04
5.645866e-04
5.623288e-04
5.500845e-04
5.424857e-04
5.403268e-04
5.324784e-04
5.250517e-04
5.142873e-04
5.053577e-04
4.963573e-04
4.783868e-04
4.772646e-04
4.726132e-04
4.652361e-04
4.558201e-04
4.448091e-04
4.342498e-04
4.256259e-04
4.226062e-04
4.156826e-04
4.051289e-04
4.008119e-04
3.945712e-04
3.867169e-04
3.729479e-04
3.664026e-04
3.583498e-04
3.546696e-04
3.501924e-04
3.452075e-04
3.355652e-04
3.330400e-04
3.244684e-04
3.139316e-04
3.096723e-04
3.022328e-04
2.921529e-04
2.857847e-04
2.793681e-04
2.701285e-04
2.663618e-04
2.603683e-04
2.521856e-04
2.430107e-04
2.342221e-04
2.209907e-04
2.185488e-04
2.087900e-04
1.958074e-04
1.883586e-04
1.801464e-04
1.689153e-04
1.619222e-04
1.592265e-04
1.464829e-04
1.417845e-04
1.323095e-04
1.279099e-04
1.224843e-04
1.155420e-04
1.054610e-04
9.650359e-05
8.724121e-05
8.210363e-05
7.842469e-05
7.583298e-05
5.784848e-05
4.324102e-05
4.085227e-05
3.138827e-05
2.643551e-05
2.062183e-05
1.611429e-05
5.546251e-06
-9.475471e-07
-1.051550e-05
-1.966119e-05
-2.392490e-05
-3.602057e-05
-4.499523e-05
-5.741761e-05
-6.045226e-05
-6.298579e-05
-7.083072e-05
-7.316271e-05
-8.130660e-05
-8.868938e-05
-9.901760e-05
-1.011864e-04
-1.038561e-04
-1.224362e-04
-1.288727e-04
-1.485339e-04
-1.516946e-04
-1.584764e-04
-1.628964e-04
-1.751388e-04
-1.849525e-04
-1.861666e-04
-1.991969e-04
-2.143209e-04
-2.237770e-04
-2.369287e-04
-2.373849e-04
-2.450735e-04
-2.506737e-04
-2.589000e-04
-2.689484e-04
-2.737024e-04
-2.820978e-04
-2.876644e-04
-3.031932e-04
-3.254682e-04
-3.442501e-04
-3.500443e-04
-3.542772e-04
-3.746966e-04
-3.766510e-04
-3.830772e-04
-4.075745e-04
-4.206479e-04
-4.287951e-04
-4.467897e-04
-4.658123e-04
-4.765828e-04
-4.985880e-04
-5.096555e-04
-5.414847e-04
-5.893017e-04
-6.236851e-04
