5.843930e+04
1.185633e+04
7.888193e+03
1.824271e+03
1.174161e+03
8.714350e+02
6.189808e+02
4.132122e+02
3.120812e+02
2.890891e+02
2.525352e+02
2.084230e+02
1.432766e+02
1.091974e+02
1.055181e+02
1.007009e+02
8.189585e+01
6.981973e+01
5.574162e+01
4.354814e+01
4.037118e+01
3.139787e+01
2.781372e+01
2.612955e+01
2.222204e+01
2.025920e+01
1.784635e+01
1.638165e+01
1.385013e+01
1.305857e+01
1.152732e+01
9.805925e+00
8.752504e+00
6.896112e+00
5.993103e+00
5.676801e+00
4.358841e+00
3.646350e+00
2.773968e+00
2.738126e+00
2.553431e+00
2.382446e+00
2.220742e+00
1.489536e+00
1.392562e+00
1.168210e+00
9.204317e-01
8.541901e-01
8.343685e-01
6.398675e-01
6.190356e-01
3.999481e-01
3.576376e-01
2.853202e-01
2.651015e-01
2.172680e-01
1.839847e-01
1.399069e-01
1.265355e-01
1.140664e-01
7.751139e-02
6.255080e-02
5.146599e-02
3.615309e-02
3.388717e-02
2.987402e-02
2.164679e-02
1.964914e-02
1.721901e-02
1.501483e-02
1.391843e-02
1.083832e-02
9.144496e-03
6.339475e-03
5.566828e-03
4.644183e-03
4.109412e-03
3.683604e-03
2.897459e-03
2.557565e-03
2.076116e-03
1.702575e-03
1.601077e-03
1.511521e-03
1.206615e-03
1.185100e-03
1.102191e-03
1.066961e-03
8.959706e-04
8.855611e-04
8.073341e-04
7.701854e-04
7.422659e-04
7.397083e-04
7.154393e-04
6.957622e-04
6.626049e-04
6.476897e-04
6.366491e-04
6.091366e-04
5.947209e-04
5.898196e-04
5.653423e-04
5.528519e-04
5.432633e-04
5.262166e-04
5.124278e-04
5.088543e-04
5.014470e-04
4.876132e-04
4.859022e-04
4.720131e-04
4.692632e-04
4.561338e-04
4.551260e-04
4.483943e-04
4.424437e-04
4.380873e-04
4.261828e-04
4.219497e-04
4.135324e-04
4.077665e-04
4.035157e-04
3.991595e-04
3.930221e-04
3.859591e-04
3.774021e-04
3.753257e-04
3.686231e-04
3.649900e-04
3.618720e-04
3.593583e-04
3.573502e-04
3.532444e-04
3.516628e-04
3.494620e-04
3.480352e-04
3.364027e-04
3.349572e-04
3.308388e-04
3.269585e-04
3.193429e-04
3.165784e-04
3.087175e-04
3.066410e-04
3.054838e-04
2.993435e-04
2.966027e-04
2.922118e-04
2.889636e-04
2.859146e-04
2.853245e-04
2.791568e-04
2.770340e-04
2.747771e-04
2.709166e-04
2.699911e-04
2.630838e-04
2.573541e-04
2.549423e-04
2.513329e-04
2.510160e-04
2.487586e-04
2.431898e-04
2.394019e-04
2.379689e-04
2.362184e-04
2.339260e-04
2.279068e-04
2.241343e-04
2.229513e-04
2.210374e-04
2.154157e-04
2.151300e-04
2.113490e-04
2.104996e-04
2.082587e-04
2.037746e-04
2.000930e-04
1.947248e-04
1.928184e-04
1.885670e-04
1.870707e-04
1.849113e-04
1.816564e-04
1.804204e-04
1.760241e-04
1.742148e-04
1.715391e-04
1.688086e-04
1.666930e-04
1.642306e-04
1.621954e-04
1.605408e-04
1.567451e-04
1.536104e-04
1.512368e-04
1.505839e-04
1.441285e-04
1.434258e-04
1.406026e-04
1.393991e-04
1.359926e-04
1.345910e-04
1.341068e-04
1.313241e-04
1.258675e-04
1.235484e-04
1.221243e-04
1.188436e-04
1.184307e-04
1.158956e-04
1.132403e-04
1.109667e-04
1.085136e-04
1.052348e-04
1.015226e-04
9.981709e-05
9.663582e-05
9.454686e-05
9.294796e-05
8.955238e-05
8.784873e-05
8.659528e-05
8.493616e-05
8.117055e-05
7.861324e-05
7.768055e-05
7.297574e-05
7.031061e-05
6.839421e-05
6.580237e-05
6.169068e-05
5.984399e-05
5.687735e-05
5.506158e-05
5.249729e-05
5.145612e-05
4.979706e-05
4.657115e-05
4.247011e-05
4.161880e-05
3.832202e-05
3.642253e-05
3.435158e-05
3.402055e-05
3.103701e-05
2.575604e-05
2.449067e-05
2.293250e-05
1.923857e-05
1.858964e-05
1.463104e-05
1.246899e-05
6.932648e-06
5.716818e-06
4.477439e-06
3.242449e-06
5.478726e-14
1.187253e-14
-2.413198e-14
-3.642046e-07
-3.035131e-06
-7.421784e-06
-7.888686e-06
-9.635043e-06
-1.110745e-05
-1.443814e-05
-1.750545e-05
-1.979643e-05
-2.102347e-05
-2.328830e-05
-2.405223e-05
-2.575576e-05
-2.714782e-05
-3.124339e-05
-3.252252e-05
-3.624463e-05
-4.017568e-05
-4.310286e-05
-4.724713e-05
-4.878503e-05
-5.107330e-05
-5.260249e-05
-5.490826e-05
-5.845464e-05
-6.030271e-05
-6.153483e-05
-6.258413e-05
-6.670584e-05
-7.012170e-05
-7.095228e-05
-7.445233e-05
-7.753199e-05
-7.821008e-05
-8.267362e-05
-8.575029e-05
-8.604264e-05
-8.784126e-05
-9.285045e-05
-9.466062e-05
-9.732136e-05
-9.881975e-05
-1.023571e-04
-1.054959e-04
-1.064324e-04
-1.102244e-04
-1.119466e-04
-1.136254e-04
-1.176147e-04
-1.206713e-04
-1.224684e-04
-1.249061e-04
-1.287588e-04
-1.315411e-04
-1.355459e-04
-1.374635e-04
-1.401538e-04
-1.413640e-04
-1.426643e-04
-1.452251e-04
-1.501562e-04
-1.529294e-04
-1.555994e-04
-1.594416e-04
-1.623055e-04
-1.632223e-04
-1.660674e-04
-1.693898e-04
-1.740366e-04
-1.760067e-04
-1.807530e-04
-1.830713e-04
-1.882329e-04
-1.898484e-04
-1.941971e-04
-1.988447e-04
-2.010993e-04
-2.064473e-04
-2.078716e-04
-2.148384e-04
-2.165995e-04
-2.207441e-04
-2.235327e-04
-2.274867e-04
-2.298700e-04
-2.304221e-04
-2.348451e-04
-2.412868e-04
-2.425108e-04
-2.476230e-04
-2.498872e-04
-2.521619e-04
-2.543894e-04
-2.622395e-04
-2.652329e-04
-2.683782e-04
-2.701574e-04
-2.760018e-04
-2.836735e-04
-2.865396e-04
-2.910055e-04
-2.954955e-04
-3.015981e-04
-3.052344e-04
-3.161608e-04
-3.183919e-04
-3.248354e-04
-3.366004e-04
-3.452403e-04
-3.560692e-04
-3.621193e-04
-3.741772e-04
-3.849056e-04
-3.863651e-04
-4.071325e-04
-4.208591e-04
-4.401585e-04
-4.993027e-04
-5.097793e-04
-6.460594e-04
-7.306081e-04
-8.607249e-04
-1.512569e-03
