5.858655e+04
1.231979e+04
5.975877e+03
1.906354e+03
1.398694e+03
8.974232e+02
7.340626e+02
4.221832e+02
3.783686e+02
3.359483e+02
2.229306e+02
2.160423e+02
1.976910e+02
1.694085e+02
1.445653e+02
1.156269e+02
1.042744e+02
8.493555e+01
7.000377e+01
6.813120e+01
5.504073e+01
5.401095e+01
4.369902e+01
3.831201e+01
3.244444e+01
2.476561e+01
2.287920e+01
1.808334e+01
1.630437e+01
1.432596e+01
1.279708e+01
1.222242e+01
9.253213e+00
8.690513e+00
7.820107e+00
7.253313e+00
5.674460e+00
5.186143e+00
3.958744e+00
3.675891e+00
3.499867e+00
2.931707e+00
2.579542e+00
2.383156e+00
2.132619e+00
1.593808e+00
1.527970e+00
1.159106e+00
9.766193e-01
7.475352e-01
6.453549e-01
5.142621e-01
4.355088e-01
3.585655e-01
3.309448e-01
2.728385e-01
1.672510e-01
1.052736e-01
1.036672e-01
7.598925e-02
6.667875e-02
5.678999e-02
5.189373e-02
4.483478e-02
3.969376e-02
3.133520e-02
2.950507e-02
1.816557e-02
1.537550e-02
1.409915e-02
1.254662e-02
9.825589e-03
7.940444e-03
5.450630e-03
5.011073e-03
4.007271e-03
3.264881e-03
2.703628e-03
2.368911e-03
2.289099e-03
1.655082e-03
1.563019e-03
1.492573e-03
1.278828e-03
1.146581e-03
1.117867e-03
1.002740e-03
9.737235e-04
8.869931e-04
8.246131e-04
8.074185e-04
7.169533e-04
6.554607e-04
6.420285e-04
6.214505e-04
6.082902e-04
5.871067e-04
5.541814e-04
5.535090e-04
5.315266e-04
5.229644e-04
5.139374e-04
5.108129e-04
5.030164e-04
4.942187e-04
4.839852e-04
4.712869e-04
4.632029e-04
4.578922e-04
4.512384e-04
4.508909e-04
4.424413e-04
4.359322e-04
4.306408e-04
4.256115e-04
4.189504e-04
4.141891e-04
4.049277e-04
3.999844e-04
3.932727e-04
3.900799e-04
3.839305e-04
3.812583e-04
3.740544e-04
3.695015e-04
3.679275e-04
3.630247e-04
3.541634e-04
3.477486e-04
3.461501e-04
3.426861e-04
3.380425e-04
3.361012e-04
3.308101e-04
3.303532e-04
3.270319e-04
3.249200e-04
3.193993e-04
3.178024e-04
3.163449e-04
3.110220e-04
3.091949e-04
3.000904e-04
2.983046e-04
2.974365e-04
2.913125e-04
2.882951e-04
2.846358e-04
2.832497e-04
2.807264e-04
2.777886e-04
2.741323e-04
2.689600e-04
2.660689e-04
2.639346e-04
2.601396e-04
2.574071e-04
2.560469e-04
2.494737e-04
2.466441e-04
2.432686e-04
2.410189e-04
2.391839e-04
2.380253e-04
2.316387e-04
2.287321e-04
2.283154e-04
2.249232e-04
2.218502e-04
2.200342e-04
2.168439e-04
2.142217e-04
2.091122e-04
2.054939e-04
2.037372e-04
2.026947e-04
1.989910e-04
1.969011e-04
1.946327e-04
1.921326e-04
1.911652e-04
1.880617e-04
1.854760e-04
1.829660e-04
1.806162e-04
1.724702e-04
1.715395e-04
1.704804e-04
1.677213e-04
1.671258e-04
1.649386e-04
1.635497e-04
1.615598e-04
1.593783e-04
1.570793e-04
1.536597e-04
1.493287e-04
1.452318e-04
1.425878e-04
1.395224e-04
1.379510e-04
1.364924e-04
1.355090e-04
1.338070e-04
1.286672e-04
1.270332e-04
1.246855e-04
1.239804e-04
1.222842e-04
1.188575e-04
1.159446e-04
1.110460e-04
1.084176e-04
1.064674e-04
1.021698e-04
1.017769e-04
9.915932e-05
9.615452e-05
9.349318e-05
9.258317e-05
8.980554e-05
8.682148e-05
8.492248e-05
8.255886e-05
8.135012e-05
7.817322e-05
7.733420e-05
7.543453e-05
7.277678e-05
7.041133e-05
6.894637e-05
6.399517e-05
6.328691e-05
5.918780e-05
5.530374e-05
5.415609e-05
5.043568e-05
4.975374e-05
4.872378e-05
4.684914e-05
4.330343e-05
3.868846e-05
3.749449e-05
3.636680e-05
3.344598e-05
3.310837e-05
3.204652e-05
2.728413e-05
2.525673e-05
2.182750e-05
2.047019e-05
1.885078e-05
1.503035e-05
1.310687e-05
1.073054e-05
9.434560e-06
6.342645e-06
5.584038e-06
3.599761e-06
7.319586e-07
7.150974e-14
-4.300502e-14
-1.370279e-06
-2.514676e-06
-6.426171e-06
-7.866540e-06
-9.919125e-06
-1.356997e-05
-1.455583e-05
-1.669739e-05
-1.821348e-05
-2.018530e-05
-2.260140e-05
-2.875830e-05
-3.116493e-05
-3.348780e-05
-3.512851e-05
-3.644525e-05
-4.284979e-05
-4.385434e-05
-4.721151e-05
-4.845051e-05
-5.065977e-05
-5.445734e-05
-5.797975e-05
-5.878005e-05
-5.961093e-05
-6.231390e-05
-6.482769e-05
-6.615998e-05
-6.961026e-05
-7.206995e-05
-7.452094e-05
-7.525059e-05
-7.804560e-05
-7.923474e-05
-8.068003e-05
-8.704375e-05
-8.855225e-05
-9.181234e-05
-9.510200e-05
-9.809343e-05
-1.017388e-04
-1.035269e-04
-1.055543e-04
-1.063984e-04
-1.087771e-04
-1.094205e-04
-1.141093e-04
-1.178819e-04
-1.201232e-04
-1.218858e-04
-1.227163e-04
-1.253584e-04
-1.309750e-04
-1.358419e-04
-1.380880e-04
-1.396710e-04
-1.419319e-04
-1.437252e-04
-1.459544e-04
-1.504074e-04
-1.531739e-04
-1.559088e-04
-1.578153e-04
-1.605122e-04
-1.667394e-04
-1.686796e-04
-1.700539e-04
-1.738861e-04
-1.759695e-04
-1.778557e-04
-1.821414e-04
-1.853111e-04
-1.869744e-04
-1.913828e-04
-1.931790e-04
-1.990950e-04
-2.016560e-04
-2.038151e-04
-2.075012e-04
-2.121113e-04
-2.140539e-04
-2.159780e-04
-2.200113e-04
-2.279512e-04
-2.286699e-04
-2.316241e-04
-2.375393e-04
-2.416776e-04
-2.448110e-04
-2.463223e-04
-2.510523e-04
-2.519871e-04
-2.619811e-04
-2.669716e-04
-2.680124e-04
-2.774270e-04
-2.810641e-04
-2.854424e-04
-2.890421e-04
-2.952452e-04
-2.982871e-04
-3.002808e-04
-3.027257e-04
-3.114256e-04
-3.208165e-04
-3.274080e-04
-3.292964e-04
-3.390695e-04
-3.403095e-04
-3.483228e-04
-3.642176e-04
-3.862427e-04
-3.948555e-04
-4.124619e-04
-4.199360e-04
-4.414372e-04
-4.780125e-04
-5.510550e-04
-6.473296e-04
-7.848600e-04
-1.077943e-03
-1.316576e-03
