2.758886e+10
1.450697e+10
6.793998e+09
4.977527e+09
4.700952e+09
3.809598e+09
3.451956e+09
3.033663e+09
2.899350e+09
2.561270e+09
2.466806e+09
2.245044e+09
2.189820e+09
2.001699e+09
1.957068e+09
1.872035e+09
1.723694e+09
1.649389e+09
1.543577e+09
1.492971e+09
1.433272e+09
1.390658e+09
1.293515e+09
1.229849e+09
1.178702e+09
1.141623e+09
1.118517e+09
1.109650e+09
1.088720e+09
1.030718e+09
9.964902e+08
9.260815e+08
9.082283e+08
8.858662e+08
8.412015e+08
8.306759e+08
8.188498e+08
8.099039e+08
7.701800e+08
7.375189e+08
7.262870e+08
7.011795e+08
6.807315e+08
6.662152e+08
6.401916e+08
6.322794e+08
6.291993e+08
6.120122e+08
6.004207e+08
5.842664e+08
5.718705e+08
5.638907e+08
5.461524e+08
5.332014e+08
5.268776e+08
5.123368e+08
4.881996e+08
4.823481e+08
4.690334e+08
4.601673e+08
4.461778e+08
4.322080e+08
4.249054e+08
4.155537e+08
3.978238e+08
3.923673e+08
3.762888e+08
3.626087e+08
3.555893e+08
3.419314e+08
3.353239e+08
3.329772e+08
3.270035e+08
3.247781e+08
3.153240e+08
2.957915e+08
2.912280e+08
2.860109e+08
2.806701e+08
2.794606e+08
2.729026e+08
2.643263e+08
2.566939e+08
2.517365e+08
2.456388e+08
2.357632e+08
2.328878e+08
2.299712e+08
2.213799e+08
2.178460e+08
2.081575e+08
2.025109e+08
1.985413e+08
1.906102e+08
1.790721e+08
1.725377e+08
1.694375e+08
1.582594e+08
1.562202e+08
1.517541e+08
1.478929e+08
1.457971e+08
1.425262e+08
1.316931e+08
1.294994e+08
1.256723e+08
1.188999e+08
1.149005e+08
1.098505e+08
1.058184e+08
9.762899e+07
9.135630e+07
8.747815e+07
7.935600e+07
7.717057e+07
5.799696e+07
5.310908e+07
4.337758e+07
4.088389e+07
3.848176e+07
3.553380e+07
3.102084e+07
1.586969e+07
1.292892e+07
7.430774e+06
6.507776e+06
1.228933e+06
1.122500e+04
