4.063701e+09
3.496348e+08
6.553576e+07
5.002118e+07
4.147530e+07
3.486784e+07
3.245954e+07
2.156082e+07
1.379020e+07
1.112266e+07
9.835048e+06
8.238106e+06
6.556266e+06
6.026795e+06
5.438948e+06
3.790809e+06
2.684016e+06
2.544290e+06
2.099202e+06
1.945438e+06
1.320510e+06
1.045248e+06
9.556696e+05
8.478599e+05
7.548057e+05
6.635884e+05
5.570945e+05
5.075610e+05
4.299959e+05
3.911908e+05
3.442194e+05
1.545254e+05
1.403156e+05
9.484463e+04
9.268081e+04
8.425143e+04
7.795010e+04
7.077670e+04
4.440858e+04
3.877040e+04
3.087333e+04
2.456733e+04
1.332023e+04
1.047486e+04
7.475272e+03
4.743090e+03
4.110726e+03
3.260055e+03
1.732411e+03
6.327341e+02
4.926808e+02
2.542706e+02
2.059098e+02
1.794324e+02
1.330262e+02
8.994346e+01
6.649423e+01
5.249865e+01
2.940289e+01
2.455367e+01
1.962827e+01
1.101512e+01
7.425838e+00
4.105613e+00
3.244437e+00
1.887403e+00
8.768148e-01
7.186615e-01
5.756379e-01
4.814394e-01
2.391198e-01
1.616450e-01
1.031449e-01
8.986799e-02
4.732297e-02
3.574632e-02
3.082298e-02
2.239091e-02
2.079060e-02
1.594301e-02
1.418939e-02
1.056175e-02
1.005083e-02
9.244111e-03
7.032231e-03
5.925542e-03
5.364195e-03
3.903431e-03
3.818219e-03
3.319105e-03
2.941086e-03
2.767855e-03
2.491433e-03
2.341105e-03
1.975514e-03
1.944065e-03
1.513383e-03
1.391277e-03
1.293793e-03
9.100790e-04
8.817103e-04
8.257659e-04
6.572912e-04
4.274834e-04
3.850315e-04
6.324445e-05
3.477301e-05
-2.426151e-04
-4.323024e-04
-5.465862e-04
-7.341912e-04
-8.241972e-04
-1.230945e-03
-1.360153e-03
-1.621935e-03
-1.851818e-03
-2.165525e-03
-2.658157e-03
-2.995331e-03
-3.402879e-03
-3.940040e-03
-5.818231e-03
-7.096676e-03
-7.648388e-03
-8.101110e-03
-1.100822e-02
-1.192678e-02
-8.890093e-02
