6.000258e+04
1.153968e+04
3.605003e+03
1.515089e+03
9.713046e+02
5.712058e+02
1.397368e+02
1.357964e+02
7.888893e+01
3.303583e+01
2.387434e+01
2.079650e+01
1.376318e+01
7.881221e+00
4.255673e+00
2.747092e+00
2.555252e+00
1.983699e+00
1.900746e+00
1.000656e+00
7.911832e-01
3.616354e-01
1.990846e-01
1.944166e-01
8.169113e-02
5.245460e-02
3.955743e-02
3.135804e-02
2.196191e-02
1.329110e-02
6.910197e-03
4.704442e-03
4.595563e-03
3.261751e-03
2.011143e-03
1.626096e-03
1.390657e-03
1.259139e-03
1.055504e-03
9.716420e-04
9.478514e-04
8.827522e-04
8.424565e-04
8.205606e-04
7.927801e-04
7.781262e-04
7.587936e-04
7.412424e-04
7.264288e-04
7.100806e-04
7.033748e-04
6.917622e-04
6.868186e-04
6.855822e-04
6.642380e-04
6.583657e-04
6.471958e-04
6.287588e-04
6.246429e-04
6.114198e-04
6.063855e-04
5.928922e-04
5.895538e-04
5.755997e-04
5.689375e-04
5.578483e-04
5.522805e-04
5.489801e-04
5.439324e-04
5.391303e-04
5.276990e-04
5.169553e-04
5.137213e-04
5.087511e-04
5.026382e-04
4.987015e-04
4.923281e-04
4.891459e-04
4.803896e-04
4.717073e-04
4.710166e-04
4.662747e-04
4.566388e-04
4.523711e-04
4.455617e-04
4.444951e-04
4.422564e-04
4.337723e-04
4.327928e-04
4.276675e-04
4.201865e-04
4.193410e-04
4.165709e-04
4.111586e-04
4.065194e-04
4.031443e-04
3.979853e-04
3.945773e-04
3.898772e-04
3.881074e-04
3.848200e-04
3.772311e-04
3.735856e-04
3.703668e-04
3.660285e-04
3.637428e-04
3.592526e-04
3.549096e-04
3.540703e-04
3.480217e-04
3.471857e-04
3.394577e-04
3.392039e-04
3.379844e-04
3.323316e-04
3.286944e-04
3.253090e-04
3.203018e-04
3.179894e-04
3.166149e-04
3.109791e-04
3.058014e-04
3.015498e-04
3.002180e-04
2.944940e-04
2.923684e-04
2.884592e-04
2.865134e-04
2.817123e-04
2.785691e-04
2.753577e-04
2.690713e-04
2.681884e-04
2.650381e-04
2.614546e-04
2.588496e-04
2.571903e-04
2.526962e-04
2.489888e-04
2.457688e-04
2.422948e-04
2.390741e-04
2.362890e-04
2.306433e-04
2.298318e-04
2.266585e-04
2.237803e-04
2.200996e-04
2.180799e-04
2.161499e-04
2.121324e-04
2.112253e-04
2.074909e-04
2.045126e-04
2.005808e-04
1.989067e-04
1.957729e-04
1.929545e-04
1.870218e-04
1.864780e-04
1.835480e-04
1.805012e-04
1.786574e-04
1.767104e-04
1.723671e-04
1.692385e-04
1.663837e-04
1.636851e-04
1.618552e-04
1.587663e-04
1.560271e-04
1.553456e-04
1.514544e-04
1.493380e-04
1.480254e-04
1.437222e-04
1.428861e-04
1.380310e-04
1.358932e-04
1.351673e-04
1.311011e-04
1.272690e-04
1.254577e-04
1.230251e-04
1.221364e-04
1.184391e-04
1.162834e-04
1.128969e-04
1.113699e-04
1.096077e-04
1.079668e-04
1.057092e-04
1.042026e-04
1.001554e-04
9.912233e-05
9.837785e-05
9.237968e-05
8.933531e-05
8.855529e-05
8.759688e-05
8.319291e-05
8.208013e-05
7.938317e-05
7.739705e-05
7.274348e-05
7.147130e-05
6.897977e-05
6.635009e-05
6.575757e-05
5.988677e-05
5.849768e-05
5.566469e-05
5.329717e-05
5.149332e-05
4.773294e-05
4.487513e-05
4.374994e-05
4.237471e-05
4.094778e-05
3.919904e-05
3.699265e-05
3.527125e-05
3.457343e-05
3.178936e-05
2.747110e-05
2.498618e-05
2.371422e-05
2.140866e-05
1.999601e-05
1.808168e-05
1.611808e-05
1.161074e-05
9.399491e-06
7.736706e-06
6.738962e-06
3.814153e-06
2.460268e-06
1.283640e-13
8.704898e-14
4.656144e-14
-5.716293e-14
-7.618588e-14
-1.108113e-13
-6.206341e-07
-2.468681e-06
-3.989168e-06
-5.280782e-06
-9.253476e-06
-1.085781e-05
-1.432517e-05
-1.738120e-05
-2.127716e-05
-2.390793e-05
-2.467680e-05
-2.728793e-05
-3.157466e-05
-3.220140e-05
-3.310085e-05
-3.892216e-05
-4.053830e-05
-4.286547e-05
-4.566698e-05
-4.790318e-05
-4.931556e-05
-5.172822e-05
-5.254165e-05
-5.503751e-05
-5.726267e-05
-6.148296e-05
-6.298145e-05
-6.415617e-05
-6.704677e-05
-7.031942e-05
-7.093278e-05
-7.344349e-05
-7.688510e-05
-8.023603e-05
-8.377621e-05
-8.468606e-05
-8.607989e-05
-9.033855e-05
-9.563829e-05
-9.810407e-05
-9.976946e-05
-1.013772e-04
-1.034417e-04
-1.038579e-04
-1.084366e-04
-1.112712e-04
-1.123533e-04
-1.172306e-04
-1.193489e-04
-1.221012e-04
-1.231401e-04
-1.267765e-04
-1.316354e-04
-1.341477e-04
-1.349874e-04
-1.397716e-04
-1.402693e-04
-1.445710e-04
-1.471637e-04
-1.493375e-04
-1.504466e-04
-1.537429e-04
-1.557056e-04
-1.569282e-04
-1.582728e-04
-1.639662e-04
-1.644935e-04
-1.672959e-04
-1.683217e-04
-1.759601e-04
-1.793209e-04
-1.846172e-04
-1.876502e-04
-1.892655e-04
-1.918975e-04
-1.955630e-04
-1.972584e-04
-2.030591e-04
-2.052557e-04
-2.071311e-04
-2.099886e-04
-2.135383e-04
-2.198498e-04
-2.226733e-04
-2.249126e-04
-2.304428e-04
-2.371021e-04
-2.381381e-04
-2.413935e-04
-2.448114e-04
-2.533370e-04
-2.545694e-04
-2.592297e-04
-2.607256e-04
-2.624256e-04
-2.678389e-04
-2.730079e-04
-2.750675e-04
-2.805016e-04
-2.854461e-04
-2.885807e-04
-2.917180e-04
-2.958101e-04
-3.016745e-04
-3.029196e-04
-3.118863e-04
-3.156991e-04
-3.164382e-04
-3.207999e-04
-3.313891e-04
-3.364566e-04
-3.394590e-04
-3.419899e-04
-3.521212e-04
-3.633364e-04
-3.687944e-04
-3.746166e-04
-3.763522e-04
-3.877477e-04
-3.904525e-04
-3.979346e-04
-4.046135e-04
-4.145345e-04
-4.189001e-04
-4.246499e-04
-4.428268e-04
-4.513694e-04
-4.667382e-04
-4.792878e-04
-5.023484e-04
-5.103406e-04
-5.167353e-04
-5.534423e-04
-5.897469e-04
-6.000296e-04
-6.492229e-04
-7.380301e-04
-8.397931e-04
-1.103190e-03
-1.351841e-03
-2.089784e-03
