3.398555e+10
1.684078e+10
6.512031e+09
4.299799e+09
4.055695e+09
3.599162e+09
3.373497e+09
2.901490e+09
2.636065e+09
2.418943e+09
2.373783e+09
2.140022e+09
2.091686e+09
2.064871e+09
2.022826e+09
1.886894e+09
1.692351e+09
1.655583e+09
1.570231e+09
1.567939e+09
1.451728e+09
1.363642e+09
1.348122e+09
1.251672e+09
1.221235e+09
1.178208e+09
1.171138e+09
1.082558e+09
1.064128e+09
9.875241e+08
9.771513e+08
9.544688e+08
9.160344e+08
8.876570e+08
8.822268e+08
8.569149e+08
8.152477e+08
7.987102e+08
7.836004e+08
7.533107e+08
7.180273e+08
6.801987e+08
6.670969e+08
6.598020e+08
6.530428e+08
6.177628e+08
6.106113e+08
5.993933e+08
5.736150e+08
5.631608e+08
5.390278e+08
5.252691e+08
5.051791e+08
4.868947e+08
4.824880e+08
4.649638e+08
4.590362e+08
4.429904e+08
4.332172e+08
4.184971e+08
4.077801e+08
3.967893e+08
3.935943e+08
3.847395e+08
3.692508e+08
3.616961e+08
3.475668e+08
3.423295e+08
3.311064e+08
3.195564e+08
3.115678e+08
3.025104e+08
2.925642e+08
2.860611e+08
2.824104e+08
2.745035e+08
2.545213e+08
2.516548e+08
2.465930e+08
2.443588e+08
2.337831e+08
2.287162e+08
2.226685e+08
2.190798e+08
2.062865e+08
1.994383e+08
1.954579e+08
1.935651e+08
1.841371e+08
1.767318e+08
1.684192e+08
1.681980e+08
1.655676e+08
1.521192e+08
1.509960e+08
1.486477e+08
1.385885e+08
1.319263e+08
1.270239e+08
1.201532e+08
1.098501e+08
1.083952e+08
1.032195e+08
1.003039e+08
9.708726e+07
9.481236e+07
9.107590e+07
8.652368e+07
8.086330e+07
7.515122e+07
7.134258e+07
6.384387e+07
6.093642e+07
5.673964e+07
5.203036e+07
5.090396e+07
4.384022e+07
3.999680e+07
3.913481e+07
3.777836e+07
3.548255e+07
3.018032e+07
2.287174e+07
6.687752e+06
4.918700e+06
3.011180e+06
1.717789e+06
3.562458e+05
