3.196658e+10
1.648380e+10
8.187220e+09
4.913019e+09
4.754474e+09
3.659623e+09
3.504098e+09
3.182694e+09
2.849768e+09
2.816178e+09
2.427360e+09
2.324348e+09
2.149698e+09
2.082591e+09
1.930869e+09
1.857332e+09
1.753988e+09
1.651345e+09
1.562231e+09
1.544124e+09
1.493842e+09
1.433416e+09
1.401911e+09
1.352133e+09
1.335438e+09
1.233134e+09
1.202886e+09
1.135970e+09
1.118622e+09
1.077553e+09
1.021497e+09
9.693891e+08
9.392276e+08
9.163052e+08
8.912733e+08
8.667713e+08
8.282608e+08
8.100140e+08
8.000154e+08
7.716658e+08
7.610548e+08
7.558739e+08
7.242899e+08
6.996845e+08
6.975698e+08
6.792282e+08
6.542976e+08
6.207836e+08
6.041757e+08
5.896490e+08
5.812139e+08
5.731233e+08
5.398559e+08
5.296209e+08
5.162299e+08
5.007804e+08
4.977896e+08
4.756799e+08
4.648089e+08
4.502158e+08
4.396664e+08
4.280011e+08
4.169079e+08
4.122615e+08
3.977462e+08
3.930328e+08
3.807241e+08
3.696502e+08
3.621411e+08
3.554553e+08
3.425720e+08
3.331235e+08
3.267924e+08
3.122418e+08
3.060022e+08
3.000105e+08
2.919492e+08
2.813962e+08
2.659787e+08
2.596760e+08
2.580943e+08
2.458103e+08
2.427569e+08
2.417681e+08
2.272674e+08
2.213445e+08
2.149677e+08
2.124082e+08
2.003783e+08
1.981681e+08
1.917590e+08
1.828001e+08
1.728802e+08
1.712240e+08
1.608831e+08
1.561379e+08
1.528438e+08
1.453662e+08
1.431122e+08
1.360736e+08
1.315925e+08
1.240546e+08
1.213013e+08
1.152701e+08
1.127866e+08
9.810400e+07
9.600002e+07
9.465323e+07
8.882738e+07
8.133601e+07
7.665753e+07
7.004974e+07
6.710682e+07
6.648858e+07
6.403039e+07
5.437549e+07
5.007261e+07
4.695762e+07
4.645169e+07
4.153805e+07
3.365845e+07
3.254182e+07
2.904020e+07
2.455084e+07
4.558977e+06
2.465320e+06
2.176111e+06
1.302356e+06
