5.915394e+04
1.084551e+04
5.392991e+03
1.651954e+03
8.343209e+02
6.224731e+02
5.532043e+02
3.331078e+02
2.646033e+02
2.356383e+02
1.546886e+02
1.120915e+02
8.422059e+01
7.596310e+01
6.800656e+01
6.007751e+01
4.422198e+01
3.501894e+01
2.688359e+01
2.117918e+01
1.830061e+01
1.606274e+01
1.334762e+01
1.295579e+01
1.168358e+01
8.711171e+00
7.665979e+00
6.198127e+00
4.660074e+00
4.422344e+00
4.272294e+00
3.731250e+00
3.099238e+00
2.152750e+00
1.877109e+00
1.790627e+00
1.180468e+00
1.116527e+00
9.083542e-01
8.275132e-01
5.574703e-01
4.768879e-01
3.362540e-01
3.025250e-01
1.920795e-01
1.749131e-01
1.519612e-01
1.166452e-01
1.021197e-01
9.619515e-02
8.854662e-02
6.032587e-02
4.711830e-02
3.759434e-02
3.399097e-02
2.860564e-02
2.192724e-02
1.953111e-02
1.688652e-02
1.357232e-02
1.250616e-02
6.929828e-03
6.629675e-03
4.501241e-03
3.501684e-03
3.449079e-03
2.600134e-03
2.149169e-03
1.859960e-03
1.609349e-03
1.406395e-03
1.115830e-03
8.578717e-04
7.984834e-04
7.817657e-04
7.514730e-04
7.179192e-04
7.067300e-04
6.981284e-04
6.704600e-04
6.587754e-04
5.955760e-04
5.905032e-04
5.892884e-04
5.811937e-04
5.671054e-04
5.418177e-04
5.350150e-04
5.304003e-04
5.185010e-04
5.154618e-04
5.123572e-04
4.962501e-04
4.876852e-04
4.827036e-04
4.683638e-04
4.635633e-04
4.614296e-04
4.545396e-04
4.478741e-04
4.335496e-04
4.271499e-04
4.239405e-04
4.201280e-04
4.148142e-04
4.065011e-04
4.029079e-04
3.974354e-04
3.901005e-04
3.867354e-04
3.828714e-04
3.809212e-04
3.733631e-04
3.698569e-04
3.648707e-04
3.627623e-04
3.584153e-04
3.559782e-04
3.503387e-04
3.448662e-04
3.405771e-04
3.347930e-04
3.321404e-04
3.315612e-04
3.301389e-04
3.249550e-04
3.216625e-04
3.176644e-04
3.154079e-04
3.132378e-04
3.063034e-04
3.050030e-04
2.985715e-04
2.936685e-04
2.935752e-04
2.866584e-04
2.827423e-04
2.793264e-04
2.782855e-04
2.738398e-04
2.707822e-04
2.685844e-04
2.673995e-04
2.611025e-04
2.533281e-04
2.506138e-04
2.465751e-04
2.452839e-04
2.393510e-04
2.376219e-04
2.366948e-04
2.334393e-04
2.288720e-04
2.283344e-04
2.271912e-04
2.229823e-04
2.195497e-04
2.156588e-04
2.118414e-04
2.082555e-04
2.072893e-04
2.058296e-04
2.016606e-04
2.004259e-04
1.982387e-04
1.938855e-04
1.931563e-04
1.898490e-04
1.869247e-04
1.835092e-04
1.826629e-04
1.783149e-04
1.746779e-04
1.735085e-04
1.701735e-04
1.687426e-04
1.655984e-04
1.607218e-04
1.575470e-04
1.558089e-04
1.537428e-04
1.516025e-04
1.505856e-04
1.482177e-04
1.459447e-04
1.419391e-04
1.412648e-04
1.395017e-04
1.367550e-04
1.332203e-04
1.316740e-04
1.301126e-04
1.279727e-04
1.244043e-04
1.234538e-04
1.214396e-04
1.174332e-04
1.157506e-04
1.108955e-04
1.092050e-04
1.087204e-04
1.053672e-04
1.035451e-04
1.025180e-04
9.854021e-05
9.611565e-05
9.546236e-05
9.283093e-05
8.905090e-05
8.764589e-05
8.563558e-05
8.482055e-05
8.094526e-05
7.892296e-05
7.687890e-05
7.627537e-05
7.102361e-05
6.933513e-05
6.634457e-05
6.440519e-05
6.139873e-05
6.040314e-05
5.915812e-05
5.629095e-05
5.267423e-05
5.073917e-05
4.804976e-05
4.376514e-05
4.251250e-05
4.018796e-05
3.659251e-05
3.504868e-05
3.319743e-05
3.213151e-05
3.072500e-05
2.848755e-05
2.468925e-05
2.295773e-05
2.190501e-05
2.109852e-05
1.885927e-05
1.456070e-05
1.170319e-05
8.363967e-06
6.572609e-06
5.034462e-06
3.423667e-06
7.266224e-07
8.112704e-14
2.883208e-14
-1.537913e-14
-6.620482e-14
-8.082420e-14
-1.074597e-06
-3.328759e-06
-4.349806e-06
-7.482223e-06
-1.131322e-05
-1.206684e-05
-1.465014e-05
-1.632196e-05
-1.962216e-05
-2.278286e-05
-2.417244e-05
-2.582907e-05
-2.767475e-05
-3.091255e-05
-3.198551e-05
-3.561961e-05
-3.680859e-05
-3.997196e-05
-4.301493e-05
-4.438473e-05
-4.455747e-05
-4.714943e-05
-4.992393e-05
-5.123704e-05
-5.545004e-05
-5.813880e-05
-6.024067e-05
-6.232278e-05
-6.438514e-05
-6.915795e-05
-6.974407e-05
-7.114605e-05
-7.464470e-05
-7.602767e-05
-7.988955e-05
-8.022744e-05
-8.167132e-05
-8.379359e-05
-8.548009e-05
-8.831441e-05
-9.058948e-05
-9.365584e-05
-9.489615e-05
-1.007370e-04
-1.030409e-04
-1.051721e-04
-1.086040e-04
-1.105988e-04
-1.123671e-04
-1.154899e-04
-1.167914e-04
-1.183195e-04
-1.198534e-04
-1.251316e-04
-1.265471e-04
-1.307356e-04
-1.325624e-04
-1.375975e-04
-1.410908e-04
-1.437760e-04
-1.454107e-04
-1.464179e-04
-1.468080e-04
-1.519630e-04
-1.549671e-04
-1.585421e-04
-1.605522e-04
-1.629503e-04
-1.652042e-04
-1.676569e-04
-1.749145e-04
-1.771233e-04
-1.802708e-04
-1.820402e-04
-1.855137e-04
-1.886689e-04
-1.917894e-04
-1.935425e-04
-1.972132e-04
-2.003333e-04
-2.013155e-04
-2.054611e-04
-2.074696e-04
-2.111908e-04
-2.143548e-04
-2.204218e-04
-2.209760e-04
-2.243771e-04
-2.281699e-04
-2.305869e-04
-2.326659e-04
-2.373336e-04
-2.397781e-04
-2.411968e-04
-2.483924e-04
-2.531845e-04
-2.576057e-04
-2.635304e-04
-2.647436e-04
-2.677129e-04
-2.689419e-04
-2.769121e-04
-2.830857e-04
-2.848873e-04
-2.903563e-04
-2.949239e-04
-2.978978e-04
-2.987793e-04
-3.093747e-04
-3.183777e-04
-3.235013e-04
-3.318879e-04
-3.401621e-04
-3.423576e-04
-3.481385e-04
-3.552597e-04
-3.631386e-04
-3.712604e-04
-3.843975e-04
-3.951176e-04
-4.091127e-04
-4.150518e-04
-4.224447e-04
-4.339017e-04
-4.592185e-04
-4.611617e-04
-4.918377e-04
-5.069439e-04
-5.742259e-04
-6.664816e-04
-9.431695e-04
