3.884884e+07
2.646255e+06
1.663628e+06
9.489846e+05
7.236338e+05
4.435150e+05
3.646570e+05
1.140726e+05
8.504967e+04
4.325716e+04
3.977428e+04
2.724995e+04
1.665065e+04
1.068583e+04
6.291594e+03
4.854769e+03
3.396906e+03
2.862564e+03
1.351479e+03
1.001784e+03
5.898267e+02
5.544979e+02
4.051602e+02
2.686540e+02
1.464814e+02
1.105967e+02
8.034411e+01
7.275101e+01
5.796220e+01
4.311145e+01
3.311904e+01
2.715887e+01
2.274165e+01
1.839464e+01
1.449167e+01
9.070225e+00
8.579859e+00
5.486297e+00
5.164380e+00
3.320729e+00
2.671466e+00
1.266853e+00
1.042423e+00
6.857067e-01
6.575842e-01
4.163240e-01
2.823156e-01
2.445175e-01
2.152050e-01
1.522739e-01
1.306718e-01
1.135125e-01
1.067640e-01
9.899538e-02
9.287637e-02
8.304471e-02
7.121893e-02
6.564759e-02
6.417462e-02
6.111437e-02
6.005338e-02
5.441887e-02
5.069204e-02
4.966261e-02
4.646793e-02
4.469407e-02
4.355411e-02
4.231578e-02
4.184271e-02
3.975669e-02
3.826082e-02
3.707416e-02
3.484844e-02
3.425264e-02
3.273310e-02
3.127884e-02
3.029691e-02
2.960952e-02
2.850546e-02
2.819896e-02
2.662338e-02
2.586117e-02
2.506567e-02
2.450560e-02
2.255534e-02
2.235261e-02
2.218832e-02
2.163058e-02
2.106499e-02
1.971600e-02
1.868141e-02
1.748680e-02
1.618882e-02
1.560471e-02
1.484225e-02
1.296980e-02
1.137454e-02
1.033191e-02
9.305985e-03
8.332756e-03
7.228075e-03
5.506927e-03
4.977967e-03
4.523889e-03
3.601297e-03
1.380041e-03
9.046115e-04
-3.183186e-03
-5.692143e-03
-8.699813e-03
-1.336790e-02
-1.855001e-02
-2.188301e-02
-2.812065e-02
-3.096158e-02
-4.829513e-02
-6.181140e-02
-8.081327e-02
-1.162703e-01
-1.434753e-01
-2.111933e-01
-3.244859e-01
-1.628071e+00
-3.137534e+00
-4.081240e+00
-7.772200e+00
-2.976298e+01
-1.134589e+02
