8.820067e+04
3.548878e+03
2.368917e+03
1.752942e+03
1.103912e+03
7.071905e+02
5.383708e+02
4.360817e+02
2.840517e+02
2.622020e+02
2.346335e+02
2.045425e+02
1.825801e+02
1.728869e+02
1.532907e+02
1.326887e+02
1.199836e+02
1.164959e+02
1.139386e+02
1.063640e+02
1.023864e+02
9.462359e+01
9.044621e+01
8.421567e+01
7.876722e+01
6.984489e+01
6.810063e+01
6.513784e+01
5.846984e+01
5.665685e+01
5.140508e+01
5.066602e+01
4.526399e+01
4.291305e+01
4.147623e+01
3.745604e+01
3.351589e+01
3.216518e+01
3.043464e+01
2.786275e+01
2.776475e+01
2.631855e+01
2.297717e+01
2.161253e+01
1.986840e+01
1.909045e+01
1.836833e+01
1.683447e+01
1.636272e+01
1.453215e+01
1.390180e+01
1.311881e+01
1.268077e+01
1.187733e+01
1.118495e+01
1.013596e+01
8.550385e+00
8.458021e+00
7.955755e+00
7.407975e+00
6.679413e+00
5.973377e+00
5.707022e+00
5.532666e+00
5.375395e+00
4.879851e+00
4.737339e+00
4.164774e+00
4.088474e+00
3.369345e+00
3.151649e+00
2.882272e+00
2.831207e+00
2.524891e+00
2.369812e+00
2.306808e+00
2.076635e+00
1.822497e+00
1.781753e+00
1.644794e+00
1.531693e+00
1.460244e+00
1.388502e+00
1.295000e+00
1.222321e+00
1.194244e+00
1.114101e+00
1.006093e+00
9.600425e-01
9.288660e-01
8.813262e-01
8.192718e-01
7.499872e-01
7.078627e-01
6.706879e-01
6.418560e-01
5.783433e-01
5.548846e-01
5.421028e-01
4.761916e-01
4.590476e-01
4.338998e-01
4.114425e-01
3.844387e-01
3.806069e-01
3.646026e-01
3.619553e-01
3.542835e-01
3.135854e-01
3.046783e-01
2.941922e-01
2.695838e-01
2.584659e-01
2.537434e-01
2.232435e-01
2.194953e-01
2.082379e-01
1.793703e-01
1.765022e-01
1.602938e-01
1.534888e-01
1.413686e-01
1.335401e-01
1.269666e-01
1.177590e-01
1.121830e-01
1.048457e-01
1.006646e-01
9.136873e-02
8.304076e-02
7.925075e-02
7.341607e-02
6.750658e-02
6.225716e-02
5.904425e-02
5.871276e-02
5.505295e-02
5.354274e-02
5.175916e-02
5.060225e-02
4.802383e-02
4.377044e-02
4.046998e-02
3.946228e-02
3.685306e-02
3.595522e-02
3.044082e-02
2.721882e-02
2.638589e-02
2.417389e-02
2.284630e-02
2.189895e-02
2.104214e-02
1.998612e-02
1.857986e-02
1.773882e-02
1.666566e-02
1.652047e-02
1.470684e-02
1.445983e-02
1.388997e-02
1.319946e-02
1.287298e-02
1.048313e-02
9.492381e-03
9.002407e-03
8.707106e-03
7.984817e-03
7.483421e-03
7.301671e-03
6.593260e-03
6.295109e-03
6.115648e-03
5.317700e-03
4.953888e-03
4.735567e-03
4.467383e-03
4.231762e-03
4.054324e-03
3.855584e-03
3.622111e-03
3.503807e-03
3.344154e-03
3.154327e-03
3.108667e-03
2.974572e-03
2.911305e-03
2.831996e-03
2.722745e-03
2.675436e-03
2.578361e-03
2.364632e-03
2.263154e-03
2.209453e-03
2.046242e-03
1.928383e-03
1.886783e-03
1.839046e-03
1.675985e-03
1.651724e-03
1.594120e-03
1.544790e-03
1.539167e-03
1.454019e-03
1.440500e-03
1.381192e-03
1.350363e-03
1.329222e-03
1.304956e-03
1.278471e-03
1.258453e-03
1.217082e-03
1.191642e-03
1.177936e-03
1.160952e-03
1.147980e-03
1.129002e-03
1.119220e-03
1.084502e-03
1.077930e-03
1.042564e-03
1.035216e-03
1.027952e-03
1.010704e-03
1.003108e-03
9.752266e-04
9.711770e-04
9.611556e-04
9.488495e-04
9.389427e-04
9.266318e-04
9.207450e-04
9.137788e-04
8.946058e-04
8.808249e-04
8.712245e-04
8.645187e-04
8.481145e-04
8.426376e-04
8.073186e-04
8.068579e-04
8.041887e-04
7.955365e-04
7.799226e-04
7.648047e-04
7.584235e-04
7.388307e-04
7.278798e-04
7.111830e-04
7.100547e-04
6.987891e-04
6.910096e-04
6.796120e-04
6.659466e-04
6.625304e-04
6.514839e-04
6.454653e-04
6.297894e-04
6.217951e-04
6.171041e-04
6.023505e-04
5.933957e-04
5.833794e-04
5.746199e-04
5.715934e-04
5.563145e-04
5.509228e-04
5.422370e-04
5.129410e-04
5.106894e-04
5.079861e-04
4.964379e-04
4.930032e-04
4.827582e-04
4.758283e-04
4.716867e-04
4.630587e-04
4.532203e-04
4.424136e-04
4.318940e-04
4.126392e-04
3.972755e-04
3.949249e-04
3.801692e-04
3.739514e-04
3.595185e-04
3.529656e-04
3.462837e-04
3.355182e-04
3.251116e-04
3.177490e-04
3.155913e-04
3.093907e-04
2.979263e-04
2.869832e-04
2.819694e-04
2.555783e-04
2.499913e-04
2.444608e-04
2.413527e-04
2.263610e-04
2.183515e-04
2.147388e-04
2.001995e-04
1.951307e-04
1.846299e-04
1.789056e-04
1.689066e-04
1.514525e-04
1.421469e-04
1.398600e-04
1.311249e-04
1.207794e-04
1.175366e-04
1.054000e-04
1.016472e-04
9.141661e-05
8.092257e-05
6.166872e-05
5.439533e-05
4.433265e-05
4.018141e-05
2.754467e-05
1.995534e-05
6.553920e-06
8.997697e-14
3.410464e-14
-1.042100e-14
-2.062692e-06
-9.027714e-06
-2.541364e-05
-3.306405e-05
-3.586910e-05
-4.987390e-05
-6.041271e-05
-6.838558e-05
-7.940119e-05
-8.350665e-05
-8.873939e-05
-9.913719e-05
-1.254811e-04
-1.343308e-04
-1.397908e-04
-1.554399e-04
-1.581160e-04
-1.697550e-04
-1.802050e-04
-1.914246e-04
-2.013879e-04
-2.062359e-04
-2.172559e-04
-2.269769e-04
-2.360613e-04
-2.417838e-04
-2.569290e-04
-2.710436e-04
-2.856213e-04
-2.867432e-04
-2.973180e-04
-3.056831e-04
-3.278482e-04
-3.319970e-04
-3.385560e-04
-3.600411e-04
-3.798246e-04
-3.957805e-04
-4.010533e-04
-4.099822e-04
-4.244386e-04
-4.351772e-04
-4.451968e-04
-4.659249e-04
-4.762170e-04
-4.919417e-04
-5.014365e-04
-5.116514e-04
-5.365500e-04
-5.477043e-04
-5.768639e-04
-5.929052e-04
-6.084708e-04
-6.361195e-04
-6.609584e-04
-6.765850e-04
