2.018334e+12
1.711585e+12
1.616614e+12
1.334475e+12
1.291978e+12
1.200708e+12
1.150092e+12
1.072082e+12
1.012017e+12
9.605632e+11
9.258973e+11
8.921066e+11
7.919486e+11
7.615188e+11
7.415062e+11
7.017791e+11
6.824802e+11
6.448253e+11
6.220056e+11
6.019426e+11
5.852464e+11
5.512181e+11
5.422207e+11
5.203292e+11
4.936456e+11
4.846350e+11
4.417036e+11
4.286900e+11
4.265642e+11
3.967363e+11
3.849566e+11
3.741158e+11
3.654902e+11
3.557522e+11
3.440700e+11
3.322923e+11
3.165685e+11
3.080592e+11
2.987679e+11
2.902458e+11
2.796183e+11
2.665288e+11
2.602673e+11
2.568270e+11
2.476146e+11
2.448065e+11
2.315453e+11
2.224535e+11
2.164830e+11
2.148149e+11
2.038511e+11
2.013548e+11
1.983010e+11
1.962681e+11
1.869375e+11
1.831774e+11
1.772161e+11
1.724887e+11
1.697747e+11
1.618857e+11
1.560302e+11
1.541297e+11
1.514227e+11
1.480482e+11
1.441791e+11
1.396607e+11
1.345460e+11
1.306212e+11
1.289549e+11
1.270377e+11
1.237329e+11
1.190687e+11
1.159173e+11
1.126029e+11
1.105148e+11
1.080499e+11
1.050212e+11
1.040184e+11
1.024787e+11
1.001891e+11
9.847628e+10
9.645185e+10
9.419900e+10
8.932659e+10
8.874465e+10
8.805496e+10
8.589798e+10
8.487413e+10
8.414303e+10
8.263793e+10
8.006203e+10
7.985043e+10
7.773408e+10
7.552270e+10
7.473561e+10
7.384991e+10
7.216450e+10
7.161934e+10
6.908540e+10
6.781701e+10
6.714780e+10
6.577462e+10
6.470898e+10
6.423622e+10
6.319672e+10
6.145856e+10
5.879905e+10
5.863471e+10
5.736613e+10
5.655790e+10
5.607218e+10
5.442401e+10
5.259876e+10
5.158910e+10
5.126854e+10
4.969234e+10
4.857903e+10
4.781725e+10
4.686137e+10
4.484046e+10
4.337417e+10
4.132153e+10
4.005649e+10
3.874613e+10
3.760725e+10
2.920158e+10
2.731128e+10
1.564960e+10
