2.056041e+09
1.540187e+08
2.450077e+07
1.642944e+07
9.930880e+06
5.133984e+06
2.393692e+06
1.921564e+06
9.018202e+05
6.380169e+05
5.523545e+05
2.687733e+05
2.385099e+05
1.230928e+05
9.343274e+04
8.182200e+04
4.898156e+04
2.875991e+04
1.289416e+04
8.177791e+03
6.687907e+03
4.091680e+03
2.430131e+03
1.264494e+03
1.001042e+03
9.413327e+02
4.698500e+02
4.010647e+02
2.387798e+02
1.650406e+02
1.081503e+02
1.023594e+02
4.976342e+01
4.571928e+01
1.628682e+01
1.528779e+01
1.326118e+01
1.040720e+01
6.738786e+00
4.019751e+00
2.316869e+00
1.893841e+00
1.069177e+00
8.883095e-01
6.788710e-01
5.414332e-01
3.497087e-01
2.725320e-01
1.575598e-01
1.033388e-01
7.049099e-02
4.564813e-02
3.887242e-02
3.265873e-02
3.185921e-02
2.495910e-02
2.220385e-02
2.086069e-02
1.798212e-02
1.668715e-02
1.335221e-02
1.144518e-02
9.935042e-03
9.201832e-03
8.973367e-03
7.753043e-03
7.147647e-03
6.451877e-03
6.183291e-03
5.598404e-03
4.766023e-03
4.050400e-03
3.972134e-03
3.438756e-03
3.312626e-03
3.158946e-03
2.792765e-03
2.670726e-03
2.545574e-03
2.190946e-03
2.123063e-03
1.898996e-03
1.764640e-03
1.577358e-03
1.357485e-03
1.334830e-03
1.277470e-03
1.226219e-03
1.114424e-03
9.757710e-04
9.509739e-04
8.914457e-04
7.383740e-04
7.259296e-04
6.503794e-04
5.968258e-04
4.805067e-04
4.057788e-04
3.438315e-04
2.600382e-04
1.770854e-04
5.470271e-05
2.930898e-05
-9.894285e-05
-2.106396e-04
-2.974976e-04
-4.227766e-04
-4.720864e-04
-5.960707e-04
-8.555041e-04
-9.670022e-04
-1.171696e-03
-1.219799e-03
-1.306226e-03
-1.400154e-03
-1.732488e-03
-2.142116e-03
-2.487385e-03
-2.975797e-03
-3.912861e-03
-4.136397e-03
-5.114993e-03
-5.909897e-03
-6.902189e-03
-1.129315e-02
-1.494244e-02
-2.604326e-02
-8.165816e-02
