2.289887e+05
2.113189e+04
4.656239e+03
1.837347e+03
2.127310e+02
2.321516e+01
1.062198e+01
6.502341e+00
1.694728e+00
2.260141e-01
6.178065e-02
4.900331e-02
4.288303e-02
3.274805e-02
2.969130e-02
2.804987e-02
2.301476e-02
2.262898e-02
2.082979e-02
2.061710e-02
1.776863e-02
1.701986e-02
1.581981e-02
1.483738e-02
1.470758e-02
1.322659e-02
1.259194e-02
1.221342e-02
1.163025e-02
1.127037e-02
1.093725e-02
1.057194e-02
1.031746e-02
1.018045e-02
9.751015e-03
9.355255e-03
8.978223e-03
8.768994e-03
8.352108e-03
8.091660e-03
7.812380e-03
7.430523e-03
7.138286e-03
7.037690e-03
6.728388e-03
6.293160e-03
5.995545e-03
5.957841e-03
5.736262e-03
5.552927e-03
5.167222e-03
5.002699e-03
4.810535e-03
4.744398e-03
4.316743e-03
4.191414e-03
4.013599e-03
3.737035e-03
3.605104e-03
3.304277e-03
3.079307e-03
2.942516e-03
2.904075e-03
2.703949e-03
2.562642e-03
2.437086e-03
2.356471e-03
2.286744e-03
1.918497e-03
1.759948e-03
1.720713e-03
1.566706e-03
1.388562e-03
1.229235e-03
1.154611e-03
1.004011e-03
8.707022e-04
8.548338e-04
7.584847e-04
6.755284e-04
6.419336e-04
5.609668e-04
4.913367e-04
4.413678e-04
4.270212e-04
1.442751e-04
1.358264e-05
9.378870e-06
-9.621504e-05
-2.222391e-04
-4.742610e-04
-7.988870e-04
-8.729041e-04
-1.075156e-03
-1.348483e-03
-1.775878e-03
-2.015276e-03
-2.125897e-03
-2.306454e-03
-2.664255e-03
-3.227149e-03
-3.785082e-03
-3.932529e-03
-4.418850e-03
-4.747429e-03
-5.190647e-03
-5.670513e-03
-6.178504e-03
-7.258167e-03
-7.937296e-03
-8.823296e-03
-9.288851e-03
-9.807173e-03
-1.050791e-02
-1.264095e-02
-1.536665e-02
-1.733243e-02
-2.083169e-02
-2.378876e-02
-2.678247e-02
-3.228772e-02
-3.541236e-02
-3.587965e-02
-3.795908e-02
-4.287668e-02
-5.064018e-02
-5.553140e-02
-1.326257e-01
