1.925507e+05
2.208623e+04
5.725270e+03
2.459758e+03
2.120439e+02
2.499587e+01
1.026880e+01
6.988942e+00
1.886378e+00
2.666921e-01
5.544437e-02
4.609399e-02
3.800547e-02
3.356133e-02
3.190910e-02
2.750065e-02
2.450733e-02
2.021758e-02
1.998622e-02
1.945040e-02
1.815660e-02
1.707650e-02
1.618660e-02
1.558765e-02
1.527509e-02
1.397126e-02
1.290238e-02
1.250384e-02
1.168092e-02
1.151409e-02
1.098672e-02
1.070490e-02
1.009383e-02
9.402323e-03
8.936035e-03
8.696341e-03
8.221854e-03
7.996586e-03
7.572946e-03
7.096646e-03
7.010117e-03
6.576314e-03
6.313762e-03
6.118517e-03
5.848247e-03
5.566861e-03
5.421090e-03
5.256249e-03
4.868997e-03
4.813859e-03
4.579393e-03
4.218008e-03
4.074255e-03
3.927077e-03
3.734374e-03
3.528293e-03
3.208720e-03
3.038985e-03
3.010644e-03
2.850785e-03
2.583402e-03
2.365978e-03
2.302638e-03
2.192633e-03
2.063923e-03
1.871460e-03
1.662741e-03
1.586139e-03
1.472024e-03
1.345451e-03
1.187156e-03
1.117822e-03
1.074969e-03
1.015514e-03
8.931153e-04
8.642448e-04
7.949824e-04
7.451980e-04
6.754089e-04
6.623238e-04
6.150612e-04
5.492647e-04
5.138423e-04
4.959053e-04
4.723971e-04
3.456180e-04
3.318944e-04
1.286068e-04
-4.817819e-05
-1.195093e-04
-2.974800e-04
-5.161479e-04
-5.815480e-04
-7.470472e-04
-1.044372e-03
-1.153454e-03
-1.569441e-03
-1.944286e-03
-2.067694e-03
-2.476226e-03
-2.844460e-03
-3.178744e-03
-3.565544e-03
-3.731371e-03
-3.951336e-03
-4.781102e-03
-5.071918e-03
-5.329987e-03
-6.518638e-03
-6.540691e-03
-6.948328e-03
-8.438011e-03
-8.966140e-03
-9.963750e-03
-1.206341e-02
-1.363249e-02
-1.708680e-02
-1.777976e-02
-2.066835e-02
-2.233460e-02
-2.317587e-02
-2.717676e-02
-3.104936e-02
-3.972230e-02
-4.429391e-02
-4.947622e-02
-5.744854e-02
-9.007510e-02
