1.374948e+10
7.164250e+08
3.413769e+08
1.248543e+08
1.005518e+08
8.165314e+07
6.204918e+07
4.743996e+07
4.025882e+07
3.515274e+07
3.421959e+07
2.672833e+07
2.433354e+07
2.040302e+07
1.712392e+07
1.579055e+07
1.185910e+07
1.107097e+07
1.014382e+07
8.654670e+06
8.307636e+06
7.026378e+06
6.490711e+06
5.767780e+06
4.983430e+06
4.289041e+06
3.745500e+06
3.237605e+06
2.736356e+06
2.466976e+06
2.162856e+06
1.891480e+06
1.733678e+06
1.602517e+06
1.349067e+06
1.169987e+06
1.140516e+06
9.594961e+05
7.988801e+05
7.947239e+05
7.539315e+05
6.534255e+05
5.891995e+05
5.090709e+05
4.413488e+05
4.165869e+05
3.933950e+05
3.728137e+05
3.008433e+05
2.843867e+05
2.499746e+05
2.365350e+05
2.176148e+05
1.958192e+05
1.520162e+05
1.179260e+05
1.153473e+05
1.122292e+05
1.057155e+05
8.306549e+04
7.789288e+04
6.762087e+04
5.869897e+04
4.478938e+04
3.917918e+04
3.023147e+04
2.804528e+04
1.978545e+04
1.561658e+04
1.432826e+04
1.237286e+04
1.104740e+04
9.683581e+03
8.766853e+03
6.947081e+03
4.855004e+03
3.791705e+03
2.815108e+03
2.556080e+03
1.548054e+03
1.387091e+03
1.097877e+03
8.713782e+02
5.772804e+02
5.177007e+02
4.589720e+02
2.317829e+02
2.117515e+02
1.463346e+02
9.709503e+01
7.278716e+01
6.722710e+01
4.735471e+01
2.204651e+01
1.915304e+01
1.481093e+01
1.013446e+01
6.805319e+00
6.220342e+00
3.151072e+00
2.174377e+00
1.507141e+00
1.408317e+00
6.902002e-01
5.741728e-01
4.931763e-01
3.727623e-01
3.046185e-01
2.909673e-01
2.673147e-01
2.183311e-01
1.577240e-01
1.409616e-01
1.331061e-01
1.016280e-01
6.440290e-02
2.597102e-02
1.904061e-02
-5.379107e-03
-2.943870e-02
-6.371223e-02
-7.009031e-02
-1.399087e-01
-1.933823e-01
-2.195708e-01
-2.678803e-01
-5.923719e-01
-8.829616e+02
