8.826154e+04
3.594068e+03
2.383647e+03
1.839504e+03
9.452828e+02
7.323126e+02
5.156507e+02
4.041472e+02
3.037468e+02
2.714440e+02
2.586553e+02
1.856534e+02
1.677483e+02
1.618289e+02
1.584195e+02
1.446150e+02
1.331069e+02
1.235763e+02
1.141048e+02
1.070733e+02
9.751704e+01
9.326944e+01
8.875274e+01
7.856301e+01
7.503247e+01
6.537355e+01
6.260353e+01
6.257859e+01
6.115218e+01
5.808803e+01
5.115048e+01
4.581918e+01
4.386212e+01
4.295455e+01
4.030457e+01
3.968887e+01
3.689777e+01
3.293547e+01
3.208754e+01
2.929273e+01
2.703485e+01
2.391646e+01
2.317194e+01
2.239803e+01
2.051664e+01
1.793192e+01
1.733178e+01
1.682028e+01
1.590524e+01
1.424576e+01
1.372456e+01
1.327266e+01
1.258809e+01
1.192629e+01
1.100992e+01
1.054355e+01
9.636610e+00
9.237381e+00
8.826294e+00
8.602974e+00
7.728700e+00
6.677686e+00
6.390943e+00
6.033313e+00
5.368632e+00
5.125277e+00
4.788012e+00
4.353175e+00
3.997226e+00
3.538746e+00
3.397991e+00
2.827000e+00
2.688933e+00
2.358399e+00
2.181659e+00
2.146193e+00
2.069328e+00
1.933520e+00
1.852197e+00
1.779670e+00
1.487882e+00
1.414866e+00
1.377877e+00
1.205560e+00
1.167419e+00
1.041436e+00
1.019810e+00
9.613249e-01
8.915989e-01
8.614818e-01
7.990214e-01
7.531795e-01
7.327557e-01
6.910349e-01
6.380534e-01
6.050126e-01
5.617743e-01
5.373799e-01
5.296983e-01
4.982788e-01
4.638481e-01
4.392352e-01
4.319304e-01
4.093703e-01
3.567280e-01
3.346719e-01
3.130779e-01
3.024739e-01
2.915349e-01
2.682638e-01
2.588587e-01
2.468769e-01
2.251513e-01
2.184871e-01
2.062775e-01
1.843644e-01
1.783403e-01
1.702370e-01
1.555374e-01
1.497630e-01
1.467881e-01
1.329467e-01
1.268274e-01
1.220378e-01
1.142035e-01
1.098923e-01
9.956884e-02
9.049480e-02
8.609167e-02
7.808433e-02
6.854392e-02
6.677458e-02
6.233647e-02
6.127662e-02
5.548447e-02
5.455051e-02
5.141140e-02
4.949414e-02
4.840366e-02
4.616046e-02
4.387464e-02
4.169965e-02
4.064078e-02
3.643238e-02
3.351638e-02
3.101591e-02
3.005707e-02
2.889659e-02
2.651637e-02
2.611134e-02
2.567854e-02
2.319959e-02
2.151622e-02
2.001562e-02
1.812674e-02
1.687024e-02
1.579878e-02
1.487659e-02
1.346611e-02
1.315751e-02
1.226868e-02
1.135901e-02
1.125802e-02
9.107826e-03
8.771214e-03
8.501210e-03
7.853895e-03
7.566971e-03
7.070952e-03
6.538797e-03
5.901678e-03
5.846140e-03
5.666899e-03
5.483136e-03
5.080367e-03
4.703706e-03
4.495428e-03
4.387402e-03
4.181954e-03
3.960990e-03
3.640460e-03
3.498658e-03
3.228445e-03
3.042987e-03
2.712398e-03
2.586918e-03
2.473471e-03
2.380366e-03
2.292268e-03
2.216761e-03
2.166523e-03
2.125997e-03
1.984214e-03
1.938518e-03
1.857527e-03
1.789379e-03
1.741404e-03
1.721114e-03
1.703645e-03
1.607431e-03
1.581554e-03
1.491835e-03
1.428220e-03
1.423193e-03
1.376689e-03
1.351932e-03
1.332420e-03
1.299120e-03
1.270674e-03
1.244581e-03
1.217192e-03
1.195297e-03
1.164375e-03
1.151930e-03
1.136899e-03
1.132092e-03
1.108675e-03
1.081929e-03
1.079031e-03
1.068668e-03
1.047856e-03
1.033124e-03
1.026814e-03
1.002086e-03
9.818517e-04
9.745363e-04
9.441948e-04
9.423603e-04
9.298659e-04
9.158810e-04
9.151548e-04
9.078758e-04
8.852882e-04
8.784609e-04
8.573168e-04
8.397236e-04
8.284365e-04
8.166122e-04
8.025279e-04
7.902943e-04
7.795654e-04
7.668657e-04
7.606850e-04
7.463003e-04
7.388397e-04
7.257753e-04
7.230605e-04
7.131710e-04
6.938401e-04
6.775102e-04
6.741465e-04
6.645478e-04
6.564707e-04
6.502082e-04
6.253141e-04
6.194570e-04
6.107771e-04
5.959313e-04
5.897803e-04
5.849918e-04
5.751461e-04
5.682489e-04
5.565092e-04
5.514772e-04
5.350708e-04
5.226214e-04
5.132171e-04
5.049955e-04
4.927774e-04
4.880828e-04
4.847744e-04
4.786747e-04
4.635409e-04
4.520238e-04
4.464214e-04
4.331610e-04
4.239063e-04
4.172485e-04
4.060188e-04
3.911331e-04
3.797791e-04
3.783659e-04
3.652315e-04
3.600096e-04
3.453769e-04
3.353400e-04
3.182301e-04
3.172033e-04
3.043257e-04
2.956458e-04
2.879447e-04
2.764049e-04
2.675679e-04
2.602511e-04
2.502642e-04
2.323232e-04
2.226589e-04
2.150584e-04
2.090252e-04
2.029543e-04
1.950203e-04
1.865920e-04
1.804244e-04
1.763359e-04
1.740814e-04
1.640540e-04
1.524982e-04
1.318038e-04
1.237430e-04
1.157927e-04
1.133412e-04
9.985121e-05
8.969868e-05
7.615520e-05
6.652491e-05
5.166796e-05
4.450652e-05
2.987183e-05
2.621526e-05
1.935386e-05
1.054043e-05
3.351036e-06
2.582998e-13
1.681356e-13
1.168043e-13
7.891278e-14
1.640813e-14
-5.924555e-15
-1.067882e-13
-1.534668e-13
-2.792248e-13
-1.419106e-05
-1.947915e-05
-2.072499e-05
-3.105220e-05
-4.268540e-05
-4.488185e-05
-4.756747e-05
-7.882201e-05
-8.310278e-05
-1.018150e-04
-1.061239e-04
-1.198662e-04
-1.379947e-04
-1.431724e-04
-1.477193e-04
-1.597111e-04
-1.742988e-04
-1.843880e-04
-1.967447e-04
-2.021012e-04
-2.158095e-04
-2.223089e-04
-2.410217e-04
-2.543515e-04
-2.682977e-04
-2.725277e-04
-2.846094e-04
-2.958410e-04
-3.027231e-04
-3.084050e-04
-3.280608e-04
-3.362428e-04
-3.420835e-04
-3.568761e-04
-3.722966e-04
-3.778315e-04
-3.913352e-04
-4.159379e-04
-4.276008e-04
-4.368941e-04
-4.757746e-04
-4.912955e-04
-4.930529e-04
-5.000026e-04
-5.202094e-04
-5.302507e-04
-5.467497e-04
-5.601718e-04
-5.893907e-04
-6.148071e-04
-6.212573e-04
-6.522418e-04
-6.889839e-04
