4.436718e+05
2.325982e+05
1.795435e+05
1.346712e+05
1.092404e+05
1.049982e+05
9.400205e+04
8.184762e+04
7.940355e+04
7.020346e+04
5.569212e+04
5.506733e+04
4.849220e+04
4.360613e+04
4.341586e+04
3.627118e+04
3.310065e+04
2.842563e+04
2.226645e+04
1.468760e+04
1.212549e+04
1.042820e+04
9.068094e+03
7.973880e+03
7.448727e+03
6.045167e+03
5.494167e+03
4.984237e+03
4.751149e+03
3.943222e+03
3.489862e+03
3.111227e+03
2.698607e+03
1.846951e+03
1.666420e+03
1.301252e+03
1.193081e+03
1.026146e+03
9.002696e+02
7.409814e+02
6.319930e+02
5.775462e+02
5.182864e+02
4.134938e+02
3.514262e+02
2.934603e+02
2.532099e+02
2.081016e+02
2.003159e+02
1.490074e+02
1.479408e+02
9.529486e+01
9.140083e+01
7.787803e+01
5.789412e+01
5.269851e+01
4.352191e+01
3.772805e+01
3.559796e+01
2.943136e+01
1.738301e+01
1.541339e+01
1.390255e+01
1.326170e+01
1.125128e+01
1.014888e+01
8.835530e+00
6.579778e+00
4.266917e+00
3.493623e+00
3.313091e+00
2.689323e+00
2.401306e+00
1.995721e+00
1.241141e+00
1.226016e+00
1.163960e+00
7.990878e-01
6.529054e-01
4.647618e-01
3.858380e-01
3.199761e-01
2.874712e-01
2.627298e-01
2.529416e-01
1.437153e-01
1.286444e-01
9.375361e-02
8.967695e-02
7.371604e-02
5.678115e-02
5.076654e-02
4.499483e-02
3.885641e-02
3.204605e-02
2.990490e-02
2.942047e-02
2.760472e-02
2.638893e-02
2.498971e-02
2.375224e-02
2.318006e-02
2.153545e-02
2.120036e-02
1.999046e-02
1.966613e-02
1.868134e-02
1.812820e-02
1.729428e-02
1.720645e-02
1.671924e-02
1.636991e-02
1.537588e-02
1.510063e-02
1.467178e-02
1.433357e-02
1.359678e-02
1.153664e-02
1.136069e-02
1.090669e-02
1.057546e-02
1.001358e-02
9.830900e-03
9.415307e-03
8.337195e-03
1.374568e-11
2.434666e-12
-4.669059e-12
