2.052293e+05
2.015711e+04
5.810019e+03
2.297376e+03
2.239088e+02
2.765635e+01
9.307199e+00
6.448263e+00
1.494601e+00
2.554233e-01
5.853752e-02
4.667171e-02
3.584085e-02
3.412585e-02
2.890658e-02
2.550962e-02
2.365594e-02
2.314280e-02
2.125503e-02
2.004982e-02
1.751007e-02
1.590751e-02
1.502368e-02
1.443201e-02
1.350077e-02
1.284693e-02
1.195535e-02
1.150630e-02
1.091404e-02
1.050841e-02
1.037597e-02
9.722574e-03
9.428356e-03
9.054595e-03
8.420122e-03
8.232635e-03
8.031464e-03
7.828964e-03
7.334750e-03
6.988239e-03
6.738928e-03
6.626535e-03
6.437127e-03
6.231408e-03
6.042206e-03
5.863318e-03
5.619004e-03
5.393021e-03
5.279131e-03
4.700917e-03
4.523889e-03
4.327142e-03
4.190160e-03
4.019493e-03
3.802203e-03
3.574279e-03
3.293024e-03
3.008991e-03
2.987186e-03
2.737185e-03
2.606640e-03
2.426307e-03
2.334823e-03
2.147163e-03
2.036477e-03
1.888000e-03
1.742234e-03
1.668483e-03
1.564439e-03
1.459850e-03
1.305376e-03
1.258153e-03
1.169534e-03
1.120852e-03
1.014418e-03
9.691386e-04
8.497486e-04
7.269678e-04
7.212121e-04
6.457813e-04
5.638736e-04
5.293455e-04
4.966217e-04
4.701047e-04
3.232631e-04
2.659278e-04
1.983827e-04
1.434047e-04
-5.724342e-05
-1.696649e-04
-2.429296e-04
-5.193056e-04
-6.038809e-04
-9.350515e-04
-1.005687e-03
-1.423201e-03
-1.486589e-03
-1.983953e-03
-2.167777e-03
-2.233178e-03
-2.627172e-03
-2.682591e-03
-3.463927e-03
-3.884461e-03
-3.956621e-03
-4.918831e-03
-5.332508e-03
-6.426258e-03
-6.489337e-03
-7.692587e-03
-8.395039e-03
-1.004861e-02
-1.119624e-02
-1.160185e-02
-1.312880e-02
-1.423315e-02
-1.610928e-02
-1.691118e-02
-2.348720e-02
-2.530788e-02
-2.623833e-02
-2.960292e-02
-3.018312e-02
-3.848714e-02
-4.221165e-02
-5.103421e-02
-5.528273e-02
-8.503403e-02
