1.849593e+05
2.280221e+04
5.582063e+03
2.234191e+03
2.134510e+02
2.507046e+01
9.148108e+00
7.079973e+00
1.892794e+00
2.677017e-01
5.230521e-02
3.956016e-02
3.802908e-02
2.963304e-02
2.922555e-02
2.754493e-02
2.426768e-02
2.356581e-02
2.033083e-02
1.894691e-02
1.748268e-02
1.641721e-02
1.491804e-02
1.460798e-02
1.395548e-02
1.326438e-02
1.238129e-02
1.181115e-02
1.136804e-02
1.102529e-02
1.024415e-02
1.016465e-02
9.877690e-03
9.067838e-03
8.630896e-03
8.467172e-03
7.789087e-03
7.629886e-03
7.390296e-03
7.304435e-03
6.837538e-03
6.619323e-03
6.159868e-03
5.968959e-03
5.688896e-03
5.484725e-03
5.313260e-03
5.140036e-03
4.886166e-03
4.727161e-03
4.576528e-03
4.330059e-03
4.180456e-03
3.824709e-03
3.704906e-03
3.519271e-03
3.303904e-03
3.183622e-03
3.066859e-03
2.877476e-03
2.728446e-03
2.638978e-03
2.425208e-03
2.359542e-03
2.138785e-03
2.035045e-03
1.888407e-03
1.741992e-03
1.685641e-03
1.442612e-03
1.401655e-03
1.268920e-03
1.240797e-03
1.128780e-03
1.008735e-03
9.500296e-04
8.890711e-04
8.252549e-04
7.536924e-04
6.715842e-04
6.214267e-04
5.252201e-04
4.825187e-04
4.416837e-04
2.696687e-04
2.076949e-04
-1.336216e-05
-1.495532e-04
-3.099251e-04
-3.537918e-04
-6.767967e-04
-7.439548e-04
-1.001317e-03
-1.237098e-03
-1.470895e-03
-1.651163e-03
-2.000842e-03
-2.141217e-03
-2.369600e-03
-3.341947e-03
-3.591813e-03
-4.094771e-03
-4.325644e-03
-4.537208e-03
-4.933600e-03
-5.586219e-03
-6.269386e-03
-6.659896e-03
-7.113809e-03
-7.723182e-03
-8.262170e-03
-8.698480e-03
-1.021727e-02
-1.077432e-02
-1.183175e-02
-1.276622e-02
-1.298284e-02
-1.474207e-02
-1.831037e-02
-2.219236e-02
-2.433957e-02
-2.571658e-02
-2.972144e-02
-3.704039e-02
-3.779234e-02
-5.128320e-02
-6.053307e-02
-9.838692e-02
