1.264402e+10
7.902541e+08
2.150138e+08
1.281014e+08
1.016089e+08
8.952668e+07
6.415086e+07
4.539137e+07
4.241331e+07
4.072115e+07
3.057245e+07
2.938509e+07
2.227259e+07
1.725828e+07
1.523263e+07
1.240830e+07
1.099418e+07
1.047586e+07
7.430176e+06
6.575654e+06
5.384882e+06
4.695490e+06
4.659738e+06
3.949444e+06
3.685392e+06
3.205808e+06
3.156153e+06
2.548119e+06
2.288926e+06
1.917786e+06
1.796366e+06
1.712624e+06
1.650094e+06
1.320511e+06
1.145109e+06
1.048448e+06
8.936709e+05
7.706728e+05
7.122627e+05
6.895943e+05
6.018743e+05
5.549216e+05
4.978851e+05
4.616931e+05
4.209939e+05
3.687619e+05
3.158429e+05
2.943243e+05
2.568955e+05
2.266138e+05
2.088313e+05
1.931887e+05
1.733729e+05
1.616130e+05
1.359928e+05
1.233072e+05
9.896104e+04
9.139238e+04
7.901612e+04
7.121786e+04
6.918793e+04
5.639805e+04
4.927595e+04
4.049966e+04
3.256475e+04
2.575713e+04
2.148505e+04
2.057405e+04
1.887064e+04
1.599825e+04
1.275471e+04
1.156505e+04
7.965884e+03
6.868483e+03
6.760967e+03
5.499350e+03
5.195355e+03
4.254851e+03
3.838716e+03
3.160467e+03
2.400267e+03
2.255701e+03
1.605110e+03
9.918323e+02
7.433033e+02
6.549757e+02
4.377111e+02
2.819194e+02
2.440551e+02
2.241313e+02
1.478625e+02
1.056565e+02
9.182014e+01
5.712685e+01
3.158268e+01
1.962557e+01
1.298088e+01
9.019843e+00
6.341981e+00
4.691768e+00
3.195949e+00
2.574090e+00
1.773891e+00
1.468707e+00
6.845617e-01
5.382969e-01
4.183041e-01
2.781973e-01
2.414708e-01
1.885522e-01
1.685824e-01
1.440597e-01
1.291856e-01
9.881270e-02
8.380099e-02
7.378037e-02
5.414633e-02
4.145207e-02
2.625783e-02
9.584750e-03
-8.485951e-03
-1.933013e-02
-3.201474e-02
-4.017321e-02
-7.203938e-02
-8.910494e-02
-1.093608e-01
-1.763062e-01
