2.438011e+12
2.146305e+12
1.789203e+12
1.689093e+12
1.413816e+12
1.355528e+12
1.214217e+12
1.150198e+12
1.130975e+12
1.112203e+12
1.033991e+12
9.485477e+11
8.950908e+11
8.645662e+11
8.148732e+11
7.882721e+11
7.212993e+11
6.979689e+11
6.923972e+11
6.649442e+11
6.464539e+11
6.033787e+11
5.756079e+11
5.651165e+11
5.548092e+11
5.266044e+11
5.206804e+11
5.009316e+11
4.715377e+11
4.512548e+11
4.424611e+11
4.384442e+11
4.246118e+11
4.144364e+11
3.978336e+11
3.746612e+11
3.550975e+11
3.466166e+11
3.441193e+11
3.357586e+11
3.227522e+11
3.116664e+11
2.931842e+11
2.852098e+11
2.729540e+11
2.676983e+11
2.555416e+11
2.471424e+11
2.433227e+11
2.357174e+11
2.261553e+11
2.236641e+11
2.142060e+11
2.100524e+11
2.002352e+11
1.976731e+11
1.946916e+11
1.848477e+11
1.796745e+11
1.757268e+11
1.700086e+11
1.667628e+11
1.629703e+11
1.605023e+11
1.591080e+11
1.520916e+11
1.491472e+11
1.467411e+11
1.423112e+11
1.370580e+11
1.354177e+11
1.309656e+11
1.293494e+11
1.256107e+11
1.234162e+11
1.209074e+11
1.189557e+11
1.169718e+11
1.143549e+11
1.118392e+11
1.107431e+11
1.085580e+11
1.074423e+11
1.013953e+11
9.945578e+10
9.875005e+10
9.632553e+10
9.529654e+10
9.385888e+10
9.130630e+10
8.965973e+10
8.817162e+10
8.660518e+10
8.529853e+10
8.477417e+10
8.155899e+10
8.044193e+10
7.800925e+10
7.679826e+10
7.611952e+10
7.505705e+10
7.359572e+10
7.207965e+10
7.130516e+10
6.982591e+10
6.780350e+10
6.598958e+10
6.505122e+10
6.482664e+10
6.343591e+10
6.196761e+10
5.982284e+10
5.852017e+10
5.671764e+10
5.642136e+10
5.410694e+10
5.182105e+10
5.011283e+10
4.738116e+10
4.554188e+10
4.105146e+10
3.900516e+10
3.652511e+10
2.321160e+10
1.520151e+10
1.422209e+10
1.371418e+10
2.243813e+08
