1.275847e+08
2.428895e+07
1.405639e+06
1.319222e+06
9.213752e+05
4.168742e+05
2.753721e+05
8.854895e+04
1.624213e+04
9.810694e+03
2.916043e+03
8.230947e+02
5.868159e+02
4.120131e+02
2.278581e+02
6.450517e+01
4.893748e+01
3.900932e+01
3.714509e+01
3.087481e+01
2.281006e+01
2.054931e+01
1.920744e+01
1.789336e+01
1.769701e+01
1.639545e+01
1.455616e+01
1.389056e+01
1.302133e+01
1.188059e+01
1.149800e+01
1.041472e+01
1.009713e+01
9.965710e+00
9.025728e+00
8.347860e+00
8.021821e+00
7.082157e+00
6.457150e+00
6.374198e+00
6.050143e+00
5.862388e+00
5.591630e+00
5.268664e+00
4.952346e+00
4.738898e+00
4.483944e+00
4.090913e+00
3.907129e+00
3.675717e+00
3.606170e+00
3.302151e+00
3.103016e+00
3.054195e+00
2.960102e+00
2.691583e+00
2.401622e+00
2.257542e+00
1.902413e+00
1.824518e+00
1.684228e+00
1.483755e+00
1.389254e+00
1.186373e+00
1.027318e+00
9.186477e-01
8.297890e-01
6.207496e-01
5.951223e-01
4.156153e-01
3.055113e-01
2.646469e-01
1.888345e-01
1.727835e-01
1.086046e-01
9.979792e-02
6.394029e-02
5.059000e-02
1.123008e-02
7.640276e-12
-1.556255e-10
-1.074436e-02
-3.279996e-02
-6.290279e-02
-1.535674e-01
-1.912731e-01
-2.675298e-01
-3.048246e-01
-3.350556e-01
-4.784322e-01
-5.406546e-01
-7.948102e-01
-8.275737e-01
-8.868881e-01
-1.028323e+00
-1.202327e+00
-1.337239e+00
-1.511354e+00
-1.745375e+00
-1.893059e+00
-2.035768e+00
-2.342137e+00
-2.385638e+00
-2.755563e+00
-3.138882e+00
-3.427640e+00
-3.673499e+00
-4.273557e+00
-4.624393e+00
-5.309358e+00
-5.673937e+00
-6.278457e+00
-6.449005e+00
-6.772250e+00
-7.870477e+00
-9.215257e+00
-1.041932e+01
-1.183191e+01
-1.281627e+01
-1.294015e+01
-1.509943e+01
-1.696318e+01
-1.986842e+01
-2.622274e+01
-2.756828e+01
-4.399356e+01
-5.595337e+01
-6.920103e+01
