2.969378e+10
1.511511e+10
6.055697e+09
4.829377e+09
3.903040e+09
3.644692e+09
3.450449e+09
2.923611e+09
2.782716e+09
2.605593e+09
2.406402e+09
2.270536e+09
2.158768e+09
2.003097e+09
1.925015e+09
1.768920e+09
1.684131e+09
1.612134e+09
1.603026e+09
1.539635e+09
1.438341e+09
1.384305e+09
1.366864e+09
1.310167e+09
1.271728e+09
1.248824e+09
1.163761e+09
1.127983e+09
1.120116e+09
1.073803e+09
1.038362e+09
9.896086e+08
9.814724e+08
9.621008e+08
9.184385e+08
8.895610e+08
8.581213e+08
8.465841e+08
8.287023e+08
8.129745e+08
7.744968e+08
7.437448e+08
7.303537e+08
7.212394e+08
6.853050e+08
6.787834e+08
6.569356e+08
6.295191e+08
6.220813e+08
5.991033e+08
5.916019e+08
5.794996e+08
5.579640e+08
5.515404e+08
5.432865e+08
5.283950e+08
5.157703e+08
5.136516e+08
4.725087e+08
4.645900e+08
4.519629e+08
4.328314e+08
4.266864e+08
4.226893e+08
4.096103e+08
3.908819e+08
3.868880e+08
3.640274e+08
3.576223e+08
3.479878e+08
3.409889e+08
3.355148e+08
3.234545e+08
3.136213e+08
3.062352e+08
2.951795e+08
2.886707e+08
2.815683e+08
2.787788e+08
2.678167e+08
2.633822e+08
2.577231e+08
2.520266e+08
2.468325e+08
2.364126e+08
2.312521e+08
2.296693e+08
2.201091e+08
2.131736e+08
2.097994e+08
2.061701e+08
1.929411e+08
1.873212e+08
1.832455e+08
1.753014e+08
1.691149e+08
1.650352e+08
1.629994e+08
1.570737e+08
1.458039e+08
1.427901e+08
1.414529e+08
1.352093e+08
1.295922e+08
1.269254e+08
1.244107e+08
1.177184e+08
1.161040e+08
1.112022e+08
1.085723e+08
1.014871e+08
9.685535e+07
9.230090e+07
7.850259e+07
7.818175e+07
6.935119e+07
5.835820e+07
4.923394e+07
3.885032e+07
3.370758e+07
3.057228e+07
2.611597e+07
2.315052e+07
1.448490e+07
3.958901e+06
3.221320e+06
2.807600e+06
1.360919e+06
