6.440575e+05
2.182795e+05
1.932527e+05
1.649744e+05
1.238392e+05
1.021570e+05
9.508102e+04
8.830190e+04
8.267005e+04
7.411145e+04
6.464765e+04
5.452571e+04
5.050525e+04
4.367821e+04
3.925905e+04
3.098655e+04
2.631630e+04
2.302982e+04
1.824517e+04
1.342306e+04
1.143060e+04
1.012950e+04
9.617590e+03
7.240868e+03
6.598644e+03
5.556006e+03
5.280362e+03
4.078563e+03
3.354037e+03
3.106815e+03
2.672078e+03
2.453596e+03
2.036043e+03
1.790218e+03
1.428538e+03
1.226784e+03
1.064774e+03
9.065011e+02
7.390956e+02
6.229450e+02
5.340927e+02
5.146672e+02
4.182424e+02
3.043621e+02
2.885589e+02
2.349002e+02
1.815388e+02
1.621225e+02
1.483080e+02
1.351981e+02
1.122600e+02
1.015180e+02
7.154733e+01
6.475794e+01
4.596980e+01
3.866653e+01
3.389499e+01
3.230203e+01
2.347566e+01
2.199551e+01
1.682652e+01
1.637699e+01
1.259821e+01
7.427828e+00
6.520493e+00
6.197811e+00
4.200602e+00
3.627238e+00
3.001779e+00
2.849350e+00
2.248380e+00
1.521239e+00
1.156541e+00
1.139069e+00
9.255228e-01
7.305097e-01
7.186555e-01
5.147433e-01
2.363601e-01
2.105243e-01
1.804872e-01
1.762018e-01
1.453274e-01
1.050488e-01
1.020173e-01
8.991642e-02
7.710761e-02
6.303898e-02
5.500940e-02
4.697463e-02
4.490703e-02
4.313497e-02
4.196518e-02
3.698411e-02
3.656742e-02
3.585950e-02
3.429516e-02
3.379760e-02
3.177837e-02
3.119040e-02
3.037868e-02
2.808744e-02
2.667027e-02
2.635297e-02
2.514284e-02
2.273319e-02
2.039399e-02
1.892805e-02
1.833635e-02
1.786971e-02
1.720890e-02
1.675418e-02
1.627244e-02
1.611748e-02
1.531933e-02
1.475071e-02
1.439342e-02
1.415232e-02
1.361241e-02
1.321974e-02
1.252663e-02
1.176852e-02
1.057040e-02
1.056248e-02
9.182589e-03
7.779680e-03
5.178213e-03
7.290376e-12
