6.930519e+09
7.030471e+08
1.639090e+08
8.522044e+07
6.363085e+07
5.777832e+07
4.822952e+07
4.169934e+07
3.453854e+07
2.996749e+07
2.215922e+07
1.477428e+07
1.378010e+07
1.201676e+07
9.022025e+06
8.904338e+06
8.327337e+06
7.449878e+06
5.448100e+06
5.108219e+06
4.439140e+06
3.521954e+06
3.066376e+06
2.684763e+06
2.366736e+06
1.945173e+06
1.928368e+06
1.533410e+06
1.485575e+06
1.350523e+06
1.317174e+06
1.145629e+06
9.895858e+05
9.127836e+05
8.708123e+05
8.012111e+05
6.763408e+05
6.008758e+05
5.801247e+05
5.338817e+05
4.740591e+05
4.369361e+05
3.838711e+05
3.231951e+05
2.862434e+05
2.766292e+05
2.499841e+05
2.334386e+05
2.053505e+05
1.667025e+05
1.540515e+05
1.434070e+05
1.262206e+05
9.826240e+04
9.176438e+04
7.755136e+04
6.902444e+04
6.056694e+04
4.538696e+04
4.104962e+04
3.908113e+04
2.847278e+04
2.691523e+04
1.524323e+04
1.330033e+04
1.073583e+04
1.032309e+04
8.965556e+03
6.856429e+03
6.394178e+03
5.536408e+03
3.815509e+03
3.074498e+03
2.128773e+03
1.984351e+03
1.245788e+03
1.070775e+03
7.370797e+02
6.609017e+02
5.524487e+02
4.947397e+02
3.414917e+02
3.193665e+02
1.951430e+02
1.182235e+02
1.023808e+02
8.548093e+01
5.692954e+01
4.926511e+01
3.502925e+01
2.213017e+01
1.831343e+01
7.541505e+00
4.801963e+00
3.813536e+00
2.479098e+00
2.134704e+00
1.972253e+00
1.622896e+00
1.036640e+00
6.243407e-01
3.399042e-01
2.871144e-01
2.119620e-01
1.891930e-01
1.613017e-01
1.334116e-01
1.309515e-01
1.171569e-01
1.148199e-01
9.686702e-02
8.563270e-02
7.251465e-02
6.528407e-02
6.065599e-02
5.447093e-02
2.510338e-02
1.664436e-02
7.902897e-03
-3.865259e-03
-7.541898e-03
-2.078368e-02
-3.261249e-02
-4.817475e-02
-7.619276e-02
-1.098227e-01
-2.148190e-01
-6.397028e+00
