1.239020e+05
5.906448e+03
4.902684e+03
2.666381e+03
1.525547e+03
1.330400e+03
7.921024e+02
7.012746e+02
5.313719e+02
5.163990e+02
4.184358e+02
3.898027e+02
3.379218e+02
3.018341e+02
2.919056e+02
2.787364e+02
2.007899e+02
1.975681e+02
1.808748e+02
1.619891e+02
1.453900e+02
1.373463e+02
1.277415e+02
1.164441e+02
1.105418e+02
1.015109e+02
9.156876e+01
8.705288e+01
8.246702e+01
7.138866e+01
6.505797e+01
6.170797e+01
5.516609e+01
5.362761e+01
5.242435e+01
4.624994e+01
4.400959e+01
4.212171e+01
4.088381e+01
3.702126e+01
3.463884e+01
2.987789e+01
2.916558e+01
2.862520e+01
2.742571e+01
2.549595e+01
2.307763e+01
2.160760e+01
1.994048e+01
1.897611e+01
1.639046e+01
1.461919e+01
1.378003e+01
1.211581e+01
1.118834e+01
1.096311e+01
1.041326e+01
9.288292e+00
8.989193e+00
8.640380e+00
7.802179e+00
7.306501e+00
6.842897e+00
5.902525e+00
5.417135e+00
4.932717e+00
4.680643e+00
4.477227e+00
4.156602e+00
4.004019e+00
3.668458e+00
3.336922e+00
3.217678e+00
3.080604e+00
2.666587e+00
2.571755e+00
2.200112e+00
2.044194e+00
1.922688e+00
1.781397e+00
1.712265e+00
1.459366e+00
1.341901e+00
1.252949e+00
1.182016e+00
1.112978e+00
1.055962e+00
1.002919e+00
9.616048e-01
9.214739e-01
8.747596e-01
7.911251e-01
7.556465e-01
6.794140e-01
6.336068e-01
5.900634e-01
5.185962e-01
4.819043e-01
4.439196e-01
4.252631e-01
4.124756e-01
3.945949e-01
3.461166e-01
3.363351e-01
3.102766e-01
2.879224e-01
2.675522e-01
2.396630e-01
2.043904e-01
1.958832e-01
1.835326e-01
1.788632e-01
1.602034e-01
1.533453e-01
1.459061e-01
1.395017e-01
1.256211e-01
1.200785e-01
1.097874e-01
1.060742e-01
9.945559e-02
9.421467e-02
9.145833e-02
7.842253e-02
7.277361e-02
6.607796e-02
6.343426e-02
6.050315e-02
4.971598e-02
4.724604e-02
4.424366e-02
4.201379e-02
3.817154e-02
3.718257e-02
3.521002e-02
3.487410e-02
3.365404e-02
2.658706e-02
2.609409e-02
2.357937e-02
2.163476e-02
1.924526e-02
1.688436e-02
1.638922e-02
1.544457e-02
1.466392e-02
1.330560e-02
1.250982e-02
1.170392e-02
1.049541e-02
1.024071e-02
9.501410e-03
9.038419e-03
7.614446e-03
7.032935e-03
6.502377e-03
6.354738e-03
6.055069e-03
5.684284e-03
5.621495e-03
5.411681e-03
4.671546e-03
4.233803e-03
3.735516e-03
3.541376e-03
3.224311e-03
3.164484e-03
2.869019e-03
2.797368e-03
2.669229e-03
2.641056e-03
2.591078e-03
2.390228e-03
2.239510e-03
2.090155e-03
1.911832e-03
1.882725e-03
1.630436e-03
1.615649e-03
1.523751e-03
1.495217e-03
1.432414e-03
1.380817e-03
1.352484e-03
1.334145e-03
1.306067e-03
1.269021e-03
1.254569e-03
1.230006e-03
1.218387e-03
1.193014e-03
1.180361e-03
1.175730e-03
1.153816e-03
1.141657e-03
1.112501e-03
1.105526e-03
1.087637e-03
1.073939e-03
1.061374e-03
1.047620e-03
1.037039e-03
1.016676e-03
1.009523e-03
9.991373e-04
9.926409e-04
9.813894e-04
9.721359e-04
9.521179e-04
9.446503e-04
9.392768e-04
9.188476e-04
9.141725e-04
9.057234e-04
9.014567e-04
8.924918e-04
8.819422e-04
8.706023e-04
8.627027e-04
8.496309e-04
8.462035e-04
8.371124e-04
8.331056e-04
8.210629e-04
8.157596e-04
8.061798e-04
7.983125e-04
7.907379e-04
7.803608e-04
7.648187e-04
7.483455e-04
7.469755e-04
7.402377e-04
7.369558e-04
7.295072e-04
7.150202e-04
7.069785e-04
7.036485e-04
6.968225e-04
6.889921e-04
6.827994e-04
6.798758e-04
6.639212e-04
6.620517e-04
6.485453e-04
6.434554e-04
6.376737e-04
6.166199e-04
6.119676e-04
5.980162e-04
5.953168e-04
5.865677e-04
5.686683e-04
5.616958e-04
5.568516e-04
5.517727e-04
5.487078e-04
5.285539e-04
5.270747e-04
5.178252e-04
5.058746e-04
5.003013e-04
4.892736e-04
4.862991e-04
4.786629e-04
4.743668e-04
4.629481e-04
4.465452e-04
4.430178e-04
4.394255e-04
4.269893e-04
4.209859e-04
4.146940e-04
4.050271e-04
3.932329e-04
3.881828e-04
3.775831e-04
3.770880e-04
3.696626e-04
3.660086e-04
3.606681e-04
3.417885e-04
3.408044e-04
3.332426e-04
3.313745e-04
3.187992e-04
3.086673e-04
3.027859e-04
2.967873e-04
2.801763e-04
2.775633e-04
2.678388e-04
2.672405e-04
2.636494e-04
2.534418e-04
2.430700e-04
2.328761e-04
2.251119e-04
2.119691e-04
2.086790e-04
2.038691e-04
1.971277e-04
1.915787e-04
1.816038e-04
1.769510e-04
1.677346e-04
1.597091e-04
1.540605e-04
1.403960e-04
1.306959e-04
1.254949e-04
1.143068e-04
1.083035e-04
1.051507e-04
9.649376e-05
8.606391e-05
8.301511e-05
7.457968e-05
7.036667e-05
6.349119e-05
5.636063e-05
5.311759e-05
4.684428e-05
3.176717e-05
2.378215e-05
1.660705e-05
6.170483e-06
-2.099695e-08
-9.149966e-06
-2.020153e-05
-2.753281e-05
-3.117036e-05
-4.376263e-05
-4.753292e-05
-5.954220e-05
-6.118913e-05
-7.192723e-05
-8.636548e-05
-9.283041e-05
-1.000697e-04
-1.036757e-04
-1.112567e-04
-1.215119e-04
-1.337030e-04
-1.417370e-04
-1.508898e-04
-1.588150e-04
-1.684807e-04
-1.819923e-04
-2.002035e-04
-2.021127e-04
-2.128199e-04
-2.147394e-04
-2.241690e-04
-2.335209e-04
-2.469049e-04
-2.560342e-04
-2.658703e-04
-2.769640e-04
-2.839618e-04
-2.959324e-04
-3.050863e-04
-3.211357e-04
-3.260882e-04
-3.400261e-04
-3.444350e-04
-3.547022e-04
-3.815694e-04
-3.939917e-04
-3.969066e-04
-4.114006e-04
-4.348660e-04
-4.416495e-04
-4.599341e-04
-4.611941e-04
-4.789745e-04
-4.924259e-04
-5.144813e-04
-5.281621e-04
-5.375624e-04
-5.638860e-04
-5.725463e-04
-5.857130e-04
-6.167361e-04
