2.058635e+05
2.040963e+04
5.290792e+03
2.032477e+03
1.991357e+02
1.894236e+01
9.535815e+00
6.088105e+00
1.456995e+00
2.186983e-01
5.357333e-02
4.561233e-02
3.530277e-02
3.366839e-02
3.334686e-02
2.790878e-02
2.508298e-02
2.486808e-02
2.153049e-02
2.100422e-02
1.834707e-02
1.757368e-02
1.661413e-02
1.608795e-02
1.459153e-02
1.395299e-02
1.341772e-02
1.298856e-02
1.198675e-02
1.159573e-02
1.134682e-02
1.087668e-02
1.010617e-02
9.943529e-03
9.183486e-03
8.995113e-03
8.545120e-03
8.248799e-03
8.172316e-03
7.790457e-03
7.558602e-03
7.188132e-03
6.793986e-03
6.608673e-03
6.267788e-03
5.928970e-03
5.748453e-03
5.578532e-03
5.292689e-03
5.097119e-03
4.827576e-03
4.778296e-03
4.498239e-03
4.098895e-03
4.003069e-03
3.764207e-03
3.642310e-03
3.385596e-03
3.148354e-03
3.054534e-03
2.855176e-03
2.733111e-03
2.531187e-03
2.301819e-03
2.219250e-03
2.065324e-03
1.905823e-03
1.776142e-03
1.671067e-03
1.549665e-03
1.486800e-03
1.392160e-03
1.342769e-03
1.306225e-03
1.218388e-03
1.019930e-03
9.998906e-04
8.716012e-04
8.227632e-04
7.573402e-04
5.980904e-04
5.376196e-04
3.909094e-04
3.030642e-04
2.159815e-04
6.973847e-05
-4.616726e-05
-2.063221e-04
-5.056024e-04
-6.280656e-04
-6.922690e-04
-8.245301e-04
-9.051143e-04
-1.237436e-03
-1.360077e-03
-1.640607e-03
-1.895059e-03
-2.451849e-03
-2.481678e-03
-2.943486e-03
-3.320928e-03
-3.822931e-03
-4.297524e-03
-4.812296e-03
-5.300771e-03
-6.135270e-03
-6.397497e-03
-6.886614e-03
-7.856720e-03
-8.743014e-03
-9.459532e-03
-1.073025e-02
-1.183945e-02
-1.357667e-02
-1.513490e-02
-1.718882e-02
-1.867181e-02
-1.944173e-02
-2.403680e-02
-2.427777e-02
-2.663391e-02
-2.876774e-02
-3.458704e-02
-3.992877e-02
-5.050043e-02
-5.466611e-02
-6.648574e-02
-1.186995e-01
