9.345319e+09
3.502528e+08
1.120029e+08
8.110100e+07
4.632836e+07
4.083670e+07
2.707712e+07
2.327761e+07
1.558915e+07
1.367756e+07
1.134800e+07
1.100689e+07
9.448211e+06
7.755207e+06
7.111798e+06
6.290852e+06
5.128592e+06
3.918840e+06
3.074078e+06
2.706888e+06
2.270881e+06
2.077692e+06
1.803556e+06
1.424629e+06
1.276628e+06
1.142893e+06
9.761231e+05
8.646617e+05
8.192404e+05
6.468778e+05
4.184982e+05
3.958537e+05
2.944408e+05
2.555306e+05
1.956167e+05
1.506841e+05
1.172237e+05
1.063996e+05
8.273660e+04
6.736066e+04
3.937627e+04
3.383816e+04
2.208024e+04
1.764720e+04
1.466779e+04
7.913825e+03
6.376776e+03
5.436339e+03
4.106551e+03
2.803046e+03
1.442451e+03
1.045109e+03
6.377554e+02
5.810107e+02
3.487675e+02
1.709189e+02
1.339022e+02
7.488171e+01
6.779046e+01
4.186678e+01
1.796661e+01
1.390997e+01
9.715736e+00
9.364729e+00
7.487760e+00
6.745917e+00
2.071341e+00
1.294835e+00
8.668454e-01
5.500207e-01
5.060427e-01
3.600461e-01
1.648454e-01
1.373144e-01
8.652962e-02
7.181162e-02
5.685885e-02
3.737721e-02
3.249781e-02
2.670486e-02
2.405307e-02
2.075795e-02
1.920264e-02
1.673013e-02
1.550021e-02
1.360681e-02
1.266770e-02
1.110931e-02
9.707199e-03
9.442477e-03
6.455109e-03
5.742972e-03
5.446576e-03
4.489567e-03
3.713695e-03
3.622785e-03
3.097667e-03
2.310654e-03
1.980566e-03
1.773642e-03
1.264626e-03
1.045832e-03
4.832743e-04
3.457373e-04
1.905402e-04
9.438123e-05
-2.039878e-04
-5.767887e-04
-8.791570e-04
-9.847976e-04
-1.021950e-03
-1.807265e-03
-2.073776e-03
-3.285352e-03
-3.507152e-03
-4.082481e-03
-6.532096e-03
-8.058182e-03
-8.829682e-03
-9.082606e-03
-9.356327e-03
-1.030613e-02
-1.254064e-02
-1.409775e-02
-1.500172e-02
-1.894940e-02
-2.724418e-02
-1.551096e-01
