1.199953e+10
1.012853e+09
2.920871e+08
1.352016e+08
8.902467e+07
6.976774e+07
5.588096e+07
4.747636e+07
4.512578e+07
4.007453e+07
3.267014e+07
2.879801e+07
2.483422e+07
2.444672e+07
1.897294e+07
1.573297e+07
1.462436e+07
1.198659e+07
1.037482e+07
9.332723e+06
8.313524e+06
7.707694e+06
6.654313e+06
5.916464e+06
5.332229e+06
4.768184e+06
4.418326e+06
3.717950e+06
3.257860e+06
2.491920e+06
2.407081e+06
2.212578e+06
1.980148e+06
1.844830e+06
1.550976e+06
1.422727e+06
1.337332e+06
1.202535e+06
1.015415e+06
8.120498e+05
6.954860e+05
6.624459e+05
5.045994e+05
4.619228e+05
4.453005e+05
4.093846e+05
3.443100e+05
3.227108e+05
2.928642e+05
2.501102e+05
2.264646e+05
1.921035e+05
1.760229e+05
1.740427e+05
1.582121e+05
1.459587e+05
1.172084e+05
7.576107e+04
6.815169e+04
5.131279e+04
4.332283e+04
3.160629e+04
2.958368e+04
2.462027e+04
2.197882e+04
1.855643e+04
1.429264e+04
1.152189e+04
6.175231e+03
4.754110e+03
3.182659e+03
2.609498e+03
1.820319e+03
1.091832e+03
8.215939e+02
7.496998e+02
4.365393e+02
2.995681e+02
2.773264e+02
1.304456e+02
9.586481e+01
7.057420e+01
5.926937e+01
3.718123e+01
1.867551e+01
1.473114e+01
1.281519e+01
1.060612e+01
8.584933e+00
8.035748e+00
3.965755e+00
1.752314e+00
1.495673e+00
1.266488e+00
7.941470e-01
6.053445e-01
4.808057e-01
2.817869e-01
2.456548e-01
1.216580e-01
1.161590e-01
1.020647e-01
8.370312e-02
7.749069e-02
7.344677e-02
5.920678e-02
4.882984e-02
4.323062e-02
3.450456e-02
3.091073e-02
2.518836e-02
2.176523e-02
1.757976e-02
1.539025e-02
1.409510e-02
8.996018e-03
4.840146e-03
-1.211636e-03
-4.542624e-03
-5.126411e-03
-1.462347e-02
-2.230199e-02
-2.423256e-02
-2.742281e-02
-3.698691e-02
-4.496963e-02
-5.904530e-02
-8.419968e-02
