8.906000e+04
3.435792e+03
2.418294e+03
1.960924e+03
1.138864e+03
8.049617e+02
5.496642e+02
4.666383e+02
3.051464e+02
2.978903e+02
2.254678e+02
2.036234e+02
1.925384e+02
1.817086e+02
1.461072e+02
1.368775e+02
1.311127e+02
1.277862e+02
1.121575e+02
1.025655e+02
9.985516e+01
9.678181e+01
8.463630e+01
8.216536e+01
7.582123e+01
7.257179e+01
6.622179e+01
6.284487e+01
6.069416e+01
5.544511e+01
5.270211e+01
4.761964e+01
4.570563e+01
4.464054e+01
4.240258e+01
4.049719e+01
3.909299e+01
3.315127e+01
3.231942e+01
3.074645e+01
2.770291e+01
2.478064e+01
2.255179e+01
2.139484e+01
2.043732e+01
1.941586e+01
1.725448e+01
1.670319e+01
1.554716e+01
1.512345e+01
1.405621e+01
1.318464e+01
1.279091e+01
1.121176e+01
1.070182e+01
9.975522e+00
9.596872e+00
9.232815e+00
9.185213e+00
7.525290e+00
7.190338e+00
6.740235e+00
6.324191e+00
6.150327e+00
5.705177e+00
5.241810e+00
4.602252e+00
4.476900e+00
4.093593e+00
3.762504e+00
3.436018e+00
3.314455e+00
2.919993e+00
2.763363e+00
2.411701e+00
2.263980e+00
2.142896e+00
2.087052e+00
2.037303e+00
1.715400e+00
1.698609e+00
1.567464e+00
1.517204e+00
1.403950e+00
1.364836e+00
1.252057e+00
1.084830e+00
1.051220e+00
1.005774e+00
9.751395e-01
9.650147e-01
8.798118e-01
8.529601e-01
7.960917e-01
7.619051e-01
6.578240e-01
6.331914e-01
5.907263e-01
5.469635e-01
5.263565e-01
4.927685e-01
4.325972e-01
4.178812e-01
3.692449e-01
3.516487e-01
3.376082e-01
3.290117e-01
3.220081e-01
3.139744e-01
2.946261e-01
2.639032e-01
2.457645e-01
2.391726e-01
2.254014e-01
2.064642e-01
1.902585e-01
1.804867e-01
1.674335e-01
1.548792e-01
1.440744e-01
1.396265e-01
1.281135e-01
1.224053e-01
1.085519e-01
1.066848e-01
1.038811e-01
8.822013e-02
8.098707e-02
7.819599e-02
7.698554e-02
7.034490e-02
6.828040e-02
5.712814e-02
5.564198e-02
5.382413e-02
5.091139e-02
5.015477e-02
4.914158e-02
4.342124e-02
4.163670e-02
3.875269e-02
3.718621e-02
3.417164e-02
3.301165e-02
3.227298e-02
2.818147e-02
2.649621e-02
2.523138e-02
2.247291e-02
2.013836e-02
1.905356e-02
1.762225e-02
1.742104e-02
1.513051e-02
1.457489e-02
1.380766e-02
1.349690e-02
1.270470e-02
1.220877e-02
1.158030e-02
9.973063e-03
9.488215e-03
9.108188e-03
8.691508e-03
8.399068e-03
8.071415e-03
7.647617e-03
7.285445e-03
7.065089e-03
6.764590e-03
6.499157e-03
6.095663e-03
5.814635e-03
5.716894e-03
5.305002e-03
5.084198e-03
4.937188e-03
4.526138e-03
4.360932e-03
4.133896e-03
3.401241e-03
3.199400e-03
2.940384e-03
2.716728e-03
2.583753e-03
2.464383e-03
2.245128e-03
2.141461e-03
2.066602e-03
2.035872e-03
1.905533e-03
1.867157e-03
1.842577e-03
1.765975e-03
1.667420e-03
1.627928e-03
1.607272e-03
1.521049e-03
1.459509e-03
1.413766e-03
1.394803e-03
1.343993e-03
1.316376e-03
1.286934e-03
1.280143e-03
1.227139e-03
1.210892e-03
1.199158e-03
1.170249e-03
1.159368e-03
1.140546e-03
1.127692e-03
1.110184e-03
1.090911e-03
1.080312e-03
1.065979e-03
1.056227e-03
1.038874e-03
1.021405e-03
1.018362e-03
1.009862e-03
1.004234e-03
9.897918e-04
9.612134e-04
9.563074e-04
9.370146e-04
9.238232e-04
9.205106e-04
9.065164e-04
8.999704e-04
8.934588e-04
8.757823e-04
8.542620e-04
8.418622e-04
8.381919e-04
8.180407e-04
8.078404e-04
8.006597e-04
7.800234e-04
7.692301e-04
7.620864e-04
7.581556e-04
7.457516e-04
7.374006e-04
7.326740e-04
7.205029e-04
7.076100e-04
7.002171e-04
6.847897e-04
6.706462e-04
6.547727e-04
6.499738e-04
6.425064e-04
6.284680e-04
6.249324e-04
6.180073e-04
6.051758e-04
6.012564e-04
5.897189e-04
5.680911e-04
5.628563e-04
5.581715e-04
5.471505e-04
5.423293e-04
5.310044e-04
5.201097e-04
5.165279e-04
5.027741e-04
4.970796e-04
4.798967e-04
4.712307e-04
4.653631e-04
4.607661e-04
4.445006e-04
4.351848e-04
4.302632e-04
4.228464e-04
4.163242e-04
4.104248e-04
3.947678e-04
3.883947e-04
3.764754e-04
3.648313e-04
3.584629e-04
3.547671e-04
3.514947e-04
3.337839e-04
3.300327e-04
3.149661e-04
2.973645e-04
2.908614e-04
2.831233e-04
2.746010e-04
2.623465e-04
2.536334e-04
2.495334e-04
2.325335e-04
2.303763e-04
2.114079e-04
2.060200e-04
1.953547e-04
1.830108e-04
1.740559e-04
1.674189e-04
1.630811e-04
1.563300e-04
1.431222e-04
1.373246e-04
1.244030e-04
1.185727e-04
1.132349e-04
9.698029e-05
8.590769e-05
8.501764e-05
6.758848e-05
5.752634e-05
3.961909e-05
3.548986e-05
3.033722e-05
2.206188e-05
1.036310e-05
6.291654e-06
3.624702e-06
1.731329e-13
1.395123e-14
-6.512604e-14
-3.505138e-13
-1.550768e-05
-2.347542e-05
-2.689454e-05
-3.935206e-05
-4.720781e-05
-5.776689e-05
-7.083840e-05
-7.988862e-05
-9.241595e-05
-9.934302e-05
-1.086213e-04
-1.104931e-04
-1.342869e-04
-1.404038e-04
-1.500451e-04
-1.541510e-04
-1.609234e-04
-1.708310e-04
-1.792519e-04
-1.861747e-04
-2.048839e-04
-2.136374e-04
-2.196413e-04
-2.362586e-04
-2.420744e-04
-2.559827e-04
-2.588654e-04
-2.691124e-04
-2.808968e-04
-2.912586e-04
-3.065064e-04
-3.152030e-04
-3.224368e-04
-3.342114e-04
-3.439772e-04
-3.597551e-04
-3.768764e-04
-3.850611e-04
-4.092045e-04
-4.105379e-04
-4.295920e-04
-4.313322e-04
-4.381457e-04
-4.529945e-04
-4.563458e-04
-4.748887e-04
-4.877281e-04
-5.227156e-04
-5.339575e-04
-5.515832e-04
-5.618564e-04
-5.752715e-04
-5.926906e-04
-6.397858e-04
-6.527923e-04
-6.749046e-04
-7.216062e-04
