8.898989e+04
3.894729e+03
2.509397e+03
1.956059e+03
1.167574e+03
8.126703e+02
5.139946e+02
3.953882e+02
3.367262e+02
2.769529e+02
2.513055e+02
2.088500e+02
1.841886e+02
1.730771e+02
1.590964e+02
1.534567e+02
1.392467e+02
1.188101e+02
1.141196e+02
1.077261e+02
9.955295e+01
9.448191e+01
8.983047e+01
8.703972e+01
7.512823e+01
7.492973e+01
7.058338e+01
6.630836e+01
5.928654e+01
5.362927e+01
5.179420e+01
4.898322e+01
4.586266e+01
4.489899e+01
4.432269e+01
3.892972e+01
3.873978e+01
3.310228e+01
3.196945e+01
3.128484e+01
2.937276e+01
2.840764e+01
2.441294e+01
2.322635e+01
2.118923e+01
2.056305e+01
1.903685e+01
1.797431e+01
1.760882e+01
1.595432e+01
1.476068e+01
1.404860e+01
1.284414e+01
1.270557e+01
1.171027e+01
1.082465e+01
9.879914e+00
9.314743e+00
8.791501e+00
7.748178e+00
6.994041e+00
6.645786e+00
6.251853e+00
6.060226e+00
5.967572e+00
5.412849e+00
5.286308e+00
4.778751e+00
4.331684e+00
3.858903e+00
3.636869e+00
3.304809e+00
3.192650e+00
2.609105e+00
2.512573e+00
2.480876e+00
2.098814e+00
2.040632e+00
1.905343e+00
1.870545e+00
1.699491e+00
1.580540e+00
1.511953e+00
1.411968e+00
1.322208e+00
1.296850e+00
1.199510e+00
1.122697e+00
1.086890e+00
1.061274e+00
1.027636e+00
9.472880e-01
9.014799e-01
8.771474e-01
8.681006e-01
8.062592e-01
7.446586e-01
6.349979e-01
6.289926e-01
5.997235e-01
5.621763e-01
5.391150e-01
4.825827e-01
4.548778e-01
4.242293e-01
4.104672e-01
3.850676e-01
3.534354e-01
3.223714e-01
3.170407e-01
2.950666e-01
2.702444e-01
2.651416e-01
2.482687e-01
2.428110e-01
2.349502e-01
2.133904e-01
2.125952e-01
1.851691e-01
1.742896e-01
1.610027e-01
1.561564e-01
1.402681e-01
1.284557e-01
1.269064e-01
1.253457e-01
1.137261e-01
1.097706e-01
1.075251e-01
9.656155e-02
9.309578e-02
8.807268e-02
8.485045e-02
7.867568e-02
7.539015e-02
6.814712e-02
6.739608e-02
6.168427e-02
5.609021e-02
5.351584e-02
5.206107e-02
4.860650e-02
4.685481e-02
4.135134e-02
3.913767e-02
3.681943e-02
3.588584e-02
3.314147e-02
3.114121e-02
3.008874e-02
2.896511e-02
2.546773e-02
2.516421e-02
2.064882e-02
1.970846e-02
1.942454e-02
1.873028e-02
1.799780e-02
1.714893e-02
1.673603e-02
1.563798e-02
1.508009e-02
1.392737e-02
1.255374e-02
1.188106e-02
1.147945e-02
1.022466e-02
1.012191e-02
9.816741e-03
9.416559e-03
8.858568e-03
8.220414e-03
7.953226e-03
7.602799e-03
7.397146e-03
6.382633e-03
5.834027e-03
5.333227e-03
5.040387e-03
4.632348e-03
4.579220e-03
4.501574e-03
4.033224e-03
3.937484e-03
3.841790e-03
3.544804e-03
3.336573e-03
3.171762e-03
3.042719e-03
2.934125e-03
2.731157e-03
2.457194e-03
2.437185e-03
2.247991e-03
2.208153e-03
2.152359e-03
2.092761e-03
2.008230e-03
1.862035e-03
1.808134e-03
1.793012e-03
1.750138e-03
1.678731e-03
1.671648e-03
1.637132e-03
1.562622e-03
1.537969e-03
1.499822e-03
1.406040e-03
1.385630e-03
1.341972e-03
1.311216e-03
1.287641e-03
1.249203e-03
1.240302e-03
1.219656e-03
1.192236e-03
1.159180e-03
1.151486e-03
1.144606e-03
1.129449e-03
1.109948e-03
1.080328e-03
1.071437e-03
1.053394e-03
1.036905e-03
1.023649e-03
1.012386e-03
9.877749e-04
9.815688e-04
9.633780e-04
9.566391e-04
9.459834e-04
9.297463e-04
9.188216e-04
9.002230e-04
8.946156e-04
8.888192e-04
8.649717e-04
8.633577e-04
8.402585e-04
8.279305e-04
8.235258e-04
8.147307e-04
8.033499e-04
7.909805e-04
7.781392e-04
7.598323e-04
7.542014e-04
7.417917e-04
7.299753e-04
7.209521e-04
7.065954e-04
7.037289e-04
6.931830e-04
6.844362e-04
6.778974e-04
6.648026e-04
6.569157e-04
6.521623e-04
6.217245e-04
6.123214e-04
6.056417e-04
6.008261e-04
5.964469e-04
5.833399e-04
5.746870e-04
5.539327e-04
5.375493e-04
5.254505e-04
5.211966e-04
5.127101e-04
5.002262e-04
4.944155e-04
4.815235e-04
4.797294e-04
4.592683e-04
4.546490e-04
4.525690e-04
4.413163e-04
4.378350e-04
4.170388e-04
4.076390e-04
4.040245e-04
4.003297e-04
3.913167e-04
3.694194e-04
3.601930e-04
3.520540e-04
3.504600e-04
3.462211e-04
3.381841e-04
3.262383e-04
3.151928e-04
3.045285e-04
2.986084e-04
2.827317e-04
2.743787e-04
2.592533e-04
2.497657e-04
2.384761e-04
2.328767e-04
2.157294e-04
2.139157e-04
2.061247e-04
1.988686e-04
1.728073e-04
1.713763e-04
1.689174e-04
1.574697e-04
1.461612e-04
1.381979e-04
1.319844e-04
1.261008e-04
1.158392e-04
1.084293e-04
9.551832e-05
7.782320e-05
7.376161e-05
6.975116e-05
6.050815e-05
4.718460e-05
3.915886e-05
3.743116e-05
2.303300e-05
1.535896e-05
1.462440e-05
1.302814e-13
5.817870e-14
-4.603208e-14
-6.989940e-06
-1.594904e-05
-2.676318e-05
-2.889661e-05
-4.213694e-05
-6.104524e-05
-6.700804e-05
-8.166194e-05
-9.058919e-05
-9.427317e-05
-1.034327e-04
-1.215066e-04
-1.401885e-04
-1.454147e-04
-1.539353e-04
-1.580227e-04
-1.726249e-04
-1.811533e-04
-1.817594e-04
-2.034784e-04
-2.064684e-04
-2.246813e-04
-2.381295e-04
-2.436999e-04
-2.556480e-04
-2.740825e-04
-2.792323e-04
-2.890110e-04
-3.017279e-04
-3.155864e-04
-3.233757e-04
-3.306557e-04
-3.396677e-04
-3.479572e-04
-3.516732e-04
-3.672095e-04
-3.822550e-04
-3.972235e-04
-4.153748e-04
-4.319007e-04
-4.448074e-04
-4.502099e-04
-4.552076e-04
-4.756039e-04
-4.864433e-04
-4.910028e-04
-5.142426e-04
-5.218542e-04
-5.363077e-04
-5.674211e-04
-5.700242e-04
-5.860376e-04
-6.104459e-04
-6.378627e-04
