1.309823e+08
1.932103e+07
2.490124e+06
9.794344e+05
7.608818e+05
3.890785e+05
2.147713e+05
1.097328e+05
1.764396e+04
1.244648e+04
6.718593e+03
1.474815e+03
4.569437e+02
2.289992e+02
8.201603e+01
6.682980e+01
4.704244e+01
4.289814e+01
3.809093e+01
3.270813e+01
2.676454e+01
2.440054e+01
2.171477e+01
1.855492e+01
1.615191e+01
1.581164e+01
1.409457e+01
1.302872e+01
1.159653e+01
1.137195e+01
1.036989e+01
1.013819e+01
9.368339e+00
8.877841e+00
8.223441e+00
7.803298e+00
7.600728e+00
7.489874e+00
6.570607e+00
6.218946e+00
6.149241e+00
5.613907e+00
5.285159e+00
4.958700e+00
4.008302e+00
3.933584e+00
3.621344e+00
3.525523e+00
3.311023e+00
2.956191e+00
2.869931e+00
2.771376e+00
2.454942e+00
2.396645e+00
2.244978e+00
1.929846e+00
1.674803e+00
1.513791e+00
1.396529e+00
1.193183e+00
9.512610e-01
9.074000e-01
7.633055e-01
7.132449e-01
6.312546e-01
5.103053e-01
4.491745e-01
4.045473e-01
2.555439e-01
2.220566e-01
1.932318e-01
1.384101e-01
1.249435e-01
1.022326e-01
8.807701e-02
6.397075e-02
5.283071e-02
6.300706e-10
-2.586714e-10
-4.985366e-10
-1.333247e-02
-8.958701e-02
-9.963167e-02
-2.608480e-01
-2.992012e-01
-3.958229e-01
-5.348144e-01
-5.765498e-01
-6.177576e-01
-6.686333e-01
-7.578250e-01
-9.460853e-01
-1.008143e+00
-1.099654e+00
-1.250759e+00
-1.610187e+00
-1.740277e+00
-1.809697e+00
-1.975634e+00
-2.381685e+00
-2.426893e+00
-2.615616e+00
-2.749963e+00
-3.105903e+00
-3.581798e+00
-3.774676e+00
-4.158415e+00
-4.519394e+00
-5.323433e+00
-5.711072e+00
-6.111820e+00
-6.397270e+00
-7.274324e+00
-8.169416e+00
-8.618907e+00
-9.941364e+00
-1.070557e+01
-1.271922e+01
-1.468554e+01
-1.676697e+01
-1.710739e+01
-2.143195e+01
-2.366958e+01
-2.871856e+01
-3.572732e+01
-5.010988e+01
-8.087400e+01
-9.356613e+01
