1.279676e+05
6.029545e+03
3.387854e+03
2.738369e+03
1.918966e+03
1.510109e+03
1.335027e+03
1.039834e+03
9.027652e+02
7.681353e+02
6.704249e+02
4.659643e+02
3.290262e+02
2.834293e+02
2.382345e+02
1.912946e+02
1.871969e+02
1.436298e+02
1.390366e+02
1.264766e+02
1.087696e+02
1.050443e+02
9.155895e+01
7.732170e+01
7.667830e+01
7.490481e+01
6.670141e+01
6.032840e+01
5.272627e+01
4.630423e+01
4.442080e+01
4.398808e+01
4.146769e+01
3.794134e+01
3.610854e+01
3.204171e+01
3.022241e+01
2.963528e+01
2.791012e+01
2.662726e+01
2.292828e+01
2.209336e+01
2.071499e+01
1.902547e+01
1.739942e+01
1.519153e+01
1.452968e+01
1.398278e+01
1.284449e+01
1.173667e+01
1.145743e+01
1.005432e+01
9.279605e+00
8.558392e+00
8.097624e+00
7.444907e+00
7.201801e+00
6.385314e+00
6.059653e+00
5.621908e+00
5.167539e+00
4.720032e+00
4.557202e+00
4.292057e+00
3.908519e+00
3.817096e+00
3.495408e+00
3.054595e+00
2.868492e+00
2.682144e+00
2.467236e+00
2.368838e+00
2.263045e+00
2.019918e+00
1.951515e+00
1.870215e+00
1.700400e+00
1.665846e+00
1.596186e+00
1.380074e+00
1.311129e+00
1.214034e+00
1.135895e+00
1.040750e+00
9.938743e-01
9.149796e-01
8.728878e-01
8.405114e-01
7.750070e-01
7.249315e-01
7.064694e-01
6.417088e-01
6.127241e-01
5.908855e-01
5.661614e-01
4.946467e-01
4.788902e-01
4.547039e-01
4.006085e-01
3.750269e-01
3.485761e-01
3.175467e-01
3.078649e-01
2.961708e-01
2.709205e-01
2.651517e-01
2.591412e-01
2.444666e-01
2.297606e-01
2.191833e-01
2.029604e-01
2.002926e-01
1.892768e-01
1.588928e-01
1.440363e-01
1.395614e-01
1.183378e-01
1.082976e-01
1.029968e-01
9.455182e-02
9.038831e-02
8.573050e-02
8.333333e-02
7.866611e-02
7.467932e-02
7.086948e-02
6.300765e-02
5.590560e-02
5.464555e-02
5.085918e-02
5.052487e-02
4.738370e-02
4.486156e-02
3.675051e-02
3.271465e-02
3.103150e-02
2.717341e-02
2.606211e-02
2.235668e-02
2.037672e-02
1.841453e-02
1.815527e-02
1.804641e-02
1.474878e-02
1.380109e-02
1.240300e-02
1.235017e-02
1.139272e-02
1.009184e-02
9.787182e-03
9.404439e-03
8.775493e-03
8.456494e-03
7.793141e-03
7.288347e-03
6.502512e-03
5.917735e-03
5.665836e-03
5.219164e-03
4.933885e-03
4.539806e-03
4.339503e-03
4.128241e-03
3.949630e-03
3.774519e-03
3.508273e-03
3.441363e-03
3.162785e-03
2.993837e-03
2.665668e-03
2.581420e-03
2.562194e-03
2.405261e-03
2.236486e-03
2.032429e-03
1.979847e-03
1.789141e-03
1.645102e-03
1.604056e-03
1.555764e-03
1.505906e-03
1.454052e-03
1.406076e-03
1.390456e-03
1.357604e-03
1.335613e-03
1.323738e-03
1.298088e-03
1.288526e-03
1.259050e-03
1.241524e-03
1.225943e-03
1.217055e-03
1.200505e-03
1.173045e-03
1.163261e-03
1.147832e-03
1.144727e-03
1.122316e-03
1.115238e-03
1.099780e-03
1.085594e-03
1.057152e-03
1.055293e-03
1.038085e-03
1.025883e-03
1.016201e-03
9.976266e-04
9.845750e-04
9.793326e-04
9.613603e-04
9.374976e-04
9.340323e-04
9.230005e-04
9.049101e-04
8.832541e-04
8.789819e-04
8.691808e-04
8.616019e-04
8.522873e-04
8.404970e-04
8.344240e-04
8.128589e-04
8.091191e-04
7.997661e-04
7.809306e-04
7.762125e-04
7.616252e-04
7.435361e-04
7.295943e-04
7.262864e-04
7.115298e-04
7.089164e-04
6.888593e-04
6.831288e-04
6.764286e-04
6.684614e-04
6.600841e-04
6.555215e-04
6.437692e-04
6.320767e-04
6.278926e-04
6.154219e-04
5.978514e-04
5.955190e-04
5.730282e-04
5.637489e-04
5.592117e-04
5.384136e-04
5.293399e-04
5.195983e-04
5.087565e-04
5.059999e-04
4.898568e-04
4.807423e-04
4.749722e-04
4.634412e-04
4.457889e-04
4.423173e-04
4.409354e-04
4.184907e-04
4.152552e-04
4.110428e-04
3.964989e-04
3.908697e-04
3.857928e-04
3.735838e-04
3.640486e-04
3.589867e-04
3.432916e-04
3.375738e-04
3.352829e-04
3.184001e-04
3.105048e-04
3.017954e-04
2.985608e-04
2.859487e-04
2.815460e-04
2.679170e-04
2.598798e-04
2.507058e-04
2.394248e-04
2.333436e-04
2.273522e-04
2.164639e-04
2.025253e-04
1.990131e-04
1.765565e-04
1.744359e-04
1.664882e-04
1.561843e-04
1.450328e-04
1.336286e-04
1.243650e-04
1.098137e-04
1.041639e-04
9.292625e-05
8.749180e-05
7.893788e-05
7.194292e-05
5.239794e-05
4.655907e-05
3.876849e-05
2.488367e-05
1.126730e-05
7.155708e-06
2.994184e-06
-7.712910e-06
-2.773593e-05
-3.836600e-05
-4.629652e-05
-5.296210e-05
-5.902109e-05
-6.849476e-05
-8.187817e-05
-8.959598e-05
-9.337875e-05
-1.044462e-04
-1.092187e-04
-1.243586e-04
-1.319074e-04
-1.358192e-04
-1.408806e-04
-1.480622e-04
-1.596337e-04
-1.678896e-04
-1.776776e-04
-1.926701e-04
-2.071643e-04
-2.112614e-04
-2.210731e-04
-2.283865e-04
-2.495585e-04
-2.567987e-04
-2.696119e-04
-2.744459e-04
-2.793630e-04
-2.972210e-04
-3.055161e-04
-3.186728e-04
-3.274371e-04
-3.356723e-04
-3.505523e-04
-3.555756e-04
-3.666414e-04
-3.805245e-04
-3.912152e-04
-3.950030e-04
-4.120539e-04
-4.206736e-04
-4.346198e-04
-4.457304e-04
-4.545901e-04
-4.654390e-04
-4.755875e-04
-4.886097e-04
-4.999189e-04
-5.100762e-04
-5.149019e-04
-5.281750e-04
-5.334486e-04
-5.555984e-04
-5.705951e-04
-5.909636e-04
-5.999620e-04
-6.073364e-04
-6.233822e-04
-6.364788e-04
-6.528078e-04
-6.651305e-04
-6.810683e-04
-7.026119e-04
-7.069758e-04
-7.259700e-04
-7.462655e-04
-7.644490e-04
-7.770456e-04
-7.895606e-04
-8.246603e-04
-8.432696e-04
-8.601003e-04
-9.040580e-04
-9.350079e-04
-9.611690e-04
