1.845542e+05
3.135246e+04
9.339660e+03
2.721393e+03
2.915337e+02
4.069963e+01
1.700708e+01
7.325303e+00
1.643639e+00
2.574501e-01
6.484892e-02
5.237468e-02
4.075320e-02
3.328360e-02
2.968152e-02
2.874461e-02
2.650975e-02
2.383594e-02
2.346452e-02
2.104600e-02
2.016468e-02
1.910111e-02
1.861425e-02
1.635051e-02
1.578214e-02
1.521756e-02
1.359585e-02
1.243428e-02
1.165497e-02
1.145242e-02
1.096038e-02
1.026969e-02
9.436257e-03
9.114702e-03
8.819125e-03
8.271880e-03
7.970178e-03
7.740818e-03
7.351620e-03
7.207443e-03
6.962025e-03
6.638234e-03
6.491874e-03
6.175252e-03
5.976587e-03
5.530274e-03
5.279466e-03
5.101217e-03
4.940406e-03
4.819177e-03
4.608972e-03
4.267810e-03
4.079787e-03
4.017836e-03
3.841680e-03
3.528232e-03
3.445758e-03
3.174549e-03
3.156171e-03
2.942052e-03
2.840264e-03
2.677823e-03
2.567028e-03
2.344768e-03
2.275427e-03
2.149771e-03
2.139182e-03
1.979730e-03
1.886631e-03
1.764258e-03
1.702217e-03
1.596660e-03
1.541620e-03
1.497181e-03
1.361211e-03
1.270917e-03
1.206101e-03
1.149689e-03
1.135643e-03
1.106911e-03
1.012585e-03
9.744155e-04
8.990619e-04
8.594809e-04
7.694504e-04
6.858963e-04
5.990234e-04
5.260769e-04
4.704610e-04
3.068500e-04
2.116721e-04
9.648478e-05
6.218615e-05
-4.234156e-04
-6.552867e-04
-7.606220e-04
-1.067223e-03
-1.116459e-03
-1.776984e-03
-2.064257e-03
-2.182875e-03
-2.376416e-03
-2.881860e-03
-3.274810e-03
-4.099338e-03
-4.306348e-03
-5.077672e-03
-5.395964e-03
-6.312578e-03
-7.282889e-03
-7.655608e-03
-8.786809e-03
-9.970914e-03
-1.069095e-02
-1.192938e-02
-1.285777e-02
-1.464873e-02
-1.603783e-02
-1.881765e-02
-1.948278e-02
-2.161587e-02
-2.456444e-02
-3.113283e-02
-3.293189e-02
-4.167609e-02
-5.479866e-02
-7.595613e-02
-1.041234e-01
