5.603560e+12
3.603419e+12
3.340628e+12
2.911703e+12
2.410209e+12
2.391714e+12
2.019771e+12
1.983717e+12
1.813805e+12
1.762720e+12
1.720055e+12
1.522884e+12
1.460824e+12
1.400516e+12
1.368256e+12
1.324786e+12
1.264815e+12
1.248611e+12
1.184817e+12
1.101745e+12
1.061268e+12
1.044344e+12
1.008310e+12
9.496117e+11
9.430128e+11
9.297367e+11
8.861040e+11
8.686671e+11
8.662834e+11
8.140053e+11
7.831607e+11
7.713658e+11
7.640734e+11
7.445123e+11
7.131987e+11
6.892152e+11
6.696712e+11
6.633081e+11
6.348934e+11
6.199554e+11
5.967200e+11
5.797341e+11
5.685034e+11
5.627194e+11
5.345585e+11
5.254491e+11
5.193615e+11
4.996882e+11
4.832449e+11
4.671524e+11
4.577350e+11
4.419890e+11
4.342976e+11
4.285834e+11
4.177767e+11
4.135472e+11
4.025980e+11
3.997938e+11
3.858796e+11
3.740520e+11
3.700303e+11
3.621054e+11
3.608825e+11
3.476827e+11
3.396250e+11
3.334610e+11
3.246931e+11
3.221630e+11
3.207253e+11
3.139950e+11
3.043035e+11
2.969980e+11
2.921154e+11
2.852136e+11
2.830123e+11
2.795369e+11
2.752664e+11
2.716025e+11
2.677183e+11
2.658455e+11
2.595324e+11
2.533425e+11
2.502098e+11
2.437281e+11
2.413295e+11
2.384669e+11
2.342295e+11
2.311476e+11
2.291066e+11
2.231340e+11
2.175297e+11
2.145908e+11
2.134529e+11
2.083706e+11
2.031028e+11
1.999968e+11
1.943793e+11
1.917877e+11
1.892592e+11
1.855681e+11
1.840410e+11
1.816060e+11
1.771762e+11
1.745572e+11
1.703353e+11
1.683913e+11
1.669304e+11
1.628594e+11
1.626637e+11
1.589731e+11
1.563280e+11
1.540375e+11
1.524141e+11
1.482018e+11
1.472095e+11
1.448684e+11
1.391292e+11
1.361647e+11
1.356517e+11
1.322096e+11
1.299159e+11
1.261258e+11
1.234569e+11
1.219645e+11
1.160785e+11
1.076399e+11
1.016563e+11
9.425641e+10
