7.943223e+09
9.859867e+08
2.734247e+08
1.336494e+08
9.045057e+07
6.470736e+07
4.970432e+07
3.765460e+07
3.166627e+07
2.690959e+07
2.250815e+07
1.861479e+07
1.550671e+07
1.189801e+07
9.965844e+06
8.770739e+06
7.822943e+06
6.989480e+06
6.252349e+06
5.017856e+06
4.635060e+06
3.997906e+06
3.774968e+06
3.104486e+06
2.763754e+06
2.231538e+06
1.803500e+06
1.679333e+06
1.487154e+06
1.416419e+06
1.132802e+06
1.109133e+06
9.356132e+05
8.819081e+05
6.945747e+05
5.954896e+05
5.693307e+05
5.433474e+05
4.657402e+05
4.561523e+05
4.013336e+05
3.851023e+05
3.269178e+05
3.067862e+05
2.457971e+05
1.911276e+05
1.724951e+05
1.509781e+05
1.473588e+05
1.302292e+05
1.179446e+05
1.067783e+05
7.867291e+04
7.227526e+04
6.226080e+04
6.109018e+04
5.322642e+04
3.947049e+04
3.463539e+04
2.819648e+04
2.316927e+04
1.874441e+04
1.650535e+04
1.514132e+04
1.322056e+04
1.144612e+04
8.988609e+03
8.125461e+03
6.081627e+03
4.692795e+03
4.357790e+03
4.057792e+03
2.815626e+03
2.608605e+03
2.039871e+03
1.895130e+03
1.650120e+03
1.272667e+03
1.179455e+03
8.744553e+02
7.618668e+02
5.517429e+02
4.912876e+02
2.763998e+02
2.034064e+02
1.482931e+02
1.145804e+02
8.478987e+01
7.364967e+01
6.045046e+01
4.230315e+01
3.760835e+01
1.983933e+01
1.553695e+01
9.750770e+00
8.432959e+00
5.342325e+00
2.679854e+00
2.363980e+00
1.909610e+00
1.345152e+00
6.856732e-01
6.500409e-01
5.279821e-01
3.261526e-01
2.901962e-01
2.504399e-01
1.905844e-01
1.474195e-01
1.318769e-01
1.048219e-01
8.703461e-02
8.309771e-02
7.429427e-02
5.931486e-02
4.348114e-02
3.581337e-02
2.599636e-02
9.932771e-03
-3.618364e-03
-2.383712e-02
-3.122823e-02
-4.384208e-02
-6.346267e-02
-1.112142e-01
-1.445163e-01
-1.970247e-01
-2.701559e+01
