5.852409e+04
1.263525e+04
6.904887e+03
1.993333e+03
1.529729e+03
8.795128e+02
6.051458e+02
3.934785e+02
3.557448e+02
3.008309e+02
2.260545e+02
1.995895e+02
1.740221e+02
1.538122e+02
1.354265e+02
1.108328e+02
1.060537e+02
1.005871e+02
7.613800e+01
7.138769e+01
6.550988e+01
5.899385e+01
4.580511e+01
4.381734e+01
3.282324e+01
2.713017e+01
2.449018e+01
1.540030e+01
1.434553e+01
1.319276e+01
1.189942e+01
1.079127e+01
1.008703e+01
9.597063e+00
8.471885e+00
7.323573e+00
5.613488e+00
5.310360e+00
4.920218e+00
4.599116e+00
3.670442e+00
3.142718e+00
2.759362e+00
2.641923e+00
1.849558e+00
1.467975e+00
1.313720e+00
1.040415e+00
8.768313e-01
7.358791e-01
6.412478e-01
5.429793e-01
4.002720e-01
3.796115e-01
2.780736e-01
2.144668e-01
1.650565e-01
1.501956e-01
1.313995e-01
1.085283e-01
8.847241e-02
7.738937e-02
6.699318e-02
6.398796e-02
3.128281e-02
2.177732e-02
2.071183e-02
1.490753e-02
1.203045e-02
1.029834e-02
9.269265e-03
7.921737e-03
7.643979e-03
6.472240e-03
5.407579e-03
5.150085e-03
4.108021e-03
3.370499e-03
3.029697e-03
1.880305e-03
1.579906e-03
1.450937e-03
1.405044e-03
1.366653e-03
1.340843e-03
1.242163e-03
1.181811e-03
1.007695e-03
8.946703e-04
8.731707e-04
8.322797e-04
8.131945e-04
7.758700e-04
7.676634e-04
7.228710e-04
6.885679e-04
6.532596e-04
6.490771e-04
6.373438e-04
6.141092e-04
5.993891e-04
5.677711e-04
5.571113e-04
5.540654e-04
5.452048e-04
5.270831e-04
5.205792e-04
5.101405e-04
4.946658e-04
4.865476e-04
4.791720e-04
4.690909e-04
4.671193e-04
4.531748e-04
4.476940e-04
4.429979e-04
4.382680e-04
4.331681e-04
4.300133e-04
4.214663e-04
4.164022e-04
4.104921e-04
4.062596e-04
4.020972e-04
3.920744e-04
3.909886e-04
3.866651e-04
3.778374e-04
3.758234e-04
3.701795e-04
3.609772e-04
3.586055e-04
3.515853e-04
3.508228e-04
3.469902e-04
3.436861e-04
3.376277e-04
3.339278e-04
3.312428e-04
3.274358e-04
3.231225e-04
3.179314e-04
3.153317e-04
3.117221e-04
3.087912e-04
3.057577e-04
3.049326e-04
3.023957e-04
2.935065e-04
2.895916e-04
2.878071e-04
2.829993e-04
2.813322e-04
2.788185e-04
2.751002e-04
2.731236e-04
2.702195e-04
2.696893e-04
2.612271e-04
2.573035e-04
2.557804e-04
2.523745e-04
2.510297e-04
2.494081e-04
2.456060e-04
2.401901e-04
2.385360e-04
2.369221e-04
2.335138e-04
2.270149e-04
2.235686e-04
2.221110e-04
2.172874e-04
2.168332e-04
2.155678e-04
2.110845e-04
2.074053e-04
2.034327e-04
2.001112e-04
1.979977e-04
1.967081e-04
1.939723e-04
1.918289e-04
1.897234e-04
1.893676e-04
1.867439e-04
1.827253e-04
1.802273e-04
1.778122e-04
1.766224e-04
1.730033e-04
1.689259e-04
1.678975e-04
1.633099e-04
1.623264e-04
1.582674e-04
1.543542e-04
1.529220e-04
1.491710e-04
1.467595e-04
1.437124e-04
1.422232e-04
1.397465e-04
1.368328e-04
1.316337e-04
1.291334e-04
1.277398e-04
1.274252e-04
1.243823e-04
1.224400e-04
1.206534e-04
1.158870e-04
1.150454e-04
1.125526e-04
1.103333e-04
1.084683e-04
1.050093e-04
1.015154e-04
9.842222e-05
9.655602e-05
9.364941e-05
9.287151e-05
9.049583e-05
8.780752e-05
8.709350e-05
8.207881e-05
7.943523e-05
7.707888e-05
7.629023e-05
7.501552e-05
7.263517e-05
6.859573e-05
6.704879e-05
6.297860e-05
6.044350e-05
5.868342e-05
5.614300e-05
5.099507e-05
4.923285e-05
4.618386e-05
4.456463e-05
4.357995e-05
4.223897e-05
4.005452e-05
3.591125e-05
3.250472e-05
3.053298e-05
2.714761e-05
2.430945e-05
2.304288e-05
2.154729e-05
1.953239e-05
1.779213e-05
1.494832e-05
1.431080e-05
1.129330e-05
5.861914e-06
3.669221e-06
1.349867e-06
6.646671e-07
1.154567e-13
1.974641e-14
-3.727479e-15
-2.793556e-06
-4.427984e-06
-6.322790e-06
-1.185278e-05
-1.290487e-05
-1.570916e-05
-1.609027e-05
-1.910664e-05
-2.173448e-05
-2.346300e-05
-2.733050e-05
-2.971489e-05
-3.284053e-05
-3.517476e-05
-3.698527e-05
-4.156640e-05
-4.357399e-05
-4.763190e-05
-5.057278e-05
-5.085170e-05
-5.291324e-05
-5.503918e-05
-5.764654e-05
-5.938193e-05
-6.405401e-05
-6.462775e-05
-6.880872e-05
-7.097808e-05
-7.219286e-05
-7.351040e-05
-7.550181e-05
-7.971843e-05
-8.130185e-05
-8.539311e-05
-8.598934e-05
-8.879216e-05
-9.483156e-05
-9.853255e-05
-9.884401e-05
-1.008038e-04
-1.034159e-04
-1.051175e-04
-1.093922e-04
-1.116177e-04
-1.144564e-04
-1.153913e-04
-1.181163e-04
-1.200386e-04
-1.251558e-04
-1.278240e-04
-1.283425e-04
-1.320171e-04
-1.339914e-04
-1.360876e-04
-1.393175e-04
-1.441488e-04
-1.504851e-04
-1.540896e-04
-1.592081e-04
-1.615016e-04
-1.624757e-04
-1.635972e-04
-1.652686e-04
-1.715495e-04
-1.723722e-04
-1.768027e-04
-1.788198e-04
-1.824292e-04
-1.877822e-04
-1.880275e-04
-1.918350e-04
-1.969876e-04
-1.991463e-04
-2.003302e-04
-2.018916e-04
-2.035089e-04
-2.129375e-04
-2.176073e-04
-2.206462e-04
-2.251688e-04
-2.283201e-04
-2.305524e-04
-2.312717e-04
-2.374057e-04
-2.414733e-04
-2.441250e-04
-2.476496e-04
-2.521205e-04
-2.557736e-04
-2.588778e-04
-2.627240e-04
-2.637868e-04
-2.652525e-04
-2.769462e-04
-2.840013e-04
-2.870446e-04
-2.889000e-04
-2.964728e-04
-3.029659e-04
-3.040207e-04
-3.157274e-04
-3.182019e-04
-3.271264e-04
-3.300369e-04
-3.369425e-04
-3.391566e-04
-3.532593e-04
-3.650854e-04
-3.686042e-04
-3.735304e-04
-3.959716e-04
-4.197185e-04
-4.456216e-04
-4.613577e-04
-5.074855e-04
-5.632848e-04
-6.023310e-04
-6.325359e-04
-7.901481e-04
-1.072738e-03
-1.295118e-03
