8.634840e+04
3.413182e+03
2.348780e+03
1.865983e+03
1.026267e+03
7.593887e+02
5.473287e+02
4.527570e+02
3.092975e+02
2.700020e+02
2.531067e+02
2.225819e+02
1.933747e+02
1.825888e+02
1.712814e+02
1.523732e+02
1.503559e+02
1.473833e+02
1.341502e+02
1.233343e+02
1.156492e+02
1.089088e+02
1.024925e+02
9.188194e+01
9.024648e+01
8.741840e+01
7.986989e+01
7.600391e+01
7.025237e+01
6.914604e+01
6.402709e+01
5.984538e+01
5.620365e+01
5.283684e+01
5.046778e+01
4.999289e+01
4.607636e+01
4.134964e+01
3.960028e+01
3.726328e+01
3.337174e+01
3.166862e+01
3.030487e+01
2.804825e+01
2.647296e+01
2.464197e+01
2.256897e+01
2.156575e+01
2.126774e+01
1.849470e+01
1.822897e+01
1.707071e+01
1.646273e+01
1.502268e+01
1.425933e+01
1.321459e+01
1.283367e+01
1.196025e+01
1.068053e+01
1.003046e+01
9.327836e+00
9.034329e+00
8.428373e+00
7.668412e+00
7.176186e+00
6.583954e+00
5.764752e+00
5.604794e+00
5.360055e+00
5.008230e+00
4.446134e+00
4.175583e+00
3.916566e+00
3.582323e+00
3.234957e+00
3.134180e+00
2.972060e+00
2.643261e+00
2.433891e+00
2.297195e+00
2.259580e+00
2.005096e+00
1.871449e+00
1.805735e+00
1.637136e+00
1.532685e+00
1.474146e+00
1.404710e+00
1.350129e+00
1.223387e+00
1.171559e+00
1.130441e+00
1.086316e+00
1.012304e+00
9.963062e-01
9.545419e-01
9.425719e-01
8.671798e-01
8.239769e-01
7.895620e-01
7.350695e-01
7.242655e-01
7.129418e-01
6.425684e-01
5.899039e-01
5.731764e-01
5.309895e-01
5.097179e-01
4.884343e-01
4.530603e-01
4.386625e-01
4.058992e-01
3.699237e-01
3.416795e-01
3.205908e-01
3.107691e-01
2.920646e-01
2.717366e-01
2.639009e-01
2.339758e-01
2.237451e-01
2.126873e-01
2.043485e-01
1.991062e-01
1.944066e-01
1.757759e-01
1.595074e-01
1.467138e-01
1.433134e-01
1.324967e-01
1.255163e-01
1.170064e-01
1.129651e-01
1.084887e-01
1.010586e-01
9.361995e-02
8.972818e-02
8.801459e-02
8.404220e-02
7.898090e-02
7.302975e-02
7.262323e-02
6.980661e-02
6.229037e-02
6.003783e-02
5.544292e-02
5.408922e-02
5.314232e-02
4.697304e-02
4.608333e-02
4.348956e-02
4.214777e-02
3.864874e-02
3.483299e-02
3.410891e-02
3.171824e-02
3.028726e-02
2.758190e-02
2.696377e-02
2.364292e-02
2.161899e-02
2.154481e-02
2.054147e-02
1.981066e-02
1.844501e-02
1.597381e-02
1.561674e-02
1.506038e-02
1.427728e-02
1.347235e-02
1.227836e-02
1.179052e-02
1.111200e-02
1.076953e-02
1.042254e-02
9.825351e-03
9.613257e-03
9.013038e-03
8.722511e-03
7.449745e-03
6.669726e-03
6.296707e-03
5.969896e-03
5.788248e-03
5.264401e-03
4.852808e-03
4.634815e-03
4.420844e-03
4.333472e-03
4.152519e-03
3.956509e-03
3.706520e-03
3.482364e-03
3.316091e-03
3.014447e-03
2.897188e-03
2.828196e-03
2.610274e-03
2.533953e-03
2.445235e-03
2.407352e-03
2.323143e-03
2.257295e-03
2.137903e-03
1.985852e-03
1.895823e-03
1.675192e-03
1.617491e-03
1.593345e-03
1.514664e-03
1.495348e-03
1.458456e-03
1.424730e-03
1.380076e-03
1.355724e-03
1.344384e-03
1.320539e-03
1.296398e-03
1.250020e-03
1.241586e-03
1.230662e-03
1.210274e-03
1.185240e-03
1.161560e-03
1.152327e-03
1.134726e-03
1.101045e-03
1.081243e-03
1.065633e-03
1.051717e-03
1.042167e-03
1.018189e-03
9.869753e-04
9.775744e-04
9.598651e-04
9.504837e-04
9.422193e-04
9.195851e-04
9.109582e-04
9.048852e-04
8.955059e-04
8.838543e-04
8.654569e-04
8.603840e-04
8.358448e-04
8.304743e-04
8.093814e-04
7.952097e-04
7.869559e-04
7.722131e-04
7.543819e-04
7.507508e-04
7.429571e-04
7.279494e-04
7.170181e-04
7.092257e-04
6.965579e-04
6.869595e-04
6.808844e-04
6.766666e-04
6.647008e-04
6.342781e-04
6.262837e-04
6.213250e-04
6.099367e-04
6.037111e-04
5.904857e-04
5.847617e-04
5.714753e-04
5.614612e-04
5.463540e-04
5.294828e-04
5.274874e-04
5.215300e-04
5.130504e-04
5.075408e-04
4.973458e-04
4.764496e-04
4.684211e-04
4.614651e-04
4.554241e-04
4.478511e-04
4.356786e-04
4.221684e-04
4.194197e-04
4.070205e-04
3.969028e-04
3.896107e-04
3.828013e-04
3.802046e-04
3.653719e-04
3.600222e-04
3.558276e-04
3.359865e-04
3.299645e-04
3.196260e-04
3.059015e-04
2.931760e-04
2.916296e-04
2.804100e-04
2.697419e-04
2.587740e-04
2.426045e-04
2.399793e-04
2.289691e-04
2.209586e-04
2.186109e-04
1.992050e-04
1.925828e-04
1.794039e-04
1.767331e-04
1.725316e-04
1.597245e-04
1.494419e-04
1.450680e-04
1.372840e-04
1.341815e-04
1.236444e-04
1.142095e-04
9.142287e-05
8.503770e-05
7.270065e-05
6.223323e-05
5.376142e-05
4.815915e-05
3.457428e-05
3.167287e-05
1.297403e-05
1.074731e-05
6.198461e-13
2.924038e-13
7.450921e-14
-5.806510e-14
-1.236022e-13
-7.034786e-13
-5.515527e-06
-1.635545e-05
-2.008222e-05
-2.915390e-05
-4.186774e-05
-5.181022e-05
-6.358599e-05
-7.464424e-05
-8.445083e-05
-9.051766e-05
-9.178868e-05
-1.147710e-04
-1.234819e-04
-1.271753e-04
-1.346422e-04
-1.411924e-04
-1.550312e-04
-1.696287e-04
-1.757903e-04
-1.964757e-04
-2.055132e-04
-2.065569e-04
-2.140177e-04
-2.262439e-04
-2.469911e-04
-2.619190e-04
-2.682487e-04
-2.783022e-04
-2.941626e-04
-3.015062e-04
-3.078141e-04
-3.209564e-04
-3.442397e-04
-3.523403e-04
-3.572518e-04
-3.837239e-04
-3.926200e-04
-4.037480e-04
-4.218545e-04
-4.288226e-04
-4.426204e-04
-4.504558e-04
-4.665650e-04
-4.893015e-04
-5.214752e-04
-5.408961e-04
-5.669910e-04
-5.709275e-04
-5.950533e-04
