4.334017e+12
2.899582e+12
2.433585e+12
2.104533e+12
1.924384e+12
1.730142e+12
1.697151e+12
1.599419e+12
1.546370e+12
1.422681e+12
1.303438e+12
1.203105e+12
1.159945e+12
1.130459e+12
1.073419e+12
1.013901e+12
9.558190e+11
9.451724e+11
9.023924e+11
8.776611e+11
8.372382e+11
7.967410e+11
7.740791e+11
7.408045e+11
7.018014e+11
6.997658e+11
6.790555e+11
6.665937e+11
6.413312e+11
6.132390e+11
6.118887e+11
5.790426e+11
5.593246e+11
5.550303e+11
5.484477e+11
5.062080e+11
5.005892e+11
4.904118e+11
4.637546e+11
4.572806e+11
4.419505e+11
4.344106e+11
4.199175e+11
4.034321e+11
3.995146e+11
3.879019e+11
3.818351e+11
3.606207e+11
3.513338e+11
3.470094e+11
3.407718e+11
3.249961e+11
3.229458e+11
3.120430e+11
3.085228e+11
2.943833e+11
2.866306e+11
2.797315e+11
2.767403e+11
2.715758e+11
2.631178e+11
2.566144e+11
2.508855e+11
2.441236e+11
2.399202e+11
2.312083e+11
2.234527e+11
2.203018e+11
2.185455e+11
2.130628e+11
2.097037e+11
2.080660e+11
1.977721e+11
1.927635e+11
1.910470e+11
1.871022e+11
1.840551e+11
1.783170e+11
1.756544e+11
1.727534e+11
1.652279e+11
1.635839e+11
1.593248e+11
1.574407e+11
1.558405e+11
1.535921e+11
1.521324e+11
1.501653e+11
1.480171e+11
1.466794e+11
1.438903e+11
1.425228e+11
1.397886e+11
1.336334e+11
1.323204e+11
1.320933e+11
1.279513e+11
1.244581e+11
1.220080e+11
1.203265e+11
1.180312e+11
1.172904e+11
1.170295e+11
1.124917e+11
1.101722e+11
1.097464e+11
1.071213e+11
1.062466e+11
1.031892e+11
1.013051e+11
1.005767e+11
9.741436e+10
9.693413e+10
9.626740e+10
9.428468e+10
9.159732e+10
8.988628e+10
8.860302e+10
8.636229e+10
8.438120e+10
8.163466e+10
8.045737e+10
7.960694e+10
7.461132e+10
6.990096e+10
6.864461e+10
6.170852e+10
1.247259e+10
