2.249016e+12
1.849305e+12
1.591961e+12
1.485395e+12
1.367404e+12
1.299037e+12
1.146794e+12
1.126439e+12
1.089954e+12
1.007411e+12
9.749657e+11
9.237084e+11
8.652913e+11
7.960349e+11
7.662403e+11
7.420044e+11
6.781423e+11
6.505318e+11
6.467292e+11
6.081551e+11
5.897882e+11
5.677000e+11
5.394156e+11
5.268188e+11
5.045806e+11
4.980180e+11
4.890468e+11
4.785237e+11
4.301935e+11
4.207297e+11
4.176055e+11
3.928548e+11
3.781071e+11
3.676484e+11
3.480351e+11
3.389079e+11
3.300309e+11
3.110879e+11
3.066527e+11
2.906790e+11
2.850669e+11
2.814781e+11
2.676022e+11
2.660447e+11
2.599878e+11
2.531220e+11
2.449541e+11
2.364348e+11
2.262502e+11
2.249999e+11
2.183373e+11
2.095605e+11
2.064212e+11
2.021367e+11
1.997575e+11
1.877816e+11
1.850276e+11
1.792656e+11
1.775164e+11
1.650231e+11
1.619707e+11
1.567274e+11
1.547279e+11
1.500257e+11
1.449718e+11
1.442145e+11
1.362531e+11
1.352568e+11
1.333487e+11
1.325869e+11
1.259963e+11
1.246719e+11
1.228260e+11
1.191149e+11
1.184508e+11
1.168842e+11
1.124923e+11
1.117334e+11
1.080870e+11
1.075557e+11
1.045374e+11
1.033074e+11
9.925422e+10
9.755605e+10
9.640738e+10
9.376416e+10
9.226325e+10
9.160848e+10
8.997927e+10
8.690696e+10
8.617701e+10
8.423716e+10
8.186071e+10
8.101211e+10
8.007524e+10
7.860821e+10
7.790971e+10
7.608298e+10
7.513847e+10
7.460588e+10
7.259371e+10
7.086827e+10
6.865449e+10
6.810518e+10
6.743996e+10
6.591314e+10
6.468977e+10
6.257295e+10
6.150121e+10
6.077179e+10
6.042668e+10
5.941292e+10
5.739411e+10
5.668241e+10
5.621077e+10
5.480550e+10
5.456993e+10
5.371562e+10
5.191127e+10
5.005235e+10
4.859310e+10
4.832565e+10
4.640975e+10
4.532040e+10
4.184741e+10
4.127907e+10
2.844293e+10
1.228958e+10
