2.343357e+12
2.190568e+12
1.798631e+12
1.661744e+12
1.542619e+12
1.466101e+12
1.311737e+12
1.249901e+12
1.184682e+12
1.098625e+12
1.010600e+12
9.426464e+11
9.067186e+11
8.869014e+11
8.334643e+11
8.006764e+11
7.329502e+11
6.936328e+11
6.845383e+11
6.351708e+11
6.086807e+11
5.962678e+11
5.760390e+11
5.678772e+11
5.474425e+11
5.287616e+11
4.848289e+11
4.666366e+11
4.388623e+11
4.328029e+11
4.033478e+11
4.031715e+11
3.956485e+11
3.782775e+11
3.660064e+11
3.595898e+11
3.526923e+11
3.400993e+11
3.376401e+11
3.169472e+11
3.113482e+11
3.042587e+11
2.927580e+11
2.719762e+11
2.615188e+11
2.603986e+11
2.517704e+11
2.426788e+11
2.368460e+11
2.331675e+11
2.287596e+11
2.211153e+11
2.186743e+11
2.062540e+11
2.021849e+11
1.967506e+11
1.919574e+11
1.866157e+11
1.782120e+11
1.758046e+11
1.739513e+11
1.657621e+11
1.638496e+11
1.613518e+11
1.595340e+11
1.533393e+11
1.472262e+11
1.424884e+11
1.405393e+11
1.397318e+11
1.347285e+11
1.321511e+11
1.284066e+11
1.262206e+11
1.258364e+11
1.204644e+11
1.173754e+11
1.152950e+11
1.112016e+11
1.097172e+11
1.082493e+11
1.046466e+11
1.034834e+11
1.025099e+11
1.008124e+11
9.813264e+10
9.393734e+10
9.225255e+10
9.111106e+10
9.010582e+10
8.836097e+10
8.662588e+10
8.562954e+10
8.231804e+10
8.129095e+10
8.005784e+10
7.690916e+10
7.662739e+10
7.530388e+10
7.201797e+10
7.190938e+10
7.128319e+10
7.009801e+10
6.888568e+10
6.655855e+10
6.577286e+10
6.550657e+10
6.439685e+10
6.299233e+10
6.070689e+10
5.967515e+10
5.954827e+10
5.879610e+10
5.710064e+10
5.577057e+10
5.503734e+10
5.377014e+10
5.175822e+10
4.977505e+10
4.756600e+10
4.637718e+10
4.481070e+10
3.908229e+10
3.250239e+10
2.930617e+10
2.493018e+10
2.095500e+10
1.302874e+10
