1.283709e+05
6.372381e+03
2.929563e+03
2.714041e+03
1.925224e+03
1.796229e+03
1.429607e+03
1.012370e+03
8.581578e+02
6.800316e+02
6.086846e+02
4.728315e+02
3.107465e+02
2.568771e+02
2.421580e+02
2.326388e+02
1.744623e+02
1.667527e+02
1.361239e+02
1.254009e+02
1.121584e+02
1.005679e+02
9.137505e+01
8.099408e+01
8.087684e+01
6.974379e+01
6.504845e+01
5.983199e+01
5.925284e+01
4.829364e+01
4.715239e+01
4.397356e+01
4.207606e+01
3.731314e+01
3.608199e+01
3.409945e+01
2.967244e+01
2.870887e+01
2.599110e+01
2.491637e+01
2.299197e+01
2.197379e+01
1.928207e+01
1.778322e+01
1.707753e+01
1.526898e+01
1.493602e+01
1.326524e+01
1.275835e+01
1.186378e+01
1.099939e+01
1.022767e+01
1.009707e+01
9.606936e+00
8.717213e+00
8.163565e+00
7.925784e+00
6.686532e+00
6.243207e+00
5.880167e+00
5.393125e+00
5.064727e+00
4.778056e+00
3.862066e+00
3.691529e+00
3.660724e+00
3.504340e+00
3.358609e+00
3.066101e+00
3.013280e+00
2.689971e+00
2.563774e+00
2.225694e+00
2.089757e+00
2.046821e+00
1.953319e+00
1.758210e+00
1.710578e+00
1.571400e+00
1.487263e+00
1.281347e+00
1.209518e+00
1.097428e+00
1.087804e+00
9.786853e-01
9.229203e-01
9.011471e-01
8.268309e-01
7.781066e-01
7.390030e-01
7.000983e-01
6.759800e-01
6.564416e-01
6.183388e-01
6.119076e-01
5.391741e-01
4.704505e-01
4.540456e-01
4.171686e-01
3.890531e-01
3.528015e-01
3.123785e-01
2.972746e-01
2.728748e-01
2.703286e-01
2.547626e-01
2.371609e-01
2.287698e-01
2.062225e-01
1.950181e-01
1.716205e-01
1.620007e-01
1.562474e-01
1.402750e-01
1.342571e-01
1.226472e-01
1.161208e-01
1.143286e-01
1.009010e-01
9.252513e-02
8.900800e-02
8.704544e-02
8.191187e-02
7.735042e-02
6.996596e-02
6.811319e-02
6.126873e-02
5.985932e-02
5.392467e-02
4.896136e-02
4.694010e-02
4.345977e-02
4.182203e-02
3.745373e-02
3.388741e-02
3.152726e-02
2.657136e-02
2.560721e-02
2.404618e-02
2.148027e-02
1.831602e-02
1.757974e-02
1.645424e-02
1.472178e-02
1.424347e-02
1.336453e-02
1.248337e-02
1.204022e-02
1.042097e-02
1.030118e-02
1.010055e-02
9.306299e-03
8.470689e-03
7.858449e-03
7.674728e-03
7.107241e-03
6.023275e-03
5.868692e-03
5.503358e-03
5.044850e-03
4.800700e-03
4.572280e-03
4.252405e-03
4.002449e-03
3.520843e-03
3.287796e-03
3.029146e-03
2.842539e-03
2.658964e-03
2.575325e-03
2.506091e-03
2.345371e-03
2.204896e-03
2.016075e-03
1.953471e-03
1.876945e-03
1.845439e-03
1.730280e-03
1.636156e-03
1.617364e-03
1.544560e-03
1.482298e-03
1.442788e-03
1.396766e-03
1.380818e-03
1.341232e-03
1.328888e-03
1.310325e-03
1.282353e-03
1.261846e-03
1.247221e-03
1.232125e-03
1.217679e-03
1.206638e-03
1.171558e-03
1.152056e-03
1.142229e-03
1.132752e-03
1.126485e-03
1.104367e-03
1.091886e-03
1.082103e-03
1.052053e-03
1.047827e-03
1.044387e-03
1.023054e-03
1.017164e-03
9.921467e-04
9.799292e-04
9.665577e-04
9.577922e-04
9.406317e-04
9.364780e-04
9.255917e-04
9.186375e-04
9.088750e-04
8.793061e-04
8.757482e-04
8.548530e-04
8.402975e-04
8.346138e-04
8.267444e-04
8.119517e-04
7.979780e-04
7.833999e-04
7.701105e-04
7.664808e-04
7.610484e-04
7.419885e-04
7.353153e-04
7.269709e-04
7.214799e-04
7.126427e-04
7.017251e-04
6.769494e-04
6.710515e-04
6.573536e-04
6.523090e-04
6.450559e-04
6.364594e-04
6.212592e-04
6.190273e-04
6.118036e-04
6.041510e-04
5.914582e-04
5.868083e-04
5.801767e-04
5.587692e-04
5.567889e-04
5.411829e-04
5.388128e-04
5.261863e-04
5.156476e-04
5.056035e-04
4.861456e-04
4.847291e-04
4.663285e-04
4.586281e-04
4.386309e-04
4.302927e-04
4.274256e-04
4.184489e-04
4.057472e-04
4.001631e-04
3.891502e-04
3.776650e-04
3.608367e-04
3.568965e-04
3.419424e-04
3.398486e-04
3.327562e-04
3.211988e-04
3.140366e-04
3.062091e-04
3.026042e-04
2.965508e-04
2.881591e-04
2.830370e-04
2.647343e-04
2.625358e-04
2.506150e-04
2.383348e-04
2.264828e-04
2.057486e-04
2.015295e-04
1.950009e-04
1.916651e-04
1.740914e-04
1.583638e-04
1.502725e-04
1.474918e-04
1.354857e-04
1.240949e-04
1.193336e-04
1.072731e-04
8.988671e-05
8.628450e-05
7.829618e-05
7.397461e-05
6.335580e-05
5.324371e-05
4.767481e-05
4.268017e-05
3.865545e-05
2.701898e-05
8.884710e-06
-4.225913e-06
-9.748903e-06
-1.575452e-05
-1.889242e-05
-2.309594e-05
-3.985778e-05
-5.860762e-05
-6.275717e-05
-7.152876e-05
-7.916280e-05
-9.004029e-05
-1.085148e-04
-1.131745e-04
-1.214303e-04
-1.369564e-04
-1.426979e-04
-1.532868e-04
-1.685086e-04
-1.733268e-04
-1.792548e-04
-1.883388e-04
-1.910960e-04
-2.008447e-04
-2.090883e-04
-2.330988e-04
-2.442162e-04
-2.513897e-04
-2.542352e-04
-2.584383e-04
-2.727832e-04
-2.850896e-04
-3.001854e-04
-3.110364e-04
-3.286708e-04
-3.295705e-04
-3.349317e-04
-3.444628e-04
-3.563763e-04
-3.711493e-04
-3.802679e-04
-3.950179e-04
-4.026084e-04
-4.202370e-04
-4.331274e-04
-4.354517e-04
-4.653009e-04
-4.784717e-04
-4.837736e-04
-4.893629e-04
-4.973169e-04
-5.090805e-04
-5.186499e-04
-5.327363e-04
-5.617255e-04
-5.644207e-04
-5.676524e-04
-5.808807e-04
-5.937897e-04
-6.037820e-04
-6.201341e-04
-6.370613e-04
-6.391638e-04
-6.601869e-04
-6.823428e-04
-6.966963e-04
-7.092727e-04
-7.212452e-04
-7.410377e-04
-7.517176e-04
-7.741868e-04
-7.871935e-04
-8.122660e-04
-8.283228e-04
-8.362809e-04
-8.499759e-04
-8.694337e-04
-8.797606e-04
-9.631648e-04
