3.280578e+10
1.053705e+10
6.415297e+09
5.742506e+09
4.541143e+09
3.900200e+09
3.206922e+09
3.000663e+09
2.823230e+09
2.669587e+09
2.609695e+09
2.476250e+09
2.117315e+09
2.067539e+09
1.830061e+09
1.756723e+09
1.690617e+09
1.605191e+09
1.541072e+09
1.465776e+09
1.395163e+09
1.372988e+09
1.261102e+09
1.205593e+09
1.184177e+09
1.155888e+09
1.114794e+09
1.068897e+09
1.031870e+09
1.016536e+09
9.918513e+08
9.717309e+08
9.440293e+08
8.790247e+08
8.484047e+08
8.342043e+08
8.090006e+08
7.540131e+08
7.445102e+08
7.235729e+08
7.090956e+08
7.088964e+08
6.802509e+08
6.531832e+08
6.389064e+08
6.218162e+08
6.082420e+08
5.879298e+08
5.611512e+08
5.571308e+08
5.456680e+08
5.259970e+08
5.132615e+08
5.051671e+08
4.930167e+08
4.863033e+08
4.708951e+08
4.607898e+08
4.533809e+08
4.402290e+08
4.289220e+08
4.224489e+08
4.200302e+08
4.027359e+08
3.925806e+08
3.832740e+08
3.734900e+08
3.665308e+08
3.520210e+08
3.471975e+08
3.350388e+08
3.213076e+08
3.105784e+08
2.959095e+08
2.898123e+08
2.893302e+08
2.826036e+08
2.799996e+08
2.668795e+08
2.606586e+08
2.521774e+08
2.508520e+08
2.465818e+08
2.348153e+08
2.303342e+08
2.255458e+08
2.201151e+08
2.137740e+08
2.118396e+08
2.074911e+08
1.984907e+08
1.899674e+08
1.793271e+08
1.748256e+08
1.732655e+08
1.695568e+08
1.680821e+08
1.640139e+08
1.607547e+08
1.529820e+08
1.480474e+08
1.409999e+08
1.356182e+08
1.301527e+08
1.262240e+08
1.235656e+08
1.192959e+08
1.136731e+08
1.074143e+08
9.334412e+07
8.680707e+07
7.116440e+07
6.667630e+07
6.032990e+07
5.691275e+07
4.907197e+07
4.641602e+07
3.971584e+07
3.128910e+07
2.642274e+07
2.140504e+07
2.020682e+07
1.755009e+07
1.629031e+07
1.008736e+07
8.741944e+06
4.272533e+06
3.796462e+06
