5.913683e+04
1.037666e+04
6.439312e+03
1.805697e+03
8.832894e+02
8.536299e+02
6.428549e+02
3.422328e+02
3.270298e+02
2.457957e+02
2.001870e+02
1.821214e+02
1.719451e+02
1.278305e+02
8.750552e+01
8.068111e+01
7.014118e+01
5.640079e+01
4.942323e+01
4.242303e+01
3.862713e+01
2.341328e+01
2.140553e+01
1.922214e+01
1.474705e+01
1.409186e+01
1.250920e+01
1.024897e+01
8.708017e+00
8.416847e+00
7.090867e+00
6.078021e+00
5.406373e+00
5.115993e+00
3.446832e+00
3.188406e+00
2.489558e+00
2.377462e+00
1.661082e+00
1.152475e+00
9.952821e-01
9.500731e-01
8.903098e-01
8.184549e-01
6.522031e-01
5.927151e-01
5.371372e-01
4.055291e-01
3.656799e-01
1.974330e-01
1.716506e-01
1.616861e-01
1.328418e-01
1.141142e-01
7.588486e-02
6.370847e-02
5.022001e-02
4.398123e-02
4.064485e-02
3.621196e-02
2.627293e-02
2.080167e-02
1.994352e-02
1.574610e-02
1.197429e-02
9.531750e-03
8.472007e-03
6.897997e-03
4.926625e-03
4.142497e-03
3.410222e-03
3.001129e-03
2.743997e-03
2.204902e-03
1.803559e-03
1.681456e-03
1.532606e-03
1.342893e-03
1.121240e-03
1.001115e-03
8.534794e-04
8.440498e-04
7.625832e-04
7.405410e-04
7.255094e-04
6.803446e-04
6.648964e-04
6.420893e-04
6.276901e-04
6.240713e-04
5.929445e-04
5.865467e-04
5.738011e-04
5.647453e-04
5.440050e-04
5.383999e-04
5.304087e-04
5.186193e-04
5.114538e-04
5.058994e-04
4.934666e-04
4.871983e-04
4.790203e-04
4.696905e-04
4.640915e-04
4.601430e-04
4.572463e-04
4.502651e-04
4.423965e-04
4.379016e-04
4.332415e-04
4.323556e-04
4.225066e-04
4.172492e-04
4.112528e-04
4.045689e-04
3.992224e-04
3.949570e-04
3.846987e-04
3.828040e-04
3.797391e-04
3.776991e-04
3.743275e-04
3.704932e-04
3.612628e-04
3.569827e-04
3.527320e-04
3.479836e-04
3.392092e-04
3.361045e-04
3.357257e-04
3.295274e-04
3.248097e-04
3.193806e-04
3.169244e-04
3.107636e-04
3.049581e-04
3.040519e-04
3.011564e-04
2.994179e-04
2.927391e-04
2.918485e-04
2.875930e-04
2.836767e-04
2.823337e-04
2.750100e-04
2.731188e-04
2.712420e-04
2.693108e-04
2.663665e-04
2.602560e-04
2.582448e-04
2.571791e-04
2.539289e-04
2.501747e-04
2.451765e-04
2.424061e-04
2.406105e-04
2.371131e-04
2.353389e-04
2.338801e-04
2.284653e-04
2.267209e-04
2.244928e-04
2.204848e-04
2.148569e-04
2.125405e-04
2.106334e-04
2.079278e-04
2.058978e-04
2.009428e-04
1.994287e-04
1.980796e-04
1.951405e-04
1.907582e-04
1.882323e-04
1.862287e-04
1.840176e-04
1.774291e-04
1.762717e-04
1.740844e-04
1.734574e-04
1.709086e-04
1.674831e-04
1.642513e-04
1.602501e-04
1.588139e-04
1.547970e-04
1.530321e-04
1.504254e-04
1.468465e-04
1.447811e-04
1.419623e-04
1.395928e-04
1.384601e-04
1.365418e-04
1.323707e-04
1.305975e-04
1.257539e-04
1.225910e-04
1.193602e-04
1.173380e-04
1.156735e-04
1.149176e-04
1.129403e-04
1.117362e-04
1.076364e-04
1.041356e-04
1.035021e-04
1.017533e-04
9.643065e-05
9.524307e-05
9.365174e-05
9.166719e-05
9.109958e-05
8.601988e-05
8.221612e-05
7.940904e-05
7.843478e-05
7.589909e-05
7.325898e-05
7.052787e-05
7.036803e-05
6.710853e-05
6.275920e-05
5.910067e-05
5.787327e-05
5.574060e-05
5.274903e-05
5.133979e-05
4.821440e-05
4.522654e-05
4.299594e-05
4.155280e-05
4.054725e-05
3.713834e-05
3.315135e-05
3.089221e-05
2.991641e-05
2.717179e-05
2.443929e-05
2.215325e-05
2.078573e-05
1.776322e-05
1.501519e-05
1.414148e-05
1.317932e-05
1.159782e-05
6.443992e-06
5.019883e-06
1.490577e-06
1.270128e-13
8.497052e-14
4.056961e-14
2.045006e-16
-3.433885e-14
-4.471442e-14
-1.409607e-13
-2.532806e-06
-4.398686e-06
-5.562069e-06
-7.862677e-06
-1.073999e-05
-1.467163e-05
-1.790841e-05
-1.978551e-05
-2.155456e-05
-2.414855e-05
-2.788707e-05
-2.923402e-05
-3.165791e-05
-3.318545e-05
-3.433817e-05
-3.567754e-05
-3.705462e-05
-4.044775e-05
-4.383965e-05
-4.628082e-05
-4.910845e-05
-5.196020e-05
-5.347619e-05
-5.831550e-05
-6.075444e-05
-6.167156e-05
-6.561499e-05
-6.800916e-05
-7.188999e-05
-7.262269e-05
-7.450514e-05
-7.745426e-05
-7.910359e-05
-8.066670e-05
-8.391725e-05
-8.605910e-05
-9.083909e-05
-9.176684e-05
-9.601198e-05
-9.999606e-05
-1.010939e-04
-1.024550e-04
-1.029474e-04
-1.095104e-04
-1.108579e-04
-1.139752e-04
-1.192616e-04
-1.198694e-04
-1.235016e-04
-1.248041e-04
-1.275087e-04
-1.287130e-04
-1.322786e-04
-1.342738e-04
-1.363651e-04
-1.398203e-04
-1.427133e-04
-1.469032e-04
-1.495041e-04
-1.505710e-04
-1.540622e-04
-1.582776e-04
-1.611065e-04
-1.639277e-04
-1.647251e-04
-1.720461e-04
-1.732742e-04
-1.757056e-04
-1.775000e-04
-1.802846e-04
-1.852768e-04
-1.864837e-04
-1.878198e-04
-1.895343e-04
-1.943486e-04
-1.999134e-04
-2.025750e-04
-2.056945e-04
-2.064800e-04
-2.101244e-04
-2.146766e-04
-2.169731e-04
-2.222154e-04
-2.235210e-04
-2.263145e-04
-2.308269e-04
-2.351008e-04
-2.383697e-04
-2.411599e-04
-2.455746e-04
-2.475412e-04
-2.506999e-04
-2.539525e-04
-2.584431e-04
-2.672345e-04
-2.704076e-04
-2.732452e-04
-2.776957e-04
-2.814705e-04
-2.900835e-04
-2.938830e-04
-2.974507e-04
-3.022088e-04
-3.050123e-04
-3.103704e-04
-3.147074e-04
-3.234837e-04
-3.278861e-04
-3.366162e-04
-3.450763e-04
-3.492577e-04
-3.499936e-04
-3.563968e-04
-3.627675e-04
-3.735205e-04
-3.839805e-04
-3.869807e-04
-3.975708e-04
-4.102798e-04
-4.167992e-04
-4.460866e-04
-4.569026e-04
-6.171751e-04
-6.899815e-04
-8.108041e-04
-1.292557e-03
