2.981145e+05
1.521016e+04
4.012605e+03
1.010806e+03
3.049894e+02
5.533842e+01
1.846832e+01
4.650970e+00
7.739329e-01
2.687587e-01
5.068253e-02
1.713295e-02
9.546453e-03
8.780229e-03
8.424520e-03
8.068993e-03
7.758800e-03
7.272963e-03
7.014937e-03
6.896722e-03
6.525801e-03
6.348582e-03
6.235859e-03
5.685838e-03
5.474592e-03
5.372681e-03
5.128904e-03
4.846102e-03
4.452856e-03
4.221093e-03
3.823497e-03
3.675464e-03
3.397438e-03
3.245040e-03
3.077555e-03
2.975911e-03
2.858527e-03
2.521233e-03
2.350499e-03
2.229313e-03
1.917601e-03
1.737526e-03
1.682989e-03
1.455375e-03
1.167397e-03
9.833542e-04
7.880289e-04
7.114486e-04
6.017703e-04
3.036987e-04
3.608697e-05
-2.976157e-04
-5.399974e-04
-6.319620e-04
-8.488264e-04
-1.087763e-03
-1.211750e-03
-1.256919e-03
-2.086160e-03
-2.327838e-03
-2.378692e-03
-2.931220e-03
-3.083477e-03
-3.420921e-03
