5.923748e+04
1.071091e+04
4.990943e+03
1.901152e+03
9.396273e+02
8.654392e+02
6.718885e+02
3.596189e+02
3.089077e+02
2.519507e+02
2.244886e+02
1.403829e+02
1.253954e+02
9.613595e+01
8.899532e+01
6.873671e+01
5.644661e+01
5.239009e+01
3.748066e+01
3.352179e+01
2.682565e+01
2.549887e+01
2.066179e+01
1.604695e+01
1.351242e+01
1.148519e+01
9.628870e+00
7.940423e+00
6.705528e+00
5.879479e+00
4.976283e+00
4.132267e+00
3.932309e+00
3.281598e+00
2.286935e+00
2.105847e+00
1.984324e+00
1.063774e+00
1.018308e+00
8.751498e-01
7.656100e-01
7.011245e-01
6.209639e-01
5.362731e-01
3.321356e-01
3.217879e-01
2.410974e-01
2.128128e-01
1.519094e-01
1.272611e-01
1.082017e-01
1.033453e-01
5.580041e-02
5.156205e-02
4.045605e-02
3.191454e-02
2.960653e-02
2.366471e-02
1.803803e-02
1.432061e-02
9.796180e-03
8.119456e-03
6.688020e-03
5.586419e-03
5.130130e-03
4.456844e-03
3.687595e-03
3.346089e-03
2.756443e-03
2.142088e-03
1.804065e-03
1.511266e-03
1.240970e-03
1.038059e-03
1.026714e-03
9.305123e-04
8.623927e-04
8.160829e-04
8.066523e-04
7.381490e-04
7.241642e-04
6.829473e-04
6.687434e-04
6.460346e-04
6.357925e-04
6.103945e-04
5.942423e-04
5.750794e-04
5.718587e-04
5.500285e-04
5.408106e-04
5.389816e-04
5.230257e-04
5.175863e-04
5.064874e-04
4.990539e-04
4.954883e-04
4.920721e-04
4.847232e-04
4.685720e-04
4.595839e-04
4.499762e-04
4.433206e-04
4.353889e-04
4.346510e-04
4.328659e-04
4.248637e-04
4.184700e-04
4.081326e-04
4.034913e-04
3.960072e-04
3.933469e-04
3.904054e-04
3.871413e-04
3.776842e-04
3.730295e-04
3.708504e-04
3.662409e-04
3.616882e-04
3.586102e-04
3.557972e-04
3.507486e-04
3.451682e-04
3.396070e-04
3.342571e-04
3.317522e-04
3.305690e-04
3.279226e-04
3.212204e-04
3.150456e-04
3.116368e-04
3.092891e-04
3.035604e-04
3.007911e-04
2.947232e-04
2.916495e-04
2.874509e-04
2.838018e-04
2.806723e-04
2.796614e-04
2.760101e-04
2.733293e-04
2.700772e-04
2.668239e-04
2.627752e-04
2.581017e-04
2.556574e-04
2.529279e-04
2.492391e-04
2.469813e-04
2.412053e-04
2.396060e-04
2.373128e-04
2.344423e-04
2.326653e-04
2.301559e-04
2.276834e-04
2.222911e-04
2.202561e-04
2.162709e-04
2.146566e-04
2.113483e-04
2.095731e-04
2.051677e-04
2.047959e-04
2.027232e-04
2.009649e-04
1.950160e-04
1.938975e-04
1.915803e-04
1.886455e-04
1.859580e-04
1.825362e-04
1.819786e-04
1.805127e-04
1.761667e-04
1.735165e-04
1.669524e-04
1.634216e-04
1.613284e-04
1.595845e-04
1.568991e-04
1.556592e-04
1.542866e-04
1.499349e-04
1.476823e-04
1.469793e-04
1.442867e-04
1.406966e-04
1.365838e-04
1.335534e-04
1.323898e-04
1.306292e-04
1.288940e-04
1.251267e-04
1.215579e-04
1.199177e-04
1.190758e-04
1.183293e-04
1.145654e-04
1.119276e-04
1.081037e-04
1.073627e-04
1.055810e-04
1.024819e-04
1.016431e-04
1.002139e-04
9.707665e-05
9.220962e-05
9.044001e-05
8.747165e-05
8.681961e-05
8.404230e-05
8.142648e-05
7.839885e-05
7.805684e-05
7.475571e-05
7.266556e-05
7.023098e-05
6.686703e-05
6.581168e-05
6.352505e-05
5.967420e-05
5.910872e-05
5.648162e-05
5.206920e-05
5.110805e-05
4.908137e-05
4.857944e-05
4.615351e-05
4.356903e-05
3.909734e-05
3.859368e-05
3.635330e-05
3.306168e-05
2.920401e-05
2.703001e-05
2.584470e-05
2.295356e-05
1.955744e-05
1.865128e-05
1.382760e-05
1.214306e-05
1.144060e-05
7.595698e-06
5.175499e-06
2.204617e-06
5.745654e-07
1.321826e-13
1.024283e-13
5.456556e-14
-7.032430e-15
-5.296275e-14
-6.476122e-07
-2.540314e-06
-6.340842e-06
-7.351815e-06
-7.805806e-06
-1.359593e-05
-1.400555e-05
-1.700929e-05
-1.752419e-05
-1.778804e-05
-2.332852e-05
-2.433940e-05
-2.603333e-05
-3.062645e-05
-3.206232e-05
-3.392819e-05
-3.640282e-05
-3.721321e-05
-4.180803e-05
-4.394438e-05
-4.681289e-05
-4.756956e-05
-4.851338e-05
-5.235677e-05
-5.712259e-05
-5.991292e-05
-6.227213e-05
-6.411366e-05
-6.544076e-05
-6.647702e-05
-7.110408e-05
-7.276978e-05
-7.296671e-05
-7.714830e-05
-7.908436e-05
-8.425595e-05
-8.621783e-05
-8.889087e-05
-9.144514e-05
-9.216379e-05
-9.556084e-05
-9.970986e-05
-1.008636e-04
-1.013849e-04
-1.048859e-04
-1.086506e-04
-1.111703e-04
-1.155725e-04
-1.169694e-04
-1.188870e-04
-1.210789e-04
-1.225990e-04
-1.249026e-04
-1.263938e-04
-1.302108e-04
-1.330392e-04
-1.352385e-04
-1.362550e-04
-1.388468e-04
-1.401671e-04
-1.427573e-04
-1.452064e-04
-1.480212e-04
-1.523094e-04
-1.567870e-04
-1.574273e-04
-1.592551e-04
-1.619055e-04
-1.629571e-04
-1.686847e-04
-1.711358e-04
-1.742445e-04
-1.763120e-04
-1.801865e-04
-1.839517e-04
-1.885542e-04
-1.895644e-04
-1.924029e-04
-1.954488e-04
-1.964699e-04
-1.999805e-04
-2.045704e-04
-2.076489e-04
-2.135178e-04
-2.145008e-04
-2.166302e-04
-2.191358e-04
-2.256287e-04
-2.295668e-04
-2.313075e-04
-2.336758e-04
-2.399186e-04
-2.437013e-04
-2.445529e-04
-2.497220e-04
-2.534032e-04
-2.571758e-04
-2.600316e-04
-2.632166e-04
-2.667759e-04
-2.679082e-04
-2.772151e-04
-2.812908e-04
-2.885879e-04
-2.906389e-04
-2.955611e-04
-2.994053e-04
-3.028477e-04
-3.084361e-04
-3.130694e-04
-3.205443e-04
-3.278090e-04
-3.300691e-04
-3.369305e-04
-3.472044e-04
-3.503778e-04
-3.522117e-04
-3.579363e-04
-3.723567e-04
-3.811732e-04
-3.864680e-04
-4.046859e-04
-4.099220e-04
-4.195747e-04
-4.586693e-04
-4.612776e-04
-4.848354e-04
-5.257009e-04
-6.422994e-04
-6.641104e-04
-8.032691e-04
