1.259077e+05
6.294324e+03
2.792502e+03
2.325266e+03
2.020096e+03
1.530272e+03
1.330992e+03
8.938056e+02
7.181086e+02
6.703398e+02
5.638475e+02
4.321988e+02
3.234749e+02
2.915079e+02
2.791223e+02
2.291888e+02
1.919028e+02
1.771549e+02
1.501303e+02
1.455049e+02
1.353340e+02
1.254535e+02
1.116690e+02
1.001252e+02
8.763523e+01
8.181781e+01
7.102537e+01
6.955600e+01
6.570563e+01
6.073801e+01
5.375392e+01
5.071254e+01
4.926283e+01
4.563332e+01
4.254990e+01
4.088838e+01
3.899133e+01
3.555930e+01
3.514120e+01
3.326761e+01
3.146797e+01
2.777648e+01
2.604217e+01
2.235433e+01
2.126919e+01
1.942119e+01
1.857251e+01
1.725955e+01
1.562339e+01
1.444505e+01
1.264462e+01
1.201812e+01
1.069771e+01
1.039660e+01
9.350961e+00
9.157794e+00
8.094201e+00
7.957422e+00
7.392474e+00
7.032061e+00
6.494529e+00
5.648091e+00
5.547783e+00
5.040081e+00
4.518983e+00
4.374044e+00
4.192381e+00
3.948959e+00
3.660711e+00
3.464160e+00
3.142858e+00
2.908828e+00
2.724943e+00
2.530523e+00
2.467820e+00
2.360174e+00
2.087204e+00
2.003164e+00
1.811134e+00
1.648255e+00
1.547866e+00
1.479192e+00
1.279973e+00
1.210502e+00
1.171816e+00
1.113121e+00
9.951645e-01
9.173080e-01
8.851630e-01
7.910333e-01
7.764124e-01
7.615838e-01
6.907750e-01
6.798668e-01
6.191872e-01
5.818393e-01
5.219317e-01
5.085487e-01
4.858949e-01
4.603046e-01
4.410959e-01
4.028753e-01
3.791099e-01
3.393421e-01
3.188540e-01
3.125829e-01
2.836154e-01
2.554183e-01
2.345530e-01
2.258682e-01
2.198506e-01
2.106969e-01
2.027215e-01
1.855654e-01
1.757358e-01
1.428037e-01
1.370845e-01
1.328032e-01
1.137214e-01
1.079008e-01
1.020325e-01
9.381370e-02
9.019360e-02
8.238670e-02
7.755207e-02
7.034671e-02
6.778491e-02
6.222559e-02
5.793286e-02
4.953352e-02
4.757622e-02
4.421459e-02
4.345399e-02
3.756573e-02
3.545665e-02
3.377448e-02
3.063168e-02
2.968768e-02
2.812233e-02
2.574138e-02
2.391767e-02
2.289938e-02
2.243414e-02
2.036846e-02
1.831583e-02
1.766307e-02
1.650052e-02
1.502645e-02
1.348609e-02
1.305199e-02
1.156945e-02
1.015237e-02
9.453562e-03
9.365302e-03
8.809294e-03
8.574964e-03
7.555553e-03
6.749777e-03
6.455513e-03
6.107717e-03
5.663179e-03
5.478377e-03
5.098349e-03
4.991370e-03
4.693330e-03
4.627788e-03
4.359848e-03
3.727016e-03
3.625827e-03
3.398672e-03
3.136697e-03
2.965061e-03
2.888968e-03
2.747014e-03
2.620829e-03
2.566393e-03
2.394887e-03
2.265395e-03
2.098914e-03
1.991812e-03
1.824677e-03
1.784939e-03
1.709847e-03
1.649528e-03
1.613345e-03
1.536363e-03
1.487843e-03
1.453421e-03
1.441875e-03
1.401397e-03
1.387407e-03
1.351248e-03
1.335549e-03
1.303636e-03
1.285514e-03
1.272071e-03
1.231418e-03
1.219392e-03
1.202109e-03
1.178702e-03
1.162514e-03
1.142174e-03
1.131258e-03
1.121767e-03
1.117675e-03
1.106915e-03
1.087009e-03
1.074583e-03
1.064824e-03
1.050358e-03
1.027973e-03
1.013534e-03
1.004379e-03
9.974038e-04
9.927833e-04
9.737264e-04
9.636835e-04
9.461248e-04
9.364696e-04
9.230772e-04
9.070239e-04
8.937386e-04
8.886377e-04
8.833273e-04
8.616728e-04
8.574941e-04
8.509133e-04
8.348988e-04
8.317497e-04
8.273600e-04
8.128293e-04
7.759593e-04
7.555109e-04
7.483420e-04
7.439407e-04
7.394143e-04
7.251460e-04
7.133710e-04
7.065458e-04
6.890619e-04
6.834198e-04
6.769821e-04
6.658617e-04
6.434883e-04
6.366433e-04
6.251562e-04
6.210073e-04
6.093974e-04
5.928635e-04
5.902479e-04
5.856926e-04
5.762865e-04
5.594552e-04
5.544442e-04
5.474849e-04
5.352092e-04
5.220417e-04
5.130127e-04
5.004453e-04
4.953016e-04
4.796851e-04
4.688919e-04
4.624559e-04
4.535607e-04
4.418179e-04
4.351454e-04
4.169403e-04
4.125205e-04
3.968224e-04
3.923318e-04
3.848649e-04
3.765916e-04
3.735178e-04
3.626244e-04
3.502695e-04
3.297789e-04
3.214203e-04
3.164395e-04
3.012739e-04
2.973097e-04
2.843734e-04
2.826361e-04
2.699461e-04
2.654259e-04
2.499805e-04
2.418101e-04
2.315536e-04
2.234003e-04
2.198819e-04
2.127690e-04
2.026724e-04
1.929407e-04
1.837850e-04
1.806516e-04
1.661018e-04
1.542831e-04
1.486501e-04
1.433716e-04
1.339847e-04
1.224972e-04
1.113349e-04
1.077745e-04
9.494441e-05
8.736952e-05
6.477851e-05
5.335780e-05
4.698389e-05
4.029560e-05
3.681924e-05
3.308254e-05
2.355001e-05
1.803133e-05
4.655150e-06
-6.280808e-06
-1.453794e-05
-1.993485e-05
-2.726523e-05
-3.653290e-05
-4.793925e-05
-7.356631e-05
-8.077182e-05
-9.143667e-05
-9.963912e-05
-1.087790e-04
-1.166225e-04
-1.226608e-04
-1.414881e-04
-1.489404e-04
-1.593508e-04
-1.760515e-04
-1.775796e-04
-1.898877e-04
-1.932839e-04
-1.992103e-04
-2.169799e-04
-2.369154e-04
-2.395514e-04
-2.442649e-04
-2.585972e-04
-2.659764e-04
-2.739838e-04
-2.942484e-04
-3.029678e-04
-3.210661e-04
-3.261144e-04
-3.319594e-04
-3.450696e-04
-3.501088e-04
-3.671858e-04
-3.720468e-04
-3.849577e-04
-3.921195e-04
-4.065373e-04
-4.253814e-04
-4.392458e-04
-4.437291e-04
-4.583277e-04
-4.764019e-04
-4.865117e-04
-4.907106e-04
-4.967724e-04
-5.090352e-04
-5.329903e-04
-5.348500e-04
-5.509368e-04
-5.664167e-04
-5.787557e-04
-5.880729e-04
-6.066744e-04
-6.268530e-04
-6.399432e-04
-6.550765e-04
-6.694574e-04
-6.808689e-04
-6.917962e-04
-7.146421e-04
-7.314483e-04
-7.633040e-04
-7.833913e-04
-7.878706e-04
-8.131678e-04
-8.429764e-04
-8.908905e-04
-8.984550e-04
