7.342859e+09
5.542006e+08
1.060407e+08
6.735383e+07
5.990323e+07
4.043019e+07
3.089996e+07
2.639935e+07
2.350294e+07
1.892658e+07
1.532952e+07
1.146626e+07
1.028485e+07
7.100957e+06
6.255038e+06
5.838158e+06
4.123344e+06
3.895039e+06
2.950833e+06
2.723630e+06
2.504513e+06
2.207317e+06
2.084478e+06
1.798714e+06
1.556496e+06
1.132912e+06
1.061566e+06
9.570724e+05
8.471894e+05
7.307081e+05
6.094504e+05
4.775033e+05
4.017420e+05
3.960032e+05
3.046568e+05
2.883274e+05
2.039126e+05
1.749821e+05
1.559350e+05
1.096911e+05
9.817825e+04
7.441858e+04
3.805510e+04
2.485673e+04
1.593743e+04
1.377417e+04
1.320020e+04
8.020466e+03
5.232624e+03
4.003695e+03
2.464602e+03
2.300383e+03
1.834882e+03
1.277833e+03
9.427571e+02
6.353600e+02
4.255952e+02
2.819371e+02
2.234371e+02
1.337333e+02
1.191473e+02
5.483872e+01
4.365084e+01
2.925099e+01
2.382274e+01
1.522984e+01
1.276543e+01
5.774715e+00
3.745206e+00
3.339347e+00
1.949140e+00
1.670210e+00
8.755615e-01
6.090319e-01
4.352736e-01
2.907647e-01
1.795466e-01
1.592812e-01
9.663117e-02
5.429775e-02
4.639964e-02
3.128388e-02
2.766670e-02
2.028595e-02
1.741827e-02
1.580404e-02
1.482206e-02
1.324803e-02
1.226383e-02
9.682825e-03
9.269425e-03
8.865585e-03
7.915045e-03
6.480616e-03
5.723470e-03
5.030267e-03
4.328497e-03
3.964490e-03
3.482628e-03
2.629897e-03
2.535361e-03
2.208658e-03
1.772433e-03
1.356429e-03
7.506210e-04
4.614722e-04
1.942161e-05
-5.833821e-04
-7.966092e-04
-1.079106e-03
-2.001278e-03
-2.271599e-03
-3.349683e-03
-3.625690e-03
-4.400626e-03
-5.367037e-03
-5.767191e-03
-6.928996e-03
-8.194800e-03
-9.899487e-03
-1.080522e-02
-1.167373e-02
-1.290207e-02
-1.395178e-02
-2.392520e-02
-2.672850e-02
-2.121316e-01
-3.557357e-01
