5.947768e+04
1.015285e+04
6.266886e+03
1.507094e+03
8.283356e+02
6.298517e+02
4.528230e+02
3.232038e+02
2.383513e+02
2.105758e+02
1.661742e+02
1.068648e+02
8.390729e+01
7.766665e+01
6.977194e+01
5.786278e+01
4.663355e+01
3.147873e+01
2.711534e+01
2.177204e+01
1.845749e+01
1.371382e+01
1.281448e+01
1.228163e+01
1.135394e+01
9.222754e+00
6.593724e+00
5.317750e+00
4.512909e+00
4.383227e+00
4.210317e+00
3.685054e+00
3.497650e+00
2.264689e+00
1.669629e+00
1.501179e+00
1.036332e+00
8.715309e-01
7.235025e-01
5.243648e-01
5.126839e-01
3.406605e-01
2.507057e-01
2.084088e-01
1.626182e-01
1.174765e-01
1.047178e-01
8.073613e-02
6.149679e-02
5.870000e-02
4.946054e-02
3.815779e-02
2.860508e-02
2.430185e-02
2.103192e-02
1.854100e-02
1.107095e-02
1.080078e-02
9.214637e-03
7.449485e-03
4.130456e-03
4.041329e-03
3.953102e-03
3.013613e-03
2.791095e-03
2.369669e-03
1.650704e-03
1.511232e-03
1.332917e-03
1.225257e-03
1.144759e-03
9.719729e-04
8.956380e-04
7.961739e-04
7.554460e-04
7.132193e-04
6.833400e-04
6.696290e-04
6.331762e-04
6.112391e-04
6.063792e-04
5.931265e-04
5.866388e-04
5.568061e-04
5.442241e-04
5.421625e-04
5.306399e-04
5.230732e-04
5.192657e-04
5.081283e-04
5.007635e-04
4.925657e-04
4.862924e-04
4.700844e-04
4.686796e-04
4.646648e-04
4.571104e-04
4.482442e-04
4.456049e-04
4.368400e-04
4.335222e-04
4.287351e-04
4.231702e-04
4.105318e-04
3.992671e-04
3.971702e-04
3.892425e-04
3.881937e-04
3.794825e-04
3.764374e-04
3.667218e-04
3.649894e-04
3.602297e-04
3.558676e-04
3.511055e-04
3.471405e-04
3.459529e-04
3.405367e-04
3.359148e-04
3.282877e-04
3.246118e-04
3.217101e-04
3.172516e-04
3.128569e-04
3.110001e-04
3.048350e-04
3.016855e-04
2.977331e-04
2.937884e-04
2.928881e-04
2.866847e-04
2.825849e-04
2.816447e-04
2.789499e-04
2.747893e-04
2.714469e-04
2.662078e-04
2.634440e-04
2.625270e-04
2.607141e-04
2.574067e-04
2.554395e-04
2.508209e-04
2.463814e-04
2.441352e-04
2.404498e-04
2.392086e-04
2.346773e-04
2.321192e-04
2.291218e-04
2.256526e-04
2.247424e-04
2.212587e-04
2.183180e-04
2.143567e-04
2.117776e-04
2.079467e-04
2.071456e-04
2.048172e-04
2.028442e-04
1.968027e-04
1.947033e-04
1.908963e-04
1.899233e-04
1.866938e-04
1.844195e-04
1.835938e-04
1.777131e-04
1.763953e-04
1.740060e-04
1.732856e-04
1.694901e-04
1.678771e-04
1.663241e-04
1.638137e-04
1.623243e-04
1.593660e-04
1.588168e-04
1.518893e-04
1.505380e-04
1.460807e-04
1.431799e-04
1.421617e-04
1.397278e-04
1.392436e-04
1.347839e-04
1.324507e-04
1.313001e-04
1.265637e-04
1.262244e-04
1.206678e-04
1.189194e-04
1.169230e-04
1.124292e-04
1.118443e-04
1.111425e-04
1.073683e-04
1.058609e-04
1.031252e-04
1.009697e-04
9.731542e-05
9.573564e-05
9.264992e-05
9.084446e-05
8.905421e-05
8.740424e-05
8.555966e-05
8.346410e-05
8.230234e-05
8.000436e-05
7.741409e-05
7.456394e-05
7.262916e-05
7.084302e-05
6.885602e-05
6.631728e-05
6.467351e-05
6.261144e-05
6.204002e-05
6.024673e-05
5.587184e-05
5.426065e-05
5.215212e-05
5.031315e-05
4.939811e-05
4.681932e-05
4.205080e-05
3.941673e-05
3.908593e-05
3.856946e-05
3.629371e-05
3.414464e-05
3.075150e-05
2.994771e-05
2.541230e-05
2.192144e-05
2.002257e-05
1.699074e-05
1.503406e-05
1.464264e-05
1.160653e-05
9.073693e-06
6.143305e-06
5.259937e-06
2.133985e-06
9.268425e-07
1.005495e-13
1.727919e-14
-2.452702e-14
-6.061724e-14
-1.656186e-13
-1.092800e-06
-4.113028e-06
-4.572760e-06
-8.748689e-06
-9.782476e-06
-1.106584e-05
-1.615512e-05
-1.685734e-05
-1.907831e-05
-2.053716e-05
-2.264927e-05
-2.424947e-05
-2.624572e-05
-2.883149e-05
-3.140255e-05
-3.334653e-05
-3.545283e-05
-3.704439e-05
-4.135882e-05
-4.413706e-05
-4.635501e-05
-4.788391e-05
-4.829333e-05
-5.497915e-05
-5.632876e-05
-5.722461e-05
-5.900636e-05
-6.128517e-05
-6.338087e-05
-6.479591e-05
-6.693482e-05
-7.099602e-05
-7.172209e-05
-7.454312e-05
-7.771231e-05
-8.099694e-05
-8.250291e-05
-8.446782e-05
-8.571001e-05
-8.909022e-05
-9.499428e-05
-9.537054e-05
-9.912368e-05
-9.981950e-05
-1.026723e-04
-1.038077e-04
-1.075523e-04
-1.089922e-04
-1.103820e-04
-1.144683e-04
-1.181500e-04
-1.203586e-04
-1.212152e-04
-1.224345e-04
-1.254552e-04
-1.263035e-04
-1.308658e-04
-1.359074e-04
-1.359864e-04
-1.375175e-04
-1.386796e-04
-1.436051e-04
-1.472864e-04
-1.478951e-04
-1.505533e-04
-1.522594e-04
-1.547980e-04
-1.578283e-04
-1.610998e-04
-1.626364e-04
-1.697401e-04
-1.715829e-04
-1.733034e-04
-1.749997e-04
-1.769572e-04
-1.792922e-04
-1.825848e-04
-1.872337e-04
-1.883292e-04
-1.924187e-04
-1.946362e-04
-1.958391e-04
-1.984620e-04
-2.029379e-04
-2.062982e-04
-2.073546e-04
-2.101642e-04
-2.148270e-04
-2.194784e-04
-2.205860e-04
-2.218177e-04
-2.260657e-04
-2.336514e-04
-2.350717e-04
-2.385971e-04
-2.433400e-04
-2.491758e-04
-2.585924e-04
-2.612956e-04
-2.655946e-04
-2.667033e-04
-2.696510e-04
-2.744660e-04
-2.794727e-04
-2.840797e-04
-2.845377e-04
-2.902409e-04
-2.953952e-04
-2.994737e-04
-3.059353e-04
-3.108179e-04
-3.170736e-04
-3.226175e-04
-3.314530e-04
-3.342635e-04
-3.433909e-04
-3.508673e-04
-3.553324e-04
-3.622327e-04
-3.651303e-04
-3.728094e-04
-3.751187e-04
-3.837652e-04
-3.863577e-04
-4.060183e-04
-4.177041e-04
-4.234345e-04
-4.387903e-04
-5.734936e-04
-5.855437e-04
-6.007045e-04
-7.902957e-04
-1.159485e-03
