5.861860e+04
1.192239e+04
6.451873e+03
1.642991e+03
1.201257e+03
8.248782e+02
7.703030e+02
3.578606e+02
3.380571e+02
2.696109e+02
2.373413e+02
2.194253e+02
1.557053e+02
1.379678e+02
1.158710e+02
1.070946e+02
8.849148e+01
7.000520e+01
6.744863e+01
3.990721e+01
3.745651e+01
3.617867e+01
3.185684e+01
2.748338e+01
2.508897e+01
1.904113e+01
1.856174e+01
1.713009e+01
1.445921e+01
1.353113e+01
1.038842e+01
9.660928e+00
8.898322e+00
7.068553e+00
5.417180e+00
5.059895e+00
4.403451e+00
3.595211e+00
3.457728e+00
3.242516e+00
2.377541e+00
2.230720e+00
2.115416e+00
1.758211e+00
1.292819e+00
1.131718e+00
9.787857e-01
8.657025e-01
6.165501e-01
5.289289e-01
4.620592e-01
4.092638e-01
3.522864e-01
3.130748e-01
2.332232e-01
2.196636e-01
1.620831e-01
1.418935e-01
1.233181e-01
1.071926e-01
7.479323e-02
6.393895e-02
6.209725e-02
3.121080e-02
2.976741e-02
2.808824e-02
2.226832e-02
1.999516e-02
1.559566e-02
1.358915e-02
1.217103e-02
1.034735e-02
8.300952e-03
6.962910e-03
6.554830e-03
5.501504e-03
4.070655e-03
3.900954e-03
3.456427e-03
2.457025e-03
2.050765e-03
1.935470e-03
1.497693e-03
1.366118e-03
1.247670e-03
1.074793e-03
1.000719e-03
9.481276e-04
8.689107e-04
8.559788e-04
7.822180e-04
7.458531e-04
7.092422e-04
6.836133e-04
6.493076e-04
6.246043e-04
5.974293e-04
5.902221e-04
5.780819e-04
5.657254e-04
5.598353e-04
5.519683e-04
5.341593e-04
5.229461e-04
5.072269e-04
4.990918e-04
4.833001e-04
4.767381e-04
4.691379e-04
4.616746e-04
4.602548e-04
4.469257e-04
4.424874e-04
4.391030e-04
4.311556e-04
4.237939e-04
4.217717e-04
4.174206e-04
4.073835e-04
4.044853e-04
3.987113e-04
3.921367e-04
3.900690e-04
3.855501e-04
3.758861e-04
3.714644e-04
3.688339e-04
3.665080e-04
3.643953e-04
3.581372e-04
3.564413e-04
3.520590e-04
3.476074e-04
3.442046e-04
3.396776e-04
3.374305e-04
3.310236e-04
3.250475e-04
3.218281e-04
3.161810e-04
3.149613e-04
3.108378e-04
3.048981e-04
3.029079e-04
3.009470e-04
2.991813e-04
2.953190e-04
2.898675e-04
2.881277e-04
2.831393e-04
2.812871e-04
2.770137e-04
2.758008e-04
2.731833e-04
2.699545e-04
2.628764e-04
2.620578e-04
2.569436e-04
2.549835e-04
2.526650e-04
2.502528e-04
2.466589e-04
2.443010e-04
2.410753e-04
2.406891e-04
2.361954e-04
2.341415e-04
2.327084e-04
2.300249e-04
2.274354e-04
2.237108e-04
2.196407e-04
2.176966e-04
2.122009e-04
2.087346e-04
2.075195e-04
2.039691e-04
2.002591e-04
1.987575e-04
1.943801e-04
1.924839e-04
1.897038e-04
1.892197e-04
1.832126e-04
1.800076e-04
1.788144e-04
1.779940e-04
1.730506e-04
1.722701e-04
1.706476e-04
1.647771e-04
1.636967e-04
1.634653e-04
1.604093e-04
1.587255e-04
1.557855e-04
1.520758e-04
1.484010e-04
1.469397e-04
1.431861e-04
1.420827e-04
1.397353e-04
1.382342e-04
1.332310e-04
1.268118e-04
1.255144e-04
1.243389e-04
1.219265e-04
1.211060e-04
1.188269e-04
1.162529e-04
1.124470e-04
1.092564e-04
1.069622e-04
1.051383e-04
1.026580e-04
9.912965e-05
9.692844e-05
9.434817e-05
9.282235e-05
8.771665e-05
8.717362e-05
8.536979e-05
8.315357e-05
8.131006e-05
7.713136e-05
7.263612e-05
6.974684e-05
6.563809e-05
6.407310e-05
6.378518e-05
5.908748e-05
5.791027e-05
5.656098e-05
5.318195e-05
4.948177e-05
4.789041e-05
4.519107e-05
4.411967e-05
4.359151e-05
4.040601e-05
3.867855e-05
3.604430e-05
3.425029e-05
3.186272e-05
2.911421e-05
2.801575e-05
2.289356e-05
2.153225e-05
1.999373e-05
1.407450e-05
1.339263e-05
1.121445e-05
8.030124e-06
6.077034e-06
2.110675e-06
9.082910e-07
8.594897e-14
1.672550e-15
-4.304062e-14
-1.156574e-13
-2.939183e-06
-4.078255e-06
-5.090332e-06
-7.868815e-06
-1.112605e-05
-1.293559e-05
-1.862219e-05
-1.906046e-05
-2.081284e-05
-2.406916e-05
-2.839988e-05
-2.996136e-05
-3.232629e-05
-3.649280e-05
-3.823236e-05
-3.898988e-05
-4.072069e-05
-4.584329e-05
-4.730530e-05
-4.927558e-05
-4.978099e-05
-5.145847e-05
-5.483830e-05
-5.972530e-05
-6.030831e-05
-6.472529e-05
-6.587271e-05
-6.964081e-05
-7.141256e-05
-7.240086e-05
-7.543899e-05
-7.649443e-05
-7.956887e-05
-8.026768e-05
-8.544414e-05
-8.692141e-05
-8.895689e-05
-9.334473e-05
-9.408502e-05
-9.803423e-05
-9.913222e-05
-1.005788e-04
-1.050288e-04
-1.066790e-04
-1.117614e-04
-1.138792e-04
-1.158174e-04
-1.213677e-04
-1.222937e-04
-1.237917e-04
-1.259967e-04
-1.283271e-04
-1.303663e-04
-1.324996e-04
-1.350165e-04
-1.410191e-04
-1.417751e-04
-1.450005e-04
-1.486543e-04
-1.498220e-04
-1.545185e-04
-1.571926e-04
-1.596065e-04
-1.652445e-04
-1.668488e-04
-1.699843e-04
-1.718509e-04
-1.747965e-04
-1.760810e-04
-1.804862e-04
-1.858865e-04
-1.877548e-04
-1.891996e-04
-1.948251e-04
-1.984700e-04
-1.990868e-04
-2.010957e-04
-2.062493e-04
-2.078737e-04
-2.106786e-04
-2.136940e-04
-2.146899e-04
-2.175402e-04
-2.239217e-04
-2.262608e-04
-2.333283e-04
-2.338978e-04
-2.369781e-04
-2.388650e-04
-2.449879e-04
-2.467498e-04
-2.512622e-04
-2.546913e-04
-2.584706e-04
-2.610734e-04
-2.660710e-04
-2.679593e-04
-2.806080e-04
-2.833976e-04
-2.906705e-04
-2.921375e-04
-2.951133e-04
-2.995797e-04
-3.057835e-04
-3.087379e-04
-3.157108e-04
-3.169243e-04
-3.239244e-04
-3.294084e-04
-3.354059e-04
-3.422785e-04
-3.547909e-04
-3.654079e-04
-3.827793e-04
-3.875714e-04
-4.062830e-04
-4.221076e-04
-4.678122e-04
-4.820481e-04
-5.247858e-04
-5.818804e-04
-7.381113e-04
-1.039490e-03
