2.047994e+12
1.860828e+12
1.541445e+12
1.455821e+12
1.395017e+12
1.222179e+12
1.146853e+12
1.126857e+12
1.093009e+12
1.010189e+12
9.372054e+11
9.135804e+11
8.824917e+11
8.734563e+11
7.857111e+11
7.100276e+11
6.842950e+11
6.573731e+11
6.233474e+11
6.017146e+11
5.722518e+11
5.522936e+11
5.298789e+11
5.222950e+11
5.093822e+11
4.876719e+11
4.693407e+11
4.592157e+11
4.418166e+11
4.162055e+11
4.086854e+11
3.884020e+11
3.833026e+11
3.602444e+11
3.505234e+11
3.468953e+11
3.373816e+11
3.182010e+11
3.039240e+11
2.967366e+11
2.932454e+11
2.851115e+11
2.803000e+11
2.721315e+11
2.600022e+11
2.476329e+11
2.402145e+11
2.351918e+11
2.332733e+11
2.237536e+11
2.176048e+11
2.091440e+11
2.034414e+11
1.983074e+11
1.946574e+11
1.864050e+11
1.852638e+11
1.783731e+11
1.747389e+11
1.669085e+11
1.592291e+11
1.546128e+11
1.523229e+11
1.474454e+11
1.449829e+11
1.419793e+11
1.368272e+11
1.327675e+11
1.289985e+11
1.258087e+11
1.245812e+11
1.225688e+11
1.207709e+11
1.180842e+11
1.153857e+11
1.141417e+11
1.118650e+11
1.091544e+11
1.072540e+11
1.044066e+11
1.033377e+11
9.990549e+10
9.555486e+10
9.479470e+10
9.109435e+10
8.951472e+10
8.884010e+10
8.633914e+10
8.436104e+10
8.312137e+10
8.042149e+10
7.940984e+10
7.727084e+10
7.676640e+10
7.545262e+10
7.480696e+10
7.320111e+10
7.119842e+10
7.087155e+10
6.866075e+10
6.862754e+10
6.746382e+10
6.471591e+10
6.412017e+10
6.219497e+10
6.116941e+10
6.036879e+10
5.784362e+10
5.675399e+10
5.549623e+10
5.536017e+10
5.460066e+10
5.249762e+10
5.159622e+10
5.071408e+10
4.959121e+10
4.837387e+10
4.669344e+10
4.595549e+10
4.449620e+10
4.272980e+10
4.059540e+10
3.994542e+10
3.529212e+10
3.254939e+10
3.020886e+10
2.016545e+10
1.841698e+10
