1.932680e+05
2.358745e+04
5.193315e+03
1.626925e+03
2.128191e+02
2.439836e+01
1.202069e+01
6.198490e+00
1.400860e+00
2.657971e-01
7.190926e-02
4.241621e-02
4.181192e-02
3.525230e-02
3.101539e-02
2.897286e-02
2.686362e-02
2.161503e-02
2.126316e-02
1.978526e-02
1.883488e-02
1.793055e-02
1.732793e-02
1.600394e-02
1.384848e-02
1.327180e-02
1.211026e-02
1.182204e-02
1.164533e-02
1.073640e-02
1.038241e-02
9.845396e-03
9.712459e-03
9.623651e-03
9.177517e-03
8.625686e-03
8.500956e-03
8.331763e-03
7.779716e-03
7.171076e-03
7.029471e-03
6.668807e-03
6.492621e-03
5.826089e-03
5.700594e-03
5.330239e-03
5.098035e-03
4.932410e-03
4.604215e-03
4.284283e-03
4.164041e-03
4.079739e-03
3.943219e-03
3.639603e-03
3.481057e-03
3.266372e-03
3.155109e-03
2.846001e-03
2.610542e-03
2.515458e-03
2.458932e-03
2.199020e-03
2.052046e-03
1.998608e-03
1.837063e-03
1.672484e-03
1.646540e-03
1.588544e-03
1.401598e-03
1.346905e-03
1.199109e-03
1.162535e-03
1.103114e-03
1.067090e-03
9.343357e-04
8.547552e-04
7.987462e-04
7.375055e-04
6.962828e-04
5.909191e-04
5.292415e-04
4.879786e-04
4.646770e-04
4.110639e-04
3.747562e-04
1.780501e-04
5.521017e-05
-3.137387e-04
-4.505945e-04
-7.176960e-04
-8.490654e-04
-1.033960e-03
-1.134840e-03
-1.480525e-03
-1.735585e-03
-1.851856e-03
-2.088885e-03
-2.345708e-03
-2.594773e-03
-2.843554e-03
-3.383472e-03
-3.673481e-03
-4.096647e-03
-4.563365e-03
-5.213647e-03
-5.300675e-03
-5.817712e-03
-6.912274e-03
-7.432652e-03
-8.561139e-03
-1.048911e-02
-1.099795e-02
-1.169129e-02
-1.257697e-02
-1.492313e-02
-1.605057e-02
-1.624203e-02
-1.945790e-02
-2.058940e-02
-2.375008e-02
-2.690260e-02
-3.505039e-02
-3.767381e-02
-3.829312e-02
-4.205826e-02
-4.610282e-02
-6.158059e-02
-1.131754e-01
