1.285196e+05
6.218452e+03
3.275208e+03
3.078629e+03
1.853932e+03
1.638507e+03
1.435394e+03
1.227842e+03
9.014225e+02
7.336446e+02
6.209436e+02
5.115536e+02
2.663009e+02
2.552657e+02
2.426741e+02
2.208270e+02
1.912599e+02
1.671284e+02
1.366647e+02
1.163967e+02
9.594166e+01
9.269812e+01
8.431387e+01
8.311493e+01
7.712737e+01
6.960086e+01
6.364908e+01
5.911222e+01
5.637331e+01
5.118585e+01
4.416710e+01
4.022392e+01
3.776348e+01
3.409211e+01
3.148965e+01
3.038115e+01
2.740262e+01
2.699088e+01
2.552596e+01
2.232136e+01
2.170419e+01
2.033101e+01
1.986039e+01
1.931915e+01
1.734363e+01
1.520583e+01
1.416996e+01
1.286383e+01
1.175996e+01
1.155298e+01
1.097488e+01
1.010130e+01
9.145710e+00
8.890561e+00
8.134991e+00
7.880307e+00
6.881768e+00
6.478091e+00
6.085049e+00
5.976989e+00
5.551715e+00
5.131516e+00
4.558904e+00
3.816436e+00
3.616668e+00
3.491513e+00
3.251480e+00
2.986599e+00
2.702841e+00
2.482176e+00
2.439959e+00
2.360342e+00
2.188534e+00
1.943928e+00
1.922617e+00
1.836622e+00
1.611103e+00
1.560925e+00
1.423293e+00
1.340639e+00
1.247546e+00
1.124442e+00
1.102693e+00
9.960973e-01
8.904530e-01
8.545870e-01
7.847847e-01
7.140543e-01
6.751341e-01
6.293409e-01
6.199196e-01
5.565984e-01
5.317969e-01
4.994614e-01
4.558638e-01
4.384338e-01
4.109200e-01
3.880094e-01
3.660868e-01
3.460820e-01
3.353567e-01
3.157811e-01
2.869281e-01
2.764517e-01
2.584704e-01
2.519009e-01
2.318202e-01
2.162025e-01
1.971681e-01
1.863560e-01
1.789159e-01
1.545708e-01
1.422031e-01
1.380262e-01
1.352353e-01
1.266241e-01
1.200321e-01
1.144534e-01
1.086622e-01
9.811807e-02
8.822743e-02
8.020465e-02
7.529307e-02
7.292689e-02
6.675048e-02
6.432076e-02
5.807500e-02
4.928659e-02
4.685675e-02
4.506467e-02
4.369374e-02
4.193298e-02
3.695156e-02
3.521752e-02
3.290134e-02
2.962795e-02
2.802567e-02
2.669533e-02
2.390357e-02
2.165905e-02
2.006179e-02
1.983442e-02
1.888306e-02
1.818240e-02
1.671343e-02
1.408774e-02
1.315546e-02
1.171156e-02
1.066824e-02
1.052272e-02
9.933879e-03
9.636959e-03
9.314883e-03
9.095609e-03
6.871136e-03
6.534805e-03
5.796739e-03
5.663219e-03
5.087521e-03
4.276459e-03
4.067159e-03
3.929983e-03
3.771339e-03
3.319356e-03
3.176092e-03
2.887211e-03
2.804334e-03
2.610121e-03
2.424977e-03
2.303921e-03
2.190877e-03
2.086160e-03
1.918831e-03
1.857938e-03
1.627428e-03
1.586923e-03
1.512695e-03
1.491441e-03
1.475111e-03
1.434385e-03
1.401591e-03
1.373334e-03
1.354971e-03
1.338436e-03
1.328136e-03
1.288111e-03
1.251523e-03
1.250677e-03
1.230994e-03
1.221934e-03
1.216771e-03
1.196112e-03
1.172493e-03
1.169123e-03
1.158920e-03
1.136607e-03
1.125194e-03
1.115961e-03
1.101383e-03
1.072548e-03
1.060869e-03
1.050956e-03
1.043522e-03
1.028698e-03
1.019821e-03
1.002797e-03
9.754534e-04
9.657927e-04
9.596156e-04
9.388062e-04
9.200302e-04
9.050877e-04
8.967349e-04
8.940534e-04
8.818959e-04
8.708541e-04
8.692239e-04
8.586292e-04
8.417585e-04
8.348317e-04
8.252341e-04
8.110417e-04
8.082982e-04
8.007390e-04
7.820019e-04
7.658483e-04
7.425406e-04
7.378992e-04
7.226726e-04
7.164077e-04
6.984774e-04
6.956258e-04
6.802825e-04
6.722076e-04
6.547161e-04
6.506088e-04
6.395000e-04
6.349269e-04
6.203240e-04
6.033921e-04
5.979702e-04
5.848606e-04
5.799347e-04
5.763220e-04
5.590589e-04
5.557238e-04
5.450258e-04
5.390936e-04
5.356474e-04
5.168362e-04
5.105090e-04
4.973449e-04
4.931663e-04
4.814864e-04
4.684654e-04
4.506805e-04
4.455783e-04
4.356456e-04
4.299817e-04
4.169074e-04
4.078574e-04
4.012176e-04
3.987802e-04
3.896385e-04
3.754009e-04
3.693786e-04
3.666085e-04
3.439029e-04
3.337632e-04
3.273088e-04
3.183319e-04
3.162384e-04
2.994772e-04
2.896647e-04
2.817535e-04
2.770300e-04
2.676780e-04
2.504295e-04
2.435537e-04
2.298324e-04
2.191941e-04
2.137866e-04
2.050512e-04
1.887794e-04
1.785863e-04
1.737708e-04
1.668962e-04
1.627532e-04
1.587984e-04
1.523995e-04
1.396577e-04
1.324239e-04
1.159976e-04
1.072693e-04
1.027903e-04
9.085004e-05
7.941205e-05
7.163776e-05
6.384604e-05
4.700242e-05
4.087451e-05
3.506243e-05
2.353787e-05
7.017631e-06
5.873009e-07
-6.062910e-06
-1.800704e-05
-2.476409e-05
-3.647697e-05
-4.539244e-05
-5.036837e-05
-6.216427e-05
-6.657041e-05
-7.136359e-05
-8.860209e-05
-9.276888e-05
-1.056257e-04
-1.133262e-04
-1.169243e-04
-1.255533e-04
-1.306082e-04
-1.439919e-04
-1.555448e-04
-1.576976e-04
-1.706096e-04
-1.785066e-04
-1.847511e-04
-1.942563e-04
-2.117279e-04
-2.194787e-04
-2.356252e-04
-2.415020e-04
-2.484911e-04
-2.686697e-04
-2.733295e-04
-2.771946e-04
-2.911053e-04
-3.005730e-04
-3.104854e-04
-3.310370e-04
-3.422220e-04
-3.529901e-04
-3.566463e-04
-3.624060e-04
-3.781415e-04
-3.949657e-04
-3.991943e-04
-4.187523e-04
-4.224235e-04
-4.263545e-04
-4.449569e-04
-4.526326e-04
-4.642391e-04
-4.750332e-04
-4.893046e-04
-4.934771e-04
-5.037820e-04
-5.211750e-04
-5.266588e-04
-5.470758e-04
-5.549412e-04
-5.646760e-04
-5.741271e-04
-5.926124e-04
-6.108799e-04
-6.218609e-04
-6.332945e-04
-6.540315e-04
-6.723404e-04
-6.909715e-04
-7.113832e-04
-7.303367e-04
-7.448455e-04
-7.482235e-04
-7.601797e-04
-7.675724e-04
-7.800505e-04
-7.981447e-04
-8.146167e-04
-8.336957e-04
-8.607580e-04
-8.948375e-04
-9.376644e-04
-9.761960e-04
