1.256948e+08
2.078478e+07
2.113811e+06
1.250940e+06
8.166078e+05
3.373292e+05
2.620336e+05
1.033309e+05
1.317616e+04
1.065174e+04
2.678838e+03
1.024370e+03
4.255078e+02
1.706642e+02
1.051821e+02
5.362524e+01
4.215845e+01
4.145113e+01
3.267930e+01
2.882294e+01
2.389238e+01
2.014761e+01
1.912986e+01
1.699034e+01
1.641009e+01
1.393142e+01
1.265902e+01
1.203710e+01
1.194631e+01
1.059232e+01
1.008414e+01
9.219247e+00
8.769245e+00
8.608836e+00
8.098711e+00
7.810457e+00
7.538230e+00
7.438981e+00
6.671348e+00
6.624952e+00
6.357495e+00
5.837855e+00
5.514432e+00
5.175926e+00
4.950840e+00
4.531634e+00
4.176163e+00
3.842287e+00
3.636976e+00
3.274478e+00
3.208438e+00
2.872818e+00
2.599601e+00
2.459315e+00
2.304052e+00
2.282567e+00
2.236753e+00
2.015232e+00
1.778350e+00
1.562019e+00
1.410344e+00
1.342998e+00
1.211092e+00
1.092373e+00
9.669997e-01
8.132505e-01
6.656619e-01
5.510637e-01
4.096578e-01
3.294439e-01
2.799183e-01
2.186060e-01
1.744021e-01
1.617004e-01
1.294255e-01
1.125119e-01
9.596302e-02
7.472508e-02
6.288173e-02
3.527498e-02
-1.784234e-03
-3.840313e-02
-1.085357e-01
-1.907701e-01
-2.306050e-01
-2.901218e-01
-3.666552e-01
-4.238414e-01
-5.448052e-01
-7.165102e-01
-8.510508e-01
-9.225757e-01
-1.053718e+00
-1.357705e+00
-1.451044e+00
-1.606721e+00
-1.740909e+00
-2.040329e+00
-2.191446e+00
-2.254572e+00
-2.526175e+00
-2.686697e+00
-3.227570e+00
-3.509483e+00
-3.791988e+00
-3.845145e+00
-4.433447e+00
-4.581394e+00
-5.125040e+00
-5.394206e+00
-5.726972e+00
-6.238191e+00
-6.885030e+00
-7.162152e+00
-8.388570e+00
-8.861253e+00
-9.657014e+00
-9.786397e+00
-1.101974e+01
-1.277093e+01
-1.632610e+01
-1.766527e+01
-2.183843e+01
-2.279048e+01
-3.302453e+01
-4.158363e+01
-4.688471e+01
-5.903118e+01
