2.903522e+10
1.520519e+10
6.468284e+09
4.900588e+09
4.219217e+09
3.648442e+09
3.053606e+09
2.950364e+09
2.701576e+09
2.485305e+09
2.377997e+09
2.166867e+09
2.077153e+09
2.045125e+09
1.944246e+09
1.842657e+09
1.727740e+09
1.599517e+09
1.497031e+09
1.463115e+09
1.413057e+09
1.386716e+09
1.367819e+09
1.335097e+09
1.290041e+09
1.225340e+09
1.183758e+09
1.146135e+09
1.091464e+09
1.070216e+09
1.041694e+09
9.869058e+08
9.463823e+08
9.075781e+08
8.891786e+08
8.536243e+08
8.393741e+08
8.143507e+08
7.841818e+08
7.700453e+08
7.587661e+08
7.347462e+08
7.046676e+08
6.876886e+08
6.681628e+08
6.417368e+08
6.333595e+08
6.225503e+08
6.147802e+08
5.962125e+08
5.816251e+08
5.671907e+08
5.387412e+08
5.290121e+08
5.218930e+08
5.096208e+08
4.944455e+08
4.941918e+08
4.833148e+08
4.587017e+08
4.398903e+08
4.301620e+08
4.242205e+08
4.079429e+08
3.857845e+08
3.798671e+08
3.745562e+08
3.666817e+08
3.514168e+08
3.413421e+08
3.394315e+08
3.354461e+08
3.152451e+08
3.140483e+08
3.102050e+08
3.043660e+08
2.920000e+08
2.882838e+08
2.791197e+08
2.711414e+08
2.668314e+08
2.634226e+08
2.582711e+08
2.487935e+08
2.461720e+08
2.434182e+08
2.364805e+08
2.223630e+08
2.199707e+08
2.171003e+08
2.082484e+08
2.022985e+08
1.985639e+08
1.897223e+08
1.867834e+08
1.756069e+08
1.728399e+08
1.675028e+08
1.570727e+08
1.491019e+08
1.465175e+08
1.401338e+08
1.357952e+08
1.306489e+08
1.243762e+08
1.222215e+08
1.177755e+08
1.061773e+08
1.041303e+08
1.008026e+08
9.082310e+07
8.433447e+07
7.460212e+07
7.102782e+07
6.958102e+07
6.070610e+07
5.557582e+07
4.620762e+07
4.137890e+07
3.380637e+07
3.371348e+07
2.808687e+07
2.276103e+07
1.502351e+07
1.168416e+07
5.782195e+06
1.707068e+06
1.242411e+06
