1.356906e+08
2.277762e+07
1.882948e+06
9.518964e+05
6.733254e+05
3.549315e+05
2.902114e+05
1.213725e+05
1.302761e+04
9.134793e+03
2.833633e+03
8.401030e+02
5.864778e+02
3.042552e+02
1.347449e+02
6.860822e+01
4.440470e+01
3.773072e+01
3.550831e+01
2.995995e+01
2.439898e+01
2.091249e+01
1.950319e+01
1.810939e+01
1.777632e+01
1.635965e+01
1.450573e+01
1.322888e+01
1.243665e+01
1.150404e+01
1.088594e+01
1.045745e+01
9.705578e+00
9.437547e+00
8.926323e+00
8.355772e+00
7.628731e+00
7.142287e+00
7.052079e+00
6.427962e+00
6.196683e+00
6.088866e+00
5.737198e+00
5.488364e+00
5.287255e+00
4.849276e+00
4.713731e+00
4.452092e+00
4.223901e+00
4.110808e+00
3.648323e+00
3.446707e+00
3.281842e+00
3.110069e+00
2.880481e+00
2.831631e+00
2.396228e+00
2.322354e+00
1.955328e+00
1.848254e+00
1.722402e+00
1.581733e+00
1.312248e+00
1.271128e+00
1.117439e+00
7.397657e-01
6.618645e-01
5.701154e-01
4.826965e-01
4.056158e-01
3.376799e-01
2.801514e-01
1.712747e-01
1.499311e-01
1.140335e-01
8.921753e-02
8.715515e-02
5.148870e-02
2.045234e-02
1.168427e-02
6.372930e-03
3.033196e-10
5.441845e-11
-4.791640e-02
-1.328343e-01
-1.874339e-01
-2.035851e-01
-4.163096e-01
-4.606241e-01
-6.396843e-01
-7.435917e-01
-8.471450e-01
-9.378580e-01
-1.137980e+00
-1.318728e+00
-1.443926e+00
-1.530458e+00
-1.573343e+00
-1.867830e+00
-2.140911e+00
-2.207483e+00
-2.794943e+00
-3.200462e+00
-3.464150e+00
-3.565004e+00
-3.796263e+00
-3.972896e+00
-4.701480e+00
-5.004024e+00
-6.061350e+00
-6.150284e+00
-6.913472e+00
-7.178405e+00
-7.905377e+00
-8.193663e+00
-8.945253e+00
-9.568035e+00
-9.841594e+00
-1.178664e+01
-1.425278e+01
-1.655398e+01
-1.800645e+01
-1.973721e+01
-2.204379e+01
-2.842427e+01
-3.766570e+01
-5.102781e+01
-5.856577e+01
