2.614782e+12
2.301145e+12
2.233780e+12
1.907106e+12
1.765154e+12
1.621335e+12
1.455728e+12
1.377927e+12
1.297439e+12
1.188654e+12
1.169769e+12
1.127136e+12
1.064547e+12
1.004487e+12
9.733801e+11
9.510776e+11
9.076450e+11
8.390812e+11
8.219628e+11
7.825453e+11
7.391577e+11
7.159007e+11
6.990302e+11
6.808002e+11
6.645660e+11
6.165599e+11
5.952130e+11
5.751667e+11
5.593716e+11
5.456818e+11
5.196303e+11
5.078909e+11
5.028161e+11
4.782380e+11
4.720681e+11
4.442250e+11
4.360153e+11
4.158535e+11
4.097049e+11
3.810887e+11
3.695481e+11
3.550717e+11
3.493446e+11
3.330952e+11
3.246328e+11
3.198934e+11
3.082322e+11
3.019028e+11
2.898104e+11
2.879357e+11
2.820742e+11
2.674022e+11
2.633821e+11
2.604358e+11
2.542862e+11
2.428744e+11
2.406278e+11
2.322046e+11
2.240560e+11
2.185990e+11
2.162832e+11
2.145863e+11
2.087080e+11
2.049868e+11
2.013073e+11
1.929137e+11
1.878914e+11
1.862038e+11
1.767058e+11
1.743509e+11
1.689006e+11
1.669124e+11
1.613139e+11
1.581462e+11
1.566319e+11
1.520165e+11
1.476652e+11
1.470356e+11
1.445221e+11
1.424955e+11
1.405960e+11
1.370364e+11
1.362062e+11
1.344436e+11
1.294229e+11
1.284880e+11
1.248938e+11
1.224756e+11
1.214190e+11
1.196492e+11
1.145090e+11
1.112158e+11
1.105912e+11
1.097749e+11
1.081071e+11
1.049155e+11
1.019083e+11
1.004268e+11
9.955231e+10
9.893977e+10
9.711350e+10
9.502718e+10
9.464173e+10
9.078796e+10
8.971405e+10
8.761977e+10
8.516770e+10
8.328370e+10
8.244095e+10
8.057135e+10
8.013702e+10
7.970527e+10
7.798087e+10
7.653018e+10
7.507436e+10
7.151427e+10
7.032651e+10
6.983349e+10
6.803671e+10
6.743600e+10
6.595677e+10
6.347521e+10
5.828589e+10
5.120903e+10
4.503324e+10
2.406603e+10
2.003244e+10
1.396073e+10
