8.899758e+04
3.772133e+03
2.400081e+03
2.015552e+03
1.074517e+03
7.678087e+02
5.248301e+02
4.330388e+02
3.105471e+02
2.871063e+02
2.461436e+02
2.190344e+02
1.833804e+02
1.676520e+02
1.553136e+02
1.404538e+02
1.391129e+02
1.284521e+02
1.164275e+02
1.086500e+02
1.027602e+02
9.788300e+01
9.119687e+01
9.031785e+01
8.010686e+01
7.110345e+01
6.534402e+01
6.276738e+01
5.991054e+01
5.842242e+01
5.298680e+01
4.895723e+01
4.527501e+01
4.372880e+01
3.942706e+01
3.849220e+01
3.638218e+01
3.536501e+01
3.506316e+01
3.266356e+01
2.883488e+01
2.664485e+01
2.457769e+01
2.313176e+01
2.289668e+01
2.042159e+01
1.929607e+01
1.859559e+01
1.749564e+01
1.619371e+01
1.414534e+01
1.340769e+01
1.272451e+01
1.173431e+01
1.101769e+01
9.856627e+00
9.268243e+00
8.745701e+00
8.149017e+00
7.748772e+00
7.260712e+00
6.660495e+00
6.314857e+00
5.781946e+00
5.524002e+00
5.296030e+00
4.906327e+00
4.768918e+00
4.049359e+00
3.705954e+00
3.589246e+00
3.014472e+00
2.791393e+00
2.759765e+00
2.652141e+00
2.436070e+00
2.141843e+00
1.963488e+00
1.818494e+00
1.759665e+00
1.712548e+00
1.690598e+00
1.605821e+00
1.450412e+00
1.320608e+00
1.260754e+00
1.222043e+00
1.144735e+00
1.093357e+00
1.049481e+00
1.031831e+00
9.444678e-01
8.974088e-01
8.291482e-01
7.609453e-01
7.442783e-01
7.015719e-01
6.092907e-01
5.986176e-01
5.586185e-01
5.443277e-01
4.889407e-01
4.841971e-01
4.560297e-01
4.449971e-01
4.222167e-01
4.102983e-01
3.345177e-01
3.327036e-01
3.065865e-01
2.864510e-01
2.692413e-01
2.664650e-01
2.545011e-01
2.336671e-01
2.178282e-01
2.055289e-01
1.864491e-01
1.778340e-01
1.721039e-01
1.597780e-01
1.550944e-01
1.415978e-01
1.359072e-01
1.185969e-01
1.144889e-01
1.063089e-01
9.533210e-02
9.383037e-02
9.061556e-02
8.815298e-02
8.087393e-02
7.779720e-02
7.430536e-02
7.312269e-02
6.476130e-02
6.199929e-02
5.755471e-02
5.107206e-02
4.866030e-02
4.798890e-02
4.365981e-02
4.141828e-02
3.962469e-02
3.821249e-02
3.547047e-02
3.375570e-02
3.352086e-02
3.129682e-02
2.926777e-02
2.675982e-02
2.603331e-02
2.431356e-02
2.285953e-02
2.187696e-02
2.101258e-02
1.911732e-02
1.874827e-02
1.711549e-02
1.584945e-02
1.544805e-02
1.367958e-02
1.340634e-02
1.258729e-02
1.216469e-02
1.126767e-02
1.083448e-02
9.720980e-03
8.870834e-03
8.232728e-03
7.315243e-03
7.212773e-03
6.526700e-03
6.314239e-03
5.560697e-03
5.455686e-03
5.094125e-03
4.976645e-03
4.645000e-03
4.453243e-03
4.208447e-03
4.024424e-03
3.927164e-03
3.840239e-03
3.812645e-03
3.651909e-03
3.554101e-03
3.304046e-03
3.191100e-03
2.948747e-03
2.570364e-03
2.436999e-03
2.243380e-03
2.146665e-03
2.059438e-03
1.962672e-03
1.948609e-03
1.936467e-03
1.860426e-03
1.742642e-03
1.620617e-03
1.576401e-03
1.484399e-03
1.456394e-03
1.426806e-03
1.381693e-03
1.367035e-03
1.296929e-03
1.280532e-03
1.251707e-03
1.217031e-03
1.206026e-03
1.190272e-03
1.176510e-03
1.164288e-03
1.145996e-03
1.138300e-03
1.121629e-03
1.092295e-03
1.074537e-03
1.072841e-03
1.066275e-03
1.037244e-03
1.012923e-03
1.004945e-03
9.802285e-04
9.779439e-04
9.609790e-04
9.450389e-04
9.354693e-04
9.280500e-04
9.191483e-04
9.135400e-04
8.920713e-04
8.854085e-04
8.792186e-04
8.480026e-04
8.449381e-04
8.222651e-04
8.184267e-04
8.090467e-04
7.985378e-04
7.881676e-04
7.784282e-04
7.647953e-04
7.587860e-04
7.462109e-04
7.313635e-04
7.234689e-04
7.179725e-04
7.092194e-04
7.039487e-04
6.850624e-04
6.807575e-04
6.706484e-04
6.682908e-04
6.527079e-04
6.341864e-04
6.271934e-04
6.162847e-04
6.096091e-04
5.969534e-04
5.892943e-04
5.730446e-04
5.560342e-04
5.502863e-04
5.356144e-04
5.259564e-04
5.226129e-04
5.175901e-04
4.993351e-04
4.971692e-04
4.842675e-04
4.731198e-04
4.663040e-04
4.570357e-04
4.517178e-04
4.433038e-04
4.320387e-04
4.277132e-04
4.160616e-04
4.050556e-04
3.949965e-04
3.866163e-04
3.770439e-04
3.744371e-04
3.514187e-04
3.458803e-04
3.441435e-04
3.398538e-04
3.264750e-04
3.206678e-04
3.116429e-04
2.981715e-04
2.851310e-04
2.792603e-04
2.675022e-04
2.631075e-04
2.397306e-04
2.305716e-04
2.220747e-04
2.153048e-04
2.080385e-04
1.956310e-04
1.888380e-04
1.724641e-04
1.681030e-04
1.657079e-04
1.480120e-04
1.385232e-04
1.315641e-04
1.276134e-04
1.083942e-04
1.007272e-04
9.844885e-05
9.142641e-05
7.645955e-05
7.055487e-05
6.545692e-05
5.671360e-05
4.287191e-05
3.524494e-05
2.949945e-05
1.926773e-05
1.107510e-05
6.662773e-14
-2.555405e-15
-1.199922e-13
-1.354556e-05
-2.107493e-05
-2.665072e-05
-3.042732e-05
-4.108594e-05
-5.306423e-05
-6.761090e-05
-7.309426e-05
-7.629927e-05
-9.299732e-05
-1.025118e-04
-1.220989e-04
-1.244732e-04
-1.399338e-04
-1.429491e-04
-1.574220e-04
-1.735383e-04
-1.794864e-04
-1.943376e-04
-1.973397e-04
-2.174408e-04
-2.297169e-04
-2.379924e-04
-2.423369e-04
-2.465668e-04
-2.529765e-04
-2.787226e-04
-2.842252e-04
-2.981785e-04
-3.091614e-04
-3.118420e-04
-3.163593e-04
-3.286870e-04
-3.450004e-04
-3.601038e-04
-3.617209e-04
-3.868174e-04
-3.928778e-04
-4.026896e-04
-4.145060e-04
-4.351118e-04
-4.456270e-04
-4.620103e-04
-4.714603e-04
-4.920935e-04
-5.075996e-04
-5.258672e-04
-5.308377e-04
-5.373390e-04
-5.682954e-04
-5.809911e-04
-6.150051e-04
-6.240203e-04
-6.349089e-04
-6.659558e-04
-7.015402e-04
