1.210402e+10
4.904933e+08
2.683755e+08
1.058778e+08
7.460146e+07
7.131104e+07
5.122643e+07
4.706947e+07
3.469070e+07
2.798765e+07
2.103156e+07
1.821314e+07
1.587789e+07
1.390203e+07
1.311990e+07
1.093279e+07
9.052598e+06
8.470942e+06
6.504114e+06
6.209182e+06
5.356039e+06
4.235436e+06
3.658996e+06
3.505443e+06
3.347150e+06
2.891570e+06
2.405007e+06
2.334406e+06
1.784660e+06
1.597421e+06
1.511071e+06
1.346183e+06
1.134414e+06
9.553988e+05
7.913344e+05
6.760247e+05
6.185146e+05
5.497035e+05
4.837841e+05
4.543999e+05
3.604898e+05
3.076376e+05
2.737749e+05
2.237326e+05
1.738992e+05
1.226767e+05
1.178568e+05
9.431727e+04
8.759666e+04
7.396310e+04
6.168629e+04
4.969929e+04
4.541673e+04
3.357853e+04
2.890059e+04
2.380541e+04
2.017248e+04
1.630309e+04
1.485377e+04
9.047323e+03
7.837212e+03
7.000298e+03
6.060290e+03
4.891831e+03
3.395379e+03
3.203044e+03
2.537539e+03
1.867679e+03
1.254789e+03
1.159253e+03
9.019637e+02
6.260868e+02
5.820923e+02
3.775356e+02
3.482333e+02
2.859040e+02
2.347032e+02
1.609768e+02
1.505208e+02
9.768756e+01
7.503358e+01
5.001395e+01
4.447321e+01
3.376309e+01
2.800157e+01
2.505420e+01
1.791476e+01
1.213427e+01
8.606282e+00
6.652051e+00
6.016092e+00
3.146251e+00
2.242069e+00
2.096797e+00
1.396010e+00
8.532724e-01
5.594605e-01
4.932980e-01
3.518557e-01
2.572518e-01
1.087745e-01
7.994363e-02
7.083078e-02
6.277086e-02
4.899400e-02
4.404025e-02
3.823231e-02
3.003054e-02
2.417456e-02
2.150893e-02
1.656358e-02
1.427230e-02
1.203969e-02
8.834255e-03
6.398566e-03
4.180267e-03
1.724387e-03
-2.659402e-04
-3.257285e-03
-5.609890e-03
-8.936292e-03
-1.095782e-02
-1.622014e-02
-1.983477e-02
-2.517614e-02
-3.470880e-02
-6.099794e+01
-1.614854e+02
