1.789758e+12
1.677376e+12
1.581835e+12
1.545223e+12
1.420114e+12
1.204701e+12
1.120467e+12
1.068805e+12
1.007336e+12
9.399452e+11
8.959786e+11
8.549572e+11
8.119209e+11
7.593888e+11
7.039732e+11
6.775559e+11
6.621779e+11
6.444302e+11
5.857164e+11
5.631616e+11
5.538478e+11
5.319295e+11
5.093314e+11
4.927874e+11
4.817180e+11
4.627908e+11
4.274439e+11
4.228919e+11
4.079915e+11
3.940260e+11
3.842964e+11
3.635754e+11
3.494570e+11
3.375220e+11
3.349811e+11
3.185799e+11
3.095627e+11
3.084429e+11
2.974317e+11
2.840294e+11
2.715599e+11
2.670946e+11
2.586576e+11
2.566896e+11
2.457500e+11
2.350349e+11
2.318092e+11
2.289278e+11
2.219608e+11
2.107273e+11
2.044879e+11
2.000448e+11
1.930383e+11
1.869843e+11
1.845180e+11
1.817056e+11
1.748905e+11
1.718579e+11
1.712226e+11
1.659288e+11
1.596541e+11
1.552544e+11
1.518084e+11
1.432818e+11
1.410513e+11
1.383168e+11
1.360719e+11
1.309452e+11
1.280559e+11
1.240801e+11
1.204882e+11
1.161844e+11
1.141520e+11
1.113898e+11
1.088523e+11
1.064317e+11
1.054818e+11
1.033243e+11
1.004790e+11
9.902452e+10
9.732068e+10
9.668925e+10
9.525586e+10
9.343916e+10
9.255979e+10
8.872001e+10
8.817029e+10
8.697132e+10
8.599005e+10
8.359280e+10
8.194664e+10
7.922596e+10
7.802687e+10
7.625197e+10
7.527288e+10
7.406996e+10
7.175630e+10
7.060210e+10
7.011335e+10
6.803234e+10
6.608174e+10
6.549783e+10
6.456388e+10
6.330711e+10
6.157903e+10
6.117059e+10
6.064091e+10
5.912310e+10
5.771658e+10
5.674102e+10
5.435098e+10
5.391496e+10
5.218362e+10
5.078169e+10
5.046394e+10
4.907707e+10
4.814315e+10
4.697418e+10
4.318099e+10
4.186409e+10
3.994959e+10
3.754658e+10
3.718751e+10
3.365879e+10
3.320478e+10
2.892030e+10
1.118558e+10
6.799910e+09
