6.224948e+05
2.498761e+05
1.809214e+05
1.449352e+05
1.308287e+05
1.121052e+05
1.053045e+05
1.012861e+05
7.670003e+04
7.054553e+04
6.514091e+04
5.937539e+04
5.142726e+04
4.407228e+04
3.764111e+04
2.830428e+04
2.590604e+04
2.084315e+04
1.893836e+04
1.381672e+04
1.242426e+04
8.662877e+03
7.926688e+03
7.204986e+03
6.792112e+03
6.449241e+03
5.238072e+03
4.811075e+03
4.521896e+03
4.281097e+03
3.390707e+03
2.855602e+03
2.197440e+03
1.787622e+03
1.502841e+03
1.373648e+03
1.213912e+03
1.117787e+03
9.995717e+02
6.133193e+02
5.937881e+02
5.072701e+02
3.802359e+02
3.439373e+02
3.245629e+02
2.834535e+02
1.910774e+02
1.655631e+02
1.544886e+02
1.378861e+02
1.228866e+02
1.088043e+02
9.939109e+01
7.794474e+01
6.630949e+01
5.894697e+01
5.337618e+01
4.405842e+01
3.923276e+01
3.213882e+01
2.384108e+01
1.625288e+01
1.325389e+01
1.253641e+01
1.194920e+01
1.020414e+01
8.605597e+00
7.720005e+00
7.063598e+00
5.086266e+00
4.453643e+00
3.921997e+00
2.622250e+00
2.370451e+00
2.096642e+00
1.979529e+00
1.407716e+00
1.318640e+00
7.951339e-01
4.866811e-01
3.919571e-01
3.574785e-01
2.356273e-01
1.755475e-01
1.434465e-01
1.327229e-01
1.253590e-01
9.621085e-02
8.427112e-02
5.556780e-02
5.373544e-02
3.949748e-02
3.670917e-02
3.472548e-02
3.325465e-02
3.203033e-02
3.046471e-02
2.891477e-02
2.824541e-02
2.664466e-02
2.658804e-02
2.578733e-02
2.494901e-02
2.472386e-02
2.345296e-02
2.296482e-02
2.279584e-02
2.178665e-02
2.152501e-02
2.053799e-02
2.025498e-02
1.940306e-02
1.850430e-02
1.834580e-02
1.735968e-02
1.707812e-02
1.647056e-02
1.530316e-02
1.454075e-02
1.437385e-02
1.335996e-02
1.314808e-02
1.216110e-02
1.167392e-02
9.410795e-03
6.161622e-03
4.415101e-03
2.316388e-12
