1.279752e+05
6.527165e+03
2.832500e+03
2.559201e+03
1.936507e+03
1.625935e+03
1.270219e+03
9.993828e+02
7.866205e+02
7.042751e+02
5.936387e+02
4.358415e+02
3.056454e+02
2.667754e+02
2.487661e+02
2.055311e+02
1.828696e+02
1.628929e+02
1.521403e+02
1.420465e+02
1.152757e+02
1.090665e+02
9.669872e+01
9.027433e+01
7.607383e+01
7.099815e+01
6.359178e+01
5.923273e+01
5.763416e+01
4.931702e+01
4.697923e+01
4.532697e+01
4.247136e+01
4.151226e+01
3.993146e+01
3.676120e+01
3.448929e+01
3.375087e+01
2.851000e+01
2.790788e+01
2.552145e+01
2.306199e+01
2.219883e+01
1.962567e+01
1.767327e+01
1.551124e+01
1.471707e+01
1.423668e+01
1.235583e+01
1.201006e+01
1.111164e+01
1.055720e+01
1.027496e+01
9.133549e+00
8.266225e+00
8.023137e+00
7.471819e+00
6.992630e+00
6.907840e+00
6.231078e+00
5.987956e+00
5.150631e+00
4.426287e+00
4.183259e+00
4.027136e+00
3.977872e+00
3.622350e+00
3.433226e+00
3.203188e+00
2.953581e+00
2.710018e+00
2.474877e+00
2.392023e+00
2.198258e+00
1.974215e+00
1.827564e+00
1.767460e+00
1.579400e+00
1.456041e+00
1.275826e+00
1.223341e+00
1.205488e+00
1.120058e+00
1.075159e+00
9.985138e-01
8.618819e-01
8.454321e-01
7.762345e-01
7.431147e-01
7.042697e-01
6.804372e-01
6.657457e-01
6.211435e-01
5.688618e-01
5.041195e-01
4.899835e-01
4.705094e-01
4.212849e-01
4.056800e-01
3.669889e-01
3.564599e-01
3.353716e-01
3.313619e-01
2.768585e-01
2.450371e-01
2.304169e-01
2.268269e-01
2.104611e-01
2.063557e-01
1.900845e-01
1.794300e-01
1.688313e-01
1.548661e-01
1.430893e-01
1.407026e-01
1.297435e-01
1.184929e-01
1.162947e-01
1.078276e-01
9.584628e-02
8.901962e-02
8.526528e-02
8.183903e-02
7.850502e-02
7.315442e-02
6.429814e-02
5.852406e-02
5.491477e-02
5.055328e-02
4.630806e-02
4.387723e-02
4.298902e-02
3.810620e-02
3.558585e-02
3.476560e-02
3.170432e-02
2.994948e-02
2.842774e-02
2.644767e-02
2.402992e-02
2.241528e-02
2.187506e-02
2.041136e-02
1.817851e-02
1.612658e-02
1.516981e-02
1.397890e-02
1.316608e-02
1.090131e-02
1.001909e-02
9.136810e-03
8.960756e-03
8.131647e-03
7.694824e-03
7.639119e-03
6.740188e-03
5.916935e-03
5.472499e-03
5.073871e-03
4.395465e-03
4.000938e-03
3.846535e-03
3.703103e-03
3.374035e-03
2.978142e-03
2.604308e-03
2.455775e-03
2.377636e-03
2.214724e-03
1.997530e-03
1.942327e-03
1.841421e-03
1.732406e-03
1.687894e-03
1.613430e-03
1.585851e-03
1.556946e-03
1.511466e-03
1.494581e-03
1.472959e-03
1.448874e-03
1.399259e-03
1.379211e-03
1.361594e-03
1.333878e-03
1.328810e-03
1.312092e-03
1.293830e-03
1.282407e-03
1.272643e-03
1.253968e-03
1.228298e-03
1.211130e-03
1.204286e-03
1.183289e-03
1.154731e-03
1.140732e-03
1.117347e-03
1.100695e-03
1.098688e-03
1.086116e-03
1.074537e-03
1.048816e-03
1.045602e-03
1.040955e-03
1.013763e-03
1.002287e-03
9.977710e-04
9.892326e-04
9.630594e-04
9.500977e-04
9.396474e-04
9.301815e-04
9.273769e-04
9.046742e-04
8.984667e-04
8.783044e-04
8.656187e-04
8.524173e-04
8.493652e-04
8.404572e-04
8.294000e-04
8.178120e-04
8.144351e-04
7.972285e-04
7.949002e-04
7.887493e-04
7.720835e-04
7.618067e-04
7.505387e-04
7.368368e-04
7.259636e-04
7.061969e-04
6.980012e-04
6.965828e-04
6.744831e-04
6.633950e-04
6.539261e-04
6.500888e-04
6.353211e-04
6.342002e-04
6.292636e-04
6.023083e-04
6.006715e-04
5.744756e-04
5.690333e-04
5.621915e-04
5.520638e-04
5.469802e-04
5.401434e-04
5.257427e-04
5.142409e-04
5.052934e-04
5.007955e-04
4.898297e-04
4.820290e-04
4.647026e-04
4.617271e-04
4.518982e-04
4.439074e-04
4.261378e-04
4.132641e-04
4.105609e-04
3.974115e-04
3.864860e-04
3.829157e-04
3.672859e-04
3.587660e-04
3.533883e-04
3.484980e-04
3.343137e-04
3.295018e-04
3.153020e-04
3.051295e-04
2.958188e-04
2.895847e-04
2.726615e-04
2.693791e-04
2.537179e-04
2.485126e-04
2.356216e-04
2.308991e-04
2.260787e-04
2.201064e-04
2.130101e-04
1.967854e-04
1.916936e-04
1.827723e-04
1.721745e-04
1.607812e-04
1.557162e-04
1.435150e-04
1.388324e-04
1.253647e-04
1.179667e-04
1.081582e-04
1.047227e-04
9.888740e-05
8.055325e-05
7.416986e-05
7.103579e-05
5.055446e-05
4.421629e-05
4.269525e-05
2.694496e-05
1.527240e-05
1.225111e-05
1.510677e-06
-1.572689e-06
-1.673748e-05
-3.785348e-05
-4.684916e-05
-5.640630e-05
-6.602698e-05
-7.370492e-05
-7.628406e-05
-8.500194e-05
-9.027031e-05
-1.054594e-04
-1.139487e-04
-1.222818e-04
-1.388327e-04
-1.545675e-04
-1.612534e-04
-1.626117e-04
-1.899643e-04
-1.977775e-04
-2.060673e-04
-2.106644e-04
-2.212340e-04
-2.345253e-04
-2.398268e-04
-2.510830e-04
-2.706607e-04
-2.722354e-04
-2.886773e-04
-2.929255e-04
-3.025220e-04
-3.192354e-04
-3.293086e-04
-3.423448e-04
-3.494192e-04
-3.628438e-04
-3.649648e-04
-3.758426e-04
-3.838736e-04
-3.969100e-04
-4.044772e-04
-4.136076e-04
-4.234895e-04
-4.360821e-04
-4.498679e-04
-4.607021e-04
-4.925682e-04
-4.987302e-04
-5.090932e-04
-5.182869e-04
-5.426295e-04
-5.547092e-04
-5.574267e-04
-5.627297e-04
-5.788329e-04
-5.936272e-04
-6.019108e-04
-6.116107e-04
-6.205474e-04
-6.307222e-04
-6.492066e-04
-6.793081e-04
-6.912884e-04
-7.002043e-04
-7.065106e-04
-7.398678e-04
-7.563247e-04
-7.691398e-04
-7.746448e-04
-8.003600e-04
-8.233956e-04
-8.292426e-04
-8.581926e-04
-8.699944e-04
-8.879151e-04
-9.180175e-04
-9.540726e-04
