3.768827e+05
3.154484e+05
3.022686e+05
2.233391e+05
2.160333e+05
1.887164e+05
1.801018e+05
1.535325e+05
1.304959e+05
1.247230e+05
1.129875e+05
1.051283e+05
9.367196e+04
8.003178e+04
7.561305e+04
6.357859e+04
5.699214e+04
5.002632e+04
4.415712e+04
3.402218e+04
3.087760e+04
2.741530e+04
2.422625e+04
1.967275e+04
1.903925e+04
1.776115e+04
1.597655e+04
1.458994e+04
1.346929e+04
1.077382e+04
9.801988e+03
8.558748e+03
7.010164e+03
6.241079e+03
5.404242e+03
4.578035e+03
4.300423e+03
3.665528e+03
3.060246e+03
2.863363e+03
2.367457e+03
2.140684e+03
1.879081e+03
1.741137e+03
1.665947e+03
1.353746e+03
1.209370e+03
1.094307e+03
1.015214e+03
6.781929e+02
5.479080e+02
5.307138e+02
4.589506e+02
4.309396e+02
3.244631e+02
2.780916e+02
2.443815e+02
2.060697e+02
2.011774e+02
1.628533e+02
1.304945e+02
1.038673e+02
9.694016e+01
7.840011e+01
6.773097e+01
5.025397e+01
4.738698e+01
3.696379e+01
3.596125e+01
2.984653e+01
2.659627e+01
2.613998e+01
1.917979e+01
1.573003e+01
1.191463e+01
1.008761e+01
8.812647e+00
8.661278e+00
8.000698e+00
6.669062e+00
6.091926e+00
4.820984e+00
4.486616e+00
2.764126e+00
2.338876e+00
1.442319e+00
1.336896e+00
1.171133e+00
1.093385e+00
7.467901e-01
5.757473e-01
5.335473e-01
4.527819e-01
4.265077e-01
2.965358e-01
2.578543e-01
2.494187e-01
2.169385e-01
1.992085e-01
1.648217e-01
1.088762e-01
7.936087e-02
5.805651e-02
5.400054e-02
5.170438e-02
4.927208e-02
4.709389e-02
4.439704e-02
4.429466e-02
4.199637e-02
4.037163e-02
3.874604e-02
3.789701e-02
3.667311e-02
3.571052e-02
3.521553e-02
3.459127e-02
3.281334e-02
3.155953e-02
2.850899e-02
2.808639e-02
2.651791e-02
2.432811e-02
2.387293e-02
2.330128e-02
1.818303e-02
5.837693e-12
3.012431e-12
