1.849206e+12
1.799836e+12
1.546736e+12
1.443798e+12
1.356910e+12
1.292453e+12
1.153899e+12
1.041411e+12
9.654805e+11
9.311145e+11
9.027543e+11
8.719301e+11
8.208180e+11
7.823842e+11
7.194843e+11
6.956301e+11
6.539508e+11
6.176998e+11
6.139947e+11
5.763006e+11
5.457377e+11
5.260901e+11
5.203226e+11
4.784286e+11
4.660893e+11
4.502862e+11
4.346668e+11
4.118088e+11
3.975580e+11
3.920286e+11
3.780556e+11
3.638929e+11
3.548103e+11
3.399765e+11
3.310856e+11
3.149980e+11
3.124171e+11
3.057595e+11
2.864624e+11
2.768822e+11
2.707714e+11
2.628224e+11
2.557530e+11
2.472099e+11
2.417439e+11
2.308361e+11
2.175093e+11
2.164209e+11
2.129854e+11
2.109557e+11
1.988105e+11
1.969877e+11
1.870632e+11
1.793838e+11
1.786341e+11
1.694143e+11
1.663438e+11
1.621770e+11
1.581024e+11
1.556734e+11
1.499389e+11
1.477126e+11
1.427049e+11
1.364237e+11
1.337479e+11
1.320062e+11
1.297031e+11
1.261053e+11
1.248788e+11
1.222363e+11
1.189954e+11
1.177122e+11
1.148285e+11
1.130111e+11
1.080304e+11
1.075200e+11
1.054846e+11
1.014498e+11
9.844174e+10
9.511370e+10
9.498870e+10
9.085465e+10
9.052528e+10
8.958189e+10
8.601280e+10
8.544362e+10
8.436317e+10
8.262262e+10
8.053930e+10
7.870122e+10
7.773034e+10
7.553528e+10
7.410927e+10
7.260083e+10
7.145804e+10
6.972074e+10
6.903762e+10
6.810268e+10
6.762453e+10
6.598887e+10
6.427938e+10
6.321980e+10
6.164967e+10
6.064806e+10
5.913205e+10
5.813953e+10
5.664920e+10
5.586428e+10
5.538142e+10
5.394766e+10
5.251902e+10
5.164533e+10
5.080258e+10
4.964111e+10
4.753147e+10
4.124988e+10
3.991285e+10
3.915215e+10
3.701767e+10
3.235557e+10
2.861191e+10
2.752728e+10
2.378942e+10
2.229967e+10
2.100529e+10
1.752977e+10
1.043560e+10
7.409434e+09
