8.536891e+04
3.411121e+03
2.349193e+03
1.864634e+03
1.239911e+03
7.674499e+02
5.717791e+02
4.694651e+02
3.468887e+02
3.128931e+02
2.862654e+02
2.645063e+02
2.277932e+02
2.001889e+02
1.893193e+02
1.712533e+02
1.645688e+02
1.509338e+02
1.412596e+02
1.367082e+02
1.319812e+02
1.232147e+02
1.190299e+02
1.091600e+02
1.057204e+02
9.350988e+01
8.873324e+01
8.675453e+01
8.001554e+01
7.884741e+01
7.504173e+01
7.133046e+01
7.003349e+01
6.168240e+01
5.742981e+01
5.656545e+01
5.167471e+01
5.081849e+01
4.780607e+01
4.305052e+01
4.166702e+01
3.889626e+01
3.725230e+01
3.466342e+01
3.344556e+01
3.051510e+01
2.782822e+01
2.682642e+01
2.539452e+01
2.397525e+01
2.356499e+01
2.221001e+01
2.090996e+01
1.816552e+01
1.752512e+01
1.689297e+01
1.540344e+01
1.441198e+01
1.407141e+01
1.279989e+01
1.138919e+01
1.098341e+01
1.064362e+01
9.758494e+00
9.448844e+00
8.971980e+00
8.011510e+00
7.000729e+00
6.781534e+00
6.575293e+00
6.142270e+00
5.262745e+00
4.710405e+00
4.542814e+00
4.177028e+00
4.152467e+00
3.656975e+00
3.599323e+00
3.245485e+00
3.120378e+00
2.951080e+00
2.886250e+00
2.641605e+00
2.470028e+00
2.355170e+00
2.304894e+00
2.009386e+00
1.931109e+00
1.820870e+00
1.721035e+00
1.599918e+00
1.497765e+00
1.454636e+00
1.425695e+00
1.343178e+00
1.310193e+00
1.140708e+00
1.100717e+00
1.004817e+00
9.709722e-01
9.244981e-01
9.068109e-01
8.556469e-01
8.233079e-01
7.780488e-01
7.534051e-01
6.507011e-01
6.374924e-01
6.256453e-01
5.842739e-01
5.563136e-01
5.068559e-01
5.053340e-01
4.788366e-01
4.325727e-01
4.283619e-01
3.933553e-01
3.746539e-01
3.554097e-01
3.391515e-01
3.254448e-01
3.242396e-01
2.917937e-01
2.847766e-01
2.792764e-01
2.722943e-01
2.453775e-01
2.397959e-01
2.367301e-01
2.269944e-01
2.167306e-01
1.920303e-01
1.814976e-01
1.663453e-01
1.523724e-01
1.430841e-01
1.312387e-01
1.273829e-01
1.195870e-01
1.159664e-01
1.040269e-01
1.023132e-01
9.443057e-02
8.746492e-02
8.647425e-02
8.018990e-02
7.752044e-02
7.228174e-02
6.768897e-02
6.278999e-02
6.099917e-02
5.568160e-02
5.382874e-02
4.890567e-02
4.800386e-02
4.451344e-02
4.361979e-02
4.014873e-02
3.916270e-02
3.657155e-02
3.401292e-02
3.180461e-02
3.136406e-02
3.012073e-02
2.841011e-02
2.735763e-02
2.547740e-02
2.384181e-02
2.319907e-02
1.972986e-02
1.915468e-02
1.765620e-02
1.741708e-02
1.671568e-02
1.597170e-02
1.510660e-02
1.453196e-02
1.390390e-02
1.295839e-02
1.251154e-02
1.221504e-02
1.099662e-02
1.063236e-02
1.035977e-02
1.006866e-02
9.730718e-03
8.856444e-03
7.926797e-03
7.729963e-03
6.022366e-03
5.922377e-03
5.805896e-03
5.617946e-03
5.136495e-03
5.016611e-03
4.244635e-03
3.992907e-03
3.840930e-03
3.745687e-03
3.634048e-03
3.372540e-03
3.134969e-03
3.051054e-03
2.936637e-03
2.772845e-03
2.630650e-03
2.503303e-03
2.311352e-03
2.156304e-03
2.090909e-03
2.041669e-03
1.842338e-03
1.772672e-03
1.703597e-03
1.665303e-03
1.643492e-03
1.605483e-03
1.568054e-03
1.518736e-03
1.435290e-03
1.427410e-03
1.412383e-03
1.377685e-03
1.301334e-03
1.258739e-03
1.235470e-03
1.207235e-03
1.196744e-03
1.168387e-03
1.155712e-03
1.142839e-03
1.115446e-03
1.109871e-03
1.093469e-03
1.055810e-03
1.040856e-03
1.028673e-03
1.022780e-03
1.004549e-03
9.840172e-04
9.716662e-04
9.490380e-04
9.478296e-04
9.372167e-04
9.236740e-04
9.063319e-04
8.925101e-04
8.816310e-04
8.744249e-04
8.644710e-04
8.550994e-04
8.427876e-04
8.388916e-04
8.194230e-04
8.003751e-04
7.828107e-04
7.741657e-04
7.626380e-04
7.555647e-04
7.450560e-04
7.402721e-04
7.279877e-04
7.232582e-04
7.015745e-04
6.970974e-04
6.868122e-04
6.744347e-04
6.710092e-04
6.461902e-04
6.380715e-04
6.216214e-04
6.193014e-04
6.124864e-04
5.956904e-04
5.876009e-04
5.741856e-04
5.688096e-04
5.555868e-04
5.478381e-04
5.336409e-04
5.258305e-04
5.179439e-04
5.092691e-04
5.022836e-04
4.910869e-04
4.849719e-04
4.790768e-04
4.664733e-04
4.557792e-04
4.456096e-04
4.355757e-04
4.243855e-04
4.138192e-04
4.008970e-04
3.972632e-04
3.887233e-04
3.756265e-04
3.659269e-04
3.558686e-04
3.499719e-04
3.423383e-04
3.257089e-04
3.170010e-04
3.052616e-04
2.982811e-04
2.890306e-04
2.820907e-04
2.635638e-04
2.586606e-04
2.418447e-04
2.320205e-04
2.290086e-04
2.195115e-04
2.133630e-04
2.024050e-04
1.926215e-04
1.868125e-04
1.748734e-04
1.725633e-04
1.652066e-04
1.559823e-04
1.377264e-04
1.301946e-04
1.230747e-04
1.116692e-04
1.036297e-04
9.428718e-05
8.324217e-05
8.129164e-05
6.310514e-05
5.654192e-05
4.289819e-05
4.237064e-05
2.259690e-05
1.762284e-05
1.378482e-13
-3.922704e-14
-6.807997e-14
-2.610279e-13
-8.155744e-07
-9.055332e-06
-2.333893e-05
-3.269703e-05
-4.096228e-05
-5.607728e-05
-7.052669e-05
-7.666783e-05
-8.395721e-05
-8.656882e-05
-9.689737e-05
-1.079246e-04
-1.226280e-04
-1.265764e-04
-1.396588e-04
-1.549597e-04
-1.659855e-04
-1.842079e-04
-1.877556e-04
-2.071926e-04
-2.156704e-04
-2.238601e-04
-2.262629e-04
-2.391701e-04
-2.444026e-04
-2.619472e-04
-2.747882e-04
-2.916880e-04
-3.000302e-04
-3.079755e-04
-3.211374e-04
-3.452785e-04
-3.519158e-04
-3.743095e-04
-3.830555e-04
-4.087772e-04
-4.208604e-04
-4.358783e-04
-4.570512e-04
-4.763214e-04
-4.782677e-04
-5.275681e-04
-5.308441e-04
-5.393567e-04
-5.825146e-04
