8.432261e+04
3.499523e+03
2.392721e+03
1.780505e+03
1.180219e+03
7.454194e+02
5.811199e+02
5.103129e+02
3.551208e+02
3.185680e+02
3.004264e+02
2.827040e+02
2.511441e+02
2.419014e+02
2.231764e+02
2.073385e+02
2.002158e+02
1.826550e+02
1.648218e+02
1.545749e+02
1.478983e+02
1.394639e+02
1.308825e+02
1.282075e+02
1.184826e+02
1.151104e+02
1.074270e+02
1.037638e+02
9.600211e+01
9.537897e+01
9.076446e+01
8.109295e+01
7.324332e+01
7.170698e+01
6.593228e+01
6.485194e+01
5.983625e+01
5.518909e+01
5.344576e+01
5.071606e+01
4.850978e+01
4.727532e+01
4.578669e+01
4.167533e+01
3.955405e+01
3.558910e+01
3.465753e+01
3.209622e+01
3.125995e+01
2.989307e+01
2.821538e+01
2.739889e+01
2.602014e+01
2.336012e+01
2.159629e+01
2.118729e+01
1.963000e+01
1.820440e+01
1.726717e+01
1.591248e+01
1.551149e+01
1.387918e+01
1.231258e+01
1.161040e+01
1.121350e+01
9.951887e+00
9.382663e+00
8.763612e+00
8.139371e+00
7.526133e+00
7.056652e+00
6.766166e+00
6.319745e+00
5.818553e+00
5.481509e+00
5.230851e+00
5.154130e+00
4.718500e+00
4.542551e+00
4.188031e+00
4.065414e+00
3.843206e+00
3.506700e+00
3.209746e+00
3.078445e+00
3.016636e+00
2.717284e+00
2.633221e+00
2.591984e+00
2.471329e+00
2.415637e+00
2.221541e+00
2.133778e+00
2.021924e+00
1.855514e+00
1.799619e+00
1.706245e+00
1.655350e+00
1.492469e+00
1.409739e+00
1.372556e+00
1.336725e+00
1.253238e+00
1.147573e+00
1.071915e+00
1.008239e+00
9.484808e-01
8.856699e-01
8.343161e-01
7.853480e-01
7.840807e-01
7.406697e-01
6.677067e-01
6.616804e-01
6.204073e-01
6.082904e-01
5.634274e-01
5.340427e-01
5.312763e-01
4.826270e-01
4.666961e-01
4.354784e-01
4.302802e-01
3.976833e-01
3.897656e-01
3.614787e-01
3.504703e-01
3.337328e-01
3.113027e-01
2.871915e-01
2.814003e-01
2.702079e-01
2.472318e-01
2.326174e-01
2.228407e-01
2.069381e-01
1.776685e-01
1.740795e-01
1.640812e-01
1.553800e-01
1.503065e-01
1.401212e-01
1.334045e-01
1.222155e-01
1.201100e-01
1.140052e-01
1.124735e-01
1.060997e-01
9.655110e-02
8.932513e-02
8.516871e-02
7.888795e-02
7.543123e-02
7.146639e-02
7.092568e-02
6.855880e-02
6.383234e-02
5.926198e-02
5.752776e-02
5.635960e-02
5.428594e-02
5.168717e-02
4.795438e-02
4.764128e-02
4.305713e-02
4.003677e-02
3.754180e-02
3.561347e-02
3.404706e-02
3.282513e-02
3.122570e-02
2.981950e-02
2.730744e-02
2.534559e-02
2.398871e-02
2.287216e-02
2.099177e-02
1.978246e-02
1.863506e-02
1.795072e-02
1.766969e-02
1.638443e-02
1.479292e-02
1.377986e-02
1.366942e-02
1.238512e-02
1.202402e-02
1.174486e-02
1.123767e-02
1.108558e-02
1.026463e-02
9.505719e-03
9.288060e-03
9.159390e-03
7.528208e-03
7.100079e-03
7.008115e-03
6.791772e-03
6.657021e-03
5.995397e-03
5.886596e-03
5.492229e-03
5.110587e-03
4.697415e-03
4.259409e-03
3.927708e-03
3.896152e-03
3.676377e-03
3.567463e-03
3.340955e-03
3.158462e-03
3.075498e-03
2.717523e-03
2.537564e-03
2.521865e-03
2.178234e-03
2.154770e-03
2.067495e-03
2.027369e-03
1.918816e-03
1.879852e-03
1.803082e-03
1.771931e-03
1.705032e-03
1.661766e-03
1.631968e-03
1.587413e-03
1.526892e-03
1.397675e-03
1.382144e-03
1.354963e-03
1.297365e-03
1.277911e-03
1.267556e-03
1.225711e-03
1.215669e-03
1.180173e-03
1.164329e-03
1.126533e-03
1.102739e-03
1.070867e-03
1.054674e-03
1.036085e-03
1.031428e-03
1.018052e-03
1.006949e-03
9.838070e-04
9.737957e-04
9.545428e-04
9.458491e-04
9.353101e-04
9.254598e-04
9.189210e-04
9.046023e-04
8.903855e-04
8.769550e-04
8.580625e-04
8.530570e-04
8.437788e-04
8.122051e-04
8.103268e-04
8.017148e-04
7.966234e-04
7.911176e-04
7.739714e-04
7.628945e-04
7.545285e-04
7.348238e-04
7.256625e-04
7.238983e-04
7.161877e-04
6.984631e-04
6.941307e-04
6.745175e-04
6.691665e-04
6.584291e-04
6.500384e-04
6.412189e-04
6.229249e-04
6.183309e-04
6.089020e-04
5.979041e-04
5.895139e-04
5.781748e-04
5.655318e-04
5.540567e-04
5.498064e-04
5.295220e-04
5.247048e-04
5.134009e-04
5.013951e-04
4.965906e-04
4.875339e-04
4.816047e-04
4.683970e-04
4.606061e-04
4.487006e-04
4.375011e-04
4.242973e-04
4.167697e-04
4.056879e-04
3.964480e-04
3.842570e-04
3.743043e-04
3.619172e-04
3.550857e-04
3.497089e-04
3.361098e-04
3.267424e-04
3.096004e-04
2.994224e-04
2.926820e-04
2.788977e-04
2.636674e-04
2.577564e-04
2.499517e-04
2.385381e-04
2.278419e-04
2.252202e-04
2.164669e-04
2.152444e-04
1.931750e-04
1.842731e-04
1.799917e-04
1.724034e-04
1.546963e-04
1.453381e-04
1.409428e-04
1.305498e-04
1.211353e-04
1.082815e-04
1.041475e-04
9.790215e-05
7.938738e-05
7.221498e-05
5.738240e-05
4.652218e-05
4.303771e-05
2.608701e-05
1.739305e-05
1.243627e-05
1.169646e-13
-2.323321e-14
-6.461718e-14
-2.164735e-06
-1.180124e-05
-1.772707e-05
-2.387678e-05
-4.227125e-05
-4.983578e-05
-5.118081e-05
-5.562680e-05
-7.621889e-05
-8.073197e-05
-9.319785e-05
-1.031716e-04
-1.107697e-04
-1.127201e-04
-1.459495e-04
-1.568499e-04
-1.669595e-04
-1.756910e-04
-1.787481e-04
-1.932353e-04
-2.001827e-04
-2.089550e-04
-2.139690e-04
-2.423556e-04
-2.500240e-04
-2.604976e-04
-2.725370e-04
-2.854705e-04
-3.128492e-04
-3.162317e-04
-3.349758e-04
-3.624230e-04
-3.787522e-04
-3.956601e-04
-4.080707e-04
-4.309345e-04
-4.409020e-04
-4.522213e-04
-4.929851e-04
-5.157622e-04
