8.853420e+04
3.654938e+03
2.331432e+03
1.920545e+03
1.101728e+03
7.628651e+02
5.029967e+02
3.956468e+02
3.110490e+02
2.634799e+02
2.267410e+02
2.236897e+02
1.808572e+02
1.738797e+02
1.565821e+02
1.494189e+02
1.436341e+02
1.255200e+02
1.133387e+02
1.034110e+02
1.001837e+02
9.302953e+01
8.516674e+01
7.776594e+01
7.555678e+01
7.378127e+01
6.597816e+01
6.289236e+01
6.102824e+01
5.713063e+01
5.250780e+01
4.710590e+01
4.487672e+01
4.216473e+01
3.893388e+01
3.756453e+01
3.641434e+01
3.178965e+01
3.051304e+01
2.794278e+01
2.676008e+01
2.656172e+01
2.321545e+01
2.230757e+01
2.044686e+01
1.929897e+01
1.805579e+01
1.657205e+01
1.576416e+01
1.520534e+01
1.453101e+01
1.361872e+01
1.309434e+01
1.129635e+01
1.077967e+01
1.044221e+01
9.502365e+00
8.588615e+00
8.121138e+00
7.647998e+00
7.316778e+00
6.659600e+00
6.165007e+00
5.909649e+00
5.342165e+00
5.100707e+00
4.658567e+00
4.250158e+00
4.098096e+00
3.595637e+00
3.511976e+00
3.254602e+00
2.830453e+00
2.602952e+00
2.529891e+00
2.323500e+00
2.009140e+00
1.848286e+00
1.808374e+00
1.722096e+00
1.550171e+00
1.511860e+00
1.485375e+00
1.354764e+00
1.281838e+00
1.183502e+00
1.136563e+00
1.079187e+00
1.048699e+00
1.003495e+00
9.741264e-01
8.918803e-01
8.097718e-01
7.725615e-01
7.085881e-01
6.870269e-01
6.311852e-01
6.026825e-01
5.794318e-01
5.313396e-01
5.222960e-01
4.911111e-01
4.679410e-01
4.448869e-01
4.009309e-01
3.860253e-01
3.701643e-01
3.288428e-01
3.141944e-01
3.020888e-01
2.559419e-01
2.457765e-01
2.207340e-01
2.075272e-01
1.964323e-01
1.881629e-01
1.802346e-01
1.668628e-01
1.526096e-01
1.521039e-01
1.455612e-01
1.310979e-01
1.228335e-01
1.142460e-01
1.082342e-01
1.000685e-01
9.574820e-02
8.645852e-02
8.603656e-02
8.247034e-02
7.341877e-02
6.592485e-02
6.202038e-02
6.122506e-02
5.620322e-02
5.111666e-02
4.988369e-02
4.790875e-02
4.676674e-02
4.524139e-02
4.354379e-02
4.014129e-02
3.861225e-02
3.538658e-02
3.409455e-02
3.116819e-02
2.950716e-02
2.607601e-02
2.448775e-02
2.351175e-02
2.307013e-02
2.194063e-02
2.081610e-02
1.989868e-02
1.919717e-02
1.770915e-02
1.570123e-02
1.461783e-02
1.445132e-02
1.363542e-02
1.321263e-02
1.178040e-02
1.111987e-02
1.065050e-02
1.022276e-02
8.993231e-03
8.138802e-03
7.698312e-03
7.344972e-03
6.206470e-03
5.902145e-03
5.743329e-03
5.598325e-03
4.853384e-03
4.508000e-03
4.355944e-03
4.130532e-03
4.017593e-03
3.703797e-03
3.572252e-03
3.428719e-03
3.155705e-03
3.099567e-03
3.035899e-03
2.789986e-03
2.721169e-03
2.538775e-03
2.452993e-03
2.362808e-03
2.255745e-03
2.210710e-03
2.132747e-03
2.007952e-03
1.882334e-03
1.795509e-03
1.633849e-03
1.577638e-03
1.551249e-03
1.530885e-03
1.513748e-03
1.444069e-03
1.431628e-03
1.384850e-03
1.347188e-03
1.309379e-03
1.298012e-03
1.265524e-03
1.250775e-03
1.232390e-03
1.225444e-03
1.175158e-03
1.165980e-03
1.161131e-03
1.133155e-03
1.120095e-03
1.099845e-03
1.074122e-03
1.066583e-03
1.057355e-03
1.028995e-03
1.009872e-03
1.004880e-03
9.941900e-04
9.826745e-04
9.732050e-04
9.655652e-04
9.414846e-04
9.347418e-04
9.119704e-04
9.079690e-04
8.953579e-04
8.925229e-04
8.710673e-04
8.660920e-04
8.543220e-04
8.447251e-04
8.345929e-04
8.220698e-04
8.153567e-04
7.873550e-04
7.832860e-04
7.750101e-04
7.672951e-04
7.445203e-04
7.371598e-04
7.317440e-04
7.160466e-04
7.098626e-04
6.984879e-04
6.928262e-04
6.794806e-04
6.680246e-04
6.592571e-04
6.381814e-04
6.226053e-04
6.139234e-04
6.101964e-04
6.058884e-04
5.832972e-04
5.792368e-04
5.725386e-04
5.662757e-04
5.533656e-04
5.480963e-04
5.405280e-04
5.310339e-04
5.231423e-04
5.082433e-04
4.951878e-04
4.881685e-04
4.787864e-04
4.746802e-04
4.644764e-04
4.525489e-04
4.452807e-04
4.411268e-04
4.221994e-04
4.131426e-04
4.029753e-04
3.978171e-04
3.753818e-04
3.742241e-04
3.708094e-04
3.601665e-04
3.474492e-04
3.442956e-04
3.258549e-04
3.136430e-04
3.101745e-04
2.993207e-04
2.955827e-04
2.915300e-04
2.771266e-04
2.704273e-04
2.589213e-04
2.549877e-04
2.443393e-04
2.341458e-04
2.268971e-04
2.186795e-04
2.008140e-04
1.975999e-04
1.888433e-04
1.857805e-04
1.682528e-04
1.575940e-04
1.500751e-04
1.453720e-04
1.352339e-04
1.326332e-04
1.239383e-04
1.094971e-04
9.777208e-05
8.274666e-05
7.901059e-05
6.354905e-05
4.871151e-05
4.392224e-05
2.674916e-05
2.086844e-05
6.501567e-06
2.826598e-13
6.079955e-14
2.171032e-14
-1.275055e-13
-1.496880e-13
-1.577589e-06
-6.222362e-06
-1.585495e-05
-2.843587e-05
-3.326064e-05
-4.008790e-05
-4.035803e-05
-6.020266e-05
-6.597763e-05
-6.930742e-05
-8.619019e-05
-9.583069e-05
-1.022086e-04
-1.088321e-04
-1.195218e-04
-1.296507e-04
-1.376798e-04
-1.490262e-04
-1.578749e-04
-1.714582e-04
-1.800634e-04
-1.869806e-04
-1.926410e-04
-2.063153e-04
-2.206592e-04
-2.262112e-04
-2.383380e-04
-2.465973e-04
-2.498875e-04
-2.585307e-04
-2.741825e-04
-2.916261e-04
-2.948357e-04
-3.153967e-04
-3.232434e-04
-3.380823e-04
-3.611263e-04
-3.705377e-04
-3.801695e-04
-3.842339e-04
-3.868493e-04
-4.053301e-04
-4.176306e-04
-4.332275e-04
-4.541215e-04
-4.644836e-04
-4.751818e-04
-4.855893e-04
-5.047985e-04
-5.183505e-04
-5.315653e-04
-5.515860e-04
-5.793081e-04
-5.822603e-04
-5.993582e-04
-6.485832e-04
-6.817128e-04
-6.943776e-04
