7.243754e+05
3.163728e+05
2.241588e+05
1.724554e+05
1.351916e+05
1.202909e+05
1.103122e+05
1.021987e+05
9.368042e+04
9.173259e+04
8.054603e+04
7.082321e+04
6.159170e+04
5.799531e+04
4.059166e+04
3.675499e+04
3.238885e+04
2.696680e+04
2.303993e+04
1.750596e+04
1.418940e+04
1.253031e+04
1.105831e+04
8.300013e+03
7.308115e+03
6.746816e+03
6.229470e+03
5.119240e+03
4.817933e+03
4.354712e+03
3.645549e+03
3.357045e+03
2.709787e+03
2.264318e+03
1.826009e+03
1.477588e+03
1.276724e+03
1.095578e+03
8.325204e+02
7.050032e+02
5.318276e+02
4.830446e+02
4.650703e+02
3.499509e+02
2.992549e+02
2.352160e+02
2.196400e+02
1.939511e+02
1.739063e+02
1.384282e+02
1.258337e+02
9.360197e+01
8.279906e+01
6.914989e+01
6.246508e+01
5.243431e+01
5.079871e+01
4.150228e+01
3.360444e+01
1.971240e+01
1.832366e+01
1.681400e+01
1.501054e+01
1.399413e+01
8.106842e+00
7.648720e+00
6.164752e+00
5.631876e+00
5.414711e+00
4.371230e+00
3.180572e+00
2.926043e+00
2.556331e+00
1.812473e+00
1.625872e+00
1.331548e+00
1.085595e+00
9.115114e-01
8.591533e-01
6.851134e-01
4.655861e-01
4.479176e-01
2.741918e-01
2.572421e-01
1.379179e-01
1.117818e-01
9.300774e-02
8.402003e-02
7.925358e-02
6.791667e-02
6.035786e-02
5.838331e-02
5.553144e-02
5.331748e-02
5.129503e-02
5.010740e-02
4.969692e-02
4.568678e-02
4.544500e-02
4.270062e-02
4.113906e-02
4.049861e-02
3.548324e-02
3.488517e-02
3.422621e-02
3.156570e-02
3.101760e-02
2.787028e-02
2.742759e-02
2.596082e-02
2.309198e-02
2.285309e-02
2.213350e-02
2.210142e-02
2.134545e-02
2.038230e-02
1.969880e-02
1.964460e-02
1.907742e-02
1.807684e-02
1.769864e-02
1.734229e-02
1.568991e-02
1.464661e-02
1.403109e-02
1.215861e-02
6.739720e-03
-7.167962e-12
