2.684822e+05
1.083074e+05
3.827852e+04
8.612452e+03
1.107783e+03
2.042764e+02
5.977869e+01
2.576381e+01
8.778098e+00
1.714432e+00
2.788186e-01
1.165135e-01
7.236732e-02
5.277950e-02
4.683153e-02
4.081521e-02
3.660706e-02
3.218333e-02
2.851886e-02
2.558317e-02
2.517123e-02
2.290264e-02
2.234083e-02
2.196631e-02
2.124665e-02
2.073175e-02
2.054004e-02
2.013231e-02
1.834718e-02
1.796818e-02
1.775339e-02
1.745436e-02
1.730811e-02
1.644120e-02
1.615603e-02
1.577523e-02
1.498654e-02
1.466661e-02
1.452640e-02
1.430885e-02
1.359603e-02
1.345822e-02
1.275787e-02
1.231648e-02
1.225461e-02
1.202973e-02
1.153503e-02
1.135190e-02
1.113781e-02
1.079776e-02
1.049944e-02
1.026622e-02
1.017474e-02
9.931492e-03
9.799192e-03
9.560862e-03
9.204113e-03
9.025793e-03
8.807321e-03
8.467855e-03
8.195275e-03
8.012853e-03
7.764584e-03
7.676193e-03
7.449425e-03
7.222053e-03
7.102004e-03
6.995731e-03
6.827434e-03
6.641138e-03
6.450273e-03
6.279861e-03
6.133464e-03
6.044189e-03
5.930798e-03
5.802810e-03
5.538924e-03
5.446916e-03
5.310129e-03
5.272033e-03
5.120367e-03
5.049499e-03
4.918158e-03
4.751876e-03
4.539259e-03
4.409502e-03
4.365928e-03
4.253195e-03
4.243789e-03
4.116431e-03
3.831092e-03
3.750358e-03
3.662100e-03
3.430357e-03
3.314208e-03
3.192537e-03
3.079260e-03
2.738519e-03
2.421223e-03
2.201483e-03
1.987250e-03
1.598609e-03
1.346314e-03
8.691743e-04
5.439276e-04
2.742802e-05
-2.219794e-04
-1.376145e-03
-1.880224e-03
-2.998180e-03
-3.488841e-03
-5.138494e-03
-5.305937e-03
-7.079099e-03
-7.650931e-03
-8.396000e-03
-1.117084e-02
-1.174045e-02
-1.535117e-02
-1.730031e-02
-1.946427e-02
-2.348547e-02
-3.273498e-02
-3.824276e-02
-4.283864e-02
-5.499990e-02
-5.914312e-02
-8.932012e-02
