1.286888e+05
6.551062e+03
3.026090e+03
2.785917e+03
1.910860e+03
1.655619e+03
1.469768e+03
1.141742e+03
8.482792e+02
6.849913e+02
6.243965e+02
4.880574e+02
3.083822e+02
2.419024e+02
2.050065e+02
1.810161e+02
1.800240e+02
1.493214e+02
1.421978e+02
1.135925e+02
1.040013e+02
9.418993e+01
8.984470e+01
8.025100e+01
7.005064e+01
6.711546e+01
6.078265e+01
5.682757e+01
5.515962e+01
5.267753e+01
5.011765e+01
4.368827e+01
4.210198e+01
3.547099e+01
3.518681e+01
3.091276e+01
2.963161e+01
2.734867e+01
2.696011e+01
2.392382e+01
2.296745e+01
2.152108e+01
1.952702e+01
1.899326e+01
1.801123e+01
1.549837e+01
1.470209e+01
1.371642e+01
1.243728e+01
1.205848e+01
1.170590e+01
1.031897e+01
9.361085e+00
8.576948e+00
8.193541e+00
7.661463e+00
7.018486e+00
6.804829e+00
6.090560e+00
5.574099e+00
5.250991e+00
4.797849e+00
4.515966e+00
4.362020e+00
3.660531e+00
3.521429e+00
3.352348e+00
3.189742e+00
2.908803e+00
2.630804e+00
2.379772e+00
2.291340e+00
2.162271e+00
2.007360e+00
1.886775e+00
1.733069e+00
1.547821e+00
1.424985e+00
1.372347e+00
1.305719e+00
1.183874e+00
1.113085e+00
1.022167e+00
9.416751e-01
8.761328e-01
8.488009e-01
7.736023e-01
7.310675e-01
6.642512e-01
6.558144e-01
6.198455e-01
5.867122e-01
5.435447e-01
5.253465e-01
4.886193e-01
4.475556e-01
4.400133e-01
4.152039e-01
3.998247e-01
3.753213e-01
3.479438e-01
3.215530e-01
3.035778e-01
2.550273e-01
2.369138e-01
2.245785e-01
2.115135e-01
1.904727e-01
1.799884e-01
1.799259e-01
1.433941e-01
1.336653e-01
1.252658e-01
1.233596e-01
1.168799e-01
1.137577e-01
1.033523e-01
9.764724e-02
9.317780e-02
8.697494e-02
8.055948e-02
7.388306e-02
7.110893e-02
6.845991e-02
6.580747e-02
5.232431e-02
4.972192e-02
4.698708e-02
4.355337e-02
3.464391e-02
3.183910e-02
3.006774e-02
3.002323e-02
2.835687e-02
2.772429e-02
2.539243e-02
2.399416e-02
2.186717e-02
2.032413e-02
1.940854e-02
1.734540e-02
1.661261e-02
1.529364e-02
1.440949e-02
1.275934e-02
1.253938e-02
1.147583e-02
1.112033e-02
1.082811e-02
1.042237e-02
8.976979e-03
8.389331e-03
7.452753e-03
6.865967e-03
6.296255e-03
6.234223e-03
5.760728e-03
5.445397e-03
5.024398e-03
4.680793e-03
4.345835e-03
4.052512e-03
3.800361e-03
3.507384e-03
3.414642e-03
3.238839e-03
2.919689e-03
2.774853e-03
2.670529e-03
2.442040e-03
2.328866e-03
2.214199e-03
2.076265e-03
1.995833e-03
1.756451e-03
1.700745e-03
1.653133e-03
1.608071e-03
1.551059e-03
1.508408e-03
1.473951e-03
1.453629e-03
1.421280e-03
1.383780e-03
1.355527e-03
1.332588e-03
1.325099e-03
1.296965e-03
1.265500e-03
1.233443e-03
1.219657e-03
1.199747e-03
1.180099e-03
1.172620e-03
1.160702e-03
1.143717e-03
1.132333e-03
1.119666e-03
1.092919e-03
1.088521e-03
1.067744e-03
1.052696e-03
1.026477e-03
1.018413e-03
1.002591e-03
9.777903e-04
9.722149e-04
9.639741e-04
9.531094e-04
9.432941e-04
9.378191e-04
9.277635e-04
9.161183e-04
8.920199e-04
8.848826e-04
8.684205e-04
8.552693e-04
8.477854e-04
8.370230e-04
8.253581e-04
8.157196e-04
8.055950e-04
7.804198e-04
7.758738e-04
7.600191e-04
7.498048e-04
7.424131e-04
7.402275e-04
7.316163e-04
7.264112e-04
7.098416e-04
6.965976e-04
6.914930e-04
6.793351e-04
6.703516e-04
6.621638e-04
6.539561e-04
6.352316e-04
6.281770e-04
6.106316e-04
6.031170e-04
5.924709e-04
5.845154e-04
5.832713e-04
5.688708e-04
5.571748e-04
5.459170e-04
5.341581e-04
5.299776e-04
5.240610e-04
4.997744e-04
4.874933e-04
4.830692e-04
4.815628e-04
4.777127e-04
4.568061e-04
4.452738e-04
4.406278e-04
4.261078e-04
4.217034e-04
4.117065e-04
3.913738e-04
3.880450e-04
3.827662e-04
3.725181e-04
3.600045e-04
3.552302e-04
3.511960e-04
3.374990e-04
3.265538e-04
3.186896e-04
3.073443e-04
2.994376e-04
2.914560e-04
2.741729e-04
2.662995e-04
2.611162e-04
2.532825e-04
2.496061e-04
2.380292e-04
2.265341e-04
2.149119e-04
2.114188e-04
2.060644e-04
1.909688e-04
1.789018e-04
1.633567e-04
1.566523e-04
1.519493e-04
1.402354e-04
1.343057e-04
1.232776e-04
1.183728e-04
9.922897e-05
8.892864e-05
7.261137e-05
6.910638e-05
6.046768e-05
3.989108e-05
2.928083e-05
2.453981e-05
1.841008e-05
1.449676e-05
5.495486e-06
-3.925758e-06
-7.139068e-06
-2.758160e-05
-4.053568e-05
-4.800115e-05
-5.347384e-05
-5.789769e-05
-7.900896e-05
-8.165543e-05
-9.140583e-05
-9.731403e-05
-1.066776e-04
-1.119658e-04
-1.207151e-04
-1.257347e-04
-1.401275e-04
-1.477550e-04
-1.588472e-04
-1.727746e-04
-1.824412e-04
-1.890631e-04
-1.964303e-04
-2.132458e-04
-2.237030e-04
-2.360535e-04
-2.423774e-04
-2.476857e-04
-2.626672e-04
-2.718511e-04
-2.840303e-04
-2.914467e-04
-2.974466e-04
-3.022947e-04
-3.222878e-04
-3.264394e-04
-3.374839e-04
-3.497349e-04
-3.604593e-04
-3.706233e-04
-3.786858e-04
-3.830815e-04
-3.971301e-04
-4.148722e-04
-4.262659e-04
-4.276097e-04
-4.379180e-04
-4.418093e-04
-4.517698e-04
-4.677547e-04
-4.884177e-04
-4.947432e-04
-5.089898e-04
-5.250992e-04
-5.409290e-04
-5.462476e-04
-5.477668e-04
-5.671111e-04
-5.756862e-04
-5.878352e-04
-5.953293e-04
-6.191538e-04
-6.345554e-04
-6.439494e-04
-6.519716e-04
-6.647258e-04
-6.869730e-04
-6.968032e-04
-7.016333e-04
-7.255527e-04
-7.422260e-04
-7.546234e-04
-7.860123e-04
-7.939838e-04
-8.218313e-04
-8.464496e-04
-8.558838e-04
-8.897889e-04
-9.214497e-04
-9.474709e-04
-1.000082e-03
