5.871954e+04
1.208449e+04
6.276586e+03
1.995434e+03
1.636246e+03
1.064062e+03
8.236778e+02
4.817399e+02
3.785338e+02
3.543254e+02
2.707750e+02
2.226782e+02
1.997113e+02
1.687428e+02
1.541020e+02
1.267650e+02
8.987106e+01
8.180275e+01
7.375176e+01
5.823286e+01
4.995796e+01
4.551481e+01
3.998647e+01
3.631195e+01
3.054413e+01
2.753851e+01
1.907027e+01
1.555536e+01
1.522731e+01
1.314879e+01
1.259553e+01
1.061239e+01
9.269995e+00
7.741933e+00
7.326274e+00
6.387596e+00
6.075481e+00
5.780375e+00
5.444057e+00
3.895781e+00
3.134552e+00
2.936117e+00
2.633639e+00
2.458770e+00
1.990581e+00
1.376388e+00
1.214425e+00
9.723005e-01
9.283975e-01
8.867784e-01
8.195074e-01
5.443463e-01
4.540070e-01
4.026791e-01
3.669162e-01
2.930230e-01
2.641965e-01
1.862239e-01
1.596972e-01
1.124247e-01
6.868932e-02
6.317189e-02
4.862129e-02
4.449876e-02
3.612638e-02
3.062070e-02
2.570056e-02
2.125208e-02
1.745064e-02
1.607705e-02
1.254740e-02
1.121166e-02
1.052263e-02
8.853333e-03
7.391206e-03
6.502434e-03
4.426626e-03
3.766591e-03
3.416276e-03
3.124068e-03
2.919633e-03
2.440880e-03
1.503519e-03
1.443430e-03
1.196020e-03
1.150011e-03
1.045172e-03
1.013538e-03
8.885411e-04
8.629721e-04
7.963164e-04
7.722063e-04
7.477937e-04
7.055506e-04
6.659668e-04
6.586856e-04
6.387957e-04
6.160442e-04
6.001459e-04
5.887619e-04
5.731954e-04
5.650680e-04
5.540243e-04
5.310238e-04
5.134891e-04
5.108054e-04
5.102028e-04
5.005894e-04
4.862142e-04
4.815965e-04
4.738938e-04
4.569045e-04
4.514824e-04
4.506689e-04
4.399410e-04
4.359005e-04
4.275248e-04
4.235388e-04
4.234677e-04
4.138731e-04
4.080775e-04
4.051061e-04
3.936590e-04
3.927789e-04
3.905804e-04
3.812064e-04
3.807291e-04
3.771647e-04
3.716646e-04
3.685869e-04
3.632738e-04
3.599845e-04
3.573493e-04
3.443409e-04
3.412803e-04
3.353581e-04
3.320350e-04
3.297398e-04
3.272260e-04
3.207954e-04
3.200471e-04
3.137053e-04
3.085806e-04
3.070390e-04
3.055368e-04
2.996720e-04
2.978086e-04
2.943922e-04
2.933859e-04
2.920619e-04
2.868766e-04
2.827756e-04
2.797539e-04
2.730803e-04
2.724904e-04
2.647221e-04
2.613644e-04
2.608295e-04
2.585716e-04
2.548269e-04
2.508224e-04
2.467255e-04
2.420631e-04
2.376018e-04
2.367244e-04
2.333523e-04
2.292820e-04
2.266358e-04
2.255902e-04
2.239112e-04
2.219151e-04
2.185000e-04
2.131633e-04
2.089798e-04
2.081952e-04
2.074264e-04
2.056854e-04
2.001924e-04
1.968433e-04
1.946961e-04
1.932840e-04
1.874738e-04
1.853551e-04
1.843437e-04
1.829748e-04
1.807828e-04
1.785342e-04
1.746129e-04
1.719862e-04
1.691846e-04
1.673071e-04
1.634299e-04
1.604229e-04
1.580261e-04
1.564238e-04
1.551761e-04
1.494753e-04
1.488381e-04
1.455797e-04
1.432748e-04
1.394302e-04
1.380293e-04
1.330719e-04
1.318819e-04
1.286049e-04
1.264607e-04
1.252801e-04
1.236376e-04
1.227172e-04
1.178403e-04
1.171851e-04
1.105429e-04
1.071577e-04
1.041566e-04
1.029977e-04
1.002034e-04
9.733291e-05
9.479275e-05
9.350925e-05
9.136798e-05
8.793969e-05
8.582401e-05
8.466887e-05
8.298713e-05
7.674080e-05
7.552968e-05
7.264036e-05
7.069426e-05
6.922240e-05
6.646872e-05
6.559523e-05
5.998433e-05
5.826133e-05
5.766965e-05
5.557108e-05
5.140805e-05
4.956373e-05
4.416602e-05
4.304883e-05
4.168955e-05
4.052336e-05
3.883426e-05
3.504453e-05
3.251387e-05
3.143307e-05
2.787568e-05
2.593440e-05
2.558358e-05
2.198467e-05
1.866597e-05
1.560962e-05
1.390198e-05
1.058509e-05
9.693978e-06
6.920332e-06
3.541837e-06
2.014812e-06
1.219195e-06
5.018923e-14
2.162867e-14
-3.447235e-14
-5.327984e-14
-1.125129e-13
-1.600880e-06
-3.355166e-06
-4.644808e-06
-7.326051e-06
-1.087802e-05
-1.477514e-05
-1.527359e-05
-1.691555e-05
-2.236835e-05
-2.458350e-05
-2.573910e-05
-2.829825e-05
-2.938224e-05
-3.280552e-05
-3.461181e-05
-3.834001e-05
-4.043651e-05
-4.183238e-05
-4.440286e-05
-4.502824e-05
-4.772470e-05
-4.965963e-05
-5.212483e-05
-5.645511e-05
-5.993950e-05
-6.100534e-05
-6.344655e-05
-6.564804e-05
-6.804965e-05
-7.007509e-05
-7.294427e-05
-7.448166e-05
-7.831186e-05
-8.088599e-05
-8.265206e-05
-8.535580e-05
-8.931729e-05
-9.040850e-05
-9.436208e-05
-9.817316e-05
-1.001829e-04
-1.018186e-04
-1.044252e-04
-1.056899e-04
-1.072533e-04
-1.125048e-04
-1.157966e-04
-1.176309e-04
-1.204019e-04
-1.214236e-04
-1.248082e-04
-1.290534e-04
-1.334318e-04
-1.352985e-04
-1.376465e-04
-1.425556e-04
-1.438206e-04
-1.472315e-04
-1.489631e-04
-1.511845e-04
-1.555878e-04
-1.574728e-04
-1.608182e-04
-1.621565e-04
-1.656428e-04
-1.708686e-04
-1.714795e-04
-1.784006e-04
-1.798466e-04
-1.806762e-04
-1.851523e-04
-1.895379e-04
-1.932907e-04
-1.942770e-04
-1.998195e-04
-2.034839e-04
-2.054044e-04
-2.073006e-04
-2.085340e-04
-2.126919e-04
-2.157711e-04
-2.208025e-04
-2.227693e-04
-2.254120e-04
-2.274297e-04
-2.365196e-04
-2.376407e-04
-2.401289e-04
-2.483398e-04
-2.525052e-04
-2.529067e-04
-2.628169e-04
-2.638382e-04
-2.706422e-04
-2.719716e-04
-2.741521e-04
-2.872127e-04
-2.889754e-04
-2.946626e-04
-3.015754e-04
-3.056190e-04
-3.110705e-04
-3.165323e-04
-3.194468e-04
-3.291023e-04
-3.333494e-04
-3.433278e-04
-3.505911e-04
-3.587561e-04
-3.633048e-04
-3.642121e-04
-3.789067e-04
-3.962446e-04
-4.116720e-04
-4.350617e-04
-4.697792e-04
-5.393223e-04
-5.654857e-04
-6.311192e-04
-8.574114e-04
-1.090076e-03
