1.949188e+05
2.694997e+04
5.673756e+03
1.620811e+03
2.123152e+02
3.021007e+01
1.304910e+01
5.502282e+00
1.170769e+00
2.468085e-01
8.154022e-02
4.783570e-02
4.477975e-02
4.018998e-02
3.040163e-02
2.772727e-02
2.675035e-02
2.551759e-02
2.321639e-02
2.197003e-02
2.086261e-02
2.006476e-02
1.805130e-02
1.676411e-02
1.576288e-02
1.523662e-02
1.412514e-02
1.398608e-02
1.211266e-02
1.189658e-02
1.074474e-02
1.007487e-02
9.759520e-03
9.432202e-03
9.220520e-03
8.735280e-03
8.446415e-03
8.213452e-03
7.752297e-03
7.394076e-03
7.235314e-03
6.970670e-03
6.723111e-03
6.540832e-03
6.501600e-03
6.076975e-03
5.914176e-03
5.432781e-03
5.314343e-03
5.135959e-03
4.934439e-03
4.517324e-03
4.339939e-03
4.155872e-03
3.967971e-03
3.797569e-03
3.647890e-03
3.506932e-03
3.410150e-03
3.353657e-03
3.124350e-03
3.002890e-03
2.824493e-03
2.662546e-03
2.531413e-03
2.474884e-03
2.314041e-03
2.023994e-03
1.892926e-03
1.755557e-03
1.624600e-03
1.534752e-03
1.461332e-03
1.346143e-03
1.257541e-03
1.192883e-03
1.172765e-03
1.089563e-03
9.772618e-04
9.000610e-04
8.317450e-04
6.881900e-04
6.620112e-04
5.939144e-04
4.789395e-04
3.847922e-04
2.915037e-04
1.473638e-04
6.738774e-05
-2.635159e-04
-3.669216e-04
-4.567134e-04
-6.163783e-04
-8.409273e-04
-1.011186e-03
-1.404912e-03
-1.756154e-03
-2.035175e-03
-2.173150e-03
-2.680525e-03
-3.079006e-03
-3.723782e-03
-3.840565e-03
-4.476688e-03
-5.380082e-03
-5.851021e-03
-6.244966e-03
-6.797799e-03
-7.893542e-03
-9.100622e-03
-9.948973e-03
-1.039281e-02
-1.228588e-02
-1.286317e-02
-1.643102e-02
-1.734153e-02
-1.840040e-02
-2.054638e-02
-2.497967e-02
-2.628348e-02
-2.891576e-02
-3.112130e-02
-3.701298e-02
-3.889676e-02
-4.728033e-02
-5.340731e-02
-7.414132e-02
-7.801753e-02
