1.276934e+05
6.228964e+03
3.067214e+03
2.669784e+03
1.834553e+03
1.588545e+03
1.502393e+03
9.857000e+02
8.108800e+02
6.938844e+02
5.996808e+02
4.688437e+02
3.042295e+02
2.805538e+02
2.202928e+02
1.914133e+02
1.787339e+02
1.673392e+02
1.558222e+02
1.288469e+02
1.062954e+02
9.903113e+01
9.558556e+01
8.020879e+01
7.466952e+01
6.904649e+01
6.306272e+01
6.109569e+01
5.711319e+01
5.509181e+01
5.214240e+01
4.340184e+01
3.954523e+01
3.768590e+01
3.431581e+01
3.260596e+01
3.186444e+01
2.803130e+01
2.620564e+01
2.531943e+01
2.369846e+01
2.244017e+01
1.917507e+01
1.798454e+01
1.684064e+01
1.580702e+01
1.451051e+01
1.357147e+01
1.266194e+01
1.206620e+01
1.129766e+01
1.022068e+01
9.587792e+00
8.627742e+00
8.094535e+00
7.293745e+00
7.046378e+00
6.561235e+00
6.147682e+00
5.376289e+00
5.295177e+00
4.820037e+00
4.786426e+00
4.231818e+00
3.948172e+00
3.537734e+00
3.442888e+00
2.773043e+00
2.648839e+00
2.597553e+00
2.387799e+00
2.253809e+00
2.163295e+00
2.097178e+00
2.035500e+00
1.744413e+00
1.688795e+00
1.581541e+00
1.442812e+00
1.399678e+00
1.264546e+00
1.190519e+00
1.121283e+00
1.045823e+00
1.000223e+00
9.229666e-01
8.453394e-01
8.045341e-01
7.760242e-01
7.509112e-01
6.932778e-01
6.652470e-01
6.115490e-01
5.619984e-01
5.262988e-01
4.916961e-01
4.451434e-01
3.966577e-01
3.805575e-01
3.337637e-01
3.193406e-01
3.065872e-01
2.943750e-01
2.725893e-01
2.554630e-01
2.464878e-01
2.238125e-01
2.072110e-01
1.854650e-01
1.760078e-01
1.609714e-01
1.500502e-01
1.344523e-01
1.223883e-01
1.177197e-01
1.103230e-01
1.031901e-01
9.565229e-02
9.117374e-02
8.677414e-02
7.967983e-02
7.667208e-02
7.227344e-02
7.075135e-02
6.704860e-02
6.450800e-02
5.797064e-02
5.434310e-02
4.782922e-02
4.406339e-02
4.047389e-02
3.758349e-02
3.547816e-02
3.525708e-02
3.111578e-02
2.940418e-02
2.842654e-02
2.673670e-02
2.632669e-02
2.370440e-02
1.962371e-02
1.932620e-02
1.792036e-02
1.672386e-02
1.639437e-02
1.534536e-02
1.212364e-02
1.184099e-02
1.101835e-02
1.006291e-02
9.497486e-03
9.023028e-03
5.926200e-03
5.546126e-03
5.195659e-03
4.879031e-03
4.784388e-03
4.594658e-03
4.199015e-03
4.092912e-03
3.788847e-03
3.484640e-03
3.260266e-03
2.899230e-03
2.741693e-03
2.601777e-03
2.548251e-03
2.269410e-03
2.212365e-03
1.978025e-03
1.908202e-03
1.765001e-03
1.745589e-03
1.621002e-03
1.574314e-03
1.523546e-03
1.514145e-03
1.489752e-03
1.449339e-03
1.427875e-03
1.422958e-03
1.385169e-03
1.348067e-03
1.318453e-03
1.301126e-03
1.274537e-03
1.244513e-03
1.242852e-03
1.229274e-03
1.194643e-03
1.175176e-03
1.168069e-03
1.147133e-03
1.137328e-03
1.126689e-03
1.105343e-03
1.097845e-03
1.079903e-03
1.070411e-03
1.053478e-03
1.048887e-03
1.031601e-03
1.019550e-03
1.015896e-03
1.001278e-03
9.809436e-04
9.741332e-04
9.625485e-04
9.370440e-04
9.280214e-04
9.132250e-04
9.048744e-04
8.952444e-04
8.765495e-04
8.719592e-04
8.503183e-04
8.441928e-04
8.298493e-04
8.125205e-04
8.088526e-04
7.896508e-04
7.774090e-04
7.714477e-04
7.616936e-04
7.594681e-04
7.422596e-04
7.373352e-04
7.290227e-04
7.235138e-04
7.075181e-04
7.008142e-04
6.823895e-04
6.678653e-04
6.552283e-04
6.510557e-04
6.456686e-04
6.253736e-04
6.162147e-04
6.092514e-04
5.980101e-04
5.958909e-04
5.793947e-04
5.748321e-04
5.661820e-04
5.558932e-04
5.471451e-04
5.433536e-04
5.346401e-04
5.147344e-04
5.087043e-04
4.917472e-04
4.835207e-04
4.783263e-04
4.705313e-04
4.505509e-04
4.413298e-04
4.322480e-04
4.240337e-04
4.165504e-04
4.108279e-04
4.003225e-04
3.983079e-04
3.775454e-04
3.697288e-04
3.640585e-04
3.548620e-04
3.500560e-04
3.376501e-04
3.250391e-04
3.213930e-04
3.158496e-04
3.072133e-04
3.050991e-04
2.858866e-04
2.772574e-04
2.734053e-04
2.599079e-04
2.459947e-04
2.390607e-04
2.256139e-04
2.242930e-04
2.183728e-04
2.085304e-04
1.976304e-04
1.950523e-04
1.838344e-04
1.809543e-04
1.743525e-04
1.552644e-04
1.526098e-04
1.386036e-04
1.237914e-04
1.163679e-04
1.023949e-04
9.230911e-05
8.404810e-05
7.413934e-05
6.837343e-05
5.559482e-05
4.666922e-05
4.212407e-05
2.691846e-05
1.699345e-05
1.156446e-05
-7.992217e-07
-1.254288e-05
-2.462794e-05
-2.708552e-05
-3.937184e-05
-4.139565e-05
-4.605344e-05
-6.579535e-05
-7.221694e-05
-7.855368e-05
-8.788954e-05
-1.019721e-04
-1.117919e-04
-1.170585e-04
-1.256212e-04
-1.386622e-04
-1.512799e-04
-1.722926e-04
-1.767473e-04
-1.784358e-04
-1.975022e-04
-2.067096e-04
-2.111326e-04
-2.164164e-04
-2.222672e-04
-2.360708e-04
-2.416624e-04
-2.573707e-04
-2.695380e-04
-2.790597e-04
-2.882215e-04
-3.080055e-04
-3.115793e-04
-3.185061e-04
-3.295318e-04
-3.443217e-04
-3.541043e-04
-3.639743e-04
-3.668109e-04
-3.759706e-04
-3.909255e-04
-4.076977e-04
-4.153841e-04
-4.221815e-04
-4.332238e-04
-4.411826e-04
-4.459127e-04
-4.598334e-04
-4.688574e-04
-4.736872e-04
-4.911573e-04
-4.959371e-04
-5.039267e-04
-5.108814e-04
-5.392482e-04
-5.461972e-04
-5.657545e-04
-5.707302e-04
-5.797198e-04
-6.013593e-04
-6.097840e-04
-6.372425e-04
-6.529016e-04
-6.634353e-04
-6.782857e-04
-6.885142e-04
-7.064596e-04
-7.154137e-04
-7.264853e-04
-7.414903e-04
-7.485533e-04
-7.728495e-04
-7.802236e-04
-8.025669e-04
-8.228935e-04
-8.473593e-04
-8.836427e-04
-9.190134e-04
-9.319761e-04
-9.503649e-04
