1.957666e+05
1.992034e+04
5.687198e+03
2.173587e+03
2.014944e+02
2.205537e+01
9.471519e+00
6.569230e+00
1.561164e+00
2.194518e-01
6.800990e-02
5.187185e-02
4.146123e-02
3.515757e-02
3.243025e-02
3.007212e-02
2.468353e-02
2.158945e-02
2.132268e-02
1.951740e-02
1.835017e-02
1.663885e-02
1.626986e-02
1.559795e-02
1.515587e-02
1.493261e-02
1.275572e-02
1.223087e-02
1.180914e-02
1.135839e-02
1.068861e-02
1.057799e-02
9.918413e-03
9.391494e-03
8.809946e-03
8.552826e-03
8.406819e-03
8.219419e-03
7.769663e-03
7.271933e-03
7.064885e-03
6.741405e-03
6.460189e-03
6.156060e-03
5.892358e-03
5.762774e-03
5.534643e-03
5.446282e-03
4.921313e-03
4.717229e-03
4.484578e-03
4.318788e-03
4.213930e-03
3.963392e-03
3.886276e-03
3.684591e-03
3.437946e-03
3.296643e-03
3.165034e-03
2.970017e-03
2.747824e-03
2.638095e-03
2.536505e-03
2.499791e-03
2.183527e-03
2.062120e-03
1.899028e-03
1.694623e-03
1.632909e-03
1.572313e-03
1.473977e-03
1.341002e-03
1.185444e-03
1.092999e-03
1.009447e-03
8.450463e-04
7.987014e-04
7.324973e-04
6.466251e-04
6.018126e-04
5.873664e-04
4.678630e-04
4.390577e-04
2.940205e-04
2.740227e-04
-5.232786e-05
-5.813772e-05
-1.769686e-04
-1.914096e-04
-6.212106e-04
-6.805997e-04
-8.180672e-04
-1.093658e-03
-1.292896e-03
-1.344325e-03
-1.584699e-03
-1.675359e-03
-2.302354e-03
-2.736552e-03
-2.995418e-03
-3.010400e-03
-3.998061e-03
-4.518035e-03
-4.632551e-03
-5.308033e-03
-6.402170e-03
-7.100086e-03
-7.302701e-03
-8.464341e-03
-8.901970e-03
-1.018233e-02
-1.075868e-02
-1.169156e-02
-1.277071e-02
-1.420164e-02
-1.542053e-02
-1.650918e-02
-1.705775e-02
-2.205035e-02
-2.241837e-02
-2.535054e-02
-2.933523e-02
-3.321883e-02
-3.595508e-02
-4.334741e-02
-4.597883e-02
-6.383187e-02
-8.072872e-02
