1.287973e+05
6.313931e+03
3.143752e+03
2.961552e+03
2.062589e+03
1.454973e+03
1.313309e+03
1.057583e+03
8.836979e+02
7.794691e+02
5.687527e+02
5.107133e+02
2.916567e+02
2.784970e+02
2.175177e+02
1.947641e+02
1.575785e+02
1.531707e+02
1.423491e+02
1.146202e+02
9.694048e+01
8.757146e+01
8.557257e+01
7.919858e+01
7.167108e+01
6.736500e+01
6.310357e+01
5.771844e+01
5.285637e+01
4.652098e+01
4.492615e+01
4.084203e+01
3.838737e+01
3.549458e+01
3.190860e+01
3.062551e+01
2.906854e+01
2.624642e+01
2.469727e+01
2.348043e+01
2.093222e+01
2.085850e+01
1.922303e+01
1.790599e+01
1.673176e+01
1.403066e+01
1.368381e+01
1.283528e+01
1.215239e+01
1.084155e+01
1.006762e+01
9.683968e+00
8.889224e+00
8.129339e+00
7.966275e+00
6.843784e+00
6.537956e+00
6.041162e+00
5.474409e+00
5.233982e+00
4.927063e+00
4.594665e+00
4.248452e+00
3.663713e+00
3.551226e+00
3.218322e+00
3.006009e+00
2.679340e+00
2.467593e+00
2.426595e+00
2.272002e+00
2.078203e+00
1.977796e+00
1.749657e+00
1.612882e+00
1.534126e+00
1.498719e+00
1.342178e+00
1.239177e+00
1.135507e+00
1.069659e+00
1.002804e+00
9.441276e-01
8.783353e-01
8.460613e-01
8.312733e-01
7.810577e-01
7.658843e-01
6.556711e-01
6.089851e-01
5.549948e-01
5.441662e-01
5.050102e-01
4.974593e-01
4.347621e-01
4.255101e-01
4.067537e-01
3.898879e-01
3.629213e-01
3.483014e-01
3.318588e-01
3.120708e-01
2.953851e-01
2.839260e-01
2.510542e-01
2.383201e-01
2.178700e-01
1.957739e-01
1.820343e-01
1.582410e-01
1.393253e-01
1.372626e-01
1.205598e-01
1.132572e-01
1.033030e-01
9.301978e-02
9.217639e-02
8.455414e-02
8.194179e-02
8.030666e-02
7.353033e-02
6.966096e-02
6.672822e-02
6.079087e-02
5.553617e-02
5.347259e-02
4.908201e-02
4.411280e-02
3.951617e-02
3.626539e-02
3.512232e-02
3.000803e-02
2.718796e-02
2.616558e-02
2.558711e-02
2.404388e-02
2.322514e-02
2.009774e-02
1.678459e-02
1.587320e-02
1.556836e-02
1.394825e-02
1.247945e-02
1.145180e-02
1.111974e-02
9.973082e-03
9.561163e-03
9.082212e-03
8.570585e-03
8.201471e-03
7.964094e-03
6.993491e-03
6.026059e-03
5.745055e-03
5.471775e-03
5.088238e-03
4.668784e-03
4.295430e-03
3.986086e-03
3.856931e-03
3.559134e-03
3.489785e-03
3.235877e-03
2.936613e-03
2.714514e-03
2.524521e-03
2.502155e-03
2.354305e-03
2.082887e-03
1.910505e-03
1.868109e-03
1.777309e-03
1.724221e-03
1.682712e-03
1.660594e-03
1.608424e-03
1.541082e-03
1.508566e-03
1.467483e-03
1.440387e-03
1.397329e-03
1.368355e-03
1.337073e-03
1.323100e-03
1.286055e-03
1.275331e-03
1.242938e-03
1.238831e-03
1.230943e-03
1.200425e-03
1.193285e-03
1.172953e-03
1.147204e-03
1.124549e-03
1.116855e-03
1.108371e-03
1.097156e-03
1.087426e-03
1.059393e-03
1.046667e-03
1.035985e-03
1.019620e-03
1.010827e-03
9.983843e-04
9.913327e-04
9.827679e-04
9.719986e-04
9.483263e-04
9.393873e-04
9.230814e-04
9.141862e-04
8.976890e-04
8.852441e-04
8.735019e-04
8.557039e-04
8.485583e-04
8.267346e-04
8.171512e-04
8.059625e-04
7.947939e-04
7.827546e-04
7.743670e-04
7.709000e-04
7.558651e-04
7.470528e-04
7.283190e-04
7.231321e-04
7.098661e-04
7.016098e-04
6.976227e-04
6.783390e-04
6.668641e-04
6.603358e-04
6.532276e-04
6.466210e-04
6.411815e-04
6.322613e-04
6.248752e-04
6.159645e-04
6.032991e-04
5.918646e-04
5.834806e-04
5.640309e-04
5.617302e-04
5.542371e-04
5.401226e-04
5.377500e-04
5.128532e-04
5.018158e-04
4.899754e-04
4.842191e-04
4.785210e-04
4.690688e-04
4.608499e-04
4.514157e-04
4.487781e-04
4.324554e-04
4.245425e-04
4.141511e-04
4.114279e-04
4.025644e-04
3.917292e-04
3.854506e-04
3.693396e-04
3.668196e-04
3.570069e-04
3.512101e-04
3.343244e-04
3.293448e-04
3.158736e-04
3.103940e-04
2.974907e-04
2.861786e-04
2.806890e-04
2.715554e-04
2.581489e-04
2.477801e-04
2.409427e-04
2.312483e-04
2.292821e-04
2.241932e-04
2.055713e-04
1.985951e-04
1.874885e-04
1.801963e-04
1.774982e-04
1.561036e-04
1.543463e-04
1.472831e-04
1.269176e-04
1.211044e-04
1.102414e-04
1.081968e-04
9.206385e-05
8.519848e-05
8.423526e-05
7.444900e-05
6.599001e-05
5.822159e-05
4.564137e-05
3.615472e-05
2.121490e-05
1.696593e-05
8.112781e-06
4.921829e-06
-3.083506e-06
-2.260169e-05
-2.717140e-05
-3.207062e-05
-4.315581e-05
-5.289733e-05
-5.470006e-05
-6.989558e-05
-7.971614e-05
-8.412157e-05
-1.005870e-04
-1.123603e-04
-1.203791e-04
-1.248828e-04
-1.294704e-04
-1.462808e-04
-1.536475e-04
-1.571185e-04
-1.665214e-04
-1.819148e-04
-1.865676e-04
-1.988964e-04
-2.043233e-04
-2.198638e-04
-2.362146e-04
-2.394027e-04
-2.516715e-04
-2.605789e-04
-2.688540e-04
-2.784232e-04
-2.917330e-04
-3.034454e-04
-3.057480e-04
-3.081899e-04
-3.232656e-04
-3.394579e-04
-3.470545e-04
-3.542698e-04
-3.578106e-04
-3.741704e-04
-3.842397e-04
-3.997726e-04
-4.090969e-04
-4.188014e-04
-4.301296e-04
-4.383900e-04
-4.516278e-04
-4.733896e-04
-4.801188e-04
-4.862456e-04
-4.958018e-04
-5.055847e-04
-5.212050e-04
-5.296976e-04
-5.437371e-04
-5.565199e-04
-5.657047e-04
-5.963581e-04
-6.017471e-04
-6.142968e-04
-6.214841e-04
-6.269183e-04
-6.422597e-04
-6.536736e-04
-6.732005e-04
-6.917429e-04
-7.078124e-04
-7.221094e-04
-7.408177e-04
-7.577934e-04
-7.655394e-04
-7.774201e-04
-8.042870e-04
-8.126458e-04
-8.357949e-04
-8.529724e-04
-8.877349e-04
-9.210949e-04
-9.496501e-04
