2.626008e+10
1.223481e+10
6.138476e+09
5.054790e+09
4.515873e+09
4.063970e+09
3.472919e+09
3.405164e+09
2.823357e+09
2.783283e+09
2.554578e+09
2.330789e+09
2.126034e+09
1.994096e+09
1.894992e+09
1.834446e+09
1.799748e+09
1.644065e+09
1.595719e+09
1.511382e+09
1.455191e+09
1.371619e+09
1.329172e+09
1.256331e+09
1.204730e+09
1.149756e+09
1.092301e+09
1.061130e+09
1.047296e+09
1.030812e+09
9.888399e+08
9.624924e+08
9.455047e+08
9.192849e+08
8.492810e+08
8.322163e+08
8.281368e+08
8.055072e+08
7.647390e+08
7.551375e+08
7.369521e+08
6.956923e+08
6.787619e+08
6.641886e+08
6.488768e+08
6.413314e+08
6.073165e+08
5.970891e+08
5.791981e+08
5.669372e+08
5.543039e+08
5.406528e+08
5.362652e+08
5.219006e+08
5.072546e+08
5.029142e+08
4.973695e+08
4.766332e+08
4.631007e+08
4.530082e+08
4.401016e+08
4.346643e+08
4.229876e+08
4.049968e+08
3.883266e+08
3.873041e+08
3.766518e+08
3.634692e+08
3.589450e+08
3.407012e+08
3.343848e+08
3.216332e+08
3.113867e+08
2.967040e+08
2.893485e+08
2.848221e+08
2.819441e+08
2.795451e+08
2.713494e+08
2.608245e+08
2.483183e+08
2.468554e+08
2.416731e+08
2.380532e+08
2.304361e+08
2.278090e+08
2.137985e+08
1.989759e+08
1.980693e+08
1.941124e+08
1.922199e+08
1.846276e+08
1.828100e+08
1.792402e+08
1.669167e+08
1.646776e+08
1.599575e+08
1.581662e+08
1.522505e+08
1.480288e+08
1.443948e+08
1.367793e+08
1.333160e+08
1.265631e+08
1.226084e+08
1.192150e+08
1.092229e+08
1.061323e+08
1.037891e+08
9.989106e+07
9.287718e+07
8.773841e+07
8.422384e+07
7.264421e+07
6.772697e+07
6.350906e+07
5.383704e+07
4.713179e+07
4.098838e+07
3.604191e+07
3.348787e+07
3.074306e+07
2.270226e+07
1.523570e+07
1.117947e+07
4.319599e+06
7.545642e+05
4.556619e+05
