7.594396e+09
7.155292e+08
1.140787e+08
8.275180e+07
5.177439e+07
4.033109e+07
2.870978e+07
2.474737e+07
1.405300e+07
1.315827e+07
1.217174e+07
9.755785e+06
8.537542e+06
6.681822e+06
6.383860e+06
5.429072e+06
4.588584e+06
3.461548e+06
2.674108e+06
2.325318e+06
2.015509e+06
1.929990e+06
1.567785e+06
1.334849e+06
1.210263e+06
9.970090e+05
8.550159e+05
7.661214e+05
7.277782e+05
5.474016e+05
4.393429e+05
3.614636e+05
3.233321e+05
2.311858e+05
1.620919e+05
1.331063e+05
1.085401e+05
7.694187e+04
6.182919e+04
4.642976e+04
4.248693e+04
3.193573e+04
1.764954e+04
1.598320e+04
1.346560e+04
1.012815e+04
7.089013e+03
4.557798e+03
4.290692e+03
2.512224e+03
1.588902e+03
8.596286e+02
4.548187e+02
4.352551e+02
1.923480e+02
1.720172e+02
1.063594e+02
4.460113e+01
3.897087e+01
2.926434e+01
2.258480e+01
1.105214e+01
6.138689e+00
3.570406e+00
2.661865e+00
1.177398e+00
7.578073e-01
6.619166e-01
4.948043e-01
1.947109e-01
1.208774e-01
9.028661e-02
8.265386e-02
4.716350e-02
4.427497e-02
2.836262e-02
2.442945e-02
2.329949e-02
2.072241e-02
1.792858e-02
1.696078e-02
1.588654e-02
1.312910e-02
1.011782e-02
9.641222e-03
9.291285e-03
8.548120e-03
7.556506e-03
6.622243e-03
5.247592e-03
4.804853e-03
3.603083e-03
3.504754e-03
2.926518e-03
2.473587e-03
2.260875e-03
1.733769e-03
1.569254e-03
1.362079e-03
1.083787e-03
8.319662e-04
6.567783e-04
4.940899e-04
1.415844e-04
2.729022e-05
-6.514595e-05
-2.557017e-04
-3.277177e-04
-8.573318e-04
-9.262260e-04
-1.000509e-03
-1.495587e-03
-1.723942e-03
-1.982495e-03
-2.536030e-03
-3.613372e-03
-3.849979e-03
-4.658122e-03
-4.934318e-03
-5.344953e-03
-6.859105e-03
-7.712888e-03
-9.773210e-03
-1.437863e-02
-1.726519e-02
-1.843535e-02
-2.074320e-02
-2.505347e-02
