2.989692e+10
1.452045e+10
7.578862e+09
4.385886e+09
4.051968e+09
3.732485e+09
3.372063e+09
3.083276e+09
2.779289e+09
2.584408e+09
2.358749e+09
2.138874e+09
2.089469e+09
1.893037e+09
1.842449e+09
1.756321e+09
1.703693e+09
1.644430e+09
1.610492e+09
1.563394e+09
1.523065e+09
1.407426e+09
1.379818e+09
1.344273e+09
1.298849e+09
1.180718e+09
1.176753e+09
1.154272e+09
1.096681e+09
1.068406e+09
1.015703e+09
9.788927e+08
9.551528e+08
9.215158e+08
9.057450e+08
8.976063e+08
8.876478e+08
8.538220e+08
8.156724e+08
8.036087e+08
7.579527e+08
7.500704e+08
7.360682e+08
7.234004e+08
6.874863e+08
6.753072e+08
6.612299e+08
6.466708e+08
6.318590e+08
6.060956e+08
5.947116e+08
5.860435e+08
5.627356e+08
5.417748e+08
5.384065e+08
5.345739e+08
5.177400e+08
5.173478e+08
4.961308e+08
4.794160e+08
4.684519e+08
4.643342e+08
4.591880e+08
4.424865e+08
4.316756e+08
4.191426e+08
4.157948e+08
3.935478e+08
3.862595e+08
3.764677e+08
3.636447e+08
3.601234e+08
3.447466e+08
3.330967e+08
3.170282e+08
3.145496e+08
2.949027e+08
2.931364e+08
2.883569e+08
2.735749e+08
2.704126e+08
2.636969e+08
2.554194e+08
2.514448e+08
2.394298e+08
2.331492e+08
2.298077e+08
2.140230e+08
2.068508e+08
2.021049e+08
1.965712e+08
1.910108e+08
1.833645e+08
1.806639e+08
1.766528e+08
1.729776e+08
1.660643e+08
1.640350e+08
1.569122e+08
1.554557e+08
1.516062e+08
1.465651e+08
1.408682e+08
1.383329e+08
1.322090e+08
1.265684e+08
1.231040e+08
1.210598e+08
1.090118e+08
1.073110e+08
1.044745e+08
9.843337e+07
9.517790e+07
9.069278e+07
8.704063e+07
7.738119e+07
7.271041e+07
6.016315e+07
5.380085e+07
4.776209e+07
3.915087e+07
3.630887e+07
3.585227e+07
2.334022e+07
2.117424e+07
1.820305e+07
1.723774e+07
9.745195e+06
