3.344304e+05
2.708211e+05
1.726250e+05
1.380966e+05
1.221490e+05
1.152297e+05
1.008017e+05
9.177632e+04
8.844912e+04
7.520081e+04
6.304437e+04
5.344133e+04
5.247974e+04
4.268488e+04
3.802371e+04
3.096826e+04
2.954764e+04
2.310855e+04
1.941653e+04
1.638934e+04
1.116543e+04
1.067587e+04
9.739249e+03
8.231442e+03
7.593176e+03
6.734558e+03
6.244042e+03
5.286254e+03
4.099408e+03
3.676744e+03
3.316907e+03
2.993265e+03
2.299900e+03
1.784862e+03
1.718066e+03
1.586610e+03
1.126669e+03
9.790697e+02
7.804283e+02
7.067972e+02
5.614837e+02
4.471285e+02
3.809803e+02
3.483207e+02
3.344655e+02
2.707794e+02
2.215186e+02
1.854237e+02
1.777517e+02
1.446273e+02
1.215493e+02
9.502328e+01
8.283016e+01
7.618124e+01
6.015840e+01
4.960098e+01
4.111038e+01
3.592743e+01
3.085814e+01
2.520008e+01
2.315880e+01
1.761146e+01
1.045845e+01
9.254058e+00
7.785552e+00
6.308251e+00
6.043122e+00
4.864161e+00
3.944059e+00
2.460080e+00
2.226529e+00
1.845061e+00
1.757959e+00
1.546709e+00
1.359517e+00
1.289656e+00
6.892507e-01
5.575285e-01
5.032697e-01
4.711533e-01
3.616459e-01
3.278336e-01
2.706476e-01
2.474003e-01
1.783233e-01
1.395342e-01
1.154655e-01
9.082714e-02
7.147317e-02
6.163026e-02
4.377062e-02
3.832824e-02
3.601665e-02
3.324489e-02
3.126984e-02
3.009216e-02
2.938618e-02
2.763773e-02
2.348995e-02
2.268350e-02
2.188482e-02
2.165777e-02
2.078070e-02
2.040543e-02
1.995074e-02
1.891622e-02
1.852828e-02
1.813728e-02
1.784859e-02
1.727815e-02
1.690914e-02
1.647863e-02
1.568483e-02
1.503425e-02
1.458825e-02
1.447197e-02
1.397571e-02
1.347687e-02
1.329175e-02
1.243683e-02
1.207680e-02
1.170533e-02
1.137938e-02
1.114525e-02
9.728929e-03
8.940818e-03
8.431941e-03
5.517852e-03
