2.123039e+12
1.846689e+12
1.787940e+12
1.542525e+12
1.326673e+12
1.303642e+12
1.150986e+12
1.072512e+12
1.053606e+12
1.033612e+12
9.570752e+11
9.096548e+11
8.709584e+11
8.038793e+11
7.431156e+11
7.141727e+11
6.817263e+11
6.391682e+11
6.076564e+11
5.982986e+11
5.856973e+11
5.649713e+11
5.358806e+11
5.217250e+11
4.977074e+11
4.865213e+11
4.393968e+11
4.358541e+11
4.216491e+11
4.128073e+11
4.052851e+11
3.920402e+11
3.781650e+11
3.724661e+11
3.500291e+11
3.408197e+11
3.334695e+11
3.224619e+11
3.032299e+11
2.984084e+11
2.911177e+11
2.790849e+11
2.729145e+11
2.652779e+11
2.605755e+11
2.580862e+11
2.428178e+11
2.342141e+11
2.286256e+11
2.204476e+11
2.154568e+11
2.059050e+11
1.968615e+11
1.899975e+11
1.871028e+11
1.840125e+11
1.765531e+11
1.700735e+11
1.655107e+11
1.614857e+11
1.584172e+11
1.559103e+11
1.521491e+11
1.493444e+11
1.426430e+11
1.418857e+11
1.385878e+11
1.341010e+11
1.327900e+11
1.309545e+11
1.281561e+11
1.242342e+11
1.214372e+11
1.185973e+11
1.134799e+11
1.097630e+11
1.083305e+11
1.069602e+11
1.057046e+11
1.028614e+11
1.019783e+11
1.001832e+11
9.945649e+10
9.729727e+10
9.394265e+10
9.224688e+10
8.967791e+10
8.910048e+10
8.726363e+10
8.567030e+10
8.515618e+10
8.169144e+10
7.925672e+10
7.840569e+10
7.670679e+10
7.583814e+10
7.418762e+10
7.260004e+10
7.224143e+10
7.148524e+10
6.884753e+10
6.838935e+10
6.731300e+10
6.647725e+10
6.460905e+10
6.298708e+10
6.265557e+10
6.145490e+10
5.921661e+10
5.811840e+10
5.604879e+10
5.569356e+10
5.454678e+10
5.217701e+10
5.129942e+10
4.972858e+10
4.760921e+10
4.672807e+10
4.472635e+10
4.334667e+10
4.253200e+10
3.922314e+10
3.559911e+10
2.947755e+10
2.807121e+10
2.275711e+10
2.190137e+10
1.990073e+10
