8.574853e+04
3.599354e+03
2.445644e+03
1.748240e+03
1.058205e+03
7.154520e+02
5.323060e+02
4.340356e+02
3.369639e+02
3.046170e+02
2.757752e+02
2.326379e+02
2.183939e+02
1.828603e+02
1.721662e+02
1.648721e+02
1.539436e+02
1.490110e+02
1.437943e+02
1.364072e+02
1.216288e+02
1.150995e+02
1.082106e+02
1.025780e+02
9.690983e+01
9.371075e+01
9.018503e+01
8.590017e+01
8.015128e+01
7.026537e+01
6.876784e+01
6.512433e+01
5.850153e+01
5.645594e+01
5.065609e+01
4.789487e+01
4.640691e+01
4.520868e+01
3.976386e+01
3.894160e+01
3.752288e+01
3.383993e+01
3.225708e+01
2.996735e+01
2.929124e+01
2.645019e+01
2.346879e+01
2.252617e+01
2.159328e+01
2.098841e+01
2.007423e+01
1.988292e+01
1.877994e+01
1.763120e+01
1.583039e+01
1.528455e+01
1.461472e+01
1.354672e+01
1.260606e+01
1.159138e+01
1.067626e+01
9.907985e+00
9.524220e+00
9.017895e+00
7.966420e+00
6.911920e+00
6.429972e+00
6.192783e+00
5.906671e+00
5.430623e+00
5.306242e+00
4.864794e+00
4.165647e+00
3.905642e+00
3.563346e+00
3.440117e+00
3.082230e+00
2.987804e+00
2.817473e+00
2.729172e+00
2.529445e+00
2.423420e+00
2.330433e+00
2.087709e+00
1.961249e+00
1.798868e+00
1.709068e+00
1.630106e+00
1.582145e+00
1.504506e+00
1.484514e+00
1.413255e+00
1.335268e+00
1.129096e+00
1.105353e+00
1.086294e+00
1.022730e+00
9.226671e-01
8.982823e-01
8.793558e-01
8.656697e-01
7.468809e-01
7.345412e-01
6.819035e-01
6.326548e-01
6.181191e-01
5.986228e-01
5.534501e-01
5.116053e-01
4.854320e-01
4.591037e-01
4.497872e-01
4.401436e-01
4.182774e-01
3.672984e-01
3.611592e-01
3.488230e-01
3.231220e-01
3.018194e-01
2.903429e-01
2.718977e-01
2.506985e-01
2.238967e-01
2.165952e-01
2.105107e-01
1.970876e-01
1.908858e-01
1.805716e-01
1.752309e-01
1.582024e-01
1.512573e-01
1.445190e-01
1.382883e-01
1.326165e-01
1.169156e-01
1.151297e-01
1.077450e-01
1.014917e-01
9.695906e-02
8.409197e-02
7.919774e-02
7.431489e-02
7.202458e-02
6.252965e-02
6.089292e-02
5.985128e-02
5.624552e-02
5.477541e-02
5.195042e-02
4.991664e-02
4.618523e-02
4.353429e-02
4.195231e-02
4.044825e-02
3.823087e-02
3.773054e-02
3.660929e-02
3.292450e-02
3.248790e-02
3.061362e-02
2.987113e-02
2.733099e-02
2.532951e-02
2.410545e-02
2.260028e-02
2.115086e-02
2.083293e-02
1.795003e-02
1.663266e-02
1.592364e-02
1.445826e-02
1.393452e-02
1.363089e-02
1.281953e-02
1.222350e-02
1.103540e-02
1.070491e-02
1.039113e-02
9.734281e-03
9.429476e-03
8.715877e-03
8.253505e-03
7.511174e-03
7.318294e-03
6.848596e-03
6.230141e-03
5.207781e-03
4.923056e-03
4.813361e-03
4.561043e-03
4.377907e-03
4.137771e-03
3.917428e-03
3.617234e-03
3.489781e-03
3.285253e-03
3.227366e-03
3.054764e-03
2.920809e-03
2.722929e-03
2.568515e-03
2.551506e-03
2.350143e-03
2.310497e-03
2.285618e-03
2.179552e-03
2.116463e-03
1.966760e-03
1.924224e-03
1.804478e-03
1.732489e-03
1.563240e-03
1.540442e-03
1.469005e-03
1.437329e-03
1.388037e-03
1.372515e-03
1.338484e-03
1.302282e-03
1.295379e-03
1.249921e-03
1.239069e-03
1.211098e-03
1.182788e-03
1.164753e-03
1.143330e-03
1.123357e-03
1.102526e-03
1.095070e-03
1.071041e-03
1.057800e-03
1.057449e-03
1.046400e-03
1.032986e-03
1.004068e-03
9.996156e-04
9.742538e-04
9.565185e-04
9.425238e-04
9.334976e-04
9.095527e-04
9.005644e-04
8.847007e-04
8.715270e-04
8.580070e-04
8.540405e-04
8.434027e-04
8.297365e-04
8.189862e-04
8.168352e-04
8.086172e-04
8.020005e-04
7.830503e-04
7.746773e-04
7.642831e-04
7.410822e-04
7.386024e-04
7.260624e-04
7.246783e-04
7.118804e-04
7.067766e-04
6.949708e-04
6.795482e-04
6.666725e-04
6.601997e-04
6.435665e-04
6.314273e-04
6.250719e-04
6.016289e-04
5.954742e-04
5.855575e-04
5.724453e-04
5.663346e-04
5.620830e-04
5.474049e-04
5.416868e-04
5.323444e-04
5.254758e-04
5.172697e-04
5.074423e-04
4.881936e-04
4.804015e-04
4.779485e-04
4.720707e-04
4.587235e-04
4.412522e-04
4.347275e-04
4.206813e-04
4.156740e-04
4.094736e-04
4.007366e-04
3.926216e-04
3.922073e-04
3.807354e-04
3.760396e-04
3.681449e-04
3.495211e-04
3.411707e-04
3.366204e-04
3.275161e-04
3.078086e-04
2.974737e-04
2.900225e-04
2.873054e-04
2.739990e-04
2.624723e-04
2.544864e-04
2.380485e-04
2.257187e-04
2.125215e-04
2.087797e-04
1.992128e-04
1.896507e-04
1.757503e-04
1.676105e-04
1.595176e-04
1.449265e-04
1.387325e-04
1.328601e-04
1.273567e-04
1.170112e-04
1.025541e-04
9.184686e-05
8.471403e-05
6.248078e-05
5.886911e-05
5.294392e-05
4.741215e-05
3.876761e-05
3.304890e-05
2.349174e-05
8.558077e-06
4.594392e-08
8.251329e-14
1.308293e-14
-7.752099e-14
-1.331728e-13
-4.260212e-06
-2.934484e-05
-4.058430e-05
-4.633496e-05
-5.827487e-05
-6.468120e-05
-7.221892e-05
-8.015343e-05
-8.813122e-05
-9.580046e-05
-1.109465e-04
-1.181530e-04
-1.200451e-04
-1.303669e-04
-1.489594e-04
-1.629702e-04
-1.715687e-04
-1.814169e-04
-1.901079e-04
-1.960513e-04
-2.145314e-04
-2.207566e-04
-2.345915e-04
-2.400873e-04
-2.621827e-04
-2.751767e-04
-2.827861e-04
-3.020806e-04
-3.148792e-04
-3.227464e-04
-3.310750e-04
-3.377084e-04
-3.508880e-04
-3.681003e-04
-3.739463e-04
-3.869093e-04
-4.127323e-04
-4.174962e-04
-4.410185e-04
-4.516028e-04
-4.656363e-04
-4.973035e-04
-5.130005e-04
-5.201554e-04
-5.580613e-04
-5.686930e-04
-5.769889e-04
