7.170662e+09
5.082483e+08
8.572501e+07
8.195977e+07
4.320454e+07
3.911779e+07
3.442354e+07
2.990328e+07
1.621722e+07
1.383156e+07
1.233219e+07
9.159675e+06
5.323610e+06
5.122566e+06
4.124384e+06
3.554654e+06
2.991821e+06
2.696570e+06
2.050584e+06
1.872019e+06
1.657732e+06
1.283738e+06
1.185406e+06
9.627027e+05
9.151574e+05
6.448634e+05
5.913002e+05
4.856717e+05
4.502474e+05
4.329162e+05
3.544735e+05
2.456575e+05
1.898029e+05
1.471345e+05
1.249508e+05
9.625062e+04
8.418334e+04
7.334155e+04
5.790650e+04
4.369695e+04
3.602301e+04
2.573996e+04
1.693238e+04
1.442306e+04
1.347986e+04
1.017192e+04
7.821939e+03
5.434394e+03
4.153842e+03
3.269266e+03
2.033595e+03
7.398685e+02
5.557275e+02
2.864319e+02
1.944491e+02
1.192187e+02
7.389905e+01
5.939169e+01
4.829597e+01
2.222796e+01
1.577530e+01
1.293870e+01
5.433756e+00
3.142757e+00
2.494084e+00
1.677519e+00
6.262246e-01
5.505980e-01
4.737431e-01
3.716271e-01
2.183974e-01
1.241599e-01
8.477405e-02
7.950787e-02
5.450549e-02
3.435336e-02
2.270941e-02
2.135179e-02
1.692247e-02
1.441520e-02
1.342359e-02
1.114908e-02
1.016067e-02
9.129485e-03
7.793076e-03
7.222939e-03
6.779281e-03
5.686119e-03
4.755528e-03
4.409462e-03
4.202228e-03
3.542695e-03
3.213423e-03
3.139431e-03
2.521320e-03
2.444246e-03
1.987800e-03
1.684790e-03
1.482452e-03
9.795725e-04
8.510024e-04
7.601299e-04
3.989002e-04
2.539940e-04
1.960004e-04
-2.369499e-05
-3.841888e-04
-6.518869e-04
-8.647223e-04
-1.046427e-03
-1.139814e-03
-1.550668e-03
-1.617468e-03
-2.046403e-03
-2.271976e-03
-2.593681e-03
-3.082349e-03
-3.796315e-03
-4.339905e-03
-6.263051e-03
-6.357114e-03
-6.882879e-03
-8.132743e-03
-8.734640e-03
-1.044798e-02
-1.401325e-02
-1.675908e-02
-2.695000e-02
