2.636994e+10
1.448862e+10
8.079287e+09
4.800869e+09
4.102787e+09
3.598289e+09
3.274811e+09
2.885572e+09
2.685332e+09
2.598310e+09
2.478249e+09
2.307599e+09
2.177902e+09
2.135691e+09
1.932416e+09
1.837541e+09
1.645487e+09
1.594882e+09
1.507868e+09
1.464727e+09
1.442825e+09
1.366716e+09
1.346178e+09
1.226487e+09
1.176340e+09
1.137951e+09
1.104353e+09
1.063706e+09
1.013678e+09
9.974982e+08
9.694496e+08
9.136042e+08
8.852463e+08
8.548660e+08
8.358426e+08
8.113093e+08
7.995022e+08
7.845803e+08
7.635784e+08
7.476995e+08
7.406322e+08
7.247696e+08
6.794808e+08
6.701219e+08
6.641263e+08
6.350609e+08
6.235836e+08
6.010283e+08
5.870709e+08
5.721912e+08
5.690133e+08
5.524390e+08
5.291440e+08
5.118361e+08
5.014101e+08
4.852968e+08
4.692825e+08
4.566833e+08
4.463734e+08
4.365525e+08
4.326632e+08
4.251542e+08
3.949259e+08
3.936668e+08
3.826671e+08
3.701205e+08
3.550919e+08
3.503883e+08
3.360292e+08
3.277832e+08
3.206690e+08
3.154746e+08
3.085078e+08
3.056764e+08
3.012403e+08
2.956703e+08
2.816510e+08
2.733773e+08
2.682757e+08
2.596298e+08
2.489868e+08
2.325776e+08
2.310387e+08
2.171738e+08
2.133702e+08
2.056473e+08
2.014858e+08
1.959711e+08
1.934987e+08
1.869017e+08
1.743618e+08
1.694305e+08
1.649741e+08
1.622520e+08
1.550712e+08
1.523461e+08
1.480715e+08
1.403419e+08
1.365580e+08
1.340923e+08
1.272459e+08
1.240989e+08
1.188848e+08
1.113495e+08
1.107552e+08
1.045696e+08
1.039152e+08
9.873973e+07
9.299070e+07
8.635182e+07
7.738890e+07
6.965422e+07
6.662214e+07
6.482415e+07
5.047066e+07
3.942900e+07
3.844382e+07
3.277423e+07
3.079160e+07
2.675317e+07
2.245958e+07
1.453854e+07
1.412713e+07
1.320004e+07
3.927238e+06
1.679922e+06
1.527353e+06
3.899932e+05
