1.338903e+08
1.943854e+07
2.143797e+06
1.287391e+06
8.190012e+05
2.785241e+05
1.319082e+05
1.141820e+05
1.711326e+04
9.999770e+03
2.995628e+03
9.851742e+02
4.410513e+02
1.913326e+02
9.490976e+01
7.681797e+01
4.847467e+01
3.859704e+01
3.493579e+01
3.318283e+01
3.109136e+01
2.481198e+01
2.277512e+01
2.110064e+01
1.845634e+01
1.674237e+01
1.544704e+01
1.442656e+01
1.299538e+01
1.253863e+01
1.137523e+01
1.086085e+01
1.043923e+01
9.561145e+00
9.382182e+00
8.922158e+00
8.617131e+00
7.825520e+00
7.287608e+00
7.195360e+00
6.662211e+00
6.617247e+00
6.247180e+00
6.018924e+00
5.599869e+00
5.290175e+00
5.037782e+00
4.758518e+00
4.640877e+00
4.383373e+00
4.319251e+00
3.895945e+00
3.860141e+00
3.512048e+00
3.127997e+00
2.796403e+00
2.695689e+00
2.595050e+00
2.510230e+00
2.109094e+00
1.826353e+00
1.704058e+00
1.498520e+00
1.225653e+00
1.177238e+00
1.056219e+00
9.747985e-01
8.260928e-01
6.725554e-01
5.864853e-01
5.186115e-01
4.078539e-01
3.771604e-01
1.774395e-01
1.653958e-01
1.218542e-01
8.909549e-02
7.860777e-02
7.031137e-02
2.864543e-02
2.465596e-03
8.747583e-10
-4.044308e-02
-9.118902e-02
-1.493954e-01
-2.197675e-01
-3.335621e-01
-3.535578e-01
-4.972917e-01
-5.322641e-01
-6.904795e-01
-7.579884e-01
-8.227304e-01
-9.486773e-01
-1.044310e+00
-1.336235e+00
-1.383499e+00
-1.587968e+00
-2.108469e+00
-2.231360e+00
-2.390289e+00
-2.921268e+00
-3.131808e+00
-3.374984e+00
-3.422724e+00
-4.150488e+00
-4.315780e+00
-4.660230e+00
-5.176689e+00
-5.724987e+00
-6.775978e+00
-6.933920e+00
-7.438872e+00
-8.536651e+00
-9.208097e+00
-9.833485e+00
-1.041876e+01
-1.105446e+01
-1.195754e+01
-1.439840e+01
-1.814135e+01
-1.968509e+01
-2.474531e+01
-2.922848e+01
-4.283536e+01
-4.920955e+01
-6.789983e+01
-7.431952e+01
