2.172584e+12
1.724320e+12
1.621663e+12
1.541670e+12
1.436834e+12
1.352766e+12
1.249551e+12
1.176713e+12
1.120572e+12
1.054985e+12
9.464958e+11
9.059064e+11
8.522799e+11
8.088168e+11
7.688577e+11
7.370207e+11
6.864382e+11
6.630501e+11
6.393568e+11
5.837959e+11
5.732654e+11
5.501004e+11
5.443313e+11
5.138941e+11
4.988152e+11
4.632764e+11
4.597450e+11
4.492002e+11
4.403165e+11
4.189253e+11
3.924727e+11
3.860263e+11
3.679310e+11
3.652730e+11
3.458396e+11
3.390496e+11
3.294462e+11
3.169269e+11
3.161960e+11
3.074866e+11
2.934858e+11
2.800080e+11
2.760754e+11
2.704818e+11
2.609436e+11
2.580814e+11
2.380592e+11
2.339820e+11
2.291016e+11
2.207262e+11
2.165521e+11
2.136844e+11
2.055587e+11
2.022431e+11
1.966299e+11
1.912706e+11
1.897318e+11
1.818170e+11
1.770034e+11
1.722307e+11
1.707283e+11
1.687702e+11
1.638152e+11
1.557994e+11
1.534606e+11
1.498507e+11
1.474709e+11
1.407068e+11
1.355120e+11
1.348931e+11
1.304499e+11
1.279676e+11
1.263453e+11
1.246839e+11
1.199763e+11
1.175670e+11
1.142558e+11
1.130048e+11
1.095922e+11
1.078507e+11
1.064545e+11
1.043352e+11
1.032348e+11
1.010750e+11
9.884393e+10
9.653098e+10
9.562592e+10
9.451615e+10
9.364545e+10
9.177569e+10
8.869948e+10
8.836361e+10
8.496764e+10
8.402960e+10
8.180000e+10
8.129902e+10
7.974954e+10
7.641556e+10
7.400294e+10
7.252495e+10
7.050918e+10
6.987750e+10
6.843710e+10
6.821504e+10
6.741959e+10
6.577454e+10
6.407086e+10
6.269619e+10
6.242035e+10
6.023337e+10
5.876730e+10
5.763469e+10
5.578438e+10
5.502626e+10
5.478451e+10
5.298391e+10
5.178468e+10
4.969653e+10
4.841938e+10
4.765959e+10
4.564062e+10
4.361672e+10
4.294697e+10
3.662806e+10
3.547616e+10
3.187556e+10
1.220152e+10
6.492636e+09
