5.826208e+04
1.180171e+04
5.814550e+03
2.123865e+03
1.364337e+03
1.029274e+03
7.237107e+02
4.247735e+02
3.692807e+02
2.879880e+02
2.526726e+02
2.407399e+02
1.600778e+02
1.418263e+02
1.048423e+02
9.456272e+01
9.291558e+01
9.070157e+01
6.121400e+01
5.774468e+01
5.400979e+01
4.284934e+01
3.623365e+01
3.198900e+01
2.953598e+01
2.644672e+01
2.363457e+01
2.002693e+01
1.568072e+01
1.452056e+01
1.332363e+01
1.138787e+01
1.054594e+01
9.512978e+00
6.792410e+00
6.689714e+00
6.343134e+00
5.378869e+00
4.797638e+00
4.104548e+00
3.146665e+00
2.453434e+00
2.342241e+00
2.193043e+00
1.720611e+00
1.639292e+00
1.476591e+00
1.114923e+00
9.612616e-01
9.065551e-01
8.459524e-01
4.909528e-01
4.726599e-01
3.648349e-01
3.543886e-01
2.836464e-01
2.341521e-01
2.051578e-01
1.469452e-01
1.095237e-01
7.972192e-02
7.139862e-02
4.337415e-02
3.972240e-02
3.183188e-02
3.010263e-02
2.838004e-02
2.460423e-02
2.173120e-02
1.611564e-02
1.369622e-02
1.259384e-02
1.044963e-02
8.135669e-03
7.992283e-03
5.993457e-03
5.529759e-03
4.598363e-03
3.672622e-03
3.146743e-03
3.065833e-03
2.740117e-03
2.376836e-03
1.656433e-03
1.561617e-03
1.317659e-03
1.283853e-03
1.065713e-03
9.334364e-04
8.913033e-04
8.445676e-04
7.645285e-04
7.475936e-04
7.168769e-04
6.873450e-04
6.465949e-04
6.282334e-04
6.141472e-04
5.859087e-04
5.817250e-04
5.656958e-04
5.535826e-04
5.470210e-04
5.304469e-04
5.153628e-04
5.127663e-04
5.051007e-04
4.903944e-04
4.745949e-04
4.617975e-04
4.595601e-04
4.570124e-04
4.447302e-04
4.428969e-04
4.352471e-04
4.310151e-04
4.251002e-04
4.177129e-04
4.078709e-04
4.031349e-04
3.981316e-04
3.930407e-04
3.907035e-04
3.812105e-04
3.789021e-04
3.729861e-04
3.671094e-04
3.647006e-04
3.615985e-04
3.594626e-04
3.545395e-04
3.512472e-04
3.447557e-04
3.387696e-04
3.379658e-04
3.335151e-04
3.300979e-04
3.253949e-04
3.213952e-04
3.168778e-04
3.144044e-04
3.070090e-04
3.061851e-04
3.018705e-04
2.970691e-04
2.928718e-04
2.912399e-04
2.887716e-04
2.863613e-04
2.832252e-04
2.782516e-04
2.768791e-04
2.752061e-04
2.690233e-04
2.635117e-04
2.623450e-04
2.595750e-04
2.559216e-04
2.538890e-04
2.536909e-04
2.528919e-04
2.448651e-04
2.430037e-04
2.405152e-04
2.358385e-04
2.333253e-04
2.313563e-04
2.288684e-04
2.269934e-04
2.227558e-04
2.197903e-04
2.123382e-04
2.111516e-04
2.087152e-04
2.037438e-04
2.019843e-04
1.979393e-04
1.949820e-04
1.936074e-04
1.896311e-04
1.862412e-04
1.854625e-04
1.840826e-04
1.815093e-04
1.792325e-04
1.775908e-04
1.734028e-04
1.684888e-04
1.666127e-04
1.644344e-04
1.609023e-04
1.599308e-04
1.576593e-04
1.556136e-04
1.544307e-04
1.499839e-04
1.481597e-04
1.452337e-04
1.434371e-04
1.374826e-04
1.363618e-04
1.331803e-04
1.297888e-04
1.291523e-04
1.265865e-04
1.241511e-04
1.231960e-04
1.207539e-04
1.196747e-04
1.162410e-04
1.144173e-04
1.121178e-04
1.098823e-04
1.055662e-04
9.995637e-05
9.926227e-05
9.747036e-05
9.603170e-05
9.477144e-05
9.165602e-05
8.894181e-05
8.772834e-05
8.234168e-05
8.128134e-05
7.871378e-05
7.812073e-05
7.600343e-05
7.048398e-05
6.785378e-05
6.712463e-05
6.314865e-05
6.104115e-05
5.841029e-05
5.578245e-05
5.458239e-05
5.323853e-05
5.128307e-05
4.764126e-05
4.589921e-05
4.256014e-05
4.104770e-05
4.018029e-05
3.865965e-05
3.574606e-05
3.314445e-05
3.171714e-05
2.934950e-05
2.759692e-05
2.487349e-05
2.311570e-05
2.238419e-05
1.655794e-05
1.381928e-05
1.045303e-05
8.902831e-06
7.848769e-06
3.223542e-06
1.013121e-06
8.002809e-08
3.059910e-14
-1.618886e-14
-5.695991e-14
-1.565934e-06
-8.599503e-06
-1.053335e-05
-1.222561e-05
-1.476421e-05
-1.639869e-05
-2.135452e-05
-2.282351e-05
-2.440091e-05
-2.633103e-05
-2.750869e-05
-3.401419e-05
-3.458663e-05
-3.724929e-05
-4.009753e-05
-4.091899e-05
-4.366128e-05
-4.618470e-05
-4.777675e-05
-5.339980e-05
-5.595677e-05
-5.662845e-05
-5.898832e-05
-5.961855e-05
-6.088200e-05
-6.469687e-05
-6.684462e-05
-6.908202e-05
-7.119399e-05
-7.253766e-05
-7.478674e-05
-7.770593e-05
-7.905613e-05
-8.160771e-05
-8.508293e-05
-8.592823e-05
-9.068302e-05
-9.213282e-05
-9.548322e-05
-9.804829e-05
-1.010629e-04
-1.033263e-04
-1.049855e-04
-1.081145e-04
-1.092991e-04
-1.132479e-04
-1.168214e-04
-1.177795e-04
-1.206750e-04
-1.220191e-04
-1.238342e-04
-1.269539e-04
-1.303269e-04
-1.342815e-04
-1.368327e-04
-1.373928e-04
-1.380881e-04
-1.405803e-04
-1.425224e-04
-1.451381e-04
-1.514531e-04
-1.532039e-04
-1.569283e-04
-1.612120e-04
-1.630094e-04
-1.644841e-04
-1.691911e-04
-1.721308e-04
-1.741186e-04
-1.751877e-04
-1.793325e-04
-1.848823e-04
-1.858203e-04
-1.879365e-04
-1.905370e-04
-1.937711e-04
-1.976440e-04
-1.999184e-04
-2.024938e-04
-2.069025e-04
-2.103055e-04
-2.119552e-04
-2.153063e-04
-2.210645e-04
-2.234636e-04
-2.264992e-04
-2.276229e-04
-2.317788e-04
-2.378124e-04
-2.399267e-04
-2.444024e-04
-2.460993e-04
-2.497702e-04
-2.585435e-04
-2.617628e-04
-2.661126e-04
-2.710282e-04
-2.785109e-04
-2.794235e-04
-2.806810e-04
-2.839723e-04
-2.944142e-04
-2.975499e-04
-3.007037e-04
-3.029092e-04
-3.122200e-04
-3.183434e-04
-3.221699e-04
-3.320361e-04
-3.358568e-04
-3.410371e-04
-3.505894e-04
-3.594346e-04
-3.726314e-04
-3.851745e-04
-3.921143e-04
-4.231740e-04
-4.511247e-04
-5.578694e-04
-6.103133e-04
-6.606139e-04
-1.050607e-03
