1.236716e+05
6.144749e+03
4.178856e+03
2.525731e+03
1.653665e+03
1.211065e+03
8.474166e+02
6.804882e+02
5.721111e+02
5.183202e+02
4.674148e+02
3.985607e+02
3.423050e+02
3.149744e+02
3.052496e+02
2.660566e+02
2.271575e+02
2.009397e+02
1.731032e+02
1.582067e+02
1.400432e+02
1.249306e+02
1.217598e+02
1.139227e+02
1.062226e+02
1.038800e+02
9.688219e+01
8.426657e+01
7.931364e+01
7.628847e+01
6.449788e+01
6.080203e+01
5.615199e+01
5.322216e+01
5.200006e+01
4.729244e+01
4.280117e+01
4.020313e+01
3.815188e+01
3.496671e+01
3.155273e+01
3.038968e+01
2.844506e+01
2.785649e+01
2.596231e+01
2.416377e+01
2.217463e+01
2.068281e+01
1.923413e+01
1.707890e+01
1.614672e+01
1.564042e+01
1.462516e+01
1.319054e+01
1.195273e+01
1.124358e+01
1.045916e+01
9.645916e+00
8.822186e+00
8.478922e+00
8.220447e+00
7.738107e+00
6.823506e+00
6.751932e+00
6.047882e+00
5.858805e+00
5.163042e+00
5.042821e+00
4.437479e+00
3.830305e+00
3.356853e+00
3.146908e+00
2.949343e+00
2.912167e+00
2.723171e+00
2.444193e+00
2.363142e+00
2.122392e+00
2.050529e+00
1.912459e+00
1.889542e+00
1.764387e+00
1.696158e+00
1.646536e+00
1.419330e+00
1.323995e+00
1.179582e+00
1.049127e+00
1.015561e+00
9.355856e-01
8.835507e-01
7.881430e-01
7.653473e-01
7.281344e-01
6.917826e-01
6.359084e-01
5.787771e-01
5.181169e-01
5.070773e-01
4.765695e-01
4.224122e-01
3.961885e-01
3.872011e-01
3.191881e-01
2.986510e-01
2.771118e-01
2.645186e-01
2.478843e-01
2.327655e-01
2.229701e-01
2.046143e-01
1.995423e-01
1.909763e-01
1.761930e-01
1.703893e-01
1.528817e-01
1.482695e-01
1.300533e-01
1.228513e-01
1.187601e-01
1.082045e-01
9.873412e-02
9.048614e-02
8.311301e-02
8.079486e-02
7.604579e-02
7.087867e-02
6.772595e-02
6.374279e-02
6.099816e-02
5.445474e-02
5.329325e-02
5.050658e-02
4.748552e-02
4.656176e-02
4.029824e-02
3.544781e-02
3.380358e-02
3.246695e-02
2.792591e-02
2.567165e-02
2.447382e-02
2.281525e-02
2.079236e-02
1.982190e-02
1.858120e-02
1.765323e-02
1.544900e-02
1.413015e-02
1.281210e-02
1.221588e-02
1.104438e-02
1.020182e-02
9.615283e-03
9.025425e-03
8.491288e-03
7.686382e-03
7.413512e-03
6.534962e-03
5.705656e-03
5.166860e-03
4.619845e-03
3.979679e-03
3.838940e-03
3.236677e-03
3.061595e-03
2.883481e-03
2.720944e-03
2.554127e-03
2.498192e-03
2.208204e-03
2.173268e-03
2.086997e-03
2.047787e-03
1.964680e-03
1.818706e-03
1.720671e-03
1.583957e-03
1.503185e-03
1.474673e-03
1.451960e-03
1.432725e-03
1.383466e-03
1.356447e-03
1.345028e-03
1.318178e-03
1.294968e-03
1.283682e-03
1.265249e-03
1.240729e-03
1.221051e-03
1.205598e-03
1.194952e-03
1.182930e-03
1.179809e-03
1.165836e-03
1.157264e-03
1.156330e-03
1.104272e-03
1.096270e-03
1.081488e-03
1.062930e-03
1.052350e-03
1.036063e-03
1.020581e-03
1.013758e-03
1.004613e-03
9.870400e-04
9.818845e-04
9.673728e-04
9.621758e-04
9.487902e-04
9.425684e-04
9.200893e-04
9.140167e-04
9.086307e-04
9.054089e-04
8.988071e-04
8.789286e-04
8.730646e-04
8.553660e-04
8.475551e-04
8.361380e-04
8.325609e-04
8.158830e-04
7.941027e-04
7.901686e-04
7.786663e-04
7.686061e-04
7.623357e-04
7.511955e-04
7.366273e-04
7.281494e-04
7.203278e-04
7.190597e-04
7.013172e-04
6.956711e-04
6.862959e-04
6.766737e-04
6.652198e-04
6.550879e-04
6.478745e-04
6.417892e-04
6.415814e-04
6.271861e-04
6.174404e-04
6.054047e-04
5.991702e-04
5.853699e-04
5.816618e-04
5.726921e-04
5.605768e-04
5.544529e-04
5.508015e-04
5.381184e-04
5.269671e-04
5.170142e-04
5.121453e-04
5.048528e-04
4.936085e-04
4.871476e-04
4.770470e-04
4.743287e-04
4.551247e-04
4.533192e-04
4.504821e-04
4.343092e-04
4.281256e-04
4.223416e-04
4.168112e-04
3.984628e-04
3.801638e-04
3.725824e-04
3.661233e-04
3.630157e-04
3.547423e-04
3.481140e-04
3.445823e-04
3.362714e-04
3.300201e-04
3.217158e-04
3.147727e-04
3.035557e-04
2.986909e-04
2.912309e-04
2.751778e-04
2.683165e-04
2.622661e-04
2.572045e-04
2.495104e-04
2.431612e-04
2.284781e-04
2.239352e-04
2.212193e-04
2.030331e-04
2.003442e-04
1.882972e-04
1.821727e-04
1.793795e-04
1.588090e-04
1.515490e-04
1.454886e-04
1.426276e-04
1.396098e-04
1.203237e-04
1.168301e-04
1.104175e-04
1.037500e-04
8.994261e-05
8.113656e-05
7.953389e-05
7.271566e-05
5.877763e-05
5.535837e-05
4.196630e-05
3.693357e-05
2.874157e-05
1.378953e-05
1.201121e-05
7.734886e-06
3.843031e-06
-3.554889e-06
-1.729737e-05
-2.320269e-05
-3.686007e-05
-4.879086e-05
-5.348864e-05
-6.170863e-05
-6.349832e-05
-7.775221e-05
-8.326949e-05
-9.363852e-05
-1.033218e-04
-1.098358e-04
-1.227523e-04
-1.250493e-04
-1.284076e-04
-1.531969e-04
-1.559469e-04
-1.630683e-04
-1.786397e-04
-1.886450e-04
-2.042377e-04
-2.077476e-04
-2.178212e-04
-2.345508e-04
-2.401897e-04
-2.451237e-04
-2.577965e-04
-2.633401e-04
-2.846355e-04
-2.924459e-04
-3.037914e-04
-3.150109e-04
-3.177713e-04
-3.237504e-04
-3.324322e-04
-3.441106e-04
-3.660823e-04
-3.725624e-04
-3.800709e-04
-3.873787e-04
-4.029136e-04
-4.122087e-04
-4.248528e-04
-4.337881e-04
-4.568271e-04
-4.607923e-04
-4.742121e-04
-4.805123e-04
-5.112317e-04
-5.163673e-04
-5.240624e-04
-5.425431e-04
-5.507896e-04
-5.670620e-04
-5.884576e-04
-5.993849e-04
-6.103672e-04
-6.268271e-04
-6.326581e-04
-6.910883e-04
-7.224766e-04
-7.321114e-04
