2.218276e+12
1.972351e+12
1.604495e+12
1.446901e+12
1.362290e+12
1.312104e+12
1.217727e+12
1.110458e+12
1.033423e+12
9.804570e+11
9.658210e+11
9.142071e+11
8.765314e+11
8.107356e+11
7.654413e+11
6.908948e+11
6.631606e+11
6.511597e+11
5.981730e+11
5.932362e+11
5.615112e+11
5.422633e+11
5.271683e+11
5.155885e+11
4.901949e+11
4.683146e+11
4.644909e+11
4.298691e+11
4.057114e+11
4.021748e+11
3.837853e+11
3.786421e+11
3.670541e+11
3.612819e+11
3.505514e+11
3.399676e+11
3.329859e+11
3.190449e+11
3.000037e+11
2.938258e+11
2.777246e+11
2.768253e+11
2.623321e+11
2.585786e+11
2.525999e+11
2.444240e+11
2.271357e+11
2.213221e+11
2.157185e+11
2.085167e+11
2.072079e+11
1.961644e+11
1.918490e+11
1.889006e+11
1.841222e+11
1.796504e+11
1.777807e+11
1.710289e+11
1.631318e+11
1.624636e+11
1.576515e+11
1.526778e+11
1.516216e+11
1.470046e+11
1.412245e+11
1.396078e+11
1.337682e+11
1.282915e+11
1.280576e+11
1.255375e+11
1.218647e+11
1.207667e+11
1.178673e+11
1.168967e+11
1.143931e+11
1.111057e+11
1.069209e+11
1.062061e+11
1.030093e+11
1.020971e+11
1.007295e+11
9.800723e+10
9.343005e+10
9.076798e+10
8.982075e+10
8.971916e+10
8.743902e+10
8.660667e+10
8.473637e+10
8.207324e+10
8.088536e+10
8.007143e+10
7.720006e+10
7.530664e+10
7.472159e+10
7.285124e+10
7.216916e+10
7.149917e+10
7.005968e+10
6.908035e+10
6.690497e+10
6.602800e+10
6.505309e+10
6.457112e+10
6.144168e+10
6.032388e+10
5.863968e+10
5.776969e+10
5.676091e+10
5.573405e+10
5.481876e+10
5.400599e+10
5.334832e+10
5.172391e+10
5.081966e+10
5.047796e+10
4.934663e+10
4.867953e+10
4.696676e+10
4.552289e+10
4.291680e+10
4.155723e+10
4.078407e+10
3.906088e+10
1.449422e+10
1.098707e+10
7.115230e+09
4.241160e+09
