8.901041e+04
3.552584e+03
2.541580e+03
1.788965e+03
1.131173e+03
8.307084e+02
5.376628e+02
4.797359e+02
3.029445e+02
2.834437e+02
2.495017e+02
2.153858e+02
1.988414e+02
1.881072e+02
1.702055e+02
1.525288e+02
1.464735e+02
1.282085e+02
1.197193e+02
1.085149e+02
1.042516e+02
9.958602e+01
8.905032e+01
8.467377e+01
8.340513e+01
7.931579e+01
6.769644e+01
6.523191e+01
6.042655e+01
5.716083e+01
5.320657e+01
5.279879e+01
4.455584e+01
4.132804e+01
4.039056e+01
3.931441e+01
3.659794e+01
3.537013e+01
3.268525e+01
2.985497e+01
2.800520e+01
2.500800e+01
2.363992e+01
2.263682e+01
2.139188e+01
2.027714e+01
1.916645e+01
1.702203e+01
1.668055e+01
1.576433e+01
1.537100e+01
1.497963e+01
1.403062e+01
1.268894e+01
1.144593e+01
1.045413e+01
1.026223e+01
9.399838e+00
8.722135e+00
8.120269e+00
7.280420e+00
6.945615e+00
6.399936e+00
5.840829e+00
5.378231e+00
5.079265e+00
4.738514e+00
4.597968e+00
4.360644e+00
4.152809e+00
3.752014e+00
3.141400e+00
2.983460e+00
2.668643e+00
2.454892e+00
2.329875e+00
2.231745e+00
2.109563e+00
1.837752e+00
1.754534e+00
1.737946e+00
1.583610e+00
1.543245e+00
1.424151e+00
1.378094e+00
1.260424e+00
1.246275e+00
1.164704e+00
1.111696e+00
1.081204e+00
1.061565e+00
9.780354e-01
8.407839e-01
8.048314e-01
7.899455e-01
7.581232e-01
6.839758e-01
6.747318e-01
6.290376e-01
5.822496e-01
5.459819e-01
5.312569e-01
4.887617e-01
4.593090e-01
4.320207e-01
3.990223e-01
3.627659e-01
3.462559e-01
3.281746e-01
3.022252e-01
3.001692e-01
2.751477e-01
2.666344e-01
2.443953e-01
2.326380e-01
2.228428e-01
1.951309e-01
1.902935e-01
1.792399e-01
1.712958e-01
1.573933e-01
1.446965e-01
1.403345e-01
1.333082e-01
1.226424e-01
1.197252e-01
1.067570e-01
1.033980e-01
1.015019e-01
9.716284e-02
9.216937e-02
8.992726e-02
8.140007e-02
7.850308e-02
7.303961e-02
7.144177e-02
6.674562e-02
6.205481e-02
5.318823e-02
4.879277e-02
4.781169e-02
4.728249e-02
4.506794e-02
4.409044e-02
4.197099e-02
3.930175e-02
3.592844e-02
3.256639e-02
3.080574e-02
2.913155e-02
2.775742e-02
2.686403e-02
2.355974e-02
2.269191e-02
2.160038e-02
2.046093e-02
1.988592e-02
1.816027e-02
1.683374e-02
1.626562e-02
1.574511e-02
1.502772e-02
1.469371e-02
1.410831e-02
1.210015e-02
1.165642e-02
1.122074e-02
1.059334e-02
9.995318e-03
9.226362e-03
8.658174e-03
8.480820e-03
7.583687e-03
7.399693e-03
7.211591e-03
6.351706e-03
6.320830e-03
5.955792e-03
5.477286e-03
5.261694e-03
5.235259e-03
4.534871e-03
4.260098e-03
4.160028e-03
3.744320e-03
3.541410e-03
3.502978e-03
3.263917e-03
2.929099e-03
2.749523e-03
2.702642e-03
2.422667e-03
2.078572e-03
1.990744e-03
1.896026e-03
1.826190e-03
1.799751e-03
1.740052e-03
1.596347e-03
1.559855e-03
1.512927e-03
1.508594e-03
1.454048e-03
1.424231e-03
1.392163e-03
1.361506e-03
1.329712e-03
1.314525e-03
1.296108e-03
1.258813e-03
1.248260e-03
1.215746e-03
1.211018e-03
1.181898e-03
1.170000e-03
1.135562e-03
1.124290e-03
1.110480e-03
1.091055e-03
1.062659e-03
1.051795e-03
1.041438e-03
1.028517e-03
1.013506e-03
9.955936e-04
9.834629e-04
9.812651e-04
9.786650e-04
9.614334e-04
9.556875e-04
9.326974e-04
9.204483e-04
9.087432e-04
9.016900e-04
8.918334e-04
8.635412e-04
8.548945e-04
8.414207e-04
8.308832e-04
8.282973e-04
8.067385e-04
7.968599e-04
7.871549e-04
7.706831e-04
7.592064e-04
7.411638e-04
7.392006e-04
7.376856e-04
7.249377e-04
7.039393e-04
6.950662e-04
6.920914e-04
6.812206e-04
6.759146e-04
6.735754e-04
6.476993e-04
6.380070e-04
6.351060e-04
6.314400e-04
6.224578e-04
6.214150e-04
6.078562e-04
5.941620e-04
5.845369e-04
5.658661e-04
5.593033e-04
5.522238e-04
5.311033e-04
5.193297e-04
5.096627e-04
5.018728e-04
4.898400e-04
4.765796e-04
4.749919e-04
4.610015e-04
4.555833e-04
4.503172e-04
4.417922e-04
4.281397e-04
4.188023e-04
4.000110e-04
3.961426e-04
3.936811e-04
3.741654e-04
3.683636e-04
3.615549e-04
3.544530e-04
3.509493e-04
3.395138e-04
3.225456e-04
3.145734e-04
3.134455e-04
2.960886e-04
2.927959e-04
2.889772e-04
2.754569e-04
2.669200e-04
2.596926e-04
2.511218e-04
2.397585e-04
2.219425e-04
2.089302e-04
2.009316e-04
1.875437e-04
1.828337e-04
1.766634e-04
1.646333e-04
1.516067e-04
1.429734e-04
1.313132e-04
1.244158e-04
1.144400e-04
1.091459e-04
9.847534e-05
9.143052e-05
7.933683e-05
7.235711e-05
6.005319e-05
5.414163e-05
3.627132e-05
3.429065e-05
2.891292e-05
1.792644e-05
1.721056e-05
8.608260e-14
3.722811e-14
-1.617461e-14
-5.576610e-14
-1.014063e-13
-1.658740e-13
-5.933201e-06
-1.523376e-05
-2.750861e-05
-3.616507e-05
-3.843140e-05
-4.135780e-05
-5.695470e-05
-6.403620e-05
-7.044333e-05
-7.791424e-05
-8.986563e-05
-9.955802e-05
-1.140434e-04
-1.242432e-04
-1.449990e-04
-1.567041e-04
-1.682638e-04
-1.749410e-04
-1.868181e-04
-1.927954e-04
-2.011631e-04
-2.059684e-04
-2.157721e-04
-2.309682e-04
-2.455532e-04
-2.567795e-04
-2.611899e-04
-2.691836e-04
-2.738771e-04
-2.991075e-04
-3.023281e-04
-3.193792e-04
-3.310204e-04
-3.411254e-04
-3.468156e-04
-3.488638e-04
-3.648807e-04
-3.798479e-04
-3.933443e-04
-4.078217e-04
-4.212982e-04
-4.367967e-04
-4.547046e-04
-4.676656e-04
-4.816757e-04
-4.945489e-04
-5.279316e-04
-5.432523e-04
-5.538259e-04
-5.626379e-04
-5.946484e-04
-6.129307e-04
-6.224559e-04
-6.841213e-04
