1.382971e+08
2.194435e+07
1.543532e+06
1.161410e+06
7.865391e+05
3.708413e+05
2.800537e+05
1.064312e+05
1.010333e+04
6.988757e+03
2.848648e+03
8.911339e+02
4.618311e+02
2.753556e+02
8.658325e+01
5.671072e+01
5.093602e+01
3.995656e+01
3.425261e+01
3.266874e+01
2.669991e+01
2.364419e+01
2.023331e+01
1.979739e+01
1.925235e+01
1.728470e+01
1.532530e+01
1.393765e+01
1.336580e+01
1.292839e+01
1.173650e+01
1.109763e+01
1.077307e+01
1.017708e+01
9.890996e+00
9.588135e+00
9.034381e+00
7.911045e+00
7.855774e+00
7.444501e+00
7.162672e+00
6.373481e+00
6.218016e+00
5.912887e+00
5.550772e+00
5.377646e+00
5.072659e+00
4.772860e+00
4.378966e+00
4.373562e+00
3.839614e+00
3.611035e+00
3.260732e+00
3.003149e+00
2.912715e+00
2.823909e+00
2.622060e+00
2.522504e+00
2.340509e+00
2.056392e+00
1.947577e+00
1.640647e+00
1.387943e+00
1.230340e+00
1.061895e+00
9.815990e-01
8.671830e-01
7.874479e-01
7.018512e-01
5.540331e-01
4.371402e-01
2.405297e-01
2.063657e-01
1.874240e-01
1.417925e-01
1.190253e-01
8.695664e-02
7.246212e-02
3.656330e-02
-1.492369e-03
-2.540158e-02
-5.745267e-02
-1.084734e-01
-1.243414e-01
-2.658892e-01
-3.059982e-01
-3.687969e-01
-5.673295e-01
-6.743420e-01
-8.274792e-01
-8.923602e-01
-9.137403e-01
-1.083631e+00
-1.137398e+00
-1.283355e+00
-1.448509e+00
-1.815055e+00
-1.943063e+00
-2.256878e+00
-2.375124e+00
-2.850540e+00
-3.152894e+00
-3.325825e+00
-3.906289e+00
-4.225768e+00
-4.389196e+00
-4.575879e+00
-4.988587e+00
-5.033548e+00
-6.200734e+00
-6.552489e+00
-6.846316e+00
-7.771774e+00
-8.016973e+00
-9.699277e+00
-1.122863e+01
-1.214219e+01
-1.319828e+01
-1.435135e+01
-1.534011e+01
-1.643221e+01
-1.681685e+01
-2.205416e+01
-2.801262e+01
-4.423972e+01
-4.615636e+01
-6.246405e+01
-7.735514e+01
