1.240982e+08
2.150081e+07
2.370750e+06
1.151766e+06
9.148546e+05
3.335208e+05
1.176473e+05
1.033371e+05
1.445766e+04
9.520996e+03
3.488986e+03
9.804485e+02
4.188919e+02
2.226513e+02
6.811576e+01
5.798436e+01
5.307052e+01
4.952656e+01
3.874433e+01
3.428869e+01
3.227445e+01
2.277169e+01
1.842016e+01
1.799952e+01
1.629013e+01
1.357231e+01
1.294750e+01
1.261289e+01
1.202086e+01
1.119478e+01
1.024629e+01
9.971800e+00
9.760160e+00
9.069267e+00
8.660483e+00
8.190197e+00
7.925064e+00
7.521093e+00
6.912026e+00
6.286420e+00
6.096051e+00
5.910461e+00
5.573709e+00
5.248606e+00
4.863292e+00
4.678522e+00
4.353829e+00
4.135134e+00
4.000867e+00
3.852945e+00
3.419166e+00
3.211282e+00
3.154773e+00
2.843110e+00
2.487303e+00
2.403001e+00
2.386347e+00
2.279092e+00
2.025641e+00
1.907027e+00
1.863289e+00
1.727419e+00
1.694934e+00
1.422146e+00
1.165423e+00
1.056507e+00
1.046804e+00
7.799360e-01
7.263046e-01
6.293895e-01
5.632460e-01
4.361085e-01
3.239911e-01
3.064886e-01
1.966268e-01
1.652748e-01
1.230532e-01
8.556487e-02
4.778537e-02
3.778136e-03
-7.799680e-02
-1.179455e-01
-2.518188e-01
-2.722714e-01
-3.351132e-01
-4.483589e-01
-4.613355e-01
-5.910888e-01
-6.895391e-01
-7.965663e-01
-9.260312e-01
-1.034486e+00
-1.232460e+00
-1.380304e+00
-1.539985e+00
-1.749497e+00
-1.805684e+00
-1.936552e+00
-2.177982e+00
-2.424975e+00
-2.808702e+00
-3.078254e+00
-3.214238e+00
-3.456400e+00
-3.624069e+00
-4.120628e+00
-4.480572e+00
-4.552421e+00
-5.352086e+00
-5.401052e+00
-6.009036e+00
-6.202279e+00
-7.251515e+00
-7.360834e+00
-7.746767e+00
-9.433349e+00
-1.008538e+01
-1.114718e+01
-1.292812e+01
-1.468438e+01
-1.703558e+01
-1.848256e+01
-2.900070e+01
-2.982983e+01
-3.838937e+01
-4.754059e+01
-5.351703e+01
-7.099650e+01
