6.350951e+05
2.602325e+05
2.165343e+05
1.701540e+05
1.292726e+05
1.136706e+05
1.096790e+05
9.006517e+04
8.384444e+04
6.966135e+04
6.606441e+04
5.770793e+04
5.530711e+04
4.553580e+04
4.160088e+04
3.457895e+04
2.997623e+04
2.728349e+04
2.387600e+04
1.447466e+04
1.119064e+04
9.705346e+03
7.920642e+03
7.396029e+03
6.423562e+03
6.076266e+03
5.081841e+03
4.954701e+03
4.020632e+03
3.892138e+03
3.550621e+03
2.760059e+03
2.598758e+03
1.784793e+03
1.729497e+03
1.114905e+03
8.198722e+02
6.967780e+02
6.012703e+02
4.484425e+02
4.107108e+02
3.588474e+02
3.356060e+02
3.132932e+02
2.644099e+02
2.173854e+02
2.082690e+02
1.377681e+02
1.031720e+02
8.187379e+01
7.535358e+01
6.512496e+01
6.210747e+01
4.505497e+01
4.171960e+01
3.614019e+01
3.167213e+01
2.649952e+01
1.940918e+01
1.799937e+01
1.478173e+01
1.224176e+01
8.711763e+00
6.220511e+00
5.920871e+00
5.890881e+00
4.727525e+00
3.936687e+00
2.990204e+00
1.948045e+00
1.727876e+00
1.434115e+00
1.358351e+00
8.533850e-01
6.362405e-01
5.852316e-01
5.081260e-01
4.915550e-01
4.364887e-01
3.940829e-01
3.739052e-01
1.789455e-01
1.658356e-01
1.431246e-01
9.422046e-02
8.398784e-02
7.251050e-02
6.347497e-02
5.724787e-02
5.077761e-02
4.601433e-02
4.561593e-02
4.413993e-02
4.202881e-02
3.853596e-02
3.632353e-02
3.123373e-02
3.025377e-02
2.971742e-02
2.963391e-02
2.873073e-02
2.677115e-02
2.544511e-02
2.475739e-02
2.397067e-02
2.353253e-02
2.237930e-02
2.206812e-02
2.075865e-02
1.960582e-02
1.916084e-02
1.870036e-02
1.789552e-02
1.702562e-02
1.672521e-02
1.547939e-02
1.478559e-02
1.437083e-02
1.375227e-02
1.325997e-02
1.263580e-02
1.246497e-02
1.206382e-02
1.157237e-02
1.005686e-02
8.428496e-03
1.309028e-11
3.952067e-13
