1.821861e+05
3.738295e+04
1.000072e+04
1.556706e+03
3.178000e+02
4.476155e+01
1.909074e+01
8.696515e+00
1.529660e+00
3.441865e-01
9.165945e-02
6.538308e-02
4.637222e-02
4.274270e-02
3.872154e-02
3.088003e-02
2.565926e-02
2.416538e-02
2.352191e-02
2.315077e-02
2.099279e-02
2.022001e-02
1.968082e-02
1.883695e-02
1.606310e-02
1.504010e-02
1.449382e-02
1.408732e-02
1.386486e-02
1.292496e-02
1.236363e-02
1.156123e-02
1.140266e-02
1.092565e-02
1.005368e-02
9.693274e-03
9.383705e-03
9.022545e-03
8.790250e-03
8.187206e-03
7.986405e-03
7.721105e-03
7.433570e-03
7.143315e-03
6.933599e-03
6.578706e-03
6.360950e-03
6.045267e-03
5.441719e-03
5.373491e-03
5.051462e-03
4.538850e-03
4.388849e-03
4.148869e-03
4.013455e-03
3.840384e-03
3.677982e-03
3.504622e-03
3.452355e-03
3.403546e-03
3.288039e-03
3.046693e-03
2.852081e-03
2.745140e-03
2.642250e-03
2.602634e-03
2.335346e-03
2.300265e-03
2.146843e-03
2.066804e-03
1.988868e-03
1.944690e-03
1.884197e-03
1.776216e-03
1.742571e-03
1.561007e-03
1.557829e-03
1.502503e-03
1.428012e-03
1.375515e-03
1.305322e-03
1.185760e-03
1.143435e-03
9.655998e-04
9.170129e-04
7.141643e-04
5.653716e-04
5.200391e-04
4.563437e-04
3.739918e-04
1.916315e-04
-5.534552e-05
-2.553200e-04
-4.564017e-04
-6.526907e-04
-9.770525e-04
-1.267683e-03
-1.471051e-03
-1.953440e-03
-2.211720e-03
-2.776467e-03
-3.344462e-03
-3.914840e-03
-4.144544e-03
-4.902849e-03
-5.441476e-03
-6.219308e-03
-6.682044e-03
-6.968780e-03
-8.126862e-03
-9.826201e-03
-1.064291e-02
-1.166945e-02
-1.310844e-02
-1.391277e-02
-1.536932e-02
-1.614694e-02
-1.736149e-02
-1.941559e-02
-2.073821e-02
-2.696761e-02
-3.169286e-02
-3.409696e-02
-3.690419e-02
-3.897705e-02
-4.282482e-02
-5.593827e-02
-6.444219e-02
