2.750600e+10
9.813480e+09
5.864544e+09
4.554776e+09
4.216453e+09
3.588609e+09
3.210737e+09
3.073591e+09
2.978752e+09
2.370647e+09
2.349758e+09
2.192867e+09
1.977244e+09
1.671811e+09
1.584490e+09
1.554834e+09
1.491803e+09
1.384638e+09
1.327298e+09
1.231546e+09
1.182979e+09
1.145868e+09
1.129121e+09
1.083796e+09
1.036391e+09
1.006040e+09
1.003140e+09
9.765855e+08
9.279187e+08
9.198099e+08
8.785958e+08
8.515361e+08
8.225302e+08
7.901773e+08
7.327309e+08
7.228364e+08
7.096291e+08
6.761848e+08
6.588493e+08
6.416324e+08
6.331489e+08
6.033847e+08
5.845293e+08
5.623984e+08
5.440491e+08
5.378980e+08
5.179385e+08
5.079824e+08
5.028566e+08
4.740698e+08
4.515560e+08
4.493009e+08
4.326242e+08
4.203946e+08
4.167179e+08
3.992924e+08
3.857225e+08
3.822329e+08
3.726081e+08
3.669120e+08
3.610528e+08
3.478185e+08
3.337371e+08
3.280884e+08
3.255331e+08
3.122928e+08
3.058958e+08
3.012883e+08
2.847834e+08
2.815585e+08
2.713076e+08
2.654353e+08
2.642878e+08
2.585719e+08
2.464365e+08
2.420128e+08
2.319610e+08
2.270476e+08
2.199866e+08
2.126190e+08
2.097037e+08
2.019249e+08
1.979838e+08
1.883235e+08
1.829530e+08
1.776228e+08
1.734018e+08
1.685490e+08
1.648820e+08
1.616036e+08
1.574916e+08
1.542831e+08
1.482510e+08
1.443493e+08
1.435475e+08
1.399139e+08
1.372229e+08
1.304912e+08
1.287193e+08
1.212456e+08
1.202123e+08
1.121063e+08
1.052145e+08
1.005361e+08
9.222595e+07
9.013283e+07
8.560457e+07
8.015536e+07
7.341305e+07
7.208112e+07
6.876848e+07
6.189129e+07
5.990076e+07
5.399350e+07
4.998094e+07
4.719734e+07
4.251898e+07
3.934400e+07
3.275007e+07
2.892899e+07
1.989936e+07
1.352647e+07
1.112761e+07
9.272646e+06
8.665014e+06
7.015278e+06
4.013626e+06
2.253905e+04
