7.244797e+09
4.340173e+08
7.801017e+07
7.003463e+07
5.574682e+07
5.049681e+07
3.549292e+07
2.899059e+07
2.113244e+07
1.566387e+07
1.306885e+07
9.377528e+06
6.968816e+06
6.578680e+06
5.878086e+06
4.943798e+06
4.056018e+06
3.018103e+06
2.843895e+06
2.704369e+06
2.461252e+06
2.093127e+06
1.836155e+06
1.502422e+06
1.307165e+06
1.193677e+06
9.253581e+05
7.708718e+05
7.507462e+05
5.444020e+05
5.171617e+05
4.444979e+05
4.110986e+05
3.352834e+05
2.362120e+05
1.812175e+05
1.645960e+05
1.451157e+05
1.209481e+05
1.057532e+05
9.862795e+04
7.017850e+04
6.360293e+04
3.927486e+04
3.704120e+04
2.440830e+04
1.561701e+04
1.289497e+04
1.086471e+04
1.000536e+04
7.809537e+03
6.136082e+03
5.496252e+03
2.820748e+03
2.381984e+03
1.940067e+03
1.599964e+03
7.906161e+02
6.419599e+02
4.746300e+02
4.372542e+02
2.850045e+02
2.805511e+02
1.778729e+02
1.033536e+02
8.895161e+01
7.658710e+01
3.268615e+01
2.667583e+01
1.265792e+01
9.860476e+00
8.581643e+00
6.986576e+00
4.165948e+00
2.899282e+00
1.682564e+00
1.355458e+00
7.440599e-01
4.710970e-01
3.348298e-01
1.468099e-01
1.072099e-01
8.479057e-02
4.395933e-02
3.077835e-02
2.737811e-02
1.502930e-02
1.276443e-02
1.114993e-02
9.376308e-03
7.673237e-03
6.501775e-03
6.006113e-03
5.234759e-03
4.476045e-03
4.150628e-03
3.484194e-03
3.240923e-03
2.624905e-03
2.376333e-03
1.872778e-03
1.648754e-03
1.175048e-03
9.218180e-04
7.903222e-04
6.101631e-04
4.914779e-04
1.912939e-04
-7.181365e-05
-4.339289e-04
-4.766112e-04
-9.741807e-04
-1.516880e-03
-1.761108e-03
-1.936483e-03
-2.533410e-03
-2.860541e-03
-3.257608e-03
-3.797800e-03
-4.062736e-03
-4.271183e-03
-5.353162e-03
-5.968419e-03
-6.832705e-03
-8.028129e-03
-9.243672e-03
-3.155774e-02
-3.793617e+01
