1.824251e+12
1.772557e+12
1.622774e+12
1.592295e+12
1.407525e+12
1.350135e+12
1.231670e+12
1.080024e+12
1.050139e+12
9.629530e+11
9.265946e+11
8.995907e+11
7.636584e+11
7.463445e+11
7.095125e+11
6.702074e+11
6.441701e+11
6.305224e+11
5.867454e+11
5.646436e+11
5.532486e+11
5.340607e+11
5.080846e+11
5.005763e+11
4.803222e+11
4.417056e+11
4.393192e+11
4.226662e+11
4.158115e+11
4.076650e+11
3.651083e+11
3.488523e+11
3.438416e+11
3.429364e+11
3.172768e+11
3.130641e+11
3.069653e+11
2.971380e+11
2.878787e+11
2.852884e+11
2.748735e+11
2.704902e+11
2.521078e+11
2.390888e+11
2.326309e+11
2.265974e+11
2.240738e+11
2.143614e+11
2.115072e+11
2.039237e+11
1.999491e+11
1.987099e+11
1.918922e+11
1.876673e+11
1.829826e+11
1.797816e+11
1.713361e+11
1.684372e+11
1.640396e+11
1.581931e+11
1.547964e+11
1.534020e+11
1.477202e+11
1.445097e+11
1.439266e+11
1.390806e+11
1.349100e+11
1.324446e+11
1.269547e+11
1.261252e+11
1.227992e+11
1.207698e+11
1.177321e+11
1.158296e+11
1.118381e+11
1.098860e+11
1.084796e+11
1.025332e+11
1.016271e+11
1.004545e+11
9.937805e+10
9.855290e+10
9.693263e+10
9.628782e+10
9.405249e+10
9.185004e+10
8.991130e+10
8.884286e+10
8.657815e+10
8.299373e+10
8.149860e+10
7.993546e+10
7.937618e+10
7.777488e+10
7.630221e+10
7.461634e+10
7.395204e+10
7.195975e+10
7.051429e+10
6.952566e+10
6.831420e+10
6.599280e+10
6.478404e+10
6.371647e+10
6.233106e+10
6.056255e+10
5.939388e+10
5.799396e+10
5.707216e+10
5.663416e+10
5.519317e+10
5.410445e+10
5.386495e+10
5.321841e+10
5.247971e+10
4.966853e+10
4.806657e+10
4.653311e+10
4.489878e+10
4.411630e+10
4.371002e+10
4.036865e+10
3.949141e+10
3.594932e+10
3.440606e+10
1.624201e+10
6.864256e+09
4.809526e+09
