5.838888e+04
1.193156e+04
5.844118e+03
1.977298e+03
1.306827e+03
8.819306e+02
5.961854e+02
3.991086e+02
3.120490e+02
2.594135e+02
2.370604e+02
2.132036e+02
1.590910e+02
1.317924e+02
1.214192e+02
1.131049e+02
8.785532e+01
8.066644e+01
7.528304e+01
5.845493e+01
4.417020e+01
3.898497e+01
3.635220e+01
2.696646e+01
2.580279e+01
2.372788e+01
2.164741e+01
1.892485e+01
1.403673e+01
1.351915e+01
1.188631e+01
1.084449e+01
9.675112e+00
8.904343e+00
6.557859e+00
5.574399e+00
4.666635e+00
4.349731e+00
4.111500e+00
3.497617e+00
2.936219e+00
2.349905e+00
2.246166e+00
1.859392e+00
1.595053e+00
1.489779e+00
1.163683e+00
1.045793e+00
6.953723e-01
6.386013e-01
5.791863e-01
4.540682e-01
3.682576e-01
2.951372e-01
2.532012e-01
2.180573e-01
1.751245e-01
1.607284e-01
1.263250e-01
1.160753e-01
7.614437e-02
5.763524e-02
5.031033e-02
4.171005e-02
3.268179e-02
2.735415e-02
2.347630e-02
2.033015e-02
1.657084e-02
1.447214e-02
1.185550e-02
9.612745e-03
8.711845e-03
7.131909e-03
6.851546e-03
5.400901e-03
4.582336e-03
3.948246e-03
3.442921e-03
2.546515e-03
2.476019e-03
1.557941e-03
1.373491e-03
1.222689e-03
1.133608e-03
1.077513e-03
1.006345e-03
8.982709e-04
7.961437e-04
7.856645e-04
7.383848e-04
6.826333e-04
6.426531e-04
6.195458e-04
6.043890e-04
5.863066e-04
5.683759e-04
5.522165e-04
5.380852e-04
5.329144e-04
5.243977e-04
5.194756e-04
5.122051e-04
4.957746e-04
4.870522e-04
4.810837e-04
4.708288e-04
4.623646e-04
4.553421e-04
4.542059e-04
4.456980e-04
4.402749e-04
4.344639e-04
4.250423e-04
4.187289e-04
4.147678e-04
4.094526e-04
4.029109e-04
4.014529e-04
3.918521e-04
3.894080e-04
3.874898e-04
3.842941e-04
3.749027e-04
3.723522e-04
3.664676e-04
3.590167e-04
3.583333e-04
3.570337e-04
3.494635e-04
3.450997e-04
3.415194e-04
3.365009e-04
3.322896e-04
3.287275e-04
3.237091e-04
3.195459e-04
3.153223e-04
3.112669e-04
3.082691e-04
3.055978e-04
3.017722e-04
2.947510e-04
2.936096e-04
2.901406e-04
2.872503e-04
2.850312e-04
2.809867e-04
2.778116e-04
2.745723e-04
2.730829e-04
2.694698e-04
2.640789e-04
2.622954e-04
2.592325e-04
2.569334e-04
2.549809e-04
2.518016e-04
2.481762e-04
2.465503e-04
2.455885e-04
2.373379e-04
2.366512e-04
2.347303e-04
2.339820e-04
2.294259e-04
2.260099e-04
2.232175e-04
2.204912e-04
2.180593e-04
2.149047e-04
2.123489e-04
2.102631e-04
2.086631e-04
2.025238e-04
2.011866e-04
1.964293e-04
1.924818e-04
1.913451e-04
1.879266e-04
1.856837e-04
1.811664e-04
1.776915e-04
1.763968e-04
1.746271e-04
1.729489e-04
1.696879e-04
1.644902e-04
1.635760e-04
1.602659e-04
1.599405e-04
1.572478e-04
1.536838e-04
1.513494e-04
1.488526e-04
1.472450e-04
1.438983e-04
1.421877e-04
1.381890e-04
1.369844e-04
1.347183e-04
1.297882e-04
1.284495e-04
1.262182e-04
1.246511e-04
1.234524e-04
1.189097e-04
1.170247e-04
1.142197e-04
1.120965e-04
1.085490e-04
1.055165e-04
1.021721e-04
1.010791e-04
9.855643e-05
9.548952e-05
9.189839e-05
9.099340e-05
8.697764e-05
8.377464e-05
8.326885e-05
8.023321e-05
7.758458e-05
7.312513e-05
7.261431e-05
7.183462e-05
6.664374e-05
6.618508e-05
6.220685e-05
5.894562e-05
5.822530e-05
5.546144e-05
5.413959e-05
5.124384e-05
4.916004e-05
4.879086e-05
4.393713e-05
4.199761e-05
3.987000e-05
3.819923e-05
3.526074e-05
3.272540e-05
3.145626e-05
2.727224e-05
2.369577e-05
2.294229e-05
2.011772e-05
1.895480e-05
1.701832e-05
1.205323e-05
1.039240e-05
9.878418e-06
4.604866e-06
3.232203e-06
1.123777e-13
7.313341e-14
6.066716e-14
4.365797e-14
-4.092326e-14
-7.090397e-14
-1.468528e-13
-7.321738e-07
-2.263321e-06
-4.163796e-06
-4.878248e-06
-8.057061e-06
-1.030729e-05
-1.399602e-05
-1.539499e-05
-1.903228e-05
-1.947109e-05
-2.305302e-05
-2.452108e-05
-2.818634e-05
-2.894291e-05
-3.466868e-05
-3.620189e-05
-3.804431e-05
-4.079244e-05
-4.170948e-05
-4.295032e-05
-4.463448e-05
-4.735990e-05
-5.203494e-05
-5.370870e-05
-5.531095e-05
-5.758798e-05
-6.063868e-05
-6.564990e-05
-6.782065e-05
-6.943133e-05
-7.259515e-05
-7.605612e-05
-7.702344e-05
-7.892084e-05
-8.120215e-05
-8.419062e-05
-8.598337e-05
-8.688621e-05
-8.985632e-05
-9.095055e-05
-9.434717e-05
-9.549273e-05
-1.002192e-04
-1.023681e-04
-1.036559e-04
-1.070097e-04
-1.089949e-04
-1.128105e-04
-1.155687e-04
-1.212539e-04
-1.215345e-04
-1.248136e-04
-1.254082e-04
-1.301598e-04
-1.317332e-04
-1.368123e-04
-1.388982e-04
-1.424702e-04
-1.428246e-04
-1.471647e-04
-1.513576e-04
-1.547654e-04
-1.560713e-04
-1.596939e-04
-1.612776e-04
-1.628126e-04
-1.637503e-04
-1.680605e-04
-1.715848e-04
-1.739718e-04
-1.769799e-04
-1.838050e-04
-1.851350e-04
-1.882460e-04
-1.906067e-04
-1.921553e-04
-1.973422e-04
-1.980729e-04
-2.010405e-04
-2.027264e-04
-2.075162e-04
-2.114679e-04
-2.140516e-04
-2.211933e-04
-2.224614e-04
-2.246330e-04
-2.316436e-04
-2.350323e-04
-2.366822e-04
-2.385047e-04
-2.422993e-04
-2.479542e-04
-2.510973e-04
-2.518620e-04
-2.563364e-04
-2.599115e-04
-2.649532e-04
-2.710289e-04
-2.756635e-04
-2.808353e-04
-2.893858e-04
-2.913322e-04
-2.967618e-04
-3.000114e-04
-3.080088e-04
-3.129882e-04
-3.183464e-04
-3.199842e-04
-3.209016e-04
-3.325197e-04
-3.367183e-04
-3.486752e-04
-3.522905e-04
-3.655082e-04
-3.709212e-04
-3.798108e-04
-3.890246e-04
-4.182179e-04
-4.369221e-04
-5.270549e-04
-5.525703e-04
-7.552210e-04
-7.674141e-04
