1.537969e+08
2.204077e+07
1.456550e+06
1.237000e+06
7.393479e+05
3.023781e+05
1.886466e+05
1.016514e+05
2.460982e+04
1.645022e+04
6.565058e+03
1.461402e+03
5.416354e+02
2.248983e+02
7.832944e+01
6.517484e+01
5.266196e+01
4.405450e+01
3.540282e+01
3.074989e+01
2.858438e+01
2.637102e+01
2.265482e+01
1.954665e+01
1.878051e+01
1.599798e+01
1.480864e+01
1.425746e+01
1.336507e+01
1.263206e+01
1.243500e+01
1.211165e+01
1.153442e+01
1.009431e+01
9.832707e+00
9.644924e+00
9.409874e+00
8.839331e+00
7.898239e+00
7.559692e+00
7.146682e+00
6.851598e+00
6.700135e+00
6.088378e+00
5.688827e+00
5.504041e+00
5.117949e+00
4.896575e+00
4.534981e+00
4.379065e+00
4.180846e+00
4.042552e+00
3.587912e+00
3.448697e+00
3.283956e+00
3.105196e+00
2.904333e+00
2.639098e+00
2.587227e+00
2.389540e+00
2.042459e+00
1.980890e+00
1.825813e+00
1.706607e+00
1.466611e+00
1.383286e+00
1.169120e+00
8.497308e-01
7.442163e-01
6.347855e-01
4.837093e-01
4.061052e-01
1.908910e-01
1.221580e-01
1.023021e-01
9.175308e-02
7.086449e-02
8.841038e-03
4.842313e-10
5.579069e-11
-3.514328e-10
-5.182410e-02
-1.048357e-01
-1.580465e-01
-1.867653e-01
-2.061024e-01
-3.314081e-01
-4.804456e-01
-6.115195e-01
-6.480389e-01
-8.084785e-01
-9.121516e-01
-1.048432e+00
-1.320708e+00
-1.729274e+00
-1.887171e+00
-2.013985e+00
-2.047570e+00
-2.376187e+00
-2.462281e+00
-2.864295e+00
-3.056439e+00
-3.425269e+00
-3.561527e+00
-4.115166e+00
-4.693798e+00
-5.102135e+00
-5.532033e+00
-5.852105e+00
-6.097124e+00
-6.549883e+00
-7.251058e+00
-7.535609e+00
-8.512094e+00
-9.442430e+00
-1.071174e+01
-1.262668e+01
-1.332956e+01
-1.523586e+01
-1.826655e+01
-2.008970e+01
-2.109136e+01
-2.623948e+01
-2.883149e+01
-3.751133e+01
-4.779031e+01
-5.557766e+01
-7.079072e+01
