8.900166e+04
4.019616e+03
2.426688e+03
1.795937e+03
1.103573e+03
8.198989e+02
5.822286e+02
4.364293e+02
3.117151e+02
2.811256e+02
2.562429e+02
2.164720e+02
1.855624e+02
1.654102e+02
1.533701e+02
1.395662e+02
1.296966e+02
1.240237e+02
1.150275e+02
1.082868e+02
1.019872e+02
9.322468e+01
8.785960e+01
8.079982e+01
7.030022e+01
6.879615e+01
6.573856e+01
6.328836e+01
5.697427e+01
5.527254e+01
5.335966e+01
5.157315e+01
4.550391e+01
4.328362e+01
4.207366e+01
3.968068e+01
3.753482e+01
3.534783e+01
3.452280e+01
3.126404e+01
2.880403e+01
2.695243e+01
2.562444e+01
2.242501e+01
2.212957e+01
2.019141e+01
1.911804e+01
1.826318e+01
1.653074e+01
1.594809e+01
1.398174e+01
1.348559e+01
1.286296e+01
1.265221e+01
1.125081e+01
1.050134e+01
1.005831e+01
9.439706e+00
8.811728e+00
8.256706e+00
8.035166e+00
6.799284e+00
6.689837e+00
6.398098e+00
5.906332e+00
5.209770e+00
5.127230e+00
4.595515e+00
4.390455e+00
3.644045e+00
3.444131e+00
3.345505e+00
2.758864e+00
2.685909e+00
2.332171e+00
2.314860e+00
2.188045e+00
2.030167e+00
1.978916e+00
1.855530e+00
1.742661e+00
1.643755e+00
1.459790e+00
1.358367e+00
1.293846e+00
1.240991e+00
1.172183e+00
1.136317e+00
1.010109e+00
9.834240e-01
8.997279e-01
8.127382e-01
7.917050e-01
7.710738e-01
7.059290e-01
6.951090e-01
6.365389e-01
6.227956e-01
5.648133e-01
5.553465e-01
5.494767e-01
4.899940e-01
4.514462e-01
4.342972e-01
4.061675e-01
3.819648e-01
3.620277e-01
3.420545e-01
3.310342e-01
3.002704e-01
2.915879e-01
2.653286e-01
2.560741e-01
2.463882e-01
2.366811e-01
2.245322e-01
1.933828e-01
1.891596e-01
1.745578e-01
1.667678e-01
1.548841e-01
1.466883e-01
1.332278e-01
1.282719e-01
1.237789e-01
1.155782e-01
1.082664e-01
9.664110e-02
8.733830e-02
8.446129e-02
8.158829e-02
7.920601e-02
7.775078e-02
6.804644e-02
6.672632e-02
6.201448e-02
5.993029e-02
5.320234e-02
5.125708e-02
4.743313e-02
4.353293e-02
4.100012e-02
3.471958e-02
3.363882e-02
3.141892e-02
3.094979e-02
2.879154e-02
2.661644e-02
2.544581e-02
2.348189e-02
2.228014e-02
2.100858e-02
2.038853e-02
1.805046e-02
1.772292e-02
1.632098e-02
1.540573e-02
1.520333e-02
1.398404e-02
1.378199e-02
1.298496e-02
1.108302e-02
1.068811e-02
1.026961e-02
9.730746e-03
9.169342e-03
8.654951e-03
8.359757e-03
7.878701e-03
7.666007e-03
6.743063e-03
6.174971e-03
5.961235e-03
5.564538e-03
4.924787e-03
4.706115e-03
4.533822e-03
4.264529e-03
4.178858e-03
3.926226e-03
3.861910e-03
3.336400e-03
3.135974e-03
2.979348e-03
2.855341e-03
2.794658e-03
2.687429e-03
2.575486e-03
2.444718e-03
2.360010e-03
2.332084e-03
2.140236e-03
2.130326e-03
2.071946e-03
2.049670e-03
1.905567e-03
1.847990e-03
1.692499e-03
1.604440e-03
1.569337e-03
1.530857e-03
1.500380e-03
1.496350e-03
1.424825e-03
1.382604e-03
1.374727e-03
1.345580e-03
1.310874e-03
1.260331e-03
1.248831e-03
1.233727e-03
1.208891e-03
1.185091e-03
1.176103e-03
1.142536e-03
1.132734e-03
1.111112e-03
1.106813e-03
1.089309e-03
1.071576e-03
1.063141e-03
1.059113e-03
1.039595e-03
1.028213e-03
1.017308e-03
1.004110e-03
9.934182e-04
9.639086e-04
9.610089e-04
9.521304e-04
9.353056e-04
9.169968e-04
9.073554e-04
8.810450e-04
8.708496e-04
8.664925e-04
8.514367e-04
8.490348e-04
8.368944e-04
8.235641e-04
8.167942e-04
8.131746e-04
7.993028e-04
7.855337e-04
7.703050e-04
7.596402e-04
7.493523e-04
7.290330e-04
7.266366e-04
7.172177e-04
6.996330e-04
6.918806e-04
6.828387e-04
6.660781e-04
6.653476e-04
6.468571e-04
6.264661e-04
6.215183e-04
6.099645e-04
6.049035e-04
6.017509e-04
5.857294e-04
5.712422e-04
5.665855e-04
5.527693e-04
5.455401e-04
5.353786e-04
5.284013e-04
5.148533e-04
4.986959e-04
4.952074e-04
4.807133e-04
4.720137e-04
4.666942e-04
4.596568e-04
4.519135e-04
4.476043e-04
4.305551e-04
4.272957e-04
4.091591e-04
3.949669e-04
3.826213e-04
3.784452e-04
3.699368e-04
3.589566e-04
3.523444e-04
3.507131e-04
3.334541e-04
3.237915e-04
3.196982e-04
3.071814e-04
3.033924e-04
3.017328e-04
2.806601e-04
2.732372e-04
2.707008e-04
2.622934e-04
2.526212e-04
2.471349e-04
2.336292e-04
2.294464e-04
2.178710e-04
2.114613e-04
1.909799e-04
1.807288e-04
1.740327e-04
1.597702e-04
1.570255e-04
1.442329e-04
1.406643e-04
1.332514e-04
1.290955e-04
1.187561e-04
1.117635e-04
9.910810e-05
7.392963e-05
7.213387e-05
5.939824e-05
5.629613e-05
3.632480e-05
3.285856e-05
2.540698e-05
1.560927e-05
9.961288e-06
1.038445e-13
6.560068e-14
4.863605e-15
-7.304547e-14
-1.015815e-13
-1.464529e-06
-6.419510e-06
-2.605102e-05
-3.678285e-05
-4.028851e-05
-4.675702e-05
-5.785418e-05
-6.575634e-05
-7.582018e-05
-9.726553e-05
-1.007287e-04
-1.064447e-04
-1.141946e-04
-1.307616e-04
-1.353569e-04
-1.505812e-04
-1.634885e-04
-1.833998e-04
-1.882013e-04
-1.994054e-04
-2.069961e-04
-2.232286e-04
-2.293127e-04
-2.315298e-04
-2.371226e-04
-2.581345e-04
-2.659525e-04
-2.784540e-04
-2.882318e-04
-2.902189e-04
-2.989198e-04
-3.062333e-04
-3.235971e-04
-3.371956e-04
-3.452538e-04
-3.487240e-04
-3.587744e-04
-3.847718e-04
-3.924039e-04
-4.133279e-04
-4.173435e-04
-4.347835e-04
-4.565098e-04
-4.587620e-04
-4.837840e-04
-5.110239e-04
-5.197405e-04
-5.443683e-04
-5.634604e-04
-5.679394e-04
-5.950079e-04
-6.230751e-04
-6.388142e-04
-6.568133e-04
-6.858474e-04
