1.336438e+10
7.530616e+08
2.560085e+08
1.210903e+08
8.899170e+07
7.583190e+07
5.967652e+07
4.735164e+07
3.677111e+07
3.200257e+07
2.652437e+07
2.248640e+07
1.799642e+07
1.630205e+07
1.340914e+07
1.224632e+07
1.083262e+07
1.000201e+07
9.237859e+06
8.352446e+06
6.855018e+06
6.351621e+06
5.933897e+06
5.236532e+06
4.884088e+06
4.437199e+06
3.669911e+06
3.224207e+06
2.804462e+06
2.525168e+06
2.206390e+06
2.095483e+06
1.609844e+06
1.470705e+06
1.385304e+06
1.261065e+06
1.149477e+06
1.035643e+06
9.577248e+05
8.455165e+05
7.948068e+05
7.565059e+05
6.083556e+05
5.045725e+05
4.767842e+05
4.269574e+05
3.713535e+05
3.543064e+05
2.861530e+05
2.473346e+05
2.343389e+05
1.852228e+05
1.735277e+05
1.633330e+05
1.436289e+05
1.242216e+05
1.149278e+05
7.753517e+04
5.986475e+04
4.978352e+04
4.591238e+04
3.071880e+04
2.554073e+04
1.907487e+04
1.355823e+04
1.272296e+04
9.603843e+03
8.264088e+03
6.229103e+03
4.872327e+03
3.030139e+03
2.963341e+03
2.791378e+03
2.071090e+03
1.745754e+03
1.168858e+03
9.628217e+02
8.615013e+02
5.980369e+02
4.099580e+02
2.700381e+02
1.793370e+02
1.021317e+02
8.513261e+01
6.248126e+01
4.603678e+01
3.184387e+01
1.949190e+01
1.401890e+01
1.180886e+01
6.695035e+00
6.023936e+00
4.643460e+00
2.531000e+00
1.765816e+00
1.125373e+00
9.234786e-01
6.184817e-01
4.889575e-01
4.447164e-01
3.775834e-01
3.760507e-01
2.903050e-01
2.483121e-01
2.237292e-01
2.063026e-01
1.860358e-01
1.654584e-01
1.345474e-01
1.293889e-01
1.107296e-01
9.433169e-02
7.936394e-02
7.635639e-02
6.421601e-02
4.491451e-02
2.977576e-02
1.408602e-02
-3.544372e-03
-1.387456e-02
-2.044349e-02
-3.541197e-02
-4.541375e-02
-1.001608e-01
-1.190651e-01
-1.303000e-01
-1.851516e-01
-2.743030e-01
