8.340034e+04
3.381952e+03
2.387517e+03
1.871332e+03
1.222255e+03
8.570608e+02
6.971868e+02
4.979632e+02
4.309584e+02
3.879365e+02
3.680268e+02
3.289433e+02
3.067944e+02
2.953329e+02
2.765827e+02
2.512847e+02
2.267593e+02
2.183260e+02
1.989680e+02
1.926324e+02
1.774003e+02
1.690477e+02
1.682840e+02
1.552668e+02
1.474611e+02
1.440656e+02
1.320924e+02
1.288675e+02
1.233227e+02
1.187749e+02
1.152667e+02
1.090798e+02
1.036461e+02
1.012773e+02
9.175703e+01
8.558811e+01
8.331072e+01
8.074069e+01
7.510043e+01
7.324213e+01
7.132405e+01
6.532790e+01
6.088493e+01
5.836261e+01
5.705419e+01
4.906209e+01
4.662506e+01
4.558802e+01
4.266033e+01
4.021198e+01
3.858918e+01
3.745821e+01
3.517460e+01
3.296871e+01
3.211462e+01
2.880420e+01
2.779831e+01
2.653439e+01
2.577662e+01
2.359906e+01
2.172074e+01
2.044376e+01
1.942636e+01
1.801488e+01
1.770056e+01
1.699239e+01
1.646288e+01
1.519780e+01
1.424498e+01
1.215734e+01
1.178134e+01
1.014612e+01
9.568562e+00
9.443683e+00
8.843591e+00
8.475302e+00
8.092640e+00
7.779418e+00
7.186700e+00
6.827479e+00
6.554764e+00
6.024432e+00
5.986822e+00
5.615266e+00
5.532278e+00
5.179123e+00
4.966016e+00
4.662968e+00
4.549091e+00
4.159396e+00
3.983105e+00
3.823092e+00
3.584898e+00
3.249369e+00
3.102290e+00
2.928870e+00
2.764683e+00
2.709185e+00
2.641664e+00
2.602722e+00
2.471616e+00
2.247750e+00
2.213260e+00
2.128380e+00
2.038086e+00
1.917050e+00
1.870518e+00
1.829737e+00
1.781067e+00
1.653306e+00
1.615543e+00
1.561110e+00
1.433592e+00
1.253584e+00
1.222291e+00
1.204950e+00
1.161742e+00
1.095133e+00
1.033176e+00
9.854975e-01
9.568486e-01
9.259471e-01
8.708584e-01
8.428836e-01
7.909333e-01
7.605609e-01
7.183192e-01
6.602886e-01
6.208373e-01
5.836753e-01
5.475832e-01
5.119917e-01
4.629194e-01
4.590737e-01
4.371434e-01
4.182229e-01
4.128714e-01
3.868778e-01
3.588651e-01
3.501253e-01
3.218574e-01
3.040454e-01
2.922100e-01
2.800792e-01
2.622342e-01
2.587596e-01
2.518285e-01
2.383972e-01
2.322170e-01
2.032380e-01
1.990036e-01
1.901010e-01
1.839687e-01
1.709111e-01
1.620180e-01
1.497679e-01
1.402880e-01
1.385568e-01
1.255906e-01
1.243710e-01
1.196463e-01
1.176313e-01
1.130038e-01
1.104966e-01
1.077921e-01
9.713423e-02
9.325811e-02
9.039832e-02
8.915921e-02
8.384345e-02
7.844012e-02
7.200361e-02
6.557636e-02
6.265164e-02
5.812835e-02
5.320214e-02
5.180130e-02
4.778020e-02
4.506842e-02
4.329831e-02
4.066546e-02
3.846307e-02
3.656162e-02
3.563459e-02
3.383736e-02
3.241737e-02
3.154236e-02
3.003481e-02
2.908992e-02
2.673460e-02
2.583449e-02
2.422743e-02
2.185349e-02
2.026371e-02
1.862425e-02
1.811087e-02
1.696847e-02
1.519790e-02
1.314532e-02
1.302833e-02
1.276665e-02
1.216358e-02
1.185847e-02
1.140129e-02
1.103119e-02
1.048512e-02
9.847417e-03
9.229223e-03
8.990707e-03
8.397723e-03
7.609946e-03
7.273600e-03
6.527284e-03
6.290779e-03
5.974782e-03
5.881797e-03
5.660092e-03
5.083357e-03
4.728819e-03
4.276765e-03
4.104926e-03
3.936945e-03
3.836463e-03
3.465149e-03
3.411439e-03
3.372513e-03
3.293308e-03
3.192808e-03
3.120814e-03
2.979088e-03
2.881178e-03
2.666009e-03
2.391744e-03
2.171688e-03
2.090081e-03
2.008948e-03
1.921512e-03
1.839979e-03
1.795850e-03
1.743795e-03
1.693788e-03
1.612051e-03
1.581327e-03
1.519693e-03
1.499106e-03
1.448616e-03
1.400110e-03
1.329810e-03
1.284820e-03
1.249183e-03
1.208244e-03
1.202080e-03
1.159525e-03
1.128168e-03
1.102846e-03
1.092278e-03
1.069266e-03
1.059434e-03
1.033731e-03
1.024870e-03
9.995529e-04
9.848779e-04
9.743879e-04
9.614254e-04
9.477051e-04
9.398267e-04
9.120232e-04
8.888405e-04
8.745406e-04
8.585668e-04
8.512667e-04
8.343959e-04
8.255388e-04
8.162147e-04
8.085024e-04
7.881090e-04
7.781895e-04
7.615683e-04
7.523723e-04
7.455362e-04
7.331097e-04
7.235876e-04
7.128489e-04
7.022837e-04
6.952009e-04
6.743894e-04
6.605102e-04
6.512991e-04
6.426281e-04
6.371143e-04
6.312983e-04
6.188154e-04
6.167799e-04
6.031087e-04
5.908358e-04
5.859698e-04
5.624909e-04
5.574825e-04
5.484039e-04
5.297696e-04
5.127760e-04
5.072632e-04
4.897880e-04
4.765727e-04
4.632378e-04
4.608867e-04
4.520770e-04
4.504077e-04
4.367981e-04
4.199301e-04
4.120639e-04
4.066267e-04
3.961446e-04
3.875672e-04
3.690948e-04
3.525178e-04
3.439079e-04
3.342479e-04
3.228269e-04
3.064836e-04
2.912569e-04
2.837628e-04
2.797653e-04
2.733790e-04
2.675821e-04
2.597866e-04
2.472385e-04
2.388125e-04
2.290433e-04
2.225345e-04
2.057581e-04
1.926777e-04
1.844122e-04
1.766765e-04
1.692138e-04
1.628431e-04
1.554509e-04
1.392304e-04
1.355972e-04
1.266805e-04
1.195459e-04
1.105362e-04
1.062904e-04
8.848375e-05
7.284876e-05
5.515484e-05
4.203069e-05
3.480636e-05
2.520642e-05
1.414010e-05
8.185638e-06
2.900457e-14
-4.372602e-14
-7.145540e-06
-1.988064e-05
-3.615462e-05
-3.967239e-05
-5.368391e-05
-5.669986e-05
-6.288147e-05
-7.951390e-05
-8.853716e-05
-9.414544e-05
-1.138249e-04
-1.179449e-04
-1.355858e-04
-1.528751e-04
-1.573434e-04
-1.694389e-04
-1.824185e-04
-1.910885e-04
-2.082937e-04
-2.289433e-04
-2.396603e-04
-2.568886e-04
-2.707782e-04
-2.842476e-04
-3.042753e-04
-3.053467e-04
-3.282269e-04
-3.487011e-04
-3.714794e-04
-4.059142e-04
-4.123799e-04
