3.083862e+10
1.031981e+10
9.673803e+09
7.300625e+09
4.694712e+09
4.348311e+09
3.848276e+09
3.359607e+09
2.812605e+09
2.400752e+09
2.144274e+09
1.991835e+09
1.851094e+09
1.725355e+09
1.547546e+09
1.494955e+09
1.399164e+09
1.344284e+09
1.325640e+09
1.179213e+09
1.144222e+09
1.120352e+09
1.060388e+09
1.023999e+09
9.965251e+08
9.113175e+08
8.693834e+08
8.339861e+08
8.230436e+08
7.735457e+08
7.624844e+08
7.384087e+08
7.026550e+08
6.871826e+08
6.744076e+08
6.566959e+08
6.147350e+08
5.909786e+08
5.881293e+08
5.805254e+08
5.764716e+08
5.388525e+08
5.234624e+08
5.072669e+08
4.936223e+08
4.826722e+08
4.725574e+08
4.654517e+08
4.523324e+08
4.445935e+08
4.306966e+08
4.136820e+08
4.067030e+08
3.881628e+08
3.841966e+08
3.692806e+08
3.650958e+08
3.393550e+08
3.336274e+08
3.225355e+08
3.135664e+08
3.068940e+08
2.998288e+08
2.968702e+08
2.822508e+08
2.754345e+08
2.656446e+08
2.578157e+08
2.452771e+08
2.417671e+08
2.379283e+08
2.325464e+08
2.228657e+08
2.186622e+08
2.118381e+08
2.073960e+08
2.014835e+08
1.906826e+08
1.848602e+08
1.838578e+08
1.776039e+08
1.758097e+08
1.669359e+08
1.640378e+08
1.586352e+08
1.568397e+08
1.532323e+08
1.467531e+08
1.397620e+08
1.347403e+08
1.319193e+08
1.289147e+08
1.228029e+08
1.218050e+08
1.147626e+08
1.137698e+08
1.114067e+08
1.057934e+08
1.042137e+08
1.011990e+08
9.659114e+07
9.443232e+07
9.140841e+07
8.745802e+07
8.522623e+07
8.168528e+07
8.052714e+07
7.644175e+07
6.866702e+07
6.599347e+07
6.023433e+07
4.750151e+07
4.236506e+07
3.988676e+07
3.939216e+07
3.520032e+07
3.450536e+07
2.969739e+07
2.407113e+07
2.341370e+07
2.146690e+07
1.888970e+07
1.704915e+07
1.515224e+07
1.106209e+07
9.504088e+06
6.072860e+06
9.348854e+04
