1.278578e+05
6.564132e+03
2.916692e+03
2.681954e+03
1.903082e+03
1.631414e+03
1.249028e+03
1.063779e+03
7.216081e+02
7.102281e+02
5.749586e+02
4.392816e+02
2.785775e+02
2.453710e+02
2.278197e+02
1.930707e+02
1.612701e+02
1.593281e+02
1.440841e+02
1.351098e+02
1.228151e+02
9.979238e+01
9.290241e+01
8.515346e+01
7.946825e+01
7.069414e+01
6.416407e+01
6.184099e+01
5.767669e+01
5.034695e+01
4.792319e+01
4.738376e+01
4.492490e+01
4.272930e+01
4.015937e+01
3.486142e+01
3.311585e+01
2.893089e+01
2.737073e+01
2.596029e+01
2.426476e+01
2.400983e+01
2.086347e+01
2.032442e+01
1.847946e+01
1.756149e+01
1.552027e+01
1.447503e+01
1.288911e+01
1.225232e+01
1.173512e+01
1.045474e+01
9.695805e+00
9.403573e+00
9.062994e+00
8.492571e+00
7.437678e+00
7.138467e+00
6.705330e+00
6.466830e+00
5.424392e+00
4.858796e+00
4.514116e+00
4.328446e+00
4.079871e+00
3.902024e+00
3.383551e+00
3.312634e+00
3.192254e+00
2.776266e+00
2.525118e+00
2.378957e+00
2.234073e+00
2.164191e+00
2.067599e+00
1.926759e+00
1.864118e+00
1.668656e+00
1.443133e+00
1.369074e+00
1.317884e+00
1.145383e+00
1.101303e+00
1.060286e+00
1.022374e+00
9.855260e-01
9.325668e-01
8.602273e-01
7.853228e-01
7.442746e-01
7.140312e-01
6.861871e-01
6.133589e-01
5.584658e-01
5.155128e-01
4.646899e-01
4.384340e-01
4.010696e-01
3.725340e-01
3.461757e-01
3.215918e-01
3.086347e-01
2.965259e-01
2.677113e-01
2.530323e-01
2.470198e-01
2.289329e-01
2.240173e-01
1.975974e-01
1.902710e-01
1.691854e-01
1.611532e-01
1.514338e-01
1.379138e-01
1.232034e-01
1.101837e-01
1.032829e-01
1.018977e-01
9.818417e-02
8.906584e-02
8.839152e-02
7.900703e-02
7.610691e-02
7.150449e-02
6.724080e-02
6.182572e-02
5.876827e-02
5.127361e-02
4.890859e-02
4.423605e-02
3.782496e-02
3.736595e-02
3.649019e-02
3.451460e-02
3.117027e-02
2.845753e-02
2.674807e-02
2.538915e-02
2.340815e-02
2.136158e-02
1.942572e-02
1.740261e-02
1.641074e-02
1.421920e-02
1.353358e-02
1.182028e-02
1.103281e-02
1.034583e-02
9.371777e-03
8.901327e-03
8.405041e-03
7.657077e-03
7.095593e-03
6.785512e-03
6.587483e-03
6.182156e-03
5.568313e-03
5.261355e-03
4.834016e-03
4.583746e-03
4.262908e-03
4.036639e-03
3.665926e-03
3.479952e-03
3.129398e-03
2.859468e-03
2.712462e-03
2.646694e-03
2.362701e-03
2.346768e-03
2.204993e-03
2.116089e-03
2.015497e-03
1.987083e-03
1.857514e-03
1.845235e-03
1.684069e-03
1.550168e-03
1.513967e-03
1.477999e-03
1.438795e-03
1.411200e-03
1.396045e-03
1.352515e-03
1.342976e-03
1.324005e-03
1.309856e-03
1.273265e-03
1.252069e-03
1.244788e-03
1.238951e-03
1.218488e-03
1.197087e-03
1.176746e-03
1.166883e-03
1.148179e-03
1.146764e-03
1.115108e-03
1.097427e-03
1.091386e-03
1.066645e-03
1.060460e-03
1.045357e-03
1.027326e-03
1.017196e-03
1.006630e-03
9.942906e-04
9.804700e-04
9.564314e-04
9.522286e-04
9.340973e-04
9.259840e-04
9.086514e-04
8.945189e-04
8.783777e-04
8.693482e-04
8.538268e-04
8.512996e-04
8.449224e-04
8.330014e-04
8.173162e-04
8.127231e-04
7.988316e-04
7.904877e-04
7.766929e-04
7.657639e-04
7.588444e-04
7.406365e-04
7.317747e-04
7.072620e-04
6.973289e-04
6.879215e-04
6.813806e-04
6.756600e-04
6.690316e-04
6.628786e-04
6.472949e-04
6.400764e-04
6.246914e-04
6.074624e-04
6.048355e-04
5.940713e-04
5.916393e-04
5.868064e-04
5.729425e-04
5.530433e-04
5.369216e-04
5.344148e-04
5.280052e-04
5.218213e-04
5.146471e-04
5.007898e-04
4.936685e-04
4.862999e-04
4.831827e-04
4.723711e-04
4.559316e-04
4.511932e-04
4.492641e-04
4.312474e-04
4.223824e-04
4.140550e-04
4.045438e-04
3.988256e-04
3.836852e-04
3.698515e-04
3.652896e-04
3.530243e-04
3.395529e-04
3.260142e-04
3.162403e-04
3.125053e-04
3.002880e-04
2.896339e-04
2.866599e-04
2.773007e-04
2.725236e-04
2.545399e-04
2.506034e-04
2.359038e-04
2.327083e-04
2.115188e-04
2.023116e-04
1.983124e-04
1.899020e-04
1.832771e-04
1.791517e-04
1.705516e-04
1.555291e-04
1.509820e-04
1.327864e-04
1.258827e-04
1.220933e-04
1.187197e-04
1.104903e-04
9.852827e-05
9.253384e-05
7.838851e-05
7.060765e-05
6.226578e-05
5.760606e-05
5.409764e-05
3.765967e-05
3.458633e-05
2.400948e-05
1.395510e-05
3.195830e-06
-3.980674e-06
-1.357713e-05
-1.676821e-05
-3.390249e-05
-4.441647e-05
-4.997689e-05
-5.977379e-05
-7.318341e-05
-8.261448e-05
-8.710082e-05
-1.032364e-04
-1.157885e-04
-1.329340e-04
-1.374472e-04
-1.485391e-04
-1.567300e-04
-1.711925e-04
-1.780350e-04
-1.897669e-04
-1.927691e-04
-2.030003e-04
-2.112612e-04
-2.215402e-04
-2.347292e-04
-2.386026e-04
-2.531140e-04
-2.563012e-04
-2.705337e-04
-2.888679e-04
-2.986152e-04
-3.045793e-04
-3.124981e-04
-3.335896e-04
-3.380962e-04
-3.430556e-04
-3.516892e-04
-3.627120e-04
-3.779771e-04
-3.941430e-04
-4.022846e-04
-4.214060e-04
-4.263522e-04
-4.346082e-04
-4.482126e-04
-4.623090e-04
-4.757442e-04
-4.848639e-04
-4.975309e-04
-5.007667e-04
-5.067892e-04
-5.263082e-04
-5.346415e-04
-5.363404e-04
-5.439139e-04
-5.632638e-04
-5.770123e-04
-5.985572e-04
-6.069806e-04
-6.195810e-04
-6.350009e-04
-6.514741e-04
-6.673032e-04
-6.897896e-04
-7.092120e-04
-7.120315e-04
-7.152420e-04
-7.350700e-04
-7.462020e-04
-7.782624e-04
-7.924952e-04
-8.027004e-04
-8.225144e-04
-8.525955e-04
-8.837718e-04
-8.903118e-04
-9.126323e-04
-9.807734e-04
