2.724656e+12
2.622828e+12
2.012874e+12
1.730416e+12
1.631310e+12
1.472803e+12
1.429877e+12
1.265260e+12
1.181232e+12
1.103652e+12
1.034802e+12
9.841657e+11
9.507292e+11
9.436065e+11
8.776105e+11
8.592635e+11
8.064302e+11
7.682100e+11
7.373202e+11
7.019426e+11
6.384019e+11
6.316869e+11
6.292040e+11
5.890047e+11
5.745464e+11
5.517585e+11
5.356735e+11
5.179300e+11
4.925804e+11
4.813242e+11
4.623843e+11
4.414404e+11
4.237931e+11
4.135159e+11
4.029603e+11
3.884466e+11
3.756888e+11
3.629515e+11
3.570095e+11
3.380509e+11
3.275653e+11
3.268483e+11
3.217313e+11
3.094590e+11
3.005814e+11
2.935358e+11
2.820016e+11
2.681688e+11
2.616784e+11
2.595606e+11
2.555848e+11
2.427805e+11
2.349778e+11
2.332168e+11
2.266978e+11
2.164650e+11
2.071818e+11
2.044878e+11
2.028888e+11
1.963872e+11
1.864787e+11
1.841906e+11
1.822695e+11
1.731449e+11
1.658061e+11
1.630670e+11
1.612104e+11
1.541095e+11
1.498971e+11
1.469337e+11
1.435852e+11
1.426823e+11
1.411363e+11
1.348827e+11
1.342370e+11
1.318363e+11
1.289122e+11
1.245663e+11
1.232577e+11
1.218413e+11
1.187010e+11
1.160284e+11
1.111058e+11
1.097609e+11
1.078257e+11
1.059335e+11
1.043006e+11
1.009016e+11
1.004495e+11
9.857160e+10
9.561552e+10
9.432426e+10
9.245894e+10
8.819666e+10
8.731096e+10
8.573776e+10
8.510926e+10
8.342921e+10
8.268550e+10
8.231652e+10
7.926661e+10
7.624448e+10
7.588142e+10
7.488243e+10
7.252650e+10
7.196454e+10
7.140703e+10
7.027874e+10
6.778084e+10
6.651520e+10
6.594823e+10
6.446963e+10
6.352609e+10
6.244988e+10
5.954549e+10
5.923820e+10
5.733501e+10
5.477985e+10
5.120811e+10
5.074437e+10
5.038623e+10
4.820323e+10
4.540120e+10
4.151379e+10
3.772828e+10
3.431001e+10
3.116324e+10
2.013875e+10
