5.873046e+04
1.267857e+04
6.188724e+03
1.655619e+03
1.381793e+03
7.460589e+02
7.062255e+02
4.136260e+02
3.056968e+02
2.852828e+02
2.291598e+02
2.147699e+02
2.078213e+02
1.677669e+02
1.138005e+02
1.076669e+02
9.327805e+01
7.816872e+01
7.407410e+01
5.877457e+01
5.590143e+01
5.282242e+01
4.198818e+01
4.002761e+01
3.177279e+01
2.146691e+01
1.860005e+01
1.744212e+01
1.578191e+01
1.467176e+01
1.255501e+01
1.085102e+01
9.430302e+00
9.107409e+00
8.014814e+00
6.947030e+00
5.989905e+00
5.012390e+00
4.476814e+00
3.857246e+00
3.519457e+00
3.439781e+00
2.768746e+00
2.492933e+00
2.052150e+00
1.620996e+00
1.296579e+00
9.470290e-01
8.952931e-01
7.529469e-01
6.365374e-01
5.638124e-01
5.198308e-01
4.357475e-01
3.796644e-01
3.093754e-01
2.150280e-01
1.468899e-01
1.137330e-01
8.641209e-02
8.154149e-02
7.048418e-02
6.137968e-02
5.558215e-02
4.328578e-02
3.011481e-02
2.771352e-02
2.448121e-02
2.320080e-02
1.538207e-02
1.448078e-02
1.263111e-02
8.443411e-03
8.358848e-03
7.171670e-03
6.800205e-03
5.576830e-03
4.981298e-03
4.257781e-03
3.413725e-03
2.709734e-03
1.817193e-03
1.694379e-03
1.423418e-03
1.311603e-03
1.186185e-03
1.072173e-03
1.040558e-03
8.604259e-04
8.348155e-04
7.730278e-04
7.434281e-04
7.098975e-04
6.638413e-04
6.484316e-04
6.358392e-04
6.133112e-04
5.792810e-04
5.699113e-04
5.617889e-04
5.484448e-04
5.352148e-04
5.289165e-04
5.077064e-04
4.984939e-04
4.947771e-04
4.856076e-04
4.706237e-04
4.628738e-04
4.601259e-04
4.521570e-04
4.473211e-04
4.391711e-04
4.363627e-04
4.300726e-04
4.213667e-04
4.194296e-04
4.120107e-04
4.088906e-04
4.025879e-04
3.997955e-04
3.964737e-04
3.898812e-04
3.850686e-04
3.740470e-04
3.703570e-04
3.619089e-04
3.575020e-04
3.531248e-04
3.465452e-04
3.453658e-04
3.441815e-04
3.351170e-04
3.283186e-04
3.280979e-04
3.253197e-04
3.216344e-04
3.188011e-04
3.119187e-04
3.075605e-04
3.065111e-04
3.035196e-04
2.990926e-04
2.960113e-04
2.929604e-04
2.909921e-04
2.897460e-04
2.871108e-04
2.817177e-04
2.780744e-04
2.749570e-04
2.707009e-04
2.674801e-04
2.651753e-04
2.626098e-04
2.596916e-04
2.550148e-04
2.512139e-04
2.504548e-04
2.460244e-04
2.429718e-04
2.409143e-04
2.380459e-04
2.349898e-04
2.331174e-04
2.323844e-04
2.297243e-04
2.258408e-04
2.218899e-04
2.198455e-04
2.161190e-04
2.142167e-04
2.103643e-04
2.083411e-04
2.054758e-04
2.033148e-04
2.002778e-04
1.961894e-04
1.952527e-04
1.940617e-04
1.861706e-04
1.851264e-04
1.819871e-04
1.808039e-04
1.781177e-04
1.780589e-04
1.738547e-04
1.698633e-04
1.695625e-04
1.673856e-04
1.647519e-04
1.595765e-04
1.572524e-04
1.541784e-04
1.529899e-04
1.501820e-04
1.466034e-04
1.412905e-04
1.406242e-04
1.393266e-04
1.368887e-04
1.351469e-04
1.316450e-04
1.309331e-04
1.270745e-04
1.261556e-04
1.232598e-04
1.202603e-04
1.180338e-04
1.167598e-04
1.159590e-04
1.110284e-04
1.073536e-04
1.066708e-04
1.028769e-04
9.850234e-05
9.725615e-05
9.420262e-05
9.062726e-05
8.934132e-05
8.569507e-05
8.490981e-05
8.308429e-05
8.141896e-05
7.823954e-05
7.370187e-05
7.279459e-05
7.128486e-05
6.885733e-05
6.617894e-05
6.390383e-05
6.341112e-05
5.913194e-05
5.801159e-05
5.540844e-05
5.327205e-05
5.079451e-05
4.789986e-05
4.560672e-05
4.361485e-05
4.200130e-05
3.784323e-05
3.676100e-05
3.515642e-05
3.465303e-05
3.225602e-05
3.028454e-05
2.646452e-05
2.211870e-05
1.931653e-05
1.872704e-05
1.685927e-05
1.358218e-05
1.004711e-05
9.403047e-06
7.592439e-06
5.045519e-06
3.352768e-06
3.020299e-14
-1.010011e-13
-1.658143e-06
-3.617649e-06
-6.217311e-06
-8.987025e-06
-1.016069e-05
-1.361855e-05
-1.593686e-05
-1.687796e-05
-1.745151e-05
-2.054207e-05
-2.345497e-05
-2.500609e-05
-2.685698e-05
-3.158123e-05
-3.247234e-05
-3.485285e-05
-3.574509e-05
-3.908879e-05
-4.004277e-05
-4.504486e-05
-4.824291e-05
-5.029440e-05
-5.086004e-05
-5.131007e-05
-5.485745e-05
-5.909124e-05
-6.095707e-05
-6.213391e-05
-6.503796e-05
-6.821386e-05
-7.195764e-05
-7.317128e-05
-7.458322e-05
-7.631400e-05
-7.876266e-05
-8.033736e-05
-8.496980e-05
-8.692308e-05
-8.917740e-05
-9.160113e-05
-9.399105e-05
-9.675155e-05
-9.853979e-05
-1.053879e-04
-1.080578e-04
-1.096707e-04
-1.121593e-04
-1.135759e-04
-1.148764e-04
-1.187905e-04
-1.212138e-04
-1.240209e-04
-1.246206e-04
-1.283544e-04
-1.310481e-04
-1.320682e-04
-1.356885e-04
-1.380993e-04
-1.421557e-04
-1.455029e-04
-1.477193e-04
-1.486671e-04
-1.525196e-04
-1.559712e-04
-1.574396e-04
-1.611005e-04
-1.645261e-04
-1.660481e-04
-1.665938e-04
-1.720050e-04
-1.756092e-04
-1.784922e-04
-1.807769e-04
-1.861942e-04
-1.871448e-04
-1.897218e-04
-1.953814e-04
-1.992192e-04
-2.053344e-04
-2.061353e-04
-2.076737e-04
-2.102773e-04
-2.160258e-04
-2.194751e-04
-2.205675e-04
-2.218626e-04
-2.325576e-04
-2.348431e-04
-2.382354e-04
-2.421623e-04
-2.454367e-04
-2.494649e-04
-2.517042e-04
-2.551198e-04
-2.605062e-04
-2.654638e-04
-2.684762e-04
-2.715654e-04
-2.757289e-04
-2.778292e-04
-2.835765e-04
-2.862746e-04
-2.915808e-04
-2.992298e-04
-3.038413e-04
-3.098767e-04
-3.155773e-04
-3.205043e-04
-3.316198e-04
-3.347914e-04
-3.446373e-04
-3.534380e-04
-3.593129e-04
-3.656535e-04
-3.786741e-04
-3.887025e-04
-3.945321e-04
-4.111012e-04
-4.748373e-04
-5.127537e-04
-6.035040e-04
-8.335975e-04
-9.218043e-04
-1.071819e-03
