2.378509e+05
7.863083e+04
2.392071e+04
3.635602e+03
6.985795e+02
9.853232e+01
2.798585e+01
1.539769e+01
2.931206e+00
5.929924e-01
1.332276e-01
8.814637e-02
5.128584e-02
4.782712e-02
3.969910e-02
3.435390e-02
2.833772e-02
2.434053e-02
2.295641e-02
2.140426e-02
2.065187e-02
2.043142e-02
1.987542e-02
1.896258e-02
1.774766e-02
1.736043e-02
1.678155e-02
1.661106e-02
1.610651e-02
1.557214e-02
1.523400e-02
1.463981e-02
1.369907e-02
1.355165e-02
1.307458e-02
1.273090e-02
1.232094e-02
1.214049e-02
1.182036e-02
1.126098e-02
1.096456e-02
1.051586e-02
1.013470e-02
9.999854e-03
9.861593e-03
9.313000e-03
9.092914e-03
8.781178e-03
8.755822e-03
8.527680e-03
8.235159e-03
7.927474e-03
7.841714e-03
7.563820e-03
7.259381e-03
7.254276e-03
6.991613e-03
6.820205e-03
6.582599e-03
6.532181e-03
6.312764e-03
6.222565e-03
6.078314e-03
5.723270e-03
5.644844e-03
5.562834e-03
5.283503e-03
5.054260e-03
4.974300e-03
4.737332e-03
4.599129e-03
4.492158e-03
4.404831e-03
4.362386e-03
4.206927e-03
4.111351e-03
4.010647e-03
3.802847e-03
3.677755e-03
3.629922e-03
3.500187e-03
3.430513e-03
3.404016e-03
3.203176e-03
3.129702e-03
3.052010e-03
2.911502e-03
2.708378e-03
2.564758e-03
2.439781e-03
2.373756e-03
2.256671e-03
2.028859e-03
1.937024e-03
1.777219e-03
1.727191e-03
1.524030e-03
1.205325e-03
9.144736e-04
8.775156e-04
6.192387e-04
4.055014e-04
1.191151e-04
-1.184289e-04
-5.460647e-04
-7.006747e-04
-2.203623e-03
-2.810257e-03
-3.394938e-03
-5.027831e-03
-5.812130e-03
-7.480495e-03
-1.003608e-02
-1.093665e-02
-1.256740e-02
-1.266392e-02
-1.548823e-02
-1.710509e-02
-1.793404e-02
-2.075875e-02
-2.330519e-02
-2.649137e-02
-3.306734e-02
-3.510233e-02
-4.091129e-02
-5.393221e-02
-5.620201e-02
-7.735728e-02
