3.032538e+10
1.646804e+10
7.270414e+09
4.461209e+09
4.161442e+09
3.886291e+09
3.332550e+09
2.888337e+09
2.714152e+09
2.653779e+09
2.477402e+09
2.188371e+09
2.135629e+09
1.965691e+09
1.893526e+09
1.776937e+09
1.738911e+09
1.607734e+09
1.450944e+09
1.439729e+09
1.367439e+09
1.340635e+09
1.330972e+09
1.255306e+09
1.213356e+09
1.199359e+09
1.181670e+09
1.092426e+09
1.057535e+09
1.045681e+09
9.819700e+08
9.438839e+08
8.885777e+08
8.421348e+08
8.344906e+08
8.297727e+08
7.719943e+08
7.508883e+08
7.254760e+08
7.075445e+08
6.937678e+08
6.648326e+08
6.601274e+08
6.449581e+08
6.232468e+08
5.969744e+08
5.846521e+08
5.597754e+08
5.506893e+08
5.409718e+08
5.309608e+08
5.118726e+08
5.077776e+08
4.945242e+08
4.893409e+08
4.773972e+08
4.547631e+08
4.446706e+08
4.351299e+08
4.201419e+08
4.050576e+08
3.901118e+08
3.838781e+08
3.798267e+08
3.690297e+08
3.600343e+08
3.554720e+08
3.462128e+08
3.340406e+08
3.287214e+08
3.081567e+08
3.030003e+08
2.990104e+08
2.914641e+08
2.815577e+08
2.766089e+08
2.701154e+08
2.622377e+08
2.543803e+08
2.537945e+08
2.443340e+08
2.326494e+08
2.311648e+08
2.252082e+08
2.224560e+08
2.121127e+08
2.061756e+08
1.960123e+08
1.923634e+08
1.864208e+08
1.848015e+08
1.725014e+08
1.668688e+08
1.629866e+08
1.554403e+08
1.547841e+08
1.466589e+08
1.459404e+08
1.438257e+08
1.320817e+08
1.274162e+08
1.233834e+08
1.215247e+08
1.144459e+08
1.106178e+08
1.082687e+08
1.043418e+08
9.729090e+07
9.479121e+07
9.264977e+07
8.778887e+07
8.569525e+07
7.867206e+07
7.219837e+07
6.871419e+07
6.085571e+07
5.680014e+07
4.275177e+07
3.634705e+07
3.594464e+07
2.830412e+07
2.286749e+07
1.463376e+07
1.164560e+07
8.931370e+06
5.206870e+06
4.587225e+06
1.258538e+06
