1.637067e+08
2.145901e+07
1.514710e+06
1.204027e+06
9.210717e+05
2.979830e+05
2.082977e+05
9.882240e+04
1.856129e+04
9.728469e+03
2.837277e+03
1.114542e+03
4.627333e+02
2.843756e+02
1.926151e+02
6.800533e+01
5.283394e+01
4.132015e+01
3.881056e+01
3.048387e+01
2.735190e+01
2.374451e+01
2.136339e+01
1.862723e+01
1.800709e+01
1.701991e+01
1.598845e+01
1.542764e+01
1.411117e+01
1.335123e+01
1.292814e+01
1.196246e+01
1.168368e+01
1.128672e+01
1.005108e+01
9.858502e+00
8.728647e+00
8.642768e+00
8.093483e+00
7.974308e+00
7.896205e+00
7.371974e+00
7.123411e+00
6.366023e+00
6.119219e+00
5.932426e+00
5.352414e+00
5.037642e+00
4.705599e+00
4.693769e+00
4.376388e+00
4.255060e+00
3.801548e+00
3.572277e+00
3.132222e+00
3.070873e+00
2.927971e+00
2.717404e+00
2.525100e+00
2.423538e+00
2.174260e+00
1.695363e+00
1.602547e+00
1.577385e+00
1.310187e+00
1.130744e+00
8.946548e-01
7.465404e-01
5.105831e-01
3.878184e-01
2.552162e-01
2.210534e-01
1.962000e-01
9.135482e-02
7.333807e-02
5.938169e-02
3.398833e-02
7.369792e-10
-8.552295e-10
-6.610294e-03
-5.363140e-02
-1.209310e-01
-1.672042e-01
-2.594911e-01
-3.161792e-01
-3.487818e-01
-5.273173e-01
-6.375546e-01
-7.164630e-01
-7.513635e-01
-9.747660e-01
-1.036839e+00
-1.193805e+00
-1.289389e+00
-1.512034e+00
-1.616633e+00
-2.198583e+00
-2.319254e+00
-2.406417e+00
-2.751476e+00
-3.040895e+00
-3.164612e+00
-3.406332e+00
-3.930281e+00
-4.041995e+00
-4.366163e+00
-4.983198e+00
-5.191614e+00
-5.624481e+00
-6.179433e+00
-6.432744e+00
-6.781224e+00
-7.567701e+00
-8.103146e+00
-8.335808e+00
-9.053556e+00
-1.063535e+01
-1.146662e+01
-1.248249e+01
-1.449161e+01
-1.574432e+01
-1.687706e+01
-2.092396e+01
-2.395477e+01
-2.855208e+01
-4.409329e+01
-4.753556e+01
-9.326369e+01
