4.386169e+05
3.092900e+05
2.632853e+05
2.385581e+05
2.124740e+05
1.965885e+05
1.672983e+05
1.323309e+05
1.266307e+05
1.094682e+05
9.510700e+04
8.526723e+04
8.389409e+04
8.005441e+04
7.158126e+04
6.188502e+04
5.539631e+04
3.612279e+04
3.401241e+04
3.203641e+04
3.038453e+04
2.836954e+04
2.208005e+04
1.809057e+04
1.528271e+04
1.459448e+04
1.389410e+04
1.201789e+04
1.123403e+04
1.055397e+04
9.155349e+03
7.900503e+03
7.192140e+03
5.921440e+03
5.429538e+03
4.123177e+03
3.825776e+03
3.439899e+03
2.781859e+03
2.501638e+03
2.335535e+03
1.981638e+03
1.625310e+03
1.503302e+03
1.382858e+03
1.117852e+03
1.024946e+03
8.894097e+02
8.500274e+02
6.872855e+02
6.105884e+02
4.953729e+02
3.783009e+02
3.741582e+02
2.840128e+02
2.304797e+02
1.899420e+02
1.698789e+02
1.156489e+02
1.119570e+02
1.067040e+02
7.510040e+01
6.937984e+01
6.626217e+01
5.058871e+01
5.013624e+01
2.921857e+01
2.474624e+01
2.068572e+01
1.736108e+01
1.602446e+01
1.184730e+01
1.113346e+01
1.034245e+01
8.060016e+00
7.787446e+00
4.627058e+00
4.256140e+00
3.247869e+00
3.139708e+00
3.100525e+00
2.397450e+00
2.144418e+00
1.644494e+00
1.456053e+00
1.323240e+00
9.059817e-01
6.497731e-01
5.282390e-01
4.658215e-01
3.529921e-01
2.849195e-01
1.802451e-01
1.347194e-01
1.259724e-01
1.229953e-01
9.690168e-02
8.617295e-02
7.769703e-02
6.401134e-02
5.559856e-02
5.266081e-02
5.039497e-02
4.285865e-02
4.231492e-02
4.146791e-02
4.058341e-02
3.920612e-02
3.887741e-02
3.822838e-02
3.680646e-02
3.663670e-02
3.574612e-02
3.492065e-02
3.458708e-02
3.285512e-02
3.215890e-02
3.164623e-02
3.052894e-02
2.965722e-02
2.903360e-02
2.827157e-02
2.684216e-02
2.578412e-02
2.338398e-02
2.217091e-02
2.010280e-02
6.530158e-13
