4.370640e+05
2.315939e+05
2.102003e+05
1.777300e+05
1.574879e+05
1.522497e+05
1.261979e+05
1.203344e+05
1.031940e+05
8.547812e+04
8.001780e+04
6.824044e+04
6.022014e+04
5.972257e+04
4.794649e+04
4.708630e+04
3.893341e+04
3.742104e+04
2.980896e+04
2.458950e+04
1.941115e+04
1.683301e+04
1.595510e+04
1.409744e+04
1.154179e+04
9.843171e+03
9.521416e+03
7.758414e+03
5.775482e+03
5.503064e+03
4.549507e+03
3.345114e+03
2.996662e+03
2.803576e+03
2.296691e+03
2.175522e+03
1.613233e+03
1.373306e+03
1.260293e+03
1.106105e+03
1.010427e+03
9.280676e+02
7.796812e+02
6.159777e+02
5.842082e+02
4.893279e+02
4.642323e+02
3.485937e+02
3.063433e+02
2.736872e+02
2.504256e+02
2.015710e+02
1.894988e+02
1.579582e+02
1.278767e+02
7.579354e+01
6.988154e+01
5.596167e+01
4.882929e+01
4.314621e+01
3.309721e+01
3.013002e+01
2.861793e+01
2.408594e+01
1.971163e+01
1.555904e+01
1.186808e+01
9.563255e+00
8.285232e+00
7.468289e+00
6.609785e+00
6.346786e+00
5.144907e+00
4.369271e+00
2.991969e+00
2.363797e+00
1.982299e+00
1.909386e+00
1.719965e+00
1.386177e+00
1.033128e+00
9.705481e-01
7.292772e-01
5.701735e-01
4.995084e-01
4.472619e-01
4.125682e-01
2.565673e-01
2.506626e-01
2.102773e-01
1.903888e-01
1.831215e-01
1.060866e-01
1.011515e-01
5.071773e-02
4.097310e-02
3.927065e-02
3.777615e-02
3.673226e-02
3.645090e-02
3.538397e-02
3.448084e-02
3.406014e-02
3.248600e-02
2.845280e-02
2.792248e-02
2.744825e-02
2.676051e-02
2.627582e-02
2.583633e-02
2.528836e-02
2.496854e-02
2.461588e-02
2.310651e-02
2.220211e-02
2.164108e-02
2.059701e-02
2.033849e-02
2.006946e-02
1.977977e-02
1.646302e-02
1.505875e-02
1.347643e-02
6.587655e-12
4.161915e-12
3.593233e-13
-1.529846e-12
-2.364167e-12
