3.131162e+10
1.398663e+10
7.321223e+09
5.325421e+09
5.108886e+09
3.981541e+09
3.396637e+09
3.078980e+09
2.635730e+09
2.357586e+09
2.228052e+09
2.192480e+09
2.101590e+09
1.979373e+09
1.946780e+09
1.854437e+09
1.800099e+09
1.639106e+09
1.581872e+09
1.478341e+09
1.458824e+09
1.377993e+09
1.338489e+09
1.290252e+09
1.236593e+09
1.205802e+09
1.149786e+09
1.117993e+09
1.076639e+09
1.004218e+09
9.913318e+08
9.774081e+08
9.349146e+08
9.061905e+08
8.968566e+08
8.689272e+08
8.414364e+08
8.210766e+08
8.076309e+08
7.837346e+08
7.729585e+08
7.494132e+08
7.005763e+08
6.972552e+08
6.740499e+08
6.609785e+08
6.527228e+08
6.367188e+08
6.226005e+08
6.042436e+08
5.753121e+08
5.641007e+08
5.506643e+08
5.343153e+08
5.241937e+08
5.020159e+08
4.921286e+08
4.822860e+08
4.797288e+08
4.635916e+08
4.528345e+08
4.264484e+08
4.175594e+08
4.094430e+08
4.020132e+08
3.909054e+08
3.792147e+08
3.766360e+08
3.698117e+08
3.504018e+08
3.354598e+08
3.313838e+08
3.250409e+08
3.223816e+08
3.184190e+08
3.120613e+08
3.010701e+08
2.924164e+08
2.878161e+08
2.787093e+08
2.770011e+08
2.751391e+08
2.526297e+08
2.476792e+08
2.401628e+08
2.369482e+08
2.289931e+08
2.176037e+08
2.153942e+08
2.114182e+08
2.042777e+08
1.964886e+08
1.943342e+08
1.867005e+08
1.791495e+08
1.732508e+08
1.718830e+08
1.592695e+08
1.553517e+08
1.481912e+08
1.382627e+08
1.379120e+08
1.370338e+08
1.312471e+08
1.199415e+08
1.171986e+08
1.088909e+08
1.037275e+08
1.013749e+08
8.764547e+07
8.389930e+07
8.147398e+07
7.466430e+07
7.005054e+07
6.819207e+07
6.147486e+07
5.460966e+07
4.744614e+07
4.419391e+07
4.043591e+07
3.014060e+07
2.428893e+07
2.241022e+07
1.982974e+07
1.818617e+07
1.276581e+07
4.859775e+06
1.127221e+06
