5.851127e+04
1.221412e+04
6.482339e+03
1.895378e+03
1.519726e+03
6.852644e+02
5.641676e+02
3.586769e+02
3.271959e+02
2.479442e+02
2.343336e+02
2.052500e+02
1.707875e+02
1.457440e+02
1.177563e+02
1.045772e+02
8.983844e+01
7.560593e+01
7.129552e+01
5.345012e+01
5.211893e+01
5.007248e+01
4.160296e+01
3.934170e+01
2.946959e+01
2.586906e+01
2.421222e+01
1.780550e+01
1.430879e+01
1.227338e+01
1.105283e+01
9.149637e+00
8.269037e+00
7.781167e+00
6.535670e+00
5.407768e+00
5.275593e+00
3.823953e+00
3.568207e+00
3.397997e+00
2.968671e+00
2.795386e+00
2.337671e+00
2.299994e+00
1.800321e+00
1.218426e+00
1.056005e+00
9.634491e-01
8.179529e-01
7.802543e-01
6.231204e-01
4.317212e-01
4.206191e-01
3.849550e-01
3.037731e-01
2.134461e-01
1.680676e-01
1.632461e-01
1.358040e-01
1.065260e-01
7.249986e-02
6.459241e-02
4.802390e-02
4.412377e-02
3.518603e-02
2.388325e-02
1.889770e-02
1.839067e-02
1.478952e-02
1.333438e-02
1.179259e-02
9.909384e-03
6.886324e-03
5.886983e-03
4.175450e-03
3.757728e-03
3.506933e-03
3.199093e-03
3.042640e-03
2.797355e-03
2.734545e-03
1.896217e-03
1.466118e-03
1.369458e-03
1.311312e-03
1.180810e-03
1.130946e-03
9.422126e-04
9.124796e-04
8.382718e-04
8.235800e-04
7.780796e-04
7.683737e-04
7.066482e-04
6.763371e-04
6.340803e-04
6.115512e-04
5.969607e-04
5.785020e-04
5.707833e-04
5.359668e-04
5.315325e-04
5.183521e-04
5.072008e-04
5.034826e-04
4.913139e-04
4.807845e-04
4.795908e-04
4.747937e-04
4.704877e-04
4.669110e-04
4.545473e-04
4.454008e-04
4.434782e-04
4.397853e-04
4.311977e-04
4.218815e-04
4.185569e-04
4.116925e-04
4.047442e-04
3.987415e-04
3.966746e-04
3.884834e-04
3.835654e-04
3.796170e-04
3.735866e-04
3.691656e-04
3.677119e-04
3.616967e-04
3.591647e-04
3.583645e-04
3.507072e-04
3.479624e-04
3.386067e-04
3.341641e-04
3.326506e-04
3.262853e-04
3.231034e-04
3.156085e-04
3.101593e-04
3.084813e-04
3.050308e-04
3.027663e-04
3.019783e-04
2.962482e-04
2.907771e-04
2.893586e-04
2.864660e-04
2.857984e-04
2.806904e-04
2.781157e-04
2.767084e-04
2.735949e-04
2.669065e-04
2.657235e-04
2.605622e-04
2.579452e-04
2.559205e-04
2.515395e-04
2.479819e-04
2.440451e-04
2.420109e-04
2.372199e-04
2.348171e-04
2.300632e-04
2.296917e-04
2.249125e-04
2.226886e-04
2.221317e-04
2.190802e-04
2.165946e-04
2.138682e-04
2.095294e-04
2.076721e-04
2.042580e-04
2.014614e-04
1.982244e-04
1.967939e-04
1.921796e-04
1.898368e-04
1.889332e-04
1.863218e-04
1.831285e-04
1.814627e-04
1.803839e-04
1.785778e-04
1.730580e-04
1.705678e-04
1.672767e-04
1.647663e-04
1.633435e-04
1.625160e-04
1.590532e-04
1.570133e-04
1.546884e-04
1.510614e-04
1.427442e-04
1.414452e-04
1.388998e-04
1.381807e-04
1.349499e-04
1.319569e-04
1.302454e-04
1.271758e-04
1.247572e-04
1.244661e-04
1.215905e-04
1.180964e-04
1.171517e-04
1.142534e-04
1.127061e-04
1.111670e-04
1.070893e-04
1.045472e-04
1.017559e-04
1.007015e-04
9.820209e-05
9.546336e-05
9.177413e-05
9.119963e-05
8.884453e-05
8.441174e-05
8.122702e-05
7.927538e-05
7.728153e-05
7.343778e-05
7.149389e-05
7.062266e-05
6.651093e-05
6.430683e-05
6.302451e-05
5.845150e-05
5.741983e-05
5.400013e-05
4.986511e-05
4.760487e-05
4.548053e-05
4.494104e-05
4.268067e-05
4.094129e-05
3.767234e-05
3.695710e-05
3.441675e-05
3.306382e-05
2.950836e-05
2.625000e-05
2.362958e-05
2.292756e-05
2.062673e-05
2.027613e-05
1.837600e-05
1.321321e-05
1.201169e-05
9.966253e-06
5.288167e-06
5.226675e-06
1.518402e-06
6.237127e-07
3.695800e-14
-2.947458e-14
-6.739758e-14
-2.836049e-06
-4.873981e-06
-5.500483e-06
-7.905232e-06
-1.043805e-05
-1.142240e-05
-1.339878e-05
-1.463983e-05
-1.960806e-05
-2.366046e-05
-2.619158e-05
-2.909311e-05
-3.086716e-05
-3.234007e-05
-3.389086e-05
-3.545457e-05
-3.730583e-05
-4.058309e-05
-4.117117e-05
-4.406775e-05
-4.721769e-05
-4.837217e-05
-4.934736e-05
-5.245184e-05
-5.670381e-05
-6.017922e-05
-6.190205e-05
-6.603223e-05
-6.695773e-05
-6.884827e-05
-7.020050e-05
-7.217430e-05
-7.340255e-05
-7.832531e-05
-7.943288e-05
-8.214732e-05
-8.399331e-05
-8.629062e-05
-9.115870e-05
-9.294290e-05
-9.416639e-05
-9.818038e-05
-9.885811e-05
-1.007597e-04
-1.059150e-04
-1.084080e-04
-1.116655e-04
-1.151518e-04
-1.160800e-04
-1.171231e-04
-1.207639e-04
-1.233249e-04
-1.253211e-04
-1.279144e-04
-1.323891e-04
-1.345596e-04
-1.392391e-04
-1.406452e-04
-1.437333e-04
-1.463944e-04
-1.481497e-04
-1.522688e-04
-1.539636e-04
-1.591573e-04
-1.603761e-04
-1.614624e-04
-1.646987e-04
-1.684230e-04
-1.699468e-04
-1.725328e-04
-1.779178e-04
-1.799482e-04
-1.841335e-04
-1.872623e-04
-1.946702e-04
-1.957424e-04
-1.979359e-04
-2.021995e-04
-2.031873e-04
-2.062180e-04
-2.100068e-04
-2.155270e-04
-2.175564e-04
-2.181830e-04
-2.241480e-04
-2.315094e-04
-2.330577e-04
-2.394991e-04
-2.425747e-04
-2.484077e-04
-2.488109e-04
-2.530461e-04
-2.558664e-04
-2.599383e-04
-2.633766e-04
-2.718181e-04
-2.748937e-04
-2.777298e-04
-2.831004e-04
-2.878440e-04
-2.896113e-04
-2.940459e-04
-3.001888e-04
-3.043540e-04
-3.079490e-04
-3.082431e-04
-3.167363e-04
-3.232472e-04
-3.302663e-04
-3.325544e-04
-3.427693e-04
-3.544578e-04
-3.593553e-04
-3.637411e-04
-3.752316e-04
-3.950088e-04
-4.251108e-04
-5.211078e-04
-5.431717e-04
-5.894167e-04
-6.334626e-04
-7.365962e-04
-8.985591e-04
