2.128941e+12
1.793880e+12
1.628691e+12
1.422141e+12
1.333459e+12
1.238870e+12
1.156840e+12
1.085795e+12
1.040058e+12
1.009534e+12
9.115528e+11
8.435271e+11
8.294218e+11
7.969525e+11
7.248546e+11
6.947737e+11
6.722514e+11
6.623260e+11
6.174092e+11
5.903436e+11
5.608401e+11
5.538144e+11
5.354763e+11
5.152122e+11
4.925755e+11
4.744568e+11
4.595354e+11
4.418489e+11
4.280264e+11
4.130856e+11
4.045983e+11
3.616716e+11
3.537661e+11
3.432589e+11
3.332722e+11
3.195328e+11
3.022416e+11
3.007982e+11
2.954749e+11
2.811454e+11
2.739219e+11
2.659120e+11
2.577365e+11
2.541874e+11
2.478009e+11
2.433503e+11
2.386069e+11
2.310727e+11
2.219984e+11
2.132313e+11
2.114580e+11
2.011944e+11
1.963275e+11
1.874905e+11
1.865181e+11
1.811160e+11
1.778689e+11
1.739212e+11
1.653537e+11
1.606457e+11
1.546602e+11
1.516250e+11
1.480028e+11
1.458975e+11
1.444728e+11
1.427826e+11
1.387301e+11
1.362523e+11
1.311203e+11
1.285648e+11
1.244487e+11
1.234413e+11
1.221071e+11
1.198414e+11
1.174633e+11
1.153110e+11
1.120517e+11
1.098323e+11
1.056389e+11
1.031014e+11
1.022063e+11
1.008842e+11
9.848403e+10
9.677922e+10
9.515554e+10
9.330754e+10
9.159119e+10
8.975045e+10
8.786988e+10
8.682076e+10
8.596780e+10
8.350671e+10
8.260674e+10
8.062806e+10
7.896007e+10
7.732671e+10
7.642233e+10
7.479265e+10
7.370044e+10
7.293113e+10
7.140055e+10
6.851852e+10
6.747586e+10
6.694826e+10
6.513470e+10
6.390229e+10
6.207421e+10
6.085586e+10
6.004910e+10
5.920126e+10
5.898180e+10
5.659032e+10
5.557857e+10
5.443327e+10
5.239361e+10
5.214514e+10
5.056202e+10
4.823547e+10
4.793674e+10
4.495029e+10
4.161512e+10
4.108723e+10
3.642678e+10
2.646737e+10
2.333900e+10
2.030979e+10
1.877527e+10
9.763686e+09
