1.288165e+05
6.337053e+03
3.070656e+03
3.007518e+03
1.834624e+03
1.467136e+03
1.426467e+03
1.066059e+03
8.648257e+02
6.627735e+02
5.795338e+02
4.751518e+02
2.871182e+02
2.549561e+02
2.125855e+02
2.070351e+02
1.662018e+02
1.503347e+02
1.329291e+02
1.137550e+02
9.651259e+01
9.167692e+01
8.691463e+01
7.991494e+01
7.700284e+01
6.653639e+01
6.118755e+01
5.895786e+01
5.718849e+01
5.207354e+01
4.867833e+01
4.369202e+01
4.135913e+01
3.646027e+01
3.277184e+01
3.080995e+01
3.003951e+01
2.657858e+01
2.455979e+01
2.366650e+01
2.220962e+01
2.084189e+01
2.011388e+01
1.875281e+01
1.703612e+01
1.464310e+01
1.403852e+01
1.306963e+01
1.233662e+01
1.172460e+01
1.056157e+01
9.639629e+00
8.922482e+00
8.429323e+00
7.720951e+00
7.318579e+00
6.801459e+00
6.245786e+00
5.797516e+00
5.396709e+00
4.678930e+00
4.601041e+00
4.318610e+00
3.818655e+00
3.565104e+00
3.436363e+00
3.210724e+00
2.981530e+00
2.756958e+00
2.490320e+00
2.395854e+00
2.047153e+00
1.920487e+00
1.771431e+00
1.659111e+00
1.516049e+00
1.448334e+00
1.351615e+00
1.150676e+00
1.087755e+00
1.066321e+00
9.889560e-01
9.452410e-01
9.179064e-01
8.739530e-01
7.764296e-01
6.945806e-01
6.742669e-01
6.341547e-01
6.006607e-01
5.835267e-01
5.592052e-01
4.537273e-01
4.166120e-01
3.928410e-01
3.539700e-01
3.358227e-01
3.280165e-01
3.008567e-01
2.784094e-01
2.725010e-01
2.570596e-01
2.425836e-01
2.315028e-01
2.218652e-01
2.009135e-01
1.990120e-01
1.840534e-01
1.672521e-01
1.556937e-01
1.470931e-01
1.267192e-01
1.189321e-01
1.181449e-01
1.087278e-01
1.034247e-01
9.961040e-02
9.464096e-02
8.591224e-02
7.651712e-02
7.046238e-02
6.784261e-02
6.287038e-02
5.798776e-02
5.637031e-02
4.957899e-02
4.673170e-02
4.355605e-02
4.154836e-02
3.619744e-02
3.428924e-02
3.042711e-02
2.714006e-02
2.697822e-02
2.545954e-02
2.296016e-02
2.143159e-02
1.948337e-02
1.797224e-02
1.565366e-02
1.493275e-02
1.329844e-02
1.184845e-02
1.072983e-02
1.005004e-02
8.900105e-03
8.559876e-03
8.151372e-03
7.995411e-03
7.393443e-03
6.926877e-03
6.238450e-03
5.359698e-03
5.311356e-03
4.842811e-03
4.539242e-03
4.051168e-03
3.901019e-03
3.566433e-03
3.133990e-03
3.009810e-03
2.974738e-03
2.710751e-03
2.608678e-03
2.494107e-03
2.464768e-03
2.253413e-03
2.166965e-03
2.058720e-03
1.927630e-03
1.867547e-03
1.735173e-03
1.621728e-03
1.591696e-03
1.517398e-03
1.474480e-03
1.439592e-03
1.416549e-03
1.404368e-03
1.363581e-03
1.360672e-03
1.328220e-03
1.318926e-03
1.296367e-03
1.274911e-03
1.257789e-03
1.244185e-03
1.218575e-03
1.201037e-03
1.184381e-03
1.168314e-03
1.137051e-03
1.124564e-03
1.116671e-03
1.098077e-03
1.091642e-03
1.088122e-03
1.050037e-03
1.025626e-03
1.022040e-03
9.989762e-04
9.949679e-04
9.786184e-04
9.746251e-04
9.625598e-04
9.536539e-04
9.413729e-04
9.313368e-04
9.285733e-04
9.207873e-04
8.989385e-04
8.857913e-04
8.770908e-04
8.546725e-04
8.409339e-04
8.292377e-04
8.254774e-04
8.185651e-04
8.086492e-04
7.939468e-04
7.904280e-04
7.800707e-04
7.629182e-04
7.550838e-04
7.497919e-04
7.402119e-04
7.337447e-04
7.220170e-04
7.095392e-04
7.026377e-04
6.922606e-04
6.690201e-04
6.642960e-04
6.582254e-04
6.427333e-04
6.316249e-04
6.279264e-04
6.242612e-04
6.032570e-04
6.008687e-04
5.927734e-04
5.827729e-04
5.630289e-04
5.618350e-04
5.473233e-04
5.222515e-04
5.167550e-04
5.122650e-04
4.958803e-04
4.927921e-04
4.842571e-04
4.678676e-04
4.537354e-04
4.496482e-04
4.391311e-04
4.329835e-04
4.203445e-04
4.178555e-04
4.042364e-04
3.954415e-04
3.880776e-04
3.764597e-04
3.575659e-04
3.500705e-04
3.445987e-04
3.358672e-04
3.249527e-04
3.207150e-04
3.077651e-04
3.032516e-04
2.794122e-04
2.758178e-04
2.670609e-04
2.568625e-04
2.514006e-04
2.483602e-04
2.350534e-04
2.276604e-04
2.193542e-04
2.090224e-04
2.043118e-04
2.017048e-04
1.871323e-04
1.789429e-04
1.612929e-04
1.583723e-04
1.525418e-04
1.425791e-04
1.388931e-04
1.229727e-04
1.124658e-04
1.080302e-04
9.058827e-05
8.171691e-05
7.297151e-05
7.050800e-05
6.024602e-05
5.038151e-05
4.168308e-05
3.338946e-05
2.532572e-05
9.142376e-06
3.266273e-06
5.757858e-07
-1.314704e-05
-1.786251e-05
-2.180560e-05
-4.016534e-05
-4.271775e-05
-4.622610e-05
-6.349105e-05
-7.298949e-05
-7.573907e-05
-9.154093e-05
-1.012442e-04
-1.066142e-04
-1.186211e-04
-1.247909e-04
-1.282911e-04
-1.360561e-04
-1.496618e-04
-1.583456e-04
-1.664889e-04
-1.795041e-04
-1.912795e-04
-1.958251e-04
-2.128732e-04
-2.193766e-04
-2.351403e-04
-2.392862e-04
-2.460570e-04
-2.590584e-04
-2.761656e-04
-2.827496e-04
-2.923414e-04
-3.013041e-04
-3.116652e-04
-3.268014e-04
-3.357658e-04
-3.447336e-04
-3.566095e-04
-3.620564e-04
-3.769339e-04
-3.849763e-04
-3.930919e-04
-4.013058e-04
-4.201973e-04
-4.296160e-04
-4.424526e-04
-4.616443e-04
-4.689033e-04
-4.776496e-04
-4.846725e-04
-5.020626e-04
-5.087991e-04
-5.173598e-04
-5.262385e-04
-5.425069e-04
-5.526555e-04
-5.639834e-04
-5.735346e-04
-5.876527e-04
-6.055894e-04
-6.162020e-04
-6.283800e-04
-6.448515e-04
-6.505901e-04
-6.669271e-04
-6.801964e-04
-6.879123e-04
-7.135638e-04
-7.380386e-04
-7.460529e-04
-7.740665e-04
-7.775542e-04
-8.048134e-04
-8.151045e-04
-8.455793e-04
-8.551275e-04
-8.890622e-04
-9.002205e-04
-9.280236e-04
-9.734735e-04
-1.001154e-03
