8.857617e+04
3.898708e+03
2.419927e+03
1.808179e+03
1.093233e+03
7.562146e+02
5.165419e+02
3.864084e+02
3.326246e+02
2.957960e+02
2.548365e+02
2.308306e+02
2.095914e+02
1.658298e+02
1.426369e+02
1.395023e+02
1.259222e+02
1.177332e+02
1.067405e+02
1.037075e+02
9.894039e+01
9.237637e+01
8.785944e+01
7.577621e+01
7.433408e+01
7.041763e+01
6.341713e+01
6.273591e+01
5.414059e+01
5.350128e+01
5.202984e+01
4.844292e+01
4.746120e+01
4.161399e+01
3.961330e+01
3.819420e+01
3.471764e+01
3.385460e+01
3.220626e+01
2.983387e+01
2.544279e+01
2.471848e+01
2.339755e+01
2.195234e+01
2.094682e+01
1.944251e+01
1.915420e+01
1.741210e+01
1.662826e+01
1.519300e+01
1.478641e+01
1.448216e+01
1.258266e+01
1.170796e+01
1.144222e+01
1.062988e+01
9.332633e+00
8.495604e+00
7.984656e+00
7.407367e+00
7.209632e+00
6.857779e+00
6.329914e+00
6.179429e+00
5.254145e+00
4.796994e+00
4.744004e+00
4.493022e+00
4.179405e+00
3.787708e+00
3.648552e+00
3.264353e+00
2.831561e+00
2.464074e+00
2.408051e+00
2.223605e+00
2.067920e+00
1.953115e+00
1.817941e+00
1.799413e+00
1.646917e+00
1.601175e+00
1.486401e+00
1.421136e+00
1.249542e+00
1.233231e+00
1.155759e+00
1.088792e+00
1.007967e+00
9.462088e-01
9.179589e-01
8.841250e-01
8.337756e-01
8.078166e-01
7.703025e-01
7.037601e-01
6.726499e-01
6.270295e-01
6.046554e-01
5.189256e-01
4.842548e-01
4.703893e-01
4.482833e-01
4.126679e-01
3.881285e-01
3.739583e-01
3.591076e-01
3.465306e-01
3.193116e-01
3.037744e-01
2.990820e-01
2.789228e-01
2.666695e-01
2.356526e-01
2.230357e-01
2.145958e-01
2.016174e-01
1.853456e-01
1.739592e-01
1.703294e-01
1.632517e-01
1.463380e-01
1.433914e-01
1.327334e-01
1.200319e-01
1.158605e-01
1.030138e-01
9.561406e-02
9.139831e-02
8.998720e-02
8.321746e-02
8.226053e-02
7.464408e-02
7.322393e-02
6.686740e-02
6.329425e-02
5.818303e-02
5.497085e-02
5.125814e-02
4.956431e-02
4.686277e-02
4.374526e-02
4.206642e-02
4.153430e-02
3.869777e-02
3.798626e-02
3.672822e-02
3.228893e-02
3.070598e-02
2.824210e-02
2.598479e-02
2.544498e-02
2.342285e-02
2.186378e-02
2.081580e-02
1.990705e-02
1.901551e-02
1.747723e-02
1.717310e-02
1.663648e-02
1.503257e-02
1.425200e-02
1.404945e-02
1.276671e-02
1.199644e-02
1.131835e-02
1.092330e-02
1.033980e-02
9.626125e-03
9.106845e-03
8.662541e-03
7.801523e-03
7.629876e-03
7.314628e-03
6.928817e-03
6.809445e-03
6.417633e-03
5.862621e-03
4.842175e-03
4.614905e-03
4.398462e-03
4.343362e-03
4.124616e-03
3.795724e-03
3.579899e-03
3.499562e-03
3.154518e-03
3.111653e-03
2.833992e-03
2.729267e-03
2.656997e-03
2.623762e-03
2.519744e-03
2.391879e-03
2.238378e-03
2.169996e-03
2.100111e-03
2.017175e-03
1.910106e-03
1.897785e-03
1.766725e-03
1.697759e-03
1.617241e-03
1.593357e-03
1.512824e-03
1.503397e-03
1.411292e-03
1.402473e-03
1.329756e-03
1.308368e-03
1.296542e-03
1.281762e-03
1.233335e-03
1.200762e-03
1.194318e-03
1.184113e-03
1.150351e-03
1.149858e-03
1.119648e-03
1.100034e-03
1.094020e-03
1.062516e-03
1.053387e-03
1.048359e-03
1.040042e-03
1.019416e-03
9.908228e-04
9.875301e-04
9.732187e-04
9.560595e-04
9.484688e-04
9.387969e-04
9.337316e-04
9.222439e-04
9.142213e-04
8.985535e-04
8.760591e-04
8.645244e-04
8.605167e-04
8.492577e-04
8.260761e-04
8.181330e-04
8.004078e-04
7.933612e-04
7.880682e-04
7.835136e-04
7.730346e-04
7.586434e-04
7.465338e-04
7.377704e-04
7.141127e-04
7.082973e-04
6.922719e-04
6.898043e-04
6.792810e-04
6.662995e-04
6.548437e-04
6.454148e-04
6.384108e-04
6.289154e-04
6.209935e-04
6.140299e-04
6.004549e-04
5.924273e-04
5.771952e-04
5.697756e-04
5.622202e-04
5.564040e-04
5.485525e-04
5.358330e-04
5.227878e-04
5.071214e-04
5.004241e-04
4.974321e-04
4.811201e-04
4.773771e-04
4.618751e-04
4.527694e-04
4.488076e-04
4.299639e-04
4.186606e-04
4.046746e-04
3.970088e-04
3.895008e-04
3.775221e-04
3.665541e-04
3.605758e-04
3.534776e-04
3.522382e-04
3.370894e-04
3.235220e-04
3.178235e-04
3.084565e-04
3.040730e-04
2.927847e-04
2.880638e-04
2.808049e-04
2.744012e-04
2.604462e-04
2.435566e-04
2.320905e-04
2.223589e-04
2.121268e-04
2.042826e-04
1.895167e-04
1.851022e-04
1.825094e-04
1.725036e-04
1.590550e-04
1.558878e-04
1.423702e-04
1.315297e-04
1.276603e-04
1.144473e-04
9.835360e-05
9.123576e-05
8.047975e-05
7.121048e-05
6.744191e-05
6.280769e-05
5.010576e-05
3.996529e-05
3.092717e-05
2.181772e-05
1.722710e-05
5.526447e-06
2.844869e-06
6.373934e-14
-3.976167e-14
-1.167839e-13
-1.114384e-05
-2.178502e-05
-2.976957e-05
-4.296834e-05
-4.383325e-05
-6.832954e-05
-7.447263e-05
-8.090649e-05
-8.801890e-05
-8.957148e-05
-1.029110e-04
-1.102028e-04
-1.186896e-04
-1.255527e-04
-1.296871e-04
-1.475848e-04
-1.533356e-04
-1.761996e-04
-1.878448e-04
-2.028763e-04
-2.067867e-04
-2.194271e-04
-2.238547e-04
-2.287324e-04
-2.606034e-04
-2.698096e-04
-2.765232e-04
-2.821663e-04
-2.981175e-04
-3.143443e-04
-3.226076e-04
-3.235849e-04
-3.456036e-04
-3.594605e-04
-3.702107e-04
-3.919133e-04
-4.006485e-04
-4.045553e-04
-4.232621e-04
-4.318491e-04
-4.428653e-04
-4.489862e-04
-4.586709e-04
-4.803206e-04
-4.928590e-04
-5.093314e-04
-5.448430e-04
-5.581211e-04
-5.591443e-04
-5.818583e-04
-5.955323e-04
-6.137227e-04
-6.729516e-04
-7.392524e-04
