8.865329e+04
3.740969e+03
2.624180e+03
1.740102e+03
1.080710e+03
7.024246e+02
5.294938e+02
4.243845e+02
3.060610e+02
2.626379e+02
2.523551e+02
2.232986e+02
1.787526e+02
1.603822e+02
1.566124e+02
1.415054e+02
1.243117e+02
1.190083e+02
1.114731e+02
1.039551e+02
1.029406e+02
9.707758e+01
8.886047e+01
8.537856e+01
7.663783e+01
7.127899e+01
6.911800e+01
6.451151e+01
5.918573e+01
5.590670e+01
5.191993e+01
5.084924e+01
4.670212e+01
4.269051e+01
3.993742e+01
3.762833e+01
3.671875e+01
3.534899e+01
3.489108e+01
3.234654e+01
2.715023e+01
2.360810e+01
2.267500e+01
2.126808e+01
1.969223e+01
1.930504e+01
1.772071e+01
1.684171e+01
1.575301e+01
1.533761e+01
1.426489e+01
1.357285e+01
1.303067e+01
1.183551e+01
1.132907e+01
1.055344e+01
1.006373e+01
8.395597e+00
8.117545e+00
7.402452e+00
6.707814e+00
6.624750e+00
6.463001e+00
5.440347e+00
5.293203e+00
4.902800e+00
4.524908e+00
4.387875e+00
3.847869e+00
3.577307e+00
3.532398e+00
3.008674e+00
2.609178e+00
2.529904e+00
2.468770e+00
2.317272e+00
2.064123e+00
1.932858e+00
1.778254e+00
1.717262e+00
1.675048e+00
1.536736e+00
1.464248e+00
1.379710e+00
1.291537e+00
1.263721e+00
1.173266e+00
1.116992e+00
1.027314e+00
9.342092e-01
8.516757e-01
7.851515e-01
7.506616e-01
7.093063e-01
6.817293e-01
6.549172e-01
6.345453e-01
5.513198e-01
5.482807e-01
5.417423e-01
4.983236e-01
4.472553e-01
4.290424e-01
4.094690e-01
3.804275e-01
3.699756e-01
3.458536e-01
3.405093e-01
3.122912e-01
2.803474e-01
2.765474e-01
2.601065e-01
2.502561e-01
2.380056e-01
2.148896e-01
2.057435e-01
1.923658e-01
1.829278e-01
1.751278e-01
1.630866e-01
1.507491e-01
1.395072e-01
1.318892e-01
1.298237e-01
1.278520e-01
1.120534e-01
1.021660e-01
9.454673e-02
9.016483e-02
8.486074e-02
8.320963e-02
7.207755e-02
6.833434e-02
6.420960e-02
5.816621e-02
5.482406e-02
5.336373e-02
5.000398e-02
4.850725e-02
4.410296e-02
4.239047e-02
4.119832e-02
3.865126e-02
3.747380e-02
3.413373e-02
3.215109e-02
2.988882e-02
2.729069e-02
2.577668e-02
2.526710e-02
2.476963e-02
2.184368e-02
2.093669e-02
1.917782e-02
1.811615e-02
1.724434e-02
1.657338e-02
1.603182e-02
1.536487e-02
1.450348e-02
1.339596e-02
1.300109e-02
1.167813e-02
1.095274e-02
1.060474e-02
1.027093e-02
9.576207e-03
9.282141e-03
8.685432e-03
8.137260e-03
7.916342e-03
7.635863e-03
6.896099e-03
6.622254e-03
6.234014e-03
5.895767e-03
5.466249e-03
5.221354e-03
5.022279e-03
4.819826e-03
4.533961e-03
3.879989e-03
3.695997e-03
3.593745e-03
3.359875e-03
3.222825e-03
3.166295e-03
3.009589e-03
2.807343e-03
2.526151e-03
2.468841e-03
2.401294e-03
2.308921e-03
2.230235e-03
2.160907e-03
2.102174e-03
1.960546e-03
1.812902e-03
1.773497e-03
1.758804e-03
1.632109e-03
1.606591e-03
1.573520e-03
1.534760e-03
1.513739e-03
1.443295e-03
1.396186e-03
1.379329e-03
1.356167e-03
1.350075e-03
1.304067e-03
1.278907e-03
1.262818e-03
1.252691e-03
1.221130e-03
1.208465e-03
1.187685e-03
1.168504e-03
1.163350e-03
1.130288e-03
1.112116e-03
1.100375e-03
1.077151e-03
1.060246e-03
1.056292e-03
1.042475e-03
1.007335e-03
9.976726e-04
9.872358e-04
9.767114e-04
9.707966e-04
9.633172e-04
9.427190e-04
9.332240e-04
9.267984e-04
9.171373e-04
9.066367e-04
8.969535e-04
8.767102e-04
8.603362e-04
8.397272e-04
8.311016e-04
8.075407e-04
7.998460e-04
7.891738e-04
7.737072e-04
7.582096e-04
7.553131e-04
7.488347e-04
7.399855e-04
7.324272e-04
7.184214e-04
7.079748e-04
6.967296e-04
6.833018e-04
6.756514e-04
6.645758e-04
6.469248e-04
6.425576e-04
6.317711e-04
6.239757e-04
6.138659e-04
6.042576e-04
5.884591e-04
5.799484e-04
5.746416e-04
5.637967e-04
5.516877e-04
5.464155e-04
5.320839e-04
5.240051e-04
5.205048e-04
5.048541e-04
5.014985e-04
4.939637e-04
4.893449e-04
4.692884e-04
4.662358e-04
4.510676e-04
4.418309e-04
4.327788e-04
4.273659e-04
4.175153e-04
4.071624e-04
3.993709e-04
3.906365e-04
3.786306e-04
3.721591e-04
3.618912e-04
3.385966e-04
3.336938e-04
3.265144e-04
3.212501e-04
3.093617e-04
3.081175e-04
2.999085e-04
2.880941e-04
2.801728e-04
2.688840e-04
2.537200e-04
2.507032e-04
2.334869e-04
2.274639e-04
2.178798e-04
2.038208e-04
1.970681e-04
1.843355e-04
1.749240e-04
1.652971e-04
1.598900e-04
1.496266e-04
1.407827e-04
1.235791e-04
1.191670e-04
1.087866e-04
1.045979e-04
9.522846e-05
9.022986e-05
8.502661e-05
7.319821e-05
6.150411e-05
5.055651e-05
4.624661e-05
3.441162e-05
2.601939e-05
7.550036e-06
5.976697e-06
2.085805e-13
1.134263e-14
-8.158706e-14
-7.345150e-06
-1.666104e-05
-2.146117e-05
-2.933664e-05
-3.137739e-05
-4.710962e-05
-5.416733e-05
-6.194843e-05
-7.248234e-05
-8.506406e-05
-9.252372e-05
-1.067463e-04
-1.185440e-04
-1.274443e-04
-1.351536e-04
-1.495526e-04
-1.581107e-04
-1.707290e-04
-1.793750e-04
-1.885513e-04
-2.057590e-04
-2.189440e-04
-2.250475e-04
-2.298739e-04
-2.398879e-04
-2.555394e-04
-2.653632e-04
-2.695697e-04
-2.749255e-04
-2.921162e-04
-3.042840e-04
-3.159241e-04
-3.268855e-04
-3.418619e-04
-3.601011e-04
-3.756213e-04
-3.806210e-04
-3.971930e-04
-4.073954e-04
-4.086613e-04
-4.453012e-04
-4.510071e-04
-4.618495e-04
-4.723075e-04
-4.897104e-04
-4.944379e-04
-5.116327e-04
-5.388542e-04
-5.492457e-04
-5.755480e-04
-5.839631e-04
-5.988315e-04
-6.323654e-04
-6.826880e-04
