2.243661e+05
6.609223e+04
1.236840e+04
1.905051e+03
4.416808e+02
6.680857e+01
2.020039e+01
9.846215e+00
1.837892e+00
3.915094e-01
1.311056e-01
8.231278e-02
5.020209e-02
4.502926e-02
4.227696e-02
3.644534e-02
3.254410e-02
2.858431e-02
2.601472e-02
2.393023e-02
2.103859e-02
1.957057e-02
1.929030e-02
1.757506e-02
1.711371e-02
1.558267e-02
1.495329e-02
1.461046e-02
1.456791e-02
1.329657e-02
1.325499e-02
1.288073e-02
1.202996e-02
1.163598e-02
1.160031e-02
1.094001e-02
1.052712e-02
1.037577e-02
1.001363e-02
9.894393e-03
9.563296e-03
9.115091e-03
8.913754e-03
8.631552e-03
8.455447e-03
8.138522e-03
7.838639e-03
7.806851e-03
7.645420e-03
7.447055e-03
7.192370e-03
6.985799e-03
6.867101e-03
6.643616e-03
6.548801e-03
6.382773e-03
5.967631e-03
5.894749e-03
5.812226e-03
5.435936e-03
5.177304e-03
5.057808e-03
5.027166e-03
4.771639e-03
4.662412e-03
4.450427e-03
4.223101e-03
4.120105e-03
4.008010e-03
3.892135e-03
3.701969e-03
3.639603e-03
3.475428e-03
3.392437e-03
3.300597e-03
3.129472e-03
3.099163e-03
2.971824e-03
2.808321e-03
2.754601e-03
2.662633e-03
2.402358e-03
2.301379e-03
2.235214e-03
2.119072e-03
1.897056e-03
1.758066e-03
1.688035e-03
1.590704e-03
1.535306e-03
1.461782e-03
1.166895e-03
1.008357e-03
9.007566e-04
5.678945e-04
4.705123e-04
2.424392e-04
1.430566e-04
-9.174648e-05
-4.489184e-04
-5.582886e-04
-9.776379e-04
-1.547577e-03
-2.022802e-03
-2.390234e-03
-2.578398e-03
-3.060292e-03
-4.253248e-03
-4.608709e-03
-5.512549e-03
-6.025321e-03
-6.486842e-03
-9.449134e-03
-1.069355e-02
-1.086814e-02
-1.305297e-02
-1.347590e-02
-1.553313e-02
-2.165880e-02
-2.455234e-02
-2.930802e-02
-3.172699e-02
-3.392806e-02
-4.325791e-02
-4.937590e-02
-5.309835e-02
-7.258718e-02
-8.168511e-02
