7.884734e+09
7.433661e+08
1.335016e+08
8.096890e+07
6.145560e+07
4.839952e+07
3.944137e+07
3.442894e+07
2.310087e+07
2.260029e+07
1.742226e+07
1.512762e+07
9.748306e+06
8.434264e+06
6.894598e+06
5.446776e+06
5.209994e+06
4.086150e+06
3.617256e+06
2.641410e+06
2.467182e+06
1.954796e+06
1.569426e+06
1.467140e+06
1.327826e+06
1.144846e+06
1.018154e+06
8.039068e+05
6.269977e+05
5.906289e+05
5.398231e+05
4.539822e+05
3.939080e+05
3.628129e+05
3.083747e+05
2.432038e+05
2.065686e+05
1.677082e+05
1.509697e+05
1.311800e+05
1.148213e+05
1.038444e+05
1.012695e+05
8.556060e+04
7.537973e+04
6.568001e+04
5.429149e+04
4.650121e+04
3.422983e+04
3.056321e+04
2.052628e+04
1.932274e+04
1.411855e+04
1.256642e+04
7.566150e+03
5.961667e+03
4.172555e+03
3.992228e+03
3.518633e+03
2.169576e+03
1.713833e+03
1.298873e+03
6.375740e+02
3.996891e+02
3.049352e+02
2.139744e+02
1.608707e+02
1.363629e+02
6.536292e+01
3.923500e+01
3.162844e+01
1.384495e+01
1.017809e+01
4.133246e+00
2.732181e+00
1.165167e+00
7.871667e-01
4.380767e-01
4.031396e-01
2.270508e-01
1.543285e-01
1.082124e-01
4.261047e-02
2.806704e-02
2.243802e-02
1.538724e-02
1.413668e-02
1.039414e-02
8.968772e-03
8.407288e-03
7.526732e-03
7.207646e-03
6.458884e-03
5.901459e-03
5.477976e-03
5.272723e-03
4.813841e-03
3.902960e-03
3.675265e-03
3.022044e-03
2.803076e-03
2.488521e-03
1.743492e-03
1.582073e-03
7.521408e-04
6.299071e-04
3.847812e-04
-3.017457e-06
-3.037335e-04
-4.408568e-04
-5.868482e-04
-1.231278e-03
-1.408975e-03
-1.449825e-03
-1.843560e-03
-2.115714e-03
-3.029577e-03
-3.429728e-03
-3.781440e-03
-4.465280e-03
-5.260563e-03
-5.267838e-03
-5.790784e-03
-6.497130e-03
-7.401267e-03
-8.339223e-03
-9.441830e-03
-2.627945e-02
