6.273864e+09
1.957632e+08
3.948150e+07
2.970848e+07
1.949342e+07
1.350684e+07
9.185839e+06
7.770022e+06
4.648001e+06
3.544385e+06
2.723423e+06
1.978330e+06
1.435460e+06
1.336586e+06
8.263528e+05
6.271366e+05
5.045319e+05
4.134233e+05
3.462846e+05
1.873657e+05
1.759366e+05
1.140153e+05
8.384183e+04
5.138089e+04
4.137301e+04
3.034882e+04
2.587163e+04
1.827304e+04
7.380908e+03
6.409056e+03
3.860138e+03
3.369852e+03
1.970041e+03
1.493969e+03
1.202913e+03
7.640854e+02
5.863521e+02
4.039325e+02
3.061968e+02
1.864362e+02
8.920558e+01
6.544187e+01
3.673774e+01
2.977696e+01
1.948571e+01
1.219120e+01
1.022959e+01
6.339437e+00
4.577612e+00
3.222976e+00
2.065666e+00
1.683078e+00
1.546069e+00
1.186092e+00
6.831152e-01
5.043383e-01
3.593919e-01
2.838025e-01
1.368533e-01
1.264610e-01
1.045269e-01
8.509260e-02
7.503748e-02
4.960649e-02
3.554115e-02
3.071076e-02
2.978164e-02
2.069087e-02
2.037050e-02
1.887737e-02
1.632478e-02
1.602776e-02
1.340266e-02
9.323505e-03
9.227504e-03
8.195444e-03
7.410948e-03
6.564350e-03
5.938104e-03
5.138977e-03
4.965786e-03
4.917793e-03
4.174690e-03
3.460430e-03
3.278147e-03
2.910560e-03
2.225576e-03
1.960093e-03
1.839505e-03
1.737871e-03
1.621874e-03
1.410848e-03
1.163966e-03
9.289932e-04
7.644087e-04
6.804579e-04
3.866117e-04
2.838561e-04
1.056062e-04
1.471757e-05
-1.587025e-04
-2.371151e-04
-5.396878e-04
-6.934000e-04
-9.574012e-04
-1.392717e-03
-1.503377e-03
-1.815468e-03
-2.190475e-03
-2.636733e-03
-3.110974e-03
-3.367920e-03
-4.260981e-03
-4.449780e-03
-4.958077e-03
-5.312375e-03
-5.760118e-03
-6.584242e-03
-8.040439e-03
-8.426123e-03
-9.870605e-03
-1.169142e-02
-1.329779e-02
-1.598792e-02
-2.493041e-02
-2.807850e-02
-3.881242e-02
-1.341091e-01
