1.898602e+05
2.714953e+04
4.221453e+03
1.251865e+03
1.855752e+02
2.734792e+01
9.385222e+00
5.362163e+00
8.844318e-01
2.186968e-01
7.004398e-02
4.712261e-02
4.042976e-02
3.596565e-02
3.373314e-02
2.751439e-02
2.629010e-02
2.312381e-02
2.132379e-02
1.960659e-02
1.796445e-02
1.662023e-02
1.649271e-02
1.544852e-02
1.441254e-02
1.346841e-02
1.308165e-02
1.280306e-02
1.164741e-02
1.107676e-02
1.074402e-02
9.870473e-03
9.383526e-03
8.802032e-03
8.647484e-03
8.248641e-03
7.881551e-03
7.660517e-03
7.373982e-03
7.105465e-03
6.751761e-03
6.637129e-03
6.427414e-03
6.237398e-03
5.962422e-03
5.918216e-03
5.511756e-03
5.428441e-03
5.233370e-03
4.968001e-03
4.683561e-03
4.532244e-03
4.298239e-03
3.958245e-03
3.808431e-03
3.571600e-03
3.483074e-03
3.240635e-03
3.128202e-03
3.060063e-03
2.616560e-03
2.570762e-03
2.470669e-03
2.415242e-03
2.271237e-03
2.061240e-03
1.971311e-03
1.849757e-03
1.760338e-03
1.635328e-03
1.609460e-03
1.452407e-03
1.369812e-03
1.292117e-03
1.241224e-03
1.146159e-03
1.003871e-03
9.061349e-04
8.266219e-04
7.207082e-04
6.688167e-04
6.170608e-04
4.804537e-04
3.908973e-04
2.822882e-04
6.481911e-05
3.065643e-05
-9.511948e-05
-2.788584e-04
-4.094078e-04
-5.810693e-04
-8.143450e-04
-9.959923e-04
-1.058130e-03
-1.307932e-03
-1.901889e-03
-1.992692e-03
-2.381798e-03
-2.553582e-03
-2.725543e-03
-3.178978e-03
-3.763183e-03
-4.117277e-03
-4.462572e-03
-5.485377e-03
-5.778761e-03
-6.064936e-03
-6.102177e-03
-7.137933e-03
-8.633089e-03
-8.932503e-03
-1.042814e-02
-1.125841e-02
-1.302495e-02
-1.379744e-02
-1.591990e-02
-1.739681e-02
-1.863726e-02
-2.114988e-02
-2.487849e-02
-2.775167e-02
-3.207188e-02
-3.532065e-02
-4.205764e-02
-4.838573e-02
-5.019931e-02
-6.341057e-02
-8.583578e-02
