5.861652e+04
1.215511e+04
5.624819e+03
1.679661e+03
1.255923e+03
6.230308e+02
4.640035e+02
3.225937e+02
2.832314e+02
2.524403e+02
2.113943e+02
1.687858e+02
1.605273e+02
1.319562e+02
1.042195e+02
9.468197e+01
8.175466e+01
7.459034e+01
6.372348e+01
5.724109e+01
3.855441e+01
3.764972e+01
3.619564e+01
2.853916e+01
2.350270e+01
2.240056e+01
2.016591e+01
1.520078e+01
1.396400e+01
1.288522e+01
1.155922e+01
9.986534e+00
9.114761e+00
7.697878e+00
6.243544e+00
5.118788e+00
4.722963e+00
4.672778e+00
4.274127e+00
3.351670e+00
2.975380e+00
2.552777e+00
2.078476e+00
1.607997e+00
1.298306e+00
1.046802e+00
9.984565e-01
8.143590e-01
7.475702e-01
6.973397e-01
6.748688e-01
4.691846e-01
3.059584e-01
2.832963e-01
2.621480e-01
1.829903e-01
1.673906e-01
1.460995e-01
1.098998e-01
9.410916e-02
6.946620e-02
5.347385e-02
4.882009e-02
4.421677e-02
3.077785e-02
2.863182e-02
2.117035e-02
1.890932e-02
1.570157e-02
1.488345e-02
1.256173e-02
9.234777e-03
9.051850e-03
7.133137e-03
6.669066e-03
6.350238e-03
6.010077e-03
4.214612e-03
3.456961e-03
3.294951e-03
2.416424e-03
1.979111e-03
1.634200e-03
1.249529e-03
1.153555e-03
1.033578e-03
9.896412e-04
9.029692e-04
8.362899e-04
7.890936e-04
7.401967e-04
7.125670e-04
6.743656e-04
6.578452e-04
6.389946e-04
5.964442e-04
5.866203e-04
5.678193e-04
5.531777e-04
5.344931e-04
5.167974e-04
5.108124e-04
4.955783e-04
4.903601e-04
4.817120e-04
4.738799e-04
4.701710e-04
4.566631e-04
4.531506e-04
4.450165e-04
4.438970e-04
4.405597e-04
4.359573e-04
4.325658e-04
4.202288e-04
4.145130e-04
4.122519e-04
4.032298e-04
3.962882e-04
3.912572e-04
3.890634e-04
3.864518e-04
3.771995e-04
3.746326e-04
3.688157e-04
3.666155e-04
3.640398e-04
3.574439e-04
3.533286e-04
3.506103e-04
3.490558e-04
3.441192e-04
3.416013e-04
3.365744e-04
3.341546e-04
3.310316e-04
3.277915e-04
3.214954e-04
3.177676e-04
3.150170e-04
3.120427e-04
3.030715e-04
2.996355e-04
2.983781e-04
2.936867e-04
2.899375e-04
2.865096e-04
2.852022e-04
2.796527e-04
2.769757e-04
2.750561e-04
2.705624e-04
2.650673e-04
2.613170e-04
2.596022e-04
2.569445e-04
2.544004e-04
2.499520e-04
2.487398e-04
2.461415e-04
2.397387e-04
2.380675e-04
2.363940e-04
2.344840e-04
2.327399e-04
2.309022e-04
2.262246e-04
2.235987e-04
2.210517e-04
2.194443e-04
2.162783e-04
2.101660e-04
2.095292e-04
2.044974e-04
2.013734e-04
1.987472e-04
1.969375e-04
1.943961e-04
1.899445e-04
1.879098e-04
1.866921e-04
1.825573e-04
1.820768e-04
1.779034e-04
1.758996e-04
1.738700e-04
1.702093e-04
1.669408e-04
1.638598e-04
1.632539e-04
1.604886e-04
1.545359e-04
1.527981e-04
1.515212e-04
1.506979e-04
1.474522e-04
1.437353e-04
1.409860e-04
1.390859e-04
1.346392e-04
1.344291e-04
1.328152e-04
1.281416e-04
1.266614e-04
1.223854e-04
1.206319e-04
1.193835e-04
1.156847e-04
1.150943e-04
1.143437e-04
1.089732e-04
1.073398e-04
1.052014e-04
1.024929e-04
9.989646e-05
9.683334e-05
9.570985e-05
9.232524e-05
8.955631e-05
8.646197e-05
8.520381e-05
8.307019e-05
8.068990e-05
7.881918e-05
7.600664e-05
7.556767e-05
6.890010e-05
6.728202e-05
6.458881e-05
6.263638e-05
6.206377e-05
5.887855e-05
5.789314e-05
5.704446e-05
5.593269e-05
5.144774e-05
4.957146e-05
4.624785e-05
4.320467e-05
4.220283e-05
4.050093e-05
3.865764e-05
3.537689e-05
3.352643e-05
3.018673e-05
2.803774e-05
2.554004e-05
2.378751e-05
2.176625e-05
2.070150e-05
2.011526e-05
1.429518e-05
1.064345e-05
6.893105e-06
5.660294e-06
4.144966e-06
2.398243e-06
1.330010e-06
1.186174e-14
-1.315790e-14
-8.493607e-14
-1.566943e-06
-2.155406e-06
-4.752113e-06
-7.638831e-06
-1.182595e-05
-1.681128e-05
-1.741509e-05
-2.046891e-05
-2.274460e-05
-2.471560e-05
-2.708619e-05
-3.068852e-05
-3.251762e-05
-3.701825e-05
-3.838856e-05
-4.120301e-05
-4.205260e-05
-4.443800e-05
-4.716941e-05
-4.792836e-05
-5.012567e-05
-5.137368e-05
-5.288577e-05
-5.617465e-05
-5.860540e-05
-6.119553e-05
-6.378182e-05
-6.718710e-05
-6.928998e-05
-7.358764e-05
-7.597244e-05
-7.765411e-05
-7.882514e-05
-8.183923e-05
-8.503770e-05
-8.677357e-05
-9.038565e-05
-9.204003e-05
-9.378015e-05
-9.511440e-05
-9.906630e-05
-1.006461e-04
-1.030337e-04
-1.057458e-04
-1.109904e-04
-1.127466e-04
-1.160676e-04
-1.175012e-04
-1.200436e-04
-1.215914e-04
-1.271895e-04
-1.315818e-04
-1.333213e-04
-1.341045e-04
-1.378037e-04
-1.401304e-04
-1.431143e-04
-1.478104e-04
-1.499414e-04
-1.516738e-04
-1.537322e-04
-1.571627e-04
-1.578768e-04
-1.620828e-04
-1.647982e-04
-1.659051e-04
-1.700143e-04
-1.738995e-04
-1.773395e-04
-1.803610e-04
-1.845696e-04
-1.860901e-04
-1.874949e-04
-1.890936e-04
-1.928049e-04
-1.971439e-04
-1.985557e-04
-2.003194e-04
-2.032805e-04
-2.080728e-04
-2.148083e-04
-2.152859e-04
-2.175893e-04
-2.223750e-04
-2.258893e-04
-2.304328e-04
-2.314086e-04
-2.390289e-04
-2.448882e-04
-2.462352e-04
-2.491183e-04
-2.580996e-04
-2.598694e-04
-2.635036e-04
-2.702955e-04
-2.720662e-04
-2.744663e-04
-2.768811e-04
-2.808101e-04
-2.844250e-04
-2.855043e-04
-2.914710e-04
-2.990573e-04
-3.040896e-04
-3.081759e-04
-3.126048e-04
-3.157526e-04
-3.159682e-04
-3.343126e-04
-3.486321e-04
-3.548514e-04
-3.644109e-04
-3.671965e-04
-3.751865e-04
-3.784233e-04
-3.957856e-04
-4.041595e-04
-4.538945e-04
-5.401908e-04
-5.939782e-04
-7.496550e-04
-8.742335e-04
-1.328289e-03
