3.163344e+12
2.607791e+12
2.010569e+12
1.943923e+12
1.723838e+12
1.592091e+12
1.571951e+12
1.442994e+12
1.356203e+12
1.201943e+12
1.189194e+12
1.131550e+12
1.054949e+12
1.008517e+12
9.261595e+11
9.174132e+11
8.508771e+11
8.379128e+11
8.108978e+11
7.766760e+11
7.487888e+11
7.285927e+11
6.802204e+11
6.736390e+11
6.600047e+11
6.490917e+11
6.070775e+11
5.676704e+11
5.461303e+11
5.208695e+11
5.166743e+11
4.972662e+11
4.796791e+11
4.653254e+11
4.540140e+11
4.349901e+11
4.189468e+11
4.158896e+11
4.075273e+11
3.912712e+11
3.824176e+11
3.749379e+11
3.653342e+11
3.432441e+11
3.358641e+11
3.240123e+11
3.137357e+11
3.018911e+11
2.912288e+11
2.879572e+11
2.775361e+11
2.749684e+11
2.726390e+11
2.691953e+11
2.509597e+11
2.455491e+11
2.394397e+11
2.347387e+11
2.291180e+11
2.263518e+11
2.208143e+11
2.161504e+11
2.124573e+11
2.073810e+11
1.979329e+11
1.936360e+11
1.924883e+11
1.884136e+11
1.802880e+11
1.769494e+11
1.711900e+11
1.666394e+11
1.638520e+11
1.603851e+11
1.568508e+11
1.538098e+11
1.498827e+11
1.493388e+11
1.437971e+11
1.428427e+11
1.390384e+11
1.344505e+11
1.322268e+11
1.300359e+11
1.248746e+11
1.247383e+11
1.222774e+11
1.214688e+11
1.199243e+11
1.177491e+11
1.155333e+11
1.115742e+11
1.100989e+11
1.093112e+11
1.083454e+11
1.064820e+11
1.048067e+11
1.022616e+11
1.005110e+11
9.740327e+10
9.548037e+10
9.326110e+10
9.309289e+10
8.999078e+10
8.952136e+10
8.828980e+10
8.788229e+10
8.616572e+10
8.386126e+10
8.130054e+10
8.014281e+10
7.856869e+10
7.836280e+10
7.619072e+10
7.576805e+10
7.389426e+10
7.240591e+10
6.951627e+10
6.688488e+10
6.436367e+10
6.334444e+10
6.104523e+10
5.967272e+10
5.167454e+10
4.302407e+10
3.122438e+10
1.646892e+10
3.120096e+09
