2.915708e+10
1.512533e+10
8.305667e+09
5.529527e+09
4.576858e+09
3.497438e+09
3.355108e+09
2.974094e+09
2.838554e+09
2.735001e+09
2.347675e+09
2.247223e+09
2.107703e+09
2.020391e+09
1.875634e+09
1.786616e+09
1.719596e+09
1.651653e+09
1.605294e+09
1.547868e+09
1.467611e+09
1.392102e+09
1.318704e+09
1.251877e+09
1.186643e+09
1.142479e+09
1.124088e+09
1.087587e+09
1.036393e+09
1.021628e+09
9.808485e+08
9.613819e+08
9.349878e+08
9.091779e+08
8.796179e+08
8.621829e+08
8.310903e+08
8.162297e+08
7.739254e+08
7.585034e+08
7.414744e+08
7.174410e+08
6.941553e+08
6.883661e+08
6.521914e+08
6.438010e+08
6.147960e+08
6.044351e+08
5.854283e+08
5.702653e+08
5.554342e+08
5.406035e+08
5.251748e+08
5.131694e+08
5.066068e+08
4.813611e+08
4.688307e+08
4.593907e+08
4.421551e+08
4.350724e+08
4.161985e+08
4.105738e+08
4.006268e+08
3.943781e+08
3.786051e+08
3.521431e+08
3.471076e+08
3.383698e+08
3.303265e+08
3.224064e+08
3.065544e+08
3.022552e+08
2.953872e+08
2.850377e+08
2.722293e+08
2.656104e+08
2.609704e+08
2.571375e+08
2.499200e+08
2.443704e+08
2.354039e+08
2.316486e+08
2.189765e+08
2.077206e+08
2.008330e+08
1.982351e+08
1.897134e+08
1.839935e+08
1.771510e+08
1.730129e+08
1.671010e+08
1.649604e+08
1.584467e+08
1.539385e+08
1.521337e+08
1.495715e+08
1.419687e+08
1.393504e+08
1.361998e+08
1.346827e+08
1.288301e+08
1.256106e+08
1.241718e+08
1.176410e+08
1.171922e+08
1.025964e+08
1.005005e+08
9.510059e+07
9.264342e+07
8.987330e+07
8.716791e+07
7.372145e+07
6.335802e+07
6.121666e+07
4.857254e+07
4.471960e+07
4.402597e+07
3.882246e+07
3.685615e+07
3.033745e+07
2.843032e+07
2.415265e+07
1.802038e+07
1.744681e+07
1.698440e+07
1.124168e+07
8.320936e+06
2.673424e+06
