1.327449e+08
1.932636e+07
1.872793e+06
1.308382e+06
8.121808e+05
2.909203e+05
2.328062e+05
1.085289e+05
1.507839e+04
8.967431e+03
2.748940e+03
1.161101e+03
4.230174e+02
2.664583e+02
1.695112e+02
8.008598e+01
4.727745e+01
4.378921e+01
3.526511e+01
3.209133e+01
2.800491e+01
2.291447e+01
2.042111e+01
1.924914e+01
1.817865e+01
1.649332e+01
1.526642e+01
1.433566e+01
1.308969e+01
1.146764e+01
1.108805e+01
1.072839e+01
1.002181e+01
9.798846e+00
8.902094e+00
8.071035e+00
7.613844e+00
7.285325e+00
7.209529e+00
6.998896e+00
6.278779e+00
6.070887e+00
5.672727e+00
5.389698e+00
5.111610e+00
4.534354e+00
4.277856e+00
4.008424e+00
3.803895e+00
3.680403e+00
3.385108e+00
3.048179e+00
2.755836e+00
2.510732e+00
2.429666e+00
2.092956e+00
1.822329e+00
1.753584e+00
1.644135e+00
1.538641e+00
1.319165e+00
1.190491e+00
9.855524e-01
8.094333e-01
6.948465e-01
4.738490e-01
4.494470e-01
4.246353e-01
3.222612e-01
2.374799e-01
1.779693e-01
1.535850e-01
5.912226e-02
4.741740e-02
1.101359e-02
6.730534e-10
-7.878768e-11
-4.405801e-10
-3.248581e-02
-3.888233e-02
-9.650446e-02
-1.848817e-01
-2.189426e-01
-2.712397e-01
-3.117386e-01
-3.669095e-01
-4.871472e-01
-5.500885e-01
-5.812638e-01
-6.990160e-01
-8.378119e-01
-9.507411e-01
-1.075858e+00
-1.251108e+00
-1.325349e+00
-1.413932e+00
-1.547604e+00
-1.865622e+00
-1.940278e+00
-2.174609e+00
-2.320928e+00
-2.849885e+00
-3.260959e+00
-3.302263e+00
-3.791055e+00
-4.089180e+00
-4.448680e+00
-5.339295e+00
-5.739651e+00
-6.288762e+00
-6.656733e+00
-6.992800e+00
-7.615454e+00
-8.577998e+00
-8.772635e+00
-9.131766e+00
-9.696310e+00
-1.217967e+01
-1.467575e+01
-1.625350e+01
-1.848871e+01
-2.379338e+01
-2.564139e+01
-2.832505e+01
-3.646115e+01
-4.696966e+01
-5.890132e+01
-6.449467e+01
