5.957363e+04
9.177470e+03
5.388191e+03
1.696146e+03
1.115645e+03
4.563725e+02
3.101240e+02
2.569920e+02
2.037994e+02
1.097921e+02
6.011544e+01
5.440080e+01
5.114492e+01
3.336621e+01
3.056569e+01
2.090435e+01
1.478299e+01
1.035587e+01
7.727049e+00
6.624373e+00
5.952044e+00
4.808477e+00
2.874563e+00
2.634302e+00
2.151623e+00
1.585670e+00
1.507936e+00
1.082172e+00
9.085668e-01
8.498546e-01
6.527610e-01
4.927429e-01
2.210655e-01
2.001520e-01
1.629819e-01
1.200091e-01
8.439452e-02
6.195365e-02
4.935050e-02
3.517902e-02
2.076119e-02
1.818909e-02
1.171192e-02
9.397988e-03
7.413233e-03
4.916700e-03
2.184701e-03
1.898017e-03
1.653662e-03
1.385418e-03
1.283928e-03
1.221622e-03
1.114233e-03
9.866743e-04
9.354643e-04
8.381570e-04
8.233960e-04
8.069617e-04
7.744212e-04
7.043848e-04
6.839324e-04
6.725283e-04
6.478176e-04
6.334765e-04
6.202109e-04
6.091894e-04
5.950186e-04
5.775196e-04
5.712686e-04
5.668628e-04
5.501644e-04
5.426782e-04
5.337558e-04
5.206682e-04
5.118456e-04
5.002692e-04
4.959434e-04
4.903923e-04
4.800344e-04
4.739068e-04
4.659977e-04
4.597507e-04
4.578075e-04
4.544642e-04
4.444530e-04
4.411757e-04
4.365584e-04
4.313896e-04
4.224631e-04
4.210490e-04
4.140897e-04
4.096931e-04
4.018058e-04
4.003431e-04
3.922102e-04
3.868300e-04
3.833063e-04
3.756490e-04
3.707414e-04
3.698725e-04
3.629569e-04
3.611337e-04
3.550049e-04
3.520283e-04
3.475291e-04
3.460775e-04
3.409715e-04
3.328693e-04
3.312231e-04
3.268667e-04
3.212543e-04
3.202601e-04
3.185440e-04
3.086111e-04
3.065174e-04
3.044407e-04
2.992362e-04
2.978411e-04
2.972580e-04
2.888934e-04
2.860963e-04
2.845920e-04
2.778083e-04
2.742952e-04
2.714105e-04
2.686442e-04
2.667198e-04
2.648121e-04
2.614348e-04
2.584874e-04
2.562465e-04
2.508323e-04
2.485069e-04
2.465907e-04
2.411747e-04
2.396773e-04
2.378552e-04
2.329777e-04
2.314324e-04
2.300195e-04
2.278164e-04
2.244198e-04
2.218048e-04
2.195397e-04
2.168292e-04
2.149729e-04
2.120151e-04
2.106286e-04
2.093268e-04
2.044313e-04
2.016715e-04
1.991171e-04
1.964156e-04
1.929180e-04
1.920375e-04
1.907582e-04
1.857853e-04
1.829590e-04
1.821467e-04
1.797430e-04
1.749616e-04
1.739767e-04
1.724131e-04
1.683880e-04
1.648252e-04
1.636055e-04
1.612704e-04
1.593385e-04
1.577527e-04
1.530227e-04
1.509212e-04
1.474855e-04
1.469123e-04
1.456048e-04
1.435079e-04
1.410299e-04
1.378791e-04
1.367217e-04
1.309194e-04
1.284856e-04
1.245835e-04
1.227460e-04
1.212181e-04
1.191538e-04
1.168943e-04
1.153389e-04
1.109677e-04
1.102629e-04
1.085971e-04
1.064313e-04
1.039857e-04
1.016440e-04
1.001198e-04
9.854575e-05
9.339075e-05
9.229295e-05
8.995501e-05
8.847141e-05
8.586870e-05
8.254486e-05
8.002936e-05
7.866409e-05
7.538899e-05
7.244218e-05
7.014241e-05
6.813326e-05
6.659048e-05
6.555433e-05
6.340755e-05
6.078963e-05
5.990213e-05
5.732757e-05
5.618403e-05
5.604270e-05
5.322147e-05
4.938888e-05
4.716081e-05
4.570961e-05
4.187257e-05
3.795651e-05
3.672292e-05
3.376318e-05
3.199181e-05
3.022903e-05
2.961528e-05
2.744655e-05
2.574946e-05
2.194506e-05
2.079629e-05
1.770130e-05
1.596028e-05
1.530484e-05
1.249369e-05
1.050528e-05
8.529907e-06
6.827125e-06
3.131175e-06
9.238262e-14
5.043770e-14
-5.096871e-14
-8.186128e-14
-1.566714e-13
-1.778236e-13
-2.028201e-07
-6.796067e-07
-3.137767e-06
-4.484806e-06
-5.737415e-06
-7.017047e-06
-9.332299e-06
-1.225163e-05
-1.562102e-05
-1.687095e-05
-1.923371e-05
-2.139789e-05
-2.535562e-05
-2.715109e-05
-2.868427e-05
-2.942993e-05
-3.136498e-05
-3.347168e-05
-3.597135e-05
-3.770686e-05
-3.958943e-05
-4.286716e-05
-4.349561e-05
-4.500446e-05
-4.711210e-05
-5.287037e-05
-5.471740e-05
-5.946915e-05
-6.057475e-05
-6.231645e-05
-6.359965e-05
-6.542656e-05
-6.717214e-05
-6.911340e-05
-7.384621e-05
-7.524141e-05
-7.768499e-05
-7.989340e-05
-8.286430e-05
-8.566512e-05
-8.941890e-05
-9.111194e-05
-9.631975e-05
-9.817112e-05
-9.880561e-05
-9.937082e-05
-1.038764e-04
-1.041958e-04
-1.077046e-04
-1.088104e-04
-1.107913e-04
-1.126109e-04
-1.146987e-04
-1.162596e-04
-1.205305e-04
-1.232658e-04
-1.246626e-04
-1.274889e-04
-1.310548e-04
-1.314830e-04
-1.347495e-04
-1.366441e-04
-1.382686e-04
-1.402353e-04
-1.412716e-04
-1.461707e-04
-1.475238e-04
-1.501604e-04
-1.512477e-04
-1.555396e-04
-1.579333e-04
-1.617369e-04
-1.653644e-04
-1.658152e-04
-1.676467e-04
-1.695135e-04
-1.746768e-04
-1.782449e-04
-1.829786e-04
-1.840746e-04
-1.847926e-04
-1.902015e-04
-1.940451e-04
-1.953467e-04
-1.997934e-04
-2.033474e-04
-2.048448e-04
-2.053212e-04
-2.093432e-04
-2.117416e-04
-2.180083e-04
-2.216295e-04
-2.241480e-04
-2.249779e-04
-2.275373e-04
-2.302058e-04
-2.359798e-04
-2.412665e-04
-2.441135e-04
-2.455444e-04
-2.493460e-04
-2.534416e-04
-2.552800e-04
-2.579781e-04
-2.622296e-04
-2.655018e-04
-2.685922e-04
-2.730718e-04
-2.782795e-04
-2.809959e-04
-2.844322e-04
-2.874234e-04
-2.914336e-04
-2.959889e-04
-3.037452e-04
-3.089315e-04
-3.136864e-04
-3.184356e-04
-3.206617e-04
-3.245493e-04
-3.294050e-04
-3.364209e-04
-3.412575e-04
-3.430837e-04
-3.526614e-04
-3.557661e-04
-3.632966e-04
-3.731430e-04
-3.800399e-04
-3.959804e-04
-4.010479e-04
-4.024619e-04
-4.252647e-04
-4.392885e-04
-4.442938e-04
-4.568726e-04
-4.646744e-04
-5.790496e-04
-6.408470e-04
-7.953218e-04
-1.167510e-03
