5.826876e+05
2.615281e+05
1.824729e+05
1.663379e+05
1.313045e+05
1.088815e+05
9.590631e+04
8.896546e+04
8.194290e+04
7.907146e+04
7.537079e+04
6.233534e+04
5.239518e+04
3.868089e+04
3.719082e+04
3.089751e+04
2.395873e+04
1.840582e+04
1.362989e+04
1.292620e+04
1.074041e+04
9.131457e+03
8.017781e+03
7.786369e+03
6.924320e+03
5.889532e+03
4.910988e+03
4.115108e+03
3.128946e+03
2.772807e+03
2.573704e+03
2.140371e+03
1.944655e+03
1.745718e+03
1.444350e+03
1.382465e+03
9.898506e+02
7.647726e+02
7.423702e+02
6.171979e+02
5.368275e+02
3.780182e+02
3.445863e+02
2.426055e+02
1.916744e+02
1.841767e+02
1.407126e+02
9.693869e+01
9.259818e+01
8.295060e+01
8.082656e+01
6.797160e+01
4.779320e+01
3.675620e+01
3.170571e+01
2.658367e+01
2.302793e+01
1.764123e+01
1.731082e+01
1.436819e+01
1.286003e+01
9.823567e+00
8.683606e+00
7.856603e+00
5.296052e+00
4.881375e+00
4.414629e+00
1.846800e+00
1.246877e+00
1.111554e+00
9.837361e-01
6.625794e-01
6.412155e-01
3.368287e-01
2.661311e-01
2.380725e-01
2.183133e-01
1.620748e-01
1.591524e-01
1.035150e-01
7.612187e-02
7.140322e-02
6.852979e-02
6.820204e-02
5.815487e-02
5.396287e-02
4.805672e-02
4.200712e-02
4.096038e-02
4.006862e-02
3.795633e-02
3.551454e-02
3.320554e-02
3.057063e-02
2.981766e-02
2.900057e-02
2.837258e-02
2.674919e-02
2.618083e-02
2.551920e-02
2.483032e-02
2.405139e-02
2.322964e-02
2.260260e-02
2.154159e-02
2.086140e-02
2.044239e-02
1.964480e-02
1.924730e-02
1.883180e-02
1.875346e-02
1.767612e-02
1.698321e-02
1.639762e-02
1.607923e-02
1.544813e-02
1.458471e-02
1.417526e-02
1.382599e-02
1.291139e-02
1.263529e-02
1.140608e-02
9.493564e-03
9.191591e-03
1.255336e-11
5.589132e-12
3.191134e-12
-2.107820e-11
