4.012684e+05
3.008387e+05
2.306655e+05
1.751911e+05
1.688493e+05
1.572527e+05
1.387405e+05
1.294349e+05
1.182418e+05
1.111631e+05
9.405038e+04
8.509691e+04
7.952298e+04
7.283066e+04
6.369900e+04
5.938309e+04
5.110593e+04
4.842625e+04
3.966268e+04
2.733349e+04
2.279274e+04
2.040685e+04
1.887663e+04
1.539044e+04
1.400264e+04
1.289600e+04
1.238463e+04
1.155030e+04
9.805969e+03
8.758975e+03
7.088130e+03
6.294663e+03
5.830396e+03
4.505948e+03
3.392035e+03
3.108412e+03
2.392669e+03
2.272565e+03
2.219157e+03
1.885461e+03
1.540915e+03
1.413020e+03
1.279874e+03
1.131818e+03
1.079971e+03
7.485399e+02
7.078634e+02
6.464460e+02
6.303707e+02
5.113426e+02
3.369865e+02
3.054349e+02
2.641396e+02
2.485335e+02
1.466753e+02
1.352494e+02
1.173606e+02
8.648933e+01
7.598169e+01
6.709927e+01
6.469637e+01
6.029467e+01
5.195787e+01
4.051059e+01
3.839214e+01
3.283365e+01
3.022452e+01
2.410686e+01
2.259285e+01
1.562377e+01
1.493168e+01
1.368842e+01
1.063340e+01
8.397879e+00
6.920983e+00
5.042165e+00
4.037677e+00
3.889566e+00
3.487522e+00
3.262817e+00
1.982621e+00
1.928404e+00
1.337444e+00
1.197971e+00
1.028583e+00
8.498104e-01
7.572893e-01
6.548973e-01
6.017209e-01
3.739618e-01
2.881761e-01
1.669313e-01
1.554207e-01
1.231545e-01
1.183210e-01
9.415974e-02
7.216657e-02
5.555196e-02
4.884781e-02
4.598060e-02
4.325654e-02
4.088448e-02
4.034070e-02
3.984398e-02
3.901840e-02
3.727279e-02
3.693759e-02
3.510348e-02
3.456470e-02
3.276763e-02
3.257580e-02
3.168792e-02
3.148757e-02
3.111203e-02
3.065665e-02
2.998161e-02
2.967347e-02
2.927937e-02
2.873707e-02
2.769673e-02
2.706623e-02
2.679074e-02
2.668151e-02
2.421787e-02
2.348077e-02
2.194249e-02
2.149532e-02
2.081802e-02
