2.089258e+12
1.746630e+12
1.653667e+12
1.554906e+12
1.384084e+12
1.191873e+12
1.138821e+12
1.120316e+12
1.039818e+12
9.727394e+11
9.141820e+11
8.488826e+11
8.191119e+11
7.802954e+11
7.489395e+11
7.265417e+11
7.071772e+11
6.520967e+11
6.289822e+11
6.063222e+11
5.591980e+11
5.292322e+11
5.098002e+11
4.959716e+11
4.720603e+11
4.651279e+11
4.401223e+11
4.214862e+11
4.167089e+11
4.013805e+11
3.850285e+11
3.825876e+11
3.553976e+11
3.539578e+11
3.397829e+11
3.243993e+11
3.192108e+11
3.068365e+11
3.009033e+11
2.891377e+11
2.852120e+11
2.749956e+11
2.658700e+11
2.605196e+11
2.534809e+11
2.487904e+11
2.452956e+11
2.344122e+11
2.222398e+11
2.164120e+11
2.042093e+11
2.038521e+11
1.993672e+11
1.912870e+11
1.860961e+11
1.778380e+11
1.736151e+11
1.689358e+11
1.684657e+11
1.612537e+11
1.606090e+11
1.583480e+11
1.528122e+11
1.479521e+11
1.434342e+11
1.390128e+11
1.363924e+11
1.331818e+11
1.301366e+11
1.280554e+11
1.238077e+11
1.207653e+11
1.178693e+11
1.158158e+11
1.119392e+11
1.113142e+11
1.102188e+11
1.073644e+11
1.062948e+11
1.033821e+11
1.011174e+11
9.977623e+10
9.879468e+10
9.706426e+10
9.524449e+10
9.280616e+10
9.208923e+10
8.836746e+10
8.754396e+10
8.653985e+10
8.502107e+10
8.319583e+10
7.998900e+10
7.916011e+10
7.700329e+10
7.686472e+10
7.474790e+10
7.342864e+10
7.320703e+10
7.170549e+10
6.901231e+10
6.772507e+10
6.706964e+10
6.648711e+10
6.471502e+10
6.252230e+10
6.238798e+10
6.129118e+10
5.997210e+10
5.990395e+10
5.775393e+10
5.702692e+10
5.566803e+10
5.435963e+10
5.404274e+10
5.241244e+10
5.044049e+10
4.951723e+10
4.784668e+10
4.645268e+10
4.570717e+10
4.540488e+10
4.397569e+10
3.993824e+10
3.823838e+10
3.590564e+10
3.506368e+10
3.188536e+10
