4.138557e+05
2.965432e+05
2.714483e+05
2.297475e+05
1.912238e+05
1.759256e+05
1.499650e+05
1.415001e+05
1.280342e+05
1.067046e+05
1.013792e+05
8.824266e+04
7.961764e+04
6.905294e+04
6.864844e+04
6.039045e+04
5.285757e+04
4.437207e+04
3.483504e+04
2.887898e+04
2.837491e+04
2.187401e+04
1.865368e+04
1.748478e+04
1.560148e+04
1.252077e+04
1.121283e+04
1.062104e+04
9.541350e+03
9.260975e+03
7.411506e+03
6.511943e+03
5.745584e+03
4.842448e+03
4.073994e+03
3.706021e+03
3.202307e+03
2.664081e+03
2.641520e+03
2.083207e+03
2.021078e+03
1.925851e+03
1.600594e+03
1.469019e+03
1.427237e+03
9.730514e+02
8.039303e+02
7.635443e+02
6.262896e+02
5.400635e+02
4.856637e+02
4.303927e+02
3.365418e+02
3.024915e+02
2.621056e+02
2.175715e+02
1.766069e+02
1.613377e+02
1.332792e+02
1.027274e+02
9.248611e+01
8.020399e+01
6.793806e+01
6.680704e+01
6.122572e+01
4.669107e+01
4.191987e+01
3.721576e+01
3.341289e+01
2.812474e+01
2.103658e+01
1.942662e+01
1.454240e+01
1.270380e+01
1.095918e+01
8.059452e+00
7.418260e+00
4.579448e+00
4.532083e+00
3.411263e+00
3.359651e+00
3.134840e+00
2.911774e+00
2.228810e+00
1.820439e+00
1.048453e+00
8.501211e-01
6.935734e-01
5.228345e-01
5.108468e-01
4.491756e-01
3.304342e-01
2.595831e-01
1.719780e-01
1.570348e-01
1.200094e-01
1.000226e-01
8.087574e-02
7.284705e-02
5.980824e-02
5.245687e-02
5.136951e-02
5.015615e-02
4.734960e-02
4.540551e-02
4.235772e-02
4.098235e-02
4.053978e-02
3.999253e-02
3.856699e-02
3.703360e-02
3.559338e-02
3.531272e-02
3.512176e-02
3.276805e-02
3.134076e-02
3.082313e-02
3.043859e-02
2.601549e-02
2.468022e-02
2.453420e-02
2.380252e-02
2.254844e-02
2.171664e-02
2.112385e-02
1.928372e-02
1.396954e-02
8.576674e-12
