8.898292e+04
3.777250e+03
2.543713e+03
1.727266e+03
1.046905e+03
8.344080e+02
5.332377e+02
4.387708e+02
3.088667e+02
2.682998e+02
2.524033e+02
2.256422e+02
2.024119e+02
1.884531e+02
1.648436e+02
1.542855e+02
1.405280e+02
1.264387e+02
1.193745e+02
1.049253e+02
9.752193e+01
9.576015e+01
8.789754e+01
8.027261e+01
7.752975e+01
7.670684e+01
7.101212e+01
6.338705e+01
5.954018e+01
5.431004e+01
5.250858e+01
4.925018e+01
4.475277e+01
4.380491e+01
4.014717e+01
3.805426e+01
3.481410e+01
3.219489e+01
3.121155e+01
3.019536e+01
2.736082e+01
2.573413e+01
2.422334e+01
2.362422e+01
2.131744e+01
1.952279e+01
1.809752e+01
1.758357e+01
1.584197e+01
1.422500e+01
1.355339e+01
1.320662e+01
1.235216e+01
1.148195e+01
1.079776e+01
1.036713e+01
9.791920e+00
9.471400e+00
8.890736e+00
8.498475e+00
7.705171e+00
7.031596e+00
6.041482e+00
5.577772e+00
5.296820e+00
4.853852e+00
4.747515e+00
4.471519e+00
4.313792e+00
3.569173e+00
3.450909e+00
3.263933e+00
2.699377e+00
2.502869e+00
2.413131e+00
2.156094e+00
2.116524e+00
1.918378e+00
1.804109e+00
1.734401e+00
1.626708e+00
1.558106e+00
1.443894e+00
1.385458e+00
1.250417e+00
1.233459e+00
1.127119e+00
1.074909e+00
1.038514e+00
9.699439e-01
8.781885e-01
8.254769e-01
8.082689e-01
7.296522e-01
6.901457e-01
6.535963e-01
6.081232e-01
5.884036e-01
5.390326e-01
5.335405e-01
4.952962e-01
4.754978e-01
4.534116e-01
4.495728e-01
4.382127e-01
4.013201e-01
3.768185e-01
3.493068e-01
3.245112e-01
3.135918e-01
3.012130e-01
2.724146e-01
2.577814e-01
2.470257e-01
2.265940e-01
2.167089e-01
2.108441e-01
1.998156e-01
1.991603e-01
1.726835e-01
1.624886e-01
1.555355e-01
1.412959e-01
1.335718e-01
1.239457e-01
1.134474e-01
1.112667e-01
1.060016e-01
9.989648e-02
9.547154e-02
9.196676e-02
8.674733e-02
7.681674e-02
6.747621e-02
6.560725e-02
6.201645e-02
5.572563e-02
5.384973e-02
5.088030e-02
4.943448e-02
4.496397e-02
4.450332e-02
4.145336e-02
3.808653e-02
3.578705e-02
3.378862e-02
3.024418e-02
2.928636e-02
2.701578e-02
2.617373e-02
2.433248e-02
2.103003e-02
2.067584e-02
2.044578e-02
1.857167e-02
1.677215e-02
1.609621e-02
1.546859e-02
1.494929e-02
1.385233e-02
1.355468e-02
1.270680e-02
1.227659e-02
1.209005e-02
1.077139e-02
9.771127e-03
9.089786e-03
8.986832e-03
8.262705e-03
7.878020e-03
7.628164e-03
6.320911e-03
6.030556e-03
5.849983e-03
5.412267e-03
5.011688e-03
4.788937e-03
4.576092e-03
4.259726e-03
4.106547e-03
4.002859e-03
3.721670e-03
3.366974e-03
3.199720e-03
3.086767e-03
2.795119e-03
2.640159e-03
2.574084e-03
2.500412e-03
2.451476e-03
2.275123e-03
2.218090e-03
2.081678e-03
2.005316e-03
1.960516e-03
1.850952e-03
1.759388e-03
1.698745e-03
1.672292e-03
1.618893e-03
1.588186e-03
1.560609e-03
1.534326e-03
1.442017e-03
1.441204e-03
1.426057e-03
1.404963e-03
1.362193e-03
1.328954e-03
1.321170e-03
1.261847e-03
1.244978e-03
1.218357e-03
1.208265e-03
1.177651e-03
1.159547e-03
1.142627e-03
1.119525e-03
1.117470e-03
1.100912e-03
1.089528e-03
1.058112e-03
1.033353e-03
1.028125e-03
1.006782e-03
9.983669e-04
9.903135e-04
9.837404e-04
9.749551e-04
9.562790e-04
9.303080e-04
9.124814e-04
9.050620e-04
8.970582e-04
8.780513e-04
8.647091e-04
8.567781e-04
8.477031e-04
8.360687e-04
8.307001e-04
8.216444e-04
8.035558e-04
8.017276e-04
7.942359e-04
7.805488e-04
7.589803e-04
7.524613e-04
7.463394e-04
7.318719e-04
7.291308e-04
7.165616e-04
7.136337e-04
7.048831e-04
6.835782e-04
6.777993e-04
6.697255e-04
6.453469e-04
6.336481e-04
6.323580e-04
6.289991e-04
6.155813e-04
6.034494e-04
6.012698e-04
5.876923e-04
5.716723e-04
5.622894e-04
5.560839e-04
5.515265e-04
5.406867e-04
5.296094e-04
5.238199e-04
5.139459e-04
5.058484e-04
4.962633e-04
4.891215e-04
4.820141e-04
4.621770e-04
4.557857e-04
4.486125e-04
4.301751e-04
4.276209e-04
4.168427e-04
4.063114e-04
3.994489e-04
3.921232e-04
3.816379e-04
3.673166e-04
3.645382e-04
3.486230e-04
3.384868e-04
3.308829e-04
3.229787e-04
3.190709e-04
3.023049e-04
2.934538e-04
2.911678e-04
2.768111e-04
2.752227e-04
2.627439e-04
2.581829e-04
2.326003e-04
2.290899e-04
2.120030e-04
2.076413e-04
2.013977e-04
1.877011e-04
1.786776e-04
1.764440e-04
1.593445e-04
1.563996e-04
1.485488e-04
1.406400e-04
1.331688e-04
1.229791e-04
1.088314e-04
9.931104e-05
8.541241e-05
7.970641e-05
6.122125e-05
5.422722e-05
4.739415e-05
3.646703e-05
2.429414e-05
1.775285e-05
6.026069e-06
5.158699e-14
4.650469e-14
-4.893285e-14
-1.077725e-13
-1.118701e-06
-8.505878e-06
-1.672501e-05
-2.442627e-05
-3.422910e-05
-4.570089e-05
-6.222126e-05
-6.868771e-05
-8.240041e-05
-9.327239e-05
-9.494092e-05
-9.910320e-05
-1.089017e-04
-1.195025e-04
-1.276751e-04
-1.361322e-04
-1.424283e-04
-1.458237e-04
-1.602294e-04
-1.678762e-04
-1.763341e-04
-1.883203e-04
-1.974088e-04
-2.192986e-04
-2.369486e-04
-2.490399e-04
-2.614027e-04
-2.635326e-04
-2.670928e-04
-2.810163e-04
-2.902778e-04
-2.991327e-04
-3.317572e-04
-3.344183e-04
-3.608248e-04
-3.750226e-04
-3.756913e-04
-3.811418e-04
-3.929899e-04
-4.082748e-04
-4.097684e-04
-4.347201e-04
-4.465200e-04
-4.575057e-04
-4.934341e-04
-5.123366e-04
-5.383634e-04
-5.540945e-04
-5.616606e-04
-5.925004e-04
-6.146953e-04
-6.268006e-04
-6.477141e-04
-6.547322e-04
-7.014420e-04
