1.787382e+12
1.716123e+12
1.454933e+12
1.444572e+12
1.296696e+12
1.253528e+12
1.171387e+12
1.109759e+12
1.072724e+12
9.510875e+11
8.957045e+11
8.662967e+11
7.970937e+11
7.609520e+11
6.918346e+11
6.541415e+11
6.475295e+11
6.388057e+11
6.200507e+11
5.959921e+11
5.618371e+11
5.487938e+11
5.411648e+11
4.855084e+11
4.673020e+11
4.569021e+11
4.378923e+11
4.219809e+11
3.966347e+11
3.862444e+11
3.753471e+11
3.630781e+11
3.566430e+11
3.429059e+11
3.395508e+11
3.118468e+11
3.083380e+11
3.069063e+11
2.961100e+11
2.843272e+11
2.723032e+11
2.627392e+11
2.576581e+11
2.536427e+11
2.420967e+11
2.314658e+11
2.266455e+11
2.214695e+11
2.082821e+11
2.047372e+11
2.020135e+11
1.945402e+11
1.902856e+11
1.860657e+11
1.821087e+11
1.789123e+11
1.675242e+11
1.642675e+11
1.614916e+11
1.515133e+11
1.493034e+11
1.479871e+11
1.414267e+11
1.375716e+11
1.344247e+11
1.341796e+11
1.320047e+11
1.304645e+11
1.272364e+11
1.222709e+11
1.205130e+11
1.192091e+11
1.161006e+11
1.140982e+11
1.125079e+11
1.097355e+11
1.062191e+11
1.034438e+11
1.028601e+11
1.003891e+11
9.767290e+10
9.395059e+10
9.195600e+10
9.068031e+10
8.960560e+10
8.945470e+10
8.691417e+10
8.520813e+10
8.316184e+10
8.138965e+10
8.116774e+10
7.963325e+10
7.840417e+10
7.783107e+10
7.450257e+10
7.298638e+10
7.245344e+10
7.137767e+10
7.072478e+10
6.820017e+10
6.685269e+10
6.651990e+10
6.506170e+10
6.340610e+10
6.294937e+10
6.164997e+10
6.091411e+10
5.969503e+10
5.948660e+10
5.829438e+10
5.753994e+10
5.637221e+10
5.327188e+10
5.245188e+10
5.208952e+10
5.129910e+10
5.013020e+10
4.906148e+10
4.871320e+10
4.815789e+10
4.611035e+10
4.436557e+10
4.322853e+10
4.248857e+10
4.178079e+10
4.059576e+10
3.964049e+10
3.799440e+10
