5.883076e+04
1.283194e+04
6.535824e+03
1.829206e+03
1.207121e+03
9.056356e+02
5.707618e+02
4.329879e+02
3.071043e+02
2.936612e+02
2.548676e+02
2.226301e+02
2.134508e+02
1.771037e+02
1.205852e+02
1.094897e+02
1.054947e+02
8.370972e+01
6.610908e+01
6.341361e+01
5.577771e+01
4.941523e+01
4.650343e+01
3.453139e+01
3.047787e+01
2.568664e+01
1.814661e+01
1.553981e+01
1.394847e+01
1.190442e+01
1.126921e+01
1.048611e+01
8.918704e+00
7.598241e+00
6.638930e+00
5.665023e+00
4.713075e+00
4.541484e+00
3.938006e+00
3.642717e+00
3.436466e+00
3.231252e+00
2.141144e+00
1.966871e+00
1.878744e+00
1.363328e+00
1.292484e+00
1.036452e+00
8.511119e-01
7.108205e-01
6.402255e-01
5.970418e-01
5.146118e-01
4.121327e-01
2.850448e-01
2.532712e-01
1.674329e-01
1.452790e-01
9.666862e-02
8.066528e-02
7.743407e-02
5.991493e-02
5.506042e-02
4.748962e-02
4.326805e-02
3.291663e-02
3.036139e-02
2.413667e-02
1.752217e-02
1.442605e-02
1.350259e-02
9.261723e-03
8.948719e-03
5.791049e-03
4.199175e-03
3.659644e-03
3.216058e-03
2.873773e-03
2.350774e-03
1.995456e-03
1.880821e-03
1.687327e-03
1.630872e-03
1.176028e-03
1.128150e-03
1.033959e-03
1.021901e-03
9.719480e-04
9.436981e-04
8.347903e-04
7.447629e-04
7.107862e-04
6.747854e-04
6.700140e-04
6.448579e-04
6.392967e-04
6.229485e-04
5.897001e-04
5.744313e-04
5.666692e-04
5.607185e-04
5.402323e-04
5.351859e-04
5.339836e-04
5.106315e-04
4.943240e-04
4.895026e-04
4.773183e-04
4.705566e-04
4.621109e-04
4.553636e-04
4.487266e-04
4.443440e-04
4.379067e-04
4.316838e-04
4.293603e-04
4.183455e-04
4.130637e-04
4.099232e-04
4.044185e-04
3.975672e-04
3.928828e-04
3.885690e-04
3.842631e-04
3.777275e-04
3.725236e-04
3.685306e-04
3.630494e-04
3.608378e-04
3.550257e-04
3.533264e-04
3.498599e-04
3.471312e-04
3.456729e-04
3.413575e-04
3.367632e-04
3.338967e-04
3.292849e-04
3.248462e-04
3.154806e-04
3.141538e-04
3.132591e-04
3.095423e-04
3.036614e-04
3.032750e-04
2.987455e-04
2.959756e-04
2.945296e-04
2.894351e-04
2.830673e-04
2.814141e-04
2.769396e-04
2.754717e-04
2.729344e-04
2.689340e-04
2.672367e-04
2.664283e-04
2.603290e-04
2.569230e-04
2.516518e-04
2.497024e-04
2.478624e-04
2.451167e-04
2.432008e-04
2.400118e-04
2.372054e-04
2.313551e-04
2.311222e-04
2.286458e-04
2.254581e-04
2.205729e-04
2.193167e-04
2.159382e-04
2.108554e-04
2.072754e-04
2.046654e-04
2.038014e-04
1.998816e-04
1.981655e-04
1.941633e-04
1.899705e-04
1.880977e-04
1.862883e-04
1.836757e-04
1.807273e-04
1.800901e-04
1.779174e-04
1.733122e-04
1.703403e-04
1.667722e-04
1.634425e-04
1.627618e-04
1.619538e-04
1.602609e-04
1.540347e-04
1.527892e-04
1.503419e-04
1.491094e-04
1.469025e-04
1.430306e-04
1.374155e-04
1.333458e-04
1.314258e-04
1.289933e-04
1.266740e-04
1.239700e-04
1.225324e-04
1.195001e-04
1.160171e-04
1.144836e-04
1.136917e-04
1.115410e-04
1.093486e-04
1.090879e-04
1.058446e-04
1.023760e-04
1.012747e-04
9.630369e-05
9.410518e-05
9.062489e-05
8.977117e-05
8.877218e-05
8.610077e-05
8.380644e-05
7.928714e-05
7.863776e-05
7.467526e-05
7.389692e-05
7.210652e-05
6.702182e-05
6.546317e-05
6.261178e-05
5.790185e-05
5.540916e-05
5.373704e-05
5.297162e-05
5.138037e-05
4.766461e-05
4.534603e-05
4.434430e-05
3.920885e-05
3.877359e-05
3.590889e-05
3.302889e-05
3.227506e-05
3.081258e-05
2.802475e-05
2.302188e-05
2.237829e-05
2.044793e-05
1.710731e-05
1.345144e-05
1.220665e-05
8.780687e-06
6.865920e-06
5.673058e-06
3.303948e-06
9.626520e-14
1.098452e-14
-1.226466e-14
-4.043495e-14
-1.306649e-13
-1.093420e-07
-1.105372e-06
-4.439872e-06
-6.329072e-06
-7.837565e-06
-1.135917e-05
-1.319781e-05
-1.376956e-05
-1.474705e-05
-2.044129e-05
-2.218435e-05
-2.600067e-05
-2.829731e-05
-3.116882e-05
-3.386360e-05
-3.623570e-05
-3.957856e-05
-4.100294e-05
-4.502015e-05
-4.558498e-05
-4.862193e-05
-5.009392e-05
-5.253358e-05
-5.330691e-05
-5.575455e-05
-5.959352e-05
-6.180718e-05
-6.495923e-05
-6.752611e-05
-6.862886e-05
-7.335910e-05
-7.491854e-05
-7.604658e-05
-7.989177e-05
-8.423374e-05
-8.800261e-05
-8.935899e-05
-8.984256e-05
-9.278418e-05
-9.581821e-05
-1.000764e-04
-1.021336e-04
-1.045645e-04
-1.065051e-04
-1.080209e-04
-1.103021e-04
-1.143762e-04
-1.176224e-04
-1.188010e-04
-1.211181e-04
-1.241784e-04
-1.276438e-04
-1.306651e-04
-1.325023e-04
-1.330356e-04
-1.367101e-04
-1.388580e-04
-1.440463e-04
-1.459833e-04
-1.501542e-04
-1.517314e-04
-1.549613e-04
-1.556340e-04
-1.592432e-04
-1.625335e-04
-1.650837e-04
-1.687909e-04
-1.729745e-04
-1.748201e-04
-1.795026e-04
-1.843656e-04
-1.861460e-04
-1.924787e-04
-1.937996e-04
-1.985684e-04
-1.997355e-04
-2.044312e-04
-2.069046e-04
-2.113906e-04
-2.145929e-04
-2.168897e-04
-2.205637e-04
-2.246368e-04
-2.272472e-04
-2.281257e-04
-2.322940e-04
-2.379510e-04
-2.423399e-04
-2.456999e-04
-2.486814e-04
-2.577631e-04
-2.604849e-04
-2.625277e-04
-2.642470e-04
-2.682107e-04
-2.727876e-04
-2.753971e-04
-2.833190e-04
-2.841081e-04
-2.921156e-04
-2.963682e-04
-2.977010e-04
-3.034495e-04
-3.163220e-04
-3.227471e-04
-3.245497e-04
-3.301735e-04
-3.353458e-04
-3.489385e-04
-3.608674e-04
-3.669034e-04
-3.742353e-04
-3.851277e-04
-3.947174e-04
-4.078194e-04
-4.398947e-04
-4.699776e-04
-4.865658e-04
-6.256934e-04
-7.173631e-04
-8.925761e-04
-1.241320e-03
