5.935332e+04
1.094100e+04
5.403867e+03
1.484967e+03
8.771666e+02
7.417684e+02
6.243190e+02
2.733037e+02
2.516433e+02
2.365847e+02
1.726517e+02
1.433496e+02
1.186776e+02
9.325191e+01
7.523097e+01
7.253128e+01
5.960376e+01
4.925836e+01
4.237720e+01
3.677502e+01
2.731121e+01
2.332867e+01
2.038423e+01
1.576265e+01
1.391274e+01
1.220526e+01
1.049361e+01
9.462581e+00
8.503571e+00
8.178083e+00
7.533737e+00
5.363813e+00
4.840650e+00
4.402883e+00
4.107498e+00
2.858053e+00
2.583437e+00
2.376537e+00
1.851274e+00
1.506852e+00
1.050724e+00
9.431195e-01
7.631835e-01
5.872451e-01
5.666775e-01
4.947374e-01
4.581979e-01
3.755124e-01
2.932282e-01
2.435414e-01
1.912560e-01
1.601560e-01
1.223737e-01
1.013628e-01
8.359886e-02
5.610550e-02
5.019900e-02
4.276433e-02
3.466753e-02
3.398284e-02
2.732661e-02
2.370955e-02
1.871541e-02
1.474733e-02
8.921795e-03
8.055414e-03
7.509056e-03
7.291854e-03
5.241560e-03
4.346185e-03
3.105696e-03
2.446600e-03
2.201366e-03
1.752253e-03
1.538460e-03
1.383916e-03
1.111299e-03
1.028197e-03
9.535903e-04
8.813845e-04
8.233347e-04
7.141841e-04
6.990416e-04
6.970861e-04
6.732163e-04
6.432449e-04
6.195324e-04
5.997437e-04
5.877725e-04
5.637691e-04
5.487358e-04
5.357447e-04
5.326059e-04
5.279206e-04
5.178439e-04
5.111985e-04
5.027893e-04
4.932550e-04
4.919038e-04
4.757225e-04
4.738511e-04
4.693985e-04
4.665149e-04
4.563058e-04
4.505959e-04
4.351188e-04
4.335499e-04
4.286609e-04
4.266220e-04
4.178482e-04
4.093499e-04
4.042457e-04
4.000170e-04
3.947452e-04
3.915969e-04
3.890384e-04
3.852814e-04
3.841729e-04
3.756619e-04
3.691318e-04
3.676498e-04
3.645818e-04
3.585941e-04
3.569147e-04
3.518173e-04
3.468152e-04
3.430483e-04
3.427302e-04
3.379250e-04
3.333706e-04
3.321741e-04
3.280669e-04
3.198382e-04
3.186002e-04
3.125458e-04
3.109737e-04
3.076470e-04
3.049243e-04
3.006480e-04
2.947139e-04
2.915352e-04
2.855619e-04
2.831196e-04
2.816387e-04
2.737931e-04
2.708976e-04
2.673395e-04
2.654904e-04
2.639491e-04
2.614564e-04
2.582555e-04
2.550848e-04
2.512176e-04
2.469672e-04
2.433426e-04
2.412011e-04
2.308146e-04
2.288482e-04
2.263222e-04
2.241811e-04
2.214690e-04
2.209826e-04
2.194076e-04
2.143672e-04
2.125435e-04
2.118742e-04
2.099217e-04
2.054368e-04
2.021358e-04
1.993444e-04
1.982454e-04
1.962407e-04
1.948933e-04
1.922176e-04
1.890494e-04
1.877587e-04
1.807586e-04
1.784112e-04
1.772256e-04
1.750410e-04
1.745391e-04
1.706947e-04
1.697360e-04
1.678629e-04
1.635113e-04
1.587283e-04
1.545796e-04
1.524028e-04
1.510417e-04
1.487463e-04
1.438886e-04
1.427238e-04
1.412889e-04
1.384481e-04
1.381173e-04
1.340260e-04
1.327064e-04
1.285774e-04
1.272255e-04
1.262563e-04
1.225854e-04
1.158423e-04
1.145448e-04
1.112625e-04
1.093758e-04
1.083443e-04
1.061771e-04
1.050006e-04
1.000183e-04
9.656795e-05
9.333253e-05
9.243399e-05
8.984657e-05
8.825348e-05
8.576177e-05
8.414344e-05
8.106737e-05
7.904266e-05
7.683682e-05
7.388480e-05
7.110798e-05
6.940173e-05
6.565194e-05
6.422868e-05
6.136247e-05
5.858357e-05
5.526317e-05
5.230141e-05
5.120914e-05
4.893070e-05
4.725637e-05
4.482659e-05
4.223298e-05
3.721089e-05
3.492016e-05
3.336638e-05
3.081507e-05
2.934168e-05
2.770848e-05
2.629655e-05
2.501600e-05
2.034976e-05
1.679485e-05
1.372092e-05
1.148193e-05
1.061188e-05
7.611791e-06
5.572175e-06
2.989457e-06
1.568621e-06
1.385876e-12
7.587592e-14
5.900659e-14
1.834495e-14
-2.091342e-14
-5.505977e-14
-1.758745e-06
-3.060010e-06
-7.518920e-06
-9.919341e-06
-1.069040e-05
-1.444228e-05
-1.854665e-05
-1.862312e-05
-2.271326e-05
-2.351650e-05
-2.578879e-05
-2.819741e-05
-3.083036e-05
-3.296504e-05
-3.449690e-05
-3.753010e-05
-3.936179e-05
-4.268712e-05
-4.391237e-05
-4.639729e-05
-4.776651e-05
-5.141542e-05
-5.184718e-05
-5.578088e-05
-5.745277e-05
-6.064970e-05
-6.288347e-05
-6.479437e-05
-6.999635e-05
-7.404900e-05
-7.591931e-05
-7.661807e-05
-8.052252e-05
-8.411373e-05
-8.489959e-05
-8.991755e-05
-9.186556e-05
-9.367983e-05
-9.568763e-05
-9.848471e-05
-1.005529e-04
-1.034463e-04
-1.058663e-04
-1.066875e-04
-1.098283e-04
-1.144469e-04
-1.166419e-04
-1.177137e-04
-1.203284e-04
-1.228619e-04
-1.258148e-04
-1.280055e-04
-1.302851e-04
-1.341630e-04
-1.362978e-04
-1.408723e-04
-1.444359e-04
-1.468255e-04
-1.482023e-04
-1.505119e-04
-1.513742e-04
-1.558744e-04
-1.575937e-04
-1.632671e-04
-1.659742e-04
-1.683642e-04
-1.693894e-04
-1.727610e-04
-1.777120e-04
-1.796875e-04
-1.825184e-04
-1.854578e-04
-1.879844e-04
-1.899345e-04
-1.945481e-04
-2.005649e-04
-2.024763e-04
-2.078003e-04
-2.099968e-04
-2.127058e-04
-2.141568e-04
-2.161353e-04
-2.225427e-04
-2.242616e-04
-2.286145e-04
-2.308602e-04
-2.327546e-04
-2.401079e-04
-2.443469e-04
-2.457164e-04
-2.475728e-04
-2.506120e-04
-2.587124e-04
-2.603635e-04
-2.626155e-04
-2.711567e-04
-2.750702e-04
-2.797350e-04
-2.809355e-04
-2.867432e-04
-2.874168e-04
-2.917240e-04
-2.955817e-04
-2.993967e-04
-3.019499e-04
-3.046856e-04
-3.115349e-04
-3.187771e-04
-3.220958e-04
-3.258233e-04
-3.360354e-04
-3.400426e-04
-3.505016e-04
-3.601905e-04
-3.732633e-04
-3.795410e-04
-3.881125e-04
-4.013409e-04
-4.136806e-04
-4.275625e-04
-4.349624e-04
-4.541177e-04
-4.700925e-04
-4.743044e-04
-5.511501e-04
-6.845796e-04
-7.714879e-04
-8.958473e-04
