2.364897e+05
7.747051e+04
2.928158e+04
4.811593e+03
6.905333e+02
1.204455e+02
3.286462e+01
1.566920e+01
3.885825e+00
8.295125e-01
1.808316e-01
7.218646e-02
4.529626e-02
3.341043e-02
3.061924e-02
2.843633e-02
2.615908e-02
2.502187e-02
2.322068e-02
2.222832e-02
2.149586e-02
2.065910e-02
1.995265e-02
1.887607e-02
1.850784e-02
1.788197e-02
1.649371e-02
1.616632e-02
1.589886e-02
1.481201e-02
1.435920e-02
1.393546e-02
1.360639e-02
1.346767e-02
1.315822e-02
1.306546e-02
1.266324e-02
1.233763e-02
1.199937e-02
1.157259e-02
1.133803e-02
1.116066e-02
1.068184e-02
1.060645e-02
1.016630e-02
9.880903e-03
9.496148e-03
9.323167e-03
9.005972e-03
8.949351e-03
8.429613e-03
8.156980e-03
8.110893e-03
7.941867e-03
7.755844e-03
7.364470e-03
7.321276e-03
6.971722e-03
6.779897e-03
6.485927e-03
6.295962e-03
5.907312e-03
5.749190e-03
5.609034e-03
5.524289e-03
5.274386e-03
5.197131e-03
5.034408e-03
4.985594e-03
4.760149e-03
4.520908e-03
4.483937e-03
4.348021e-03
4.289665e-03
4.233714e-03
4.184446e-03
4.023913e-03
3.795755e-03
3.679967e-03
3.539458e-03
3.444260e-03
3.398088e-03
3.353420e-03
3.068166e-03
2.923293e-03
2.843302e-03
2.695531e-03
2.561116e-03
2.337075e-03
2.307278e-03
2.187468e-03
2.049730e-03
1.951388e-03
1.767809e-03
1.681092e-03
1.562141e-03
1.374082e-03
1.163481e-03
8.798715e-04
7.880487e-04
4.749373e-04
2.529164e-04
1.464760e-04
-1.616151e-04
-1.321871e-03
-1.734092e-03
-2.271350e-03
-3.765185e-03
-3.858579e-03
-4.621095e-03
-5.398177e-03
-6.495938e-03
-8.190356e-03
-8.845994e-03
-1.045255e-02
-1.142112e-02
-1.603276e-02
-1.639112e-02
-1.787810e-02
-2.103124e-02
-2.215864e-02
-3.149161e-02
-3.328944e-02
-3.977407e-02
-5.255454e-02
-5.875788e-02
-6.867329e-02
-1.884498e-01
