1.107967e+10
7.394998e+08
1.703286e+08
1.180669e+08
6.819741e+07
5.762108e+07
5.072876e+07
4.256160e+07
2.964533e+07
2.459402e+07
2.182334e+07
1.977528e+07
1.736990e+07
1.542413e+07
1.401233e+07
1.113998e+07
1.080747e+07
8.507127e+06
6.384740e+06
4.628806e+06
3.947575e+06
3.855980e+06
3.236615e+06
2.827140e+06
2.674197e+06
2.444420e+06
1.842509e+06
1.671293e+06
1.531324e+06
1.319974e+06
1.214461e+06
1.134213e+06
9.821026e+05
9.539765e+05
6.915999e+05
5.654366e+05
5.155914e+05
4.637778e+05
4.027367e+05
2.414796e+05
2.218069e+05
1.988845e+05
1.424919e+05
1.003694e+05
8.651648e+04
8.034613e+04
6.615316e+04
4.993104e+04
4.474310e+04
3.728362e+04
3.587929e+04
2.187148e+04
1.755314e+04
1.117947e+04
1.006016e+04
5.333603e+03
3.866675e+03
3.524687e+03
2.528346e+03
2.220703e+03
1.404695e+03
1.094981e+03
6.675456e+02
5.257422e+02
4.165867e+02
2.481803e+02
2.118163e+02
1.928490e+02
1.336658e+02
8.185710e+01
4.754333e+01
4.302774e+01
3.587118e+01
2.578041e+01
1.655311e+01
1.258031e+01
1.043767e+01
7.021855e+00
5.508520e+00
3.288139e+00
3.111792e+00
1.588062e+00
1.179192e+00
9.382279e-01
7.967600e-01
5.459586e-01
2.923477e-01
2.010349e-01
1.529579e-01
1.059302e-01
8.955906e-02
7.066844e-02
6.288445e-02
5.784412e-02
4.101002e-02
4.091666e-02
3.511092e-02
2.837997e-02
2.789556e-02
2.644244e-02
2.151375e-02
1.798989e-02
1.478305e-02
1.196418e-02
1.023156e-02
9.448647e-03
7.307857e-03
6.826669e-03
6.526663e-03
4.907224e-03
3.646600e-03
2.398514e-03
5.200217e-04
-1.211990e-03
-2.851169e-03
-5.065490e-03
-5.812650e-03
-6.573168e-03
-8.482965e-03
-1.017893e-02
-1.369081e-02
-1.468703e-02
-1.693930e-02
-1.928723e-02
-2.242727e-02
-2.578819e-02
-4.761266e-02
-1.228448e-01
