6.626242e+05
3.095515e+05
1.983631e+05
1.711232e+05
1.457198e+05
1.326278e+05
1.162498e+05
9.891438e+04
9.586909e+04
8.588537e+04
7.810245e+04
7.054834e+04
5.142343e+04
3.662730e+04
3.297970e+04
2.773930e+04
2.606172e+04
2.050350e+04
1.900271e+04
1.612219e+04
1.073783e+04
1.012852e+04
9.221579e+03
8.390159e+03
7.363866e+03
5.850663e+03
5.246852e+03
4.870067e+03
4.438737e+03
4.224461e+03
3.559911e+03
3.045091e+03
2.504314e+03
2.081824e+03
1.661616e+03
1.417141e+03
1.047218e+03
8.799123e+02
6.495446e+02
5.405591e+02
4.889724e+02
4.741276e+02
4.190279e+02
3.958211e+02
2.920462e+02
2.692467e+02
2.364817e+02
1.620146e+02
1.411348e+02
1.331919e+02
1.141793e+02
1.017997e+02
9.753072e+01
7.702389e+01
5.373762e+01
4.577442e+01
3.172855e+01
3.012606e+01
2.598374e+01
1.849601e+01
1.562335e+01
1.289380e+01
1.214842e+01
1.120675e+01
8.633147e+00
7.557480e+00
5.143940e+00
4.454505e+00
2.862592e+00
2.218669e+00
2.005160e+00
1.798461e+00
1.113024e+00
7.249748e-01
5.951126e-01
5.187343e-01
3.724060e-01
3.613326e-01
3.428628e-01
1.852460e-01
1.487419e-01
1.330949e-01
1.002845e-01
8.591690e-02
7.913101e-02
7.254196e-02
6.085600e-02
5.291005e-02
4.783357e-02
4.772434e-02
4.447583e-02
4.035466e-02
3.793929e-02
3.733416e-02
3.561791e-02
3.475400e-02
3.378765e-02
3.267439e-02
3.183376e-02
3.110313e-02
3.087206e-02
3.013851e-02
2.980948e-02
2.851635e-02
2.731831e-02
2.708050e-02
2.683802e-02
2.585343e-02
2.459968e-02
2.131297e-02
2.078559e-02
2.060042e-02
2.004362e-02
1.972158e-02
1.904126e-02
1.834334e-02
1.825361e-02
1.745922e-02
1.645833e-02
1.611617e-02
1.550460e-02
1.522163e-02
1.495471e-02
1.430010e-02
1.283546e-02
1.185747e-02
7.931263e-12
3.222876e-12
