5.869235e+04
1.253822e+04
5.639771e+03
1.887392e+03
1.461564e+03
9.197510e+02
6.031594e+02
4.083397e+02
3.492392e+02
2.706106e+02
2.410980e+02
2.266832e+02
1.992653e+02
1.846868e+02
1.470866e+02
1.349654e+02
1.053141e+02
7.758668e+01
6.864362e+01
6.107542e+01
5.234650e+01
5.008076e+01
4.290767e+01
4.071336e+01
3.158860e+01
2.271329e+01
2.135371e+01
1.656081e+01
1.405939e+01
1.387454e+01
1.153841e+01
1.043652e+01
9.482924e+00
8.226804e+00
7.643539e+00
6.504751e+00
6.246453e+00
4.777102e+00
4.567564e+00
3.938182e+00
3.625421e+00
3.253774e+00
2.818075e+00
2.404973e+00
1.787384e+00
1.386362e+00
1.202389e+00
1.076351e+00
9.384750e-01
8.303224e-01
7.038506e-01
6.413708e-01
4.399301e-01
4.242200e-01
3.640013e-01
3.298844e-01
2.788502e-01
2.152815e-01
1.566970e-01
1.425668e-01
9.917331e-02
9.404112e-02
8.509459e-02
7.159986e-02
5.779478e-02
4.534771e-02
3.690244e-02
3.178480e-02
2.558010e-02
2.371450e-02
2.334424e-02
1.657881e-02
1.610785e-02
1.262236e-02
1.064949e-02
7.424420e-03
6.671136e-03
5.221842e-03
4.122830e-03
3.792398e-03
3.302823e-03
2.758264e-03
2.405801e-03
2.193874e-03
1.910784e-03
1.532930e-03
1.297065e-03
1.138929e-03
1.074870e-03
1.030698e-03
9.611239e-04
8.330102e-04
7.847206e-04
7.521019e-04
7.074139e-04
6.766254e-04
6.511436e-04
6.358134e-04
6.196862e-04
5.899706e-04
5.823704e-04
5.694224e-04
5.533750e-04
5.460067e-04
5.292718e-04
5.238871e-04
5.096428e-04
5.058874e-04
5.005165e-04
4.909143e-04
4.783125e-04
4.679190e-04
4.582428e-04
4.504242e-04
4.479225e-04
4.392551e-04
4.381232e-04
4.311957e-04
4.303324e-04
4.185570e-04
4.122471e-04
4.093235e-04
4.008948e-04
3.885959e-04
3.826515e-04
3.792857e-04
3.759538e-04
3.740100e-04
3.699210e-04
3.598935e-04
3.573157e-04
3.514960e-04
3.481378e-04
3.454069e-04
3.409550e-04
3.365850e-04
3.323661e-04
3.287552e-04
3.278008e-04
3.247064e-04
3.202397e-04
3.193640e-04
3.152918e-04
3.092985e-04
3.044149e-04
3.021439e-04
2.993099e-04
2.957976e-04
2.909049e-04
2.851608e-04
2.830799e-04
2.807117e-04
2.738585e-04
2.705683e-04
2.685291e-04
2.662261e-04
2.615749e-04
2.587859e-04
2.576238e-04
2.549221e-04
2.520902e-04
2.490504e-04
2.443588e-04
2.429372e-04
2.377122e-04
2.347828e-04
2.328305e-04
2.311039e-04
2.284227e-04
2.241220e-04
2.234566e-04
2.192026e-04
2.158453e-04
2.147683e-04
2.109851e-04
2.059645e-04
2.037270e-04
2.030351e-04
2.011792e-04
1.976573e-04
1.945687e-04
1.896227e-04
1.888839e-04
1.865313e-04
1.860864e-04
1.832559e-04
1.776911e-04
1.760263e-04
1.736251e-04
1.706516e-04
1.685081e-04
1.657944e-04
1.635600e-04
1.619130e-04
1.596935e-04
1.538330e-04
1.527614e-04
1.494063e-04
1.454602e-04
1.446164e-04
1.433207e-04
1.394529e-04
1.375965e-04
1.365677e-04
1.341273e-04
1.308602e-04
1.287018e-04
1.237211e-04
1.213856e-04
1.182894e-04
1.164937e-04
1.147686e-04
1.111160e-04
1.081503e-04
1.066361e-04
1.058910e-04
1.007444e-04
9.992376e-05
9.801705e-05
9.643390e-05
9.585857e-05
9.231661e-05
8.806304e-05
8.793156e-05
8.402509e-05
8.048894e-05
7.980490e-05
7.487032e-05
7.327703e-05
6.958932e-05
6.680586e-05
6.637957e-05
6.303297e-05
6.222101e-05
5.993683e-05
5.612086e-05
5.589823e-05
5.109539e-05
4.856308e-05
4.587711e-05
4.354642e-05
4.257727e-05
4.011922e-05
3.681158e-05
3.364045e-05
3.113254e-05
3.051441e-05
2.762474e-05
2.433568e-05
2.291228e-05
2.120561e-05
1.996135e-05
1.884362e-05
1.353963e-05
1.214047e-05
1.037448e-05
8.390747e-06
5.008407e-06
5.942155e-07
5.029753e-14
3.501717e-14
-9.645013e-15
-1.758806e-13
-2.185627e-08
-1.608619e-06
-4.078400e-06
-5.602740e-06
-7.393061e-06
-8.678184e-06
-1.080148e-05
-1.379450e-05
-1.737297e-05
-2.010557e-05
-2.166516e-05
-2.296863e-05
-2.582955e-05
-2.786232e-05
-2.982411e-05
-3.193626e-05
-3.623808e-05
-3.709146e-05
-4.105650e-05
-4.484133e-05
-4.668410e-05
-4.927437e-05
-5.132217e-05
-5.470805e-05
-5.775775e-05
-6.037809e-05
-6.225538e-05
-6.419444e-05
-6.666005e-05
-6.849738e-05
-7.069260e-05
-7.186359e-05
-7.513908e-05
-7.723979e-05
-8.122189e-05
-8.443274e-05
-8.636207e-05
-8.828039e-05
-9.075808e-05
-9.253967e-05
-9.701917e-05
-1.002471e-04
-1.031251e-04
-1.073033e-04
-1.077179e-04
-1.112363e-04
-1.128204e-04
-1.164548e-04
-1.222562e-04
-1.234893e-04
-1.250910e-04
-1.273557e-04
-1.322774e-04
-1.341284e-04
-1.365560e-04
-1.382070e-04
-1.433170e-04
-1.448366e-04
-1.455067e-04
-1.470642e-04
-1.517925e-04
-1.532691e-04
-1.565948e-04
-1.603145e-04
-1.648059e-04
-1.662960e-04
-1.711591e-04
-1.743022e-04
-1.765103e-04
-1.791582e-04
-1.847428e-04
-1.869079e-04
-1.886984e-04
-1.919713e-04
-1.928502e-04
-1.964255e-04
-2.006937e-04
-2.083305e-04
-2.099877e-04
-2.132740e-04
-2.151857e-04
-2.224673e-04
-2.259416e-04
-2.271676e-04
-2.289647e-04
-2.333344e-04
-2.360513e-04
-2.444407e-04
-2.485552e-04
-2.502810e-04
-2.559303e-04
-2.592276e-04
-2.655943e-04
-2.679211e-04
-2.707000e-04
-2.731523e-04
-2.797419e-04
-2.856193e-04
-2.927267e-04
-2.941016e-04
-2.986083e-04
-3.019646e-04
-3.109242e-04
-3.151437e-04
-3.205826e-04
-3.235882e-04
-3.316474e-04
-3.360803e-04
-3.492893e-04
-3.643495e-04
-3.681646e-04
-3.783877e-04
-3.859338e-04
-3.946541e-04
-4.211106e-04
-4.724204e-04
-5.057082e-04
-5.571643e-04
-6.507027e-04
-1.007094e-03
-1.305829e-03
