8.873367e+04
3.526872e+03
2.242881e+03
1.839935e+03
1.022960e+03
7.287181e+02
5.538587e+02
4.394283e+02
2.984130e+02
2.599556e+02
2.541660e+02
1.909675e+02
1.745780e+02
1.627053e+02
1.477257e+02
1.383079e+02
1.262125e+02
1.231968e+02
1.066098e+02
1.037609e+02
9.914264e+01
9.177057e+01
9.005873e+01
8.373403e+01
8.173652e+01
7.158228e+01
6.935542e+01
5.979428e+01
5.678255e+01
5.377327e+01
5.194941e+01
5.047274e+01
4.748532e+01
4.434328e+01
4.259994e+01
4.123884e+01
3.703003e+01
3.491182e+01
3.111756e+01
3.028614e+01
2.735705e+01
2.448154e+01
2.343264e+01
2.273281e+01
2.224976e+01
2.074160e+01
1.892771e+01
1.734881e+01
1.523187e+01
1.457776e+01
1.332125e+01
1.319463e+01
1.181677e+01
1.160258e+01
1.080224e+01
9.052546e+00
8.792011e+00
8.264565e+00
8.122047e+00
7.569565e+00
6.752213e+00
6.391569e+00
6.221379e+00
6.011254e+00
5.296153e+00
4.910800e+00
4.700777e+00
4.152350e+00
3.843530e+00
3.500331e+00
3.179060e+00
3.076589e+00
2.787305e+00
2.598913e+00
2.392236e+00
2.144604e+00
1.996542e+00
1.807987e+00
1.738585e+00
1.556890e+00
1.517965e+00
1.429071e+00
1.362100e+00
1.321807e+00
1.181864e+00
1.116122e+00
1.043386e+00
9.844181e-01
8.706986e-01
8.572465e-01
8.398716e-01
7.665367e-01
7.447771e-01
6.957021e-01
6.663200e-01
5.690328e-01
5.489876e-01
5.342810e-01
5.045261e-01
4.710981e-01
4.558161e-01
4.320527e-01
4.269379e-01
3.986115e-01
3.777961e-01
3.514760e-01
3.353564e-01
2.939817e-01
2.758513e-01
2.672524e-01
2.526091e-01
2.359563e-01
2.250058e-01
2.134852e-01
2.044899e-01
1.958862e-01
1.760698e-01
1.740666e-01
1.614488e-01
1.537868e-01
1.426433e-01
1.295749e-01
1.138902e-01
1.087621e-01
1.028721e-01
9.391226e-02
8.484125e-02
7.966412e-02
7.639543e-02
7.358880e-02
7.025512e-02
6.916495e-02
5.989800e-02
5.921414e-02
5.650335e-02
5.286198e-02
4.845965e-02
4.784957e-02
4.458070e-02
3.986224e-02
3.870630e-02
3.850782e-02
3.715283e-02
3.575456e-02
3.350006e-02
3.157149e-02
2.967727e-02
2.680990e-02
2.628066e-02
2.358972e-02
2.266951e-02
1.953639e-02
1.898391e-02
1.831220e-02
1.705968e-02
1.650613e-02
1.534378e-02
1.447163e-02
1.312919e-02
1.277776e-02
1.082005e-02
9.717390e-03
9.286545e-03
8.763199e-03
8.176276e-03
8.061646e-03
7.883990e-03
7.202482e-03
6.878336e-03
6.643488e-03
6.239547e-03
6.032264e-03
5.801574e-03
5.645396e-03
5.268502e-03
4.960779e-03
4.784324e-03
4.546107e-03
4.343935e-03
4.130889e-03
3.881401e-03
3.818032e-03
3.629533e-03
3.354670e-03
3.219220e-03
3.121890e-03
3.026466e-03
2.702864e-03
2.512718e-03
2.352168e-03
2.248651e-03
2.163434e-03
2.119364e-03
1.960326e-03
1.767875e-03
1.736916e-03
1.666074e-03
1.612095e-03
1.570512e-03
1.519979e-03
1.472694e-03
1.431889e-03
1.421443e-03
1.371815e-03
1.321782e-03
1.292698e-03
1.279210e-03
1.250172e-03
1.214716e-03
1.192675e-03
1.153297e-03
1.136223e-03
1.131713e-03
1.112984e-03
1.101123e-03
1.092709e-03
1.079017e-03
1.054073e-03
1.030800e-03
1.026158e-03
1.012698e-03
9.861124e-04
9.786510e-04
9.690134e-04
9.546250e-04
9.506808e-04
9.282075e-04
9.253047e-04
9.161068e-04
9.025239e-04
8.807963e-04
8.635462e-04
8.631329e-04
8.476720e-04
8.359666e-04
8.336424e-04
8.189922e-04
8.052984e-04
7.973020e-04
7.889398e-04
7.751227e-04
7.614854e-04
7.534777e-04
7.481741e-04
7.270300e-04
7.075394e-04
7.011131e-04
6.951652e-04
6.867175e-04
6.794858e-04
6.645466e-04
6.550098e-04
6.482416e-04
6.387198e-04
6.280061e-04
6.148143e-04
6.127364e-04
6.017147e-04
5.890517e-04
5.826621e-04
5.565102e-04
5.513638e-04
5.479166e-04
5.276173e-04
5.236929e-04
5.131552e-04
5.070286e-04
4.928090e-04
4.882774e-04
4.782108e-04
4.716596e-04
4.608421e-04
4.559767e-04
4.391042e-04
4.301863e-04
4.123890e-04
4.031842e-04
3.961137e-04
3.922747e-04
3.817055e-04
3.748615e-04
3.717022e-04
3.619044e-04
3.447770e-04
3.402708e-04
3.330942e-04
3.263972e-04
3.247623e-04
3.144776e-04
3.023077e-04
2.910501e-04
2.767575e-04
2.715666e-04
2.453201e-04
2.412250e-04
2.343399e-04
2.240883e-04
2.212277e-04
2.144517e-04
2.068475e-04
2.008931e-04
1.896216e-04
1.826495e-04
1.736071e-04
1.550077e-04
1.473693e-04
1.371680e-04
1.197473e-04
1.139425e-04
1.052447e-04
9.245684e-05
8.798667e-05
7.576193e-05
7.103632e-05
6.189910e-05
5.071643e-05
4.462935e-05
3.462882e-05
2.633768e-05
1.570051e-05
1.365718e-13
1.059336e-13
2.199495e-14
-5.565150e-14
-1.526328e-13
-8.402666e-07
-3.705504e-06
-1.469095e-05
-2.969600e-05
-4.630785e-05
-4.797081e-05
-5.551439e-05
-6.471577e-05
-7.124813e-05
-7.333377e-05
-8.264208e-05
-1.044283e-04
-1.051506e-04
-1.109891e-04
-1.281037e-04
-1.361531e-04
-1.483522e-04
-1.626492e-04
-1.723366e-04
-1.771125e-04
-1.861259e-04
-1.990391e-04
-2.025634e-04
-2.154732e-04
-2.247326e-04
-2.320793e-04
-2.511971e-04
-2.587171e-04
-2.651843e-04
-2.775403e-04
-2.907288e-04
-3.010265e-04
-3.068892e-04
-3.158587e-04
-3.287318e-04
-3.404478e-04
-3.512074e-04
-3.530387e-04
-3.647007e-04
-3.809034e-04
-4.018717e-04
-4.105472e-04
-4.303593e-04
-4.413486e-04
-4.479068e-04
-4.553244e-04
-4.771538e-04
-4.827751e-04
-5.055103e-04
-5.136497e-04
-5.418655e-04
-5.594957e-04
-5.650221e-04
-5.789559e-04
-6.033798e-04
-6.096681e-04
-6.405453e-04
-6.608919e-04
-7.361065e-04
