2.104622e+12
1.839489e+12
1.684235e+12
1.553132e+12
1.400891e+12
1.317958e+12
1.243785e+12
1.171349e+12
1.005141e+12
9.493914e+11
9.075098e+11
8.927543e+11
7.992097e+11
7.741890e+11
7.403271e+11
6.910746e+11
6.653227e+11
6.437480e+11
6.203403e+11
5.913849e+11
5.616788e+11
5.343380e+11
5.062003e+11
4.928463e+11
4.586775e+11
4.559617e+11
4.441413e+11
4.320760e+11
4.247834e+11
3.984525e+11
3.798865e+11
3.699915e+11
3.626681e+11
3.585101e+11
3.276869e+11
3.179884e+11
3.094096e+11
2.999125e+11
2.867770e+11
2.854789e+11
2.824999e+11
2.681598e+11
2.604728e+11
2.558840e+11
2.494993e+11
2.402857e+11
2.360627e+11
2.305638e+11
2.235140e+11
2.153127e+11
2.081414e+11
2.041610e+11
2.004696e+11
1.953888e+11
1.871366e+11
1.828066e+11
1.761000e+11
1.742559e+11
1.672377e+11
1.634638e+11
1.626200e+11
1.480540e+11
1.461462e+11
1.428045e+11
1.403130e+11
1.352385e+11
1.314984e+11
1.311740e+11
1.275232e+11
1.253285e+11
1.206038e+11
1.204167e+11
1.163478e+11
1.147230e+11
1.109809e+11
1.086404e+11
1.065035e+11
1.024330e+11
1.010273e+11
9.827800e+10
9.660796e+10
9.536412e+10
9.419716e+10
8.974714e+10
8.896493e+10
8.745550e+10
8.430830e+10
8.333511e+10
7.997021e+10
7.720210e+10
7.585837e+10
7.561878e+10
7.439342e+10
7.432063e+10
7.238321e+10
7.113822e+10
6.996684e+10
6.774011e+10
6.608507e+10
6.477446e+10
6.454224e+10
6.369420e+10
6.170191e+10
6.021547e+10
5.922664e+10
5.766674e+10
5.747507e+10
5.610235e+10
5.545465e+10
5.370584e+10
5.297450e+10
5.210642e+10
5.060877e+10
4.997636e+10
4.942421e+10
4.771570e+10
4.608790e+10
4.424521e+10
4.262642e+10
4.093093e+10
3.695845e+10
2.934042e+10
2.823885e+10
2.551289e+10
2.446960e+10
2.182118e+10
5.364202e+09
4.571971e+09
