3.569558e+10
1.255916e+10
7.621431e+09
4.713043e+09
4.399716e+09
4.036668e+09
3.511550e+09
3.161585e+09
2.823196e+09
2.729192e+09
2.289313e+09
2.279375e+09
2.128774e+09
2.066211e+09
1.981131e+09
1.799161e+09
1.734225e+09
1.650835e+09
1.584628e+09
1.490579e+09
1.439797e+09
1.390935e+09
1.281321e+09
1.220902e+09
1.164151e+09
1.155975e+09
1.130676e+09
1.098052e+09
1.055346e+09
1.041340e+09
1.031711e+09
9.920572e+08
9.559420e+08
9.129935e+08
8.924269e+08
8.731531e+08
8.430415e+08
8.037698e+08
7.529183e+08
7.408604e+08
7.287043e+08
6.940780e+08
6.890223e+08
6.668405e+08
6.513016e+08
6.401178e+08
6.283194e+08
6.216272e+08
5.939306e+08
5.746041e+08
5.690806e+08
5.440028e+08
5.303988e+08
5.192028e+08
4.951648e+08
4.829760e+08
4.787019e+08
4.671428e+08
4.559590e+08
4.383030e+08
4.345799e+08
4.243735e+08
4.160376e+08
4.122747e+08
3.858722e+08
3.791751e+08
3.773778e+08
3.701753e+08
3.581904e+08
3.514619e+08
3.441626e+08
3.363516e+08
3.359215e+08
3.214740e+08
3.168478e+08
3.071883e+08
2.953534e+08
2.907962e+08
2.835174e+08
2.722775e+08
2.658181e+08
2.568145e+08
2.487657e+08
2.439117e+08
2.385117e+08
2.303688e+08
2.227720e+08
2.153209e+08
2.056784e+08
2.004529e+08
1.963219e+08
1.883884e+08
1.826510e+08
1.724189e+08
1.707877e+08
1.664136e+08
1.535294e+08
1.499715e+08
1.440142e+08
1.375201e+08
1.360829e+08
1.310759e+08
1.262295e+08
1.231121e+08
1.125840e+08
1.064134e+08
1.041575e+08
1.001160e+08
9.622920e+07
9.074067e+07
8.873858e+07
8.231194e+07
7.661717e+07
7.473989e+07
7.047049e+07
6.820491e+07
6.231344e+07
5.747929e+07
5.404833e+07
4.350659e+07
3.863417e+07
2.649257e+07
1.961228e+07
1.420313e+07
1.245530e+07
9.899991e+06
7.989496e+06
5.262634e+06
