4.613377e+05
2.096585e+05
1.808712e+05
1.439605e+05
1.248964e+05
1.044125e+05
9.864058e+04
9.306170e+04
7.320255e+04
7.253045e+04
6.593366e+04
4.991993e+04
4.912070e+04
4.290911e+04
3.776931e+04
3.641709e+04
3.006175e+04
2.253801e+04
2.082976e+04
1.386099e+04
1.196737e+04
9.853306e+03
9.355943e+03
8.200333e+03
6.453944e+03
5.596344e+03
4.873734e+03
4.684574e+03
4.137236e+03
3.622184e+03
3.106046e+03
2.623360e+03
2.468872e+03
2.118482e+03
1.474236e+03
1.331781e+03
1.103482e+03
1.038256e+03
8.633007e+02
7.604437e+02
6.451772e+02
5.037287e+02
4.426768e+02
3.944118e+02
3.434531e+02
3.333055e+02
2.913763e+02
2.757595e+02
1.937298e+02
1.447636e+02
1.276789e+02
1.033786e+02
8.414277e+01
7.868913e+01
7.386536e+01
5.507008e+01
4.397300e+01
4.213610e+01
2.803797e+01
2.522629e+01
2.274154e+01
2.133625e+01
1.831700e+01
1.495615e+01
1.345151e+01
1.212380e+01
1.154652e+01
9.086704e+00
6.141719e+00
5.252420e+00
4.510152e+00
4.435275e+00
3.759176e+00
3.399461e+00
2.673308e+00
2.030587e+00
1.531189e+00
1.118110e+00
1.047669e+00
6.609071e-01
4.767595e-01
3.601215e-01
1.896838e-01
1.523318e-01
1.229043e-01
1.004990e-01
6.072735e-02
5.637291e-02
5.170780e-02
4.393207e-02
3.676517e-02
3.512850e-02
3.341563e-02
3.275286e-02
3.079087e-02
2.807740e-02
2.658028e-02
2.548902e-02
2.478642e-02
2.127321e-02
2.054092e-02
2.007786e-02
1.896461e-02
1.861248e-02
1.749868e-02
1.704038e-02
1.641536e-02
1.618212e-02
1.573238e-02
1.510567e-02
1.492177e-02
1.439504e-02
1.341551e-02
1.303026e-02
1.258143e-02
1.176197e-02
1.146635e-02
1.123152e-02
1.077744e-02
1.020872e-02
9.833338e-03
8.618472e-03
6.269158e-03
1.460334e-11
2.757226e-12
-2.994938e-15
-4.533636e-12
-8.968198e-12
