2.794467e+10
1.474038e+10
6.885657e+09
4.689651e+09
4.124653e+09
3.557974e+09
3.182759e+09
2.916834e+09
2.674776e+09
2.563108e+09
2.345893e+09
2.183969e+09
2.137485e+09
2.040911e+09
1.985674e+09
1.827838e+09
1.801321e+09
1.753551e+09
1.629131e+09
1.511138e+09
1.428175e+09
1.373421e+09
1.351570e+09
1.301664e+09
1.253838e+09
1.214988e+09
1.146399e+09
1.107584e+09
1.077745e+09
1.047455e+09
9.935608e+08
9.656561e+08
9.381018e+08
9.185716e+08
8.958682e+08
8.770439e+08
8.337454e+08
8.018221e+08
7.841982e+08
7.671438e+08
7.486402e+08
7.318998e+08
6.977065e+08
6.821594e+08
6.717599e+08
6.617535e+08
6.429359e+08
6.143479e+08
6.101994e+08
5.787667e+08
5.523864e+08
5.346973e+08
5.343078e+08
5.236234e+08
4.858648e+08
4.817114e+08
4.761997e+08
4.736379e+08
4.611184e+08
4.320325e+08
4.274385e+08
4.023367e+08
3.945389e+08
3.843532e+08
3.773771e+08
3.595985e+08
3.540116e+08
3.455275e+08
3.377610e+08
3.323902e+08
3.187951e+08
3.156074e+08
3.004861e+08
2.974089e+08
2.873156e+08
2.781654e+08
2.779926e+08
2.692526e+08
2.615962e+08
2.485505e+08
2.442292e+08
2.415084e+08
2.367012e+08
2.287968e+08
2.278967e+08
2.220344e+08
2.138255e+08
2.126399e+08
2.058262e+08
2.034621e+08
1.980396e+08
1.930395e+08
1.878296e+08
1.759213e+08
1.740191e+08
1.672335e+08
1.605216e+08
1.563193e+08
1.474558e+08
1.456977e+08
1.378254e+08
1.363408e+08
1.326310e+08
1.248713e+08
1.214584e+08
1.144008e+08
1.102161e+08
1.034241e+08
1.010073e+08
9.432902e+07
9.147238e+07
8.636692e+07
8.262754e+07
7.979090e+07
7.481592e+07
7.350440e+07
6.961890e+07
6.631863e+07
5.813318e+07
5.771272e+07
5.396773e+07
3.147339e+07
2.609961e+07
2.454419e+07
1.920075e+07
1.764657e+07
1.620666e+07
2.977835e+05
