1.450488e+08
1.099780e+07
1.579044e+06
6.434758e+05
4.759456e+05
1.187494e+05
8.181706e+04
2.155340e+04
6.750942e+03
9.496170e+02
2.301571e+02
1.325695e+02
7.035825e+01
6.342325e+01
5.300788e+01
4.619601e+01
4.120399e+01
3.690588e+01
2.797147e+01
2.438150e+01
2.209769e+01
1.910078e+01
1.840206e+01
1.713971e+01
1.583747e+01
1.512356e+01
1.343178e+01
1.264803e+01
1.162949e+01
1.112092e+01
1.106627e+01
1.026241e+01
9.760069e+00
9.043252e+00
8.173893e+00
8.125938e+00
8.047170e+00
7.474408e+00
6.793109e+00
6.550690e+00
6.292950e+00
5.761413e+00
5.550481e+00
5.474695e+00
5.336269e+00
4.747680e+00
4.517209e+00
4.244492e+00
3.725719e+00
3.549861e+00
3.112263e+00
2.951952e+00
2.539619e+00
2.461832e+00
2.382575e+00
2.322512e+00
1.731776e+00
1.489163e+00
1.426674e+00
1.122531e+00
1.088493e+00
8.052696e-01
6.130434e-01
5.369116e-01
4.230265e-01
3.618904e-01
2.987363e-01
1.727882e-01
1.421984e-01
1.196543e-01
9.361859e-02
5.677453e-02
2.871856e-02
2.511110e-02
1.098765e-02
1.275159e-03
7.689884e-10
-7.049560e-11
-2.015763e-02
-5.064008e-02
-9.001349e-02
-2.245568e-01
-2.597041e-01
-3.179906e-01
-3.691412e-01
-4.404064e-01
-5.007783e-01
-6.724185e-01
-8.231440e-01
-1.086035e+00
-1.166580e+00
-1.325107e+00
-1.416369e+00
-1.640806e+00
-1.810253e+00
-2.137175e+00
-2.323008e+00
-2.436109e+00
-2.801500e+00
-3.193891e+00
-3.316069e+00
-3.568142e+00
-3.617453e+00
-4.126670e+00
-4.705069e+00
-4.756403e+00
-5.306303e+00
-5.763764e+00
-6.455857e+00
-6.957605e+00
-7.071053e+00
-8.211745e+00
-8.883840e+00
-9.967632e+00
-1.021740e+01
-1.107356e+01
-1.237465e+01
-1.365161e+01
-1.597668e+01
-1.897499e+01
-2.039404e+01
-2.514288e+01
-2.715258e+01
-3.390772e+01
-3.716230e+01
-6.268455e+01
-7.820765e+01
-1.110571e+02
