8.506710e+12
7.356893e+12
4.969669e+12
3.996656e+12
3.467748e+12
3.419792e+12
3.077963e+12
2.936718e+12
2.853543e+12
2.681317e+12
2.467295e+12
2.368370e+12
2.198124e+12
2.100297e+12
2.061587e+12
1.966083e+12
1.896573e+12
1.856947e+12
1.782626e+12
1.740550e+12
1.675025e+12
1.661906e+12
1.617197e+12
1.546933e+12
1.449804e+12
1.423890e+12
1.373547e+12
1.354878e+12
1.331699e+12
1.231206e+12
1.195028e+12
1.168627e+12
1.153457e+12
1.128121e+12
1.102739e+12
1.068427e+12
1.060215e+12
1.038600e+12
1.015435e+12
1.000503e+12
9.844168e+11
9.174128e+11
8.978750e+11
8.870569e+11
8.635275e+11
8.441758e+11
8.296704e+11
8.148451e+11
7.967618e+11
7.855239e+11
7.816600e+11
7.603181e+11
7.415379e+11
7.284274e+11
7.192037e+11
6.949689e+11
6.891779e+11
6.832797e+11
6.559746e+11
6.515554e+11
6.421695e+11
6.256736e+11
6.100050e+11
6.068299e+11
5.850705e+11
5.782267e+11
5.724571e+11
5.692536e+11
5.590697e+11
5.447425e+11
5.345869e+11
5.294220e+11
5.265619e+11
5.196512e+11
5.049117e+11
4.981393e+11
4.938722e+11
4.841487e+11
4.742515e+11
4.639968e+11
4.584767e+11
4.498467e+11
4.415454e+11
4.363295e+11
4.299720e+11
4.226097e+11
4.149257e+11
4.108060e+11
4.059745e+11
3.962439e+11
3.922866e+11
3.900895e+11
3.851476e+11
3.762674e+11
3.688054e+11
3.617182e+11
3.576041e+11
3.519225e+11
3.504206e+11
3.452368e+11
3.381682e+11
3.350451e+11
3.281786e+11
3.267297e+11
3.183666e+11
3.137372e+11
3.104603e+11
3.043116e+11
3.001375e+11
2.913431e+11
2.895352e+11
2.774258e+11
2.765451e+11
2.743276e+11
2.673022e+11
2.609440e+11
2.580245e+11
2.502047e+11
2.475047e+11
2.461742e+11
2.273484e+11
2.160427e+11
2.025807e+11
2.006574e+11
1.189470e+11
8.192772e+10
7.091004e+10
3.046593e+10
