1.316363e+08
2.058452e+07
1.843097e+06
1.148754e+06
8.371346e+05
3.397193e+05
2.794123e+05
1.038977e+05
1.695702e+04
9.185699e+03
2.854194e+03
9.881381e+02
5.385858e+02
2.393494e+02
1.664851e+02
5.307553e+01
4.292356e+01
3.707751e+01
3.040416e+01
2.717735e+01
2.662721e+01
2.310835e+01
2.178645e+01
1.943605e+01
1.699172e+01
1.568944e+01
1.567319e+01
1.347185e+01
1.340640e+01
1.234127e+01
1.160576e+01
1.128861e+01
1.049374e+01
1.019235e+01
9.534226e+00
9.257833e+00
8.655402e+00
8.377406e+00
7.945177e+00
7.683467e+00
7.316652e+00
6.991805e+00
6.501660e+00
6.180854e+00
5.657300e+00
5.515881e+00
5.217614e+00
5.106360e+00
4.836709e+00
4.622592e+00
4.430302e+00
4.090999e+00
3.530015e+00
3.244490e+00
3.056495e+00
2.828792e+00
2.655488e+00
2.287791e+00
2.218799e+00
1.936397e+00
1.729998e+00
1.700600e+00
1.499397e+00
1.377861e+00
1.226931e+00
1.080282e+00
8.225523e-01
7.113549e-01
6.433209e-01
5.451164e-01
4.428996e-01
3.313066e-01
2.703759e-01
2.003768e-01
1.760046e-01
1.153913e-01
8.082815e-02
5.555907e-02
2.681108e-03
-3.928975e-02
-5.317947e-02
-9.927768e-02
-1.562019e-01
-2.063072e-01
-2.368286e-01
-2.972718e-01
-3.190801e-01
-4.532230e-01
-5.920266e-01
-8.637788e-01
-8.716486e-01
-1.073590e+00
-1.204141e+00
-1.268669e+00
-1.429293e+00
-1.524942e+00
-1.637353e+00
-1.796791e+00
-2.126002e+00
-2.275390e+00
-2.427547e+00
-2.714775e+00
-2.797941e+00
-2.986054e+00
-3.281483e+00
-3.654622e+00
-3.713096e+00
-4.138314e+00
-4.704219e+00
-5.449972e+00
-6.280279e+00
-6.740211e+00
-7.519252e+00
-8.862769e+00
-9.964409e+00
-1.097219e+01
-1.177991e+01
-1.304023e+01
-1.362020e+01
-1.462077e+01
-1.505013e+01
-1.932306e+01
-2.494631e+01
-3.101567e+01
-3.266581e+01
-3.570823e+01
-6.346264e+01
-7.082362e+01
