2.140079e+05
2.308137e+04
4.027363e+03
1.298496e+03
1.946917e+02
2.102458e+01
1.012768e+01
4.561932e+00
8.282546e-01
1.568049e-01
7.972232e-02
5.018448e-02
3.907404e-02
3.603875e-02
3.363327e-02
2.954210e-02
2.840823e-02
2.451846e-02
2.080087e-02
2.001419e-02
1.894757e-02
1.822096e-02
1.750528e-02
1.714220e-02
1.636589e-02
1.484553e-02
1.409376e-02
1.348262e-02
1.257111e-02
1.224390e-02
1.184625e-02
1.126874e-02
1.094991e-02
1.040553e-02
9.826760e-03
9.536309e-03
9.159721e-03
8.879510e-03
8.626832e-03
8.368083e-03
7.898217e-03
7.829459e-03
7.521984e-03
7.366728e-03
6.896532e-03
6.745589e-03
6.411302e-03
6.213937e-03
5.597025e-03
5.541233e-03
5.281820e-03
5.118081e-03
4.800236e-03
4.493334e-03
4.376485e-03
4.206505e-03
4.125450e-03
3.914445e-03
3.676747e-03
3.447344e-03
3.261490e-03
3.013948e-03
2.812084e-03
2.717768e-03
2.511930e-03
2.393568e-03
2.139139e-03
1.975389e-03
1.896052e-03
1.665503e-03
1.579377e-03
1.460254e-03
1.221781e-03
1.087228e-03
1.026190e-03
9.734331e-04
9.142142e-04
8.079968e-04
7.397255e-04
6.965126e-04
5.408023e-04
4.165639e-04
3.804142e-04
1.453262e-04
-4.356823e-05
-2.450959e-04
-5.196097e-04
-6.491402e-04
-7.331520e-04
-1.056980e-03
-1.248847e-03
-1.261240e-03
-1.481532e-03
-2.061681e-03
-2.198369e-03
-2.715568e-03
-2.838994e-03
-2.928691e-03
-3.395246e-03
-3.623988e-03
-4.128802e-03
-4.497136e-03
-4.772033e-03
-5.304317e-03
-5.677800e-03
-6.297976e-03
-6.482584e-03
-7.472828e-03
-7.821751e-03
-9.420581e-03
-1.047809e-02
-1.104804e-02
-1.211632e-02
-1.260143e-02
-1.372366e-02
-1.518973e-02
-1.681288e-02
-1.896914e-02
-2.409228e-02
-2.770762e-02
-2.985309e-02
-3.408011e-02
-3.688792e-02
-3.998781e-02
-4.502794e-02
-5.014265e-02
-6.361571e-02
-1.152685e-01
