1.287783e+05
6.267758e+03
3.245017e+03
2.802989e+03
2.030456e+03
1.750584e+03
1.347087e+03
1.224158e+03
7.781033e+02
6.602886e+02
5.729684e+02
4.865077e+02
3.005168e+02
2.886702e+02
1.987479e+02
1.781919e+02
1.701774e+02
1.537757e+02
1.418046e+02
1.108146e+02
9.188415e+01
8.985706e+01
8.759100e+01
8.246160e+01
7.533243e+01
6.519611e+01
5.978638e+01
5.642466e+01
5.579798e+01
5.322490e+01
4.995206e+01
4.281175e+01
4.145163e+01
3.618172e+01
3.425481e+01
3.189693e+01
2.957449e+01
2.582839e+01
2.526952e+01
2.317277e+01
2.263771e+01
1.990423e+01
1.814524e+01
1.709518e+01
1.615534e+01
1.486077e+01
1.456162e+01
1.303649e+01
1.258509e+01
1.173422e+01
1.054572e+01
9.402032e+00
9.092903e+00
8.269689e+00
7.989985e+00
7.606185e+00
7.223032e+00
6.285103e+00
6.072123e+00
5.588253e+00
5.086952e+00
4.899179e+00
4.581168e+00
4.140373e+00
3.881050e+00
3.313810e+00
3.027970e+00
2.881243e+00
2.681340e+00
2.485764e+00
2.437117e+00
2.237234e+00
2.203679e+00
2.094148e+00
1.920066e+00
1.741033e+00
1.549672e+00
1.505076e+00
1.362249e+00
1.213926e+00
1.175672e+00
1.042178e+00
9.983068e-01
9.197283e-01
8.490848e-01
8.007225e-01
7.859135e-01
7.344972e-01
6.872896e-01
6.534561e-01
6.469757e-01
6.012587e-01
5.381547e-01
5.155247e-01
4.761649e-01
4.394853e-01
4.060810e-01
3.697478e-01
3.410657e-01
3.308511e-01
3.066436e-01
2.831524e-01
2.512872e-01
2.419632e-01
2.376159e-01
2.191731e-01
2.171740e-01
1.878737e-01
1.863823e-01
1.684682e-01
1.625535e-01
1.470524e-01
1.341632e-01
1.250366e-01
1.202517e-01
1.085197e-01
1.022657e-01
9.638198e-02
9.255696e-02
8.175647e-02
7.712360e-02
7.380789e-02
6.632736e-02
6.179652e-02
5.436341e-02
5.303717e-02
4.881065e-02
4.421312e-02
4.203652e-02
4.085633e-02
3.850651e-02
3.592179e-02
3.127038e-02
2.958789e-02
2.713220e-02
2.535774e-02
2.297019e-02
2.161762e-02
1.967555e-02
1.813195e-02
1.736610e-02
1.655246e-02
1.573732e-02
1.503311e-02
1.323097e-02
1.250851e-02
1.161696e-02
1.022078e-02
9.494107e-03
9.149848e-03
8.745115e-03
8.139368e-03
7.684564e-03
6.661577e-03
5.761484e-03
5.023105e-03
4.739593e-03
4.270726e-03
4.124880e-03
3.842151e-03
3.719226e-03
3.426735e-03
3.179261e-03
2.980214e-03
2.743605e-03
2.650140e-03
2.545375e-03
2.346850e-03
2.228495e-03
2.099991e-03
2.043199e-03
1.948783e-03
1.921442e-03
1.787034e-03
1.736440e-03
1.640136e-03
1.599572e-03
1.504741e-03
1.474907e-03
1.442136e-03
1.413361e-03
1.393872e-03
1.355854e-03
1.350940e-03
1.326262e-03
1.312759e-03
1.293050e-03
1.267519e-03
1.252375e-03
1.231361e-03
1.221991e-03
1.207487e-03
1.177996e-03
1.164485e-03
1.138373e-03
1.125584e-03
1.117568e-03
1.106183e-03
1.087158e-03
1.067242e-03
1.045165e-03
1.033271e-03
1.029261e-03
1.009248e-03
9.917767e-04
9.793661e-04
9.737686e-04
9.517054e-04
9.433224e-04
9.284606e-04
9.236608e-04
9.080797e-04
8.847026e-04
8.797879e-04
8.718815e-04
8.596462e-04
8.466161e-04
8.305737e-04
8.248417e-04
8.128761e-04
8.020586e-04
7.906868e-04
7.766980e-04
7.693188e-04
7.520949e-04
7.463236e-04
7.393847e-04
7.253618e-04
7.102337e-04
6.989054e-04
6.885891e-04
6.742846e-04
6.674553e-04
6.603780e-04
6.511454e-04
6.475581e-04
6.409528e-04
6.280467e-04
6.138255e-04
6.092706e-04
5.956705e-04
5.791588e-04
5.726143e-04
5.594887e-04
5.521565e-04
5.420001e-04
5.346996e-04
5.294607e-04
5.134403e-04
5.095702e-04
4.913480e-04
4.878422e-04
4.772619e-04
4.743590e-04
4.560297e-04
4.549566e-04
4.462877e-04
4.328837e-04
4.205929e-04
4.078099e-04
3.978308e-04
3.933694e-04
3.800596e-04
3.779781e-04
3.663837e-04
3.582393e-04
3.430424e-04
3.382893e-04
3.357054e-04
3.181759e-04
3.123380e-04
3.017159e-04
2.929687e-04
2.806280e-04
2.723373e-04
2.625536e-04
2.586526e-04
2.525671e-04
2.370492e-04
2.331424e-04
2.258461e-04
2.130419e-04
2.041785e-04
1.918202e-04
1.857886e-04
1.800519e-04
1.691259e-04
1.602844e-04
1.535224e-04
1.343172e-04
1.278959e-04
1.241810e-04
1.212622e-04
1.158313e-04
9.785225e-05
8.946432e-05
7.721720e-05
7.409570e-05
6.563408e-05
4.614872e-05
4.230407e-05
3.990914e-05
2.821776e-05
1.798899e-05
1.108773e-05
4.442095e-06
-6.439665e-06
-9.282487e-06
-3.451579e-05
-3.955128e-05
-5.418681e-05
-6.212130e-05
-6.627693e-05
-7.720966e-05
-7.936946e-05
-8.780262e-05
-1.035162e-04
-1.121051e-04
-1.267844e-04
-1.287278e-04
-1.510800e-04
-1.522082e-04
-1.554598e-04
-1.630801e-04
-1.777398e-04
-1.849480e-04
-2.033858e-04
-2.076012e-04
-2.133914e-04
-2.247657e-04
-2.266535e-04
-2.486375e-04
-2.548252e-04
-2.659419e-04
-2.736907e-04
-2.803667e-04
-2.880619e-04
-3.057418e-04
-3.121550e-04
-3.159574e-04
-3.354798e-04
-3.458172e-04
-3.466284e-04
-3.547036e-04
-3.607113e-04
-3.812776e-04
-3.952937e-04
-4.037921e-04
-4.147841e-04
-4.296921e-04
-4.367600e-04
-4.468562e-04
-4.545909e-04
-4.579125e-04
-4.742581e-04
-4.823943e-04
-4.926696e-04
-5.067051e-04
-5.170149e-04
-5.243625e-04
-5.411995e-04
-5.521585e-04
-5.644777e-04
-5.858365e-04
-5.946987e-04
-6.120859e-04
-6.223397e-04
-6.371861e-04
-6.463973e-04
-6.607950e-04
-6.698680e-04
-6.897729e-04
-7.104138e-04
-7.119859e-04
-7.580509e-04
-7.660190e-04
-7.795636e-04
-7.878007e-04
-7.950743e-04
-8.067461e-04
-8.389197e-04
-8.830943e-04
-8.921808e-04
-9.416403e-04
