8.841888e+04
3.723118e+03
2.485770e+03
1.744892e+03
1.051777e+03
7.406859e+02
5.313905e+02
4.039630e+02
3.256534e+02
2.759973e+02
2.506053e+02
2.031081e+02
1.856038e+02
1.732077e+02
1.491538e+02
1.431836e+02
1.316889e+02
1.177475e+02
1.121348e+02
1.080994e+02
1.036079e+02
8.978255e+01
8.493829e+01
8.229134e+01
7.556790e+01
7.069360e+01
6.765237e+01
6.140236e+01
6.015765e+01
5.446231e+01
5.156745e+01
4.852018e+01
4.598018e+01
4.557652e+01
4.213979e+01
3.938488e+01
3.665188e+01
3.312241e+01
3.032663e+01
2.949681e+01
2.526049e+01
2.374780e+01
2.325927e+01
2.152585e+01
2.032500e+01
1.805590e+01
1.706141e+01
1.653021e+01
1.626896e+01
1.476130e+01
1.388842e+01
1.263373e+01
1.201526e+01
1.133920e+01
1.079386e+01
1.027328e+01
9.759515e+00
8.793983e+00
8.042143e+00
7.251661e+00
7.135157e+00
6.635540e+00
6.096338e+00
5.558766e+00
5.177384e+00
4.996248e+00
4.614898e+00
4.242344e+00
3.777618e+00
3.441460e+00
3.308828e+00
2.878269e+00
2.624874e+00
2.451648e+00
2.254979e+00
2.217723e+00
1.888350e+00
1.819624e+00
1.716415e+00
1.648696e+00
1.605789e+00
1.526836e+00
1.428916e+00
1.283155e+00
1.147435e+00
1.132484e+00
1.102387e+00
1.015991e+00
9.554929e-01
9.420411e-01
8.729468e-01
7.831836e-01
7.535186e-01
7.186790e-01
6.769118e-01
6.597639e-01
6.231340e-01
5.781670e-01
5.673584e-01
5.324655e-01
4.761866e-01
4.710544e-01
4.462067e-01
4.309499e-01
4.097520e-01
3.575765e-01
3.380966e-01
3.044919e-01
2.880896e-01
2.830516e-01
2.532719e-01
2.376457e-01
2.216790e-01
2.109487e-01
1.818477e-01
1.767562e-01
1.625682e-01
1.466279e-01
1.374499e-01
1.361786e-01
1.312637e-01
1.273472e-01
1.158632e-01
1.086686e-01
1.002167e-01
9.813784e-02
9.271085e-02
8.754800e-02
8.173610e-02
7.586933e-02
7.401872e-02
6.864560e-02
6.412477e-02
6.283665e-02
5.918379e-02
5.696971e-02
5.309324e-02
5.039543e-02
4.033878e-02
3.764874e-02
3.674501e-02
3.305500e-02
3.199863e-02
3.071004e-02
2.767907e-02
2.668077e-02
2.502791e-02
2.327603e-02
2.280975e-02
2.141725e-02
2.104917e-02
1.988474e-02
1.973072e-02
1.849534e-02
1.789244e-02
1.692060e-02
1.561329e-02
1.474277e-02
1.336791e-02
1.245678e-02
1.180905e-02
1.108315e-02
1.059918e-02
9.956936e-03
9.564374e-03
8.759943e-03
8.243043e-03
8.011203e-03
7.190722e-03
6.949333e-03
6.422678e-03
6.130686e-03
5.630830e-03
5.402590e-03
5.171019e-03
4.945719e-03
4.853002e-03
4.733946e-03
4.630747e-03
3.908326e-03
3.720447e-03
3.459422e-03
3.177835e-03
3.029218e-03
2.915170e-03
2.741342e-03
2.487114e-03
2.436022e-03
2.393998e-03
2.158336e-03
1.965226e-03
1.849924e-03
1.802610e-03
1.751613e-03
1.709355e-03
1.668028e-03
1.643802e-03
1.579019e-03
1.485507e-03
1.427578e-03
1.407755e-03
1.404955e-03
1.366521e-03
1.346156e-03
1.334167e-03
1.289417e-03
1.231874e-03
1.221394e-03
1.186698e-03
1.178009e-03
1.165280e-03
1.143505e-03
1.131397e-03
1.121303e-03
1.113184e-03
1.082867e-03
1.065410e-03
1.043681e-03
1.029215e-03
1.015141e-03
1.011801e-03
1.003510e-03
9.852193e-04
9.796836e-04
9.543210e-04
9.462073e-04
9.263054e-04
9.212592e-04
9.168133e-04
9.023071e-04
8.905312e-04
8.813579e-04
8.640536e-04
8.564886e-04
8.460574e-04
8.310912e-04
8.042855e-04
7.958239e-04
7.818431e-04
7.761443e-04
7.690208e-04
7.575434e-04
7.485792e-04
7.317364e-04
7.198638e-04
7.118590e-04
6.973191e-04
6.799283e-04
6.736657e-04
6.672463e-04
6.540745e-04
6.501664e-04
6.456671e-04
6.384332e-04
6.206565e-04
6.152592e-04
6.071695e-04
5.988875e-04
5.914431e-04
5.759536e-04
5.644637e-04
5.568356e-04
5.534391e-04
5.435019e-04
5.296396e-04
5.190919e-04
5.089304e-04
4.988402e-04
4.967582e-04
4.827472e-04
4.743716e-04
4.663087e-04
4.567986e-04
4.479674e-04
4.392100e-04
4.351397e-04
4.126160e-04
4.080130e-04
4.027559e-04
3.989208e-04
3.854514e-04
3.814227e-04
3.755522e-04
3.688666e-04
3.516118e-04
3.397967e-04
3.278069e-04
3.205313e-04
3.064232e-04
3.015132e-04
2.976918e-04
2.874060e-04
2.756533e-04
2.725539e-04
2.624457e-04
2.600734e-04
2.533617e-04
2.364815e-04
2.297921e-04
2.224087e-04
2.118915e-04
2.007354e-04
1.931665e-04
1.882348e-04
1.692961e-04
1.669189e-04
1.490417e-04
1.461813e-04
1.325081e-04
1.292357e-04
1.251394e-04
1.196896e-04
1.131464e-04
9.425358e-05
8.684737e-05
8.369060e-05
6.913213e-05
5.946842e-05
5.563570e-05
4.344393e-05
3.410420e-05
1.264619e-05
4.864935e-06
5.726546e-14
-2.854006e-14
-5.068696e-07
-7.813631e-06
-1.541106e-05
-2.478054e-05
-3.882514e-05
-4.160516e-05
-4.701894e-05
-5.471318e-05
-6.981725e-05
-7.188635e-05
-9.044708e-05
-1.004277e-04
-1.058511e-04
-1.228024e-04
-1.275406e-04
-1.375736e-04
-1.522648e-04
-1.597257e-04
-1.705699e-04
-1.759212e-04
-1.942772e-04
-1.998925e-04
-2.063806e-04
-2.147117e-04
-2.183515e-04
-2.270569e-04
-2.379779e-04
-2.465971e-04
-2.591674e-04
-2.724133e-04
-2.963942e-04
-3.009759e-04
-3.156690e-04
-3.256443e-04
-3.338450e-04
-3.351987e-04
-3.645848e-04
-3.813180e-04
-3.850633e-04
-3.893521e-04
-3.910871e-04
-4.037261e-04
-4.053681e-04
-4.254958e-04
-4.288270e-04
-4.539295e-04
-4.758664e-04
-4.767550e-04
-4.946064e-04
-5.170860e-04
-5.192341e-04
-5.365306e-04
-5.550396e-04
-5.852815e-04
-5.926408e-04
-6.164481e-04
-6.363853e-04
-6.802701e-04
-6.818626e-04
