1.920383e+05
2.211089e+04
5.255093e+03
1.587739e+03
1.960046e+02
2.459883e+01
1.064906e+01
5.950431e+00
1.227100e+00
1.846087e-01
5.746689e-02
4.503306e-02
3.894007e-02
3.682857e-02
3.290449e-02
3.241250e-02
2.735602e-02
2.484482e-02
2.314731e-02
2.253675e-02
2.006419e-02
1.860194e-02
1.800063e-02
1.672477e-02
1.491959e-02
1.425199e-02
1.350133e-02
1.299405e-02
1.228286e-02
1.185249e-02
1.088690e-02
1.021535e-02
9.598106e-03
9.256054e-03
9.091919e-03
9.059332e-03
8.468410e-03
8.133152e-03
7.995810e-03
7.744509e-03
7.494302e-03
7.031080e-03
6.801479e-03
6.586238e-03
6.504684e-03
5.998252e-03
5.908770e-03
5.437357e-03
5.252413e-03
5.016662e-03
4.738856e-03
4.617713e-03
4.477086e-03
4.270488e-03
4.122130e-03
3.663736e-03
3.601413e-03
3.463433e-03
3.371206e-03
3.129299e-03
2.944184e-03
2.660241e-03
2.492428e-03
2.134194e-03
2.094848e-03
1.974337e-03
1.884155e-03
1.803810e-03
1.588452e-03
1.571560e-03
1.406987e-03
1.287760e-03
1.152980e-03
1.109334e-03
1.007496e-03
7.848915e-04
7.609320e-04
6.424149e-04
5.987948e-04
5.649038e-04
4.467770e-04
3.477486e-04
2.925478e-04
1.694450e-04
5.483343e-06
-1.620022e-04
-4.395151e-04
-5.015443e-04
-7.216230e-04
-9.016564e-04
-1.104896e-03
-1.557466e-03
-1.705182e-03
-1.804638e-03
-2.232275e-03
-2.389671e-03
-2.576507e-03
-3.124205e-03
-3.371138e-03
-3.980950e-03
-4.109386e-03
-5.030890e-03
-5.224343e-03
-5.866271e-03
-6.031590e-03
-6.992028e-03
-7.945953e-03
-8.668046e-03
-8.987921e-03
-1.016615e-02
-1.094594e-02
-1.158238e-02
-1.234255e-02
-1.383187e-02
-1.593765e-02
-1.690439e-02
-1.810764e-02
-2.043592e-02
-2.318728e-02
-2.680455e-02
-3.045222e-02
-3.406975e-02
-3.468464e-02
-3.881958e-02
-4.622940e-02
-5.712337e-02
-6.578761e-02
-9.355340e-02
