8.595923e+04
3.342618e+03
2.276612e+03
1.772568e+03
1.196393e+03
7.791924e+02
6.158628e+02
4.771385e+02
3.174130e+02
3.016834e+02
2.792743e+02
2.438402e+02
2.097540e+02
2.072930e+02
1.771974e+02
1.527633e+02
1.456933e+02
1.345221e+02
1.298057e+02
1.210477e+02
1.106082e+02
1.074674e+02
1.036360e+02
1.003108e+02
9.383865e+01
8.878020e+01
8.476151e+01
7.438847e+01
7.245043e+01
6.521070e+01
6.100669e+01
5.766742e+01
5.714234e+01
5.194587e+01
5.137568e+01
4.708305e+01
4.532308e+01
4.212809e+01
4.068762e+01
3.861536e+01
3.667547e+01
3.497155e+01
3.218132e+01
3.172485e+01
2.645541e+01
2.615666e+01
2.544467e+01
2.326772e+01
2.193235e+01
2.128477e+01
2.006060e+01
1.840140e+01
1.645415e+01
1.565391e+01
1.513966e+01
1.365469e+01
1.278991e+01
1.234502e+01
1.158222e+01
1.123546e+01
1.023109e+01
9.227704e+00
8.803118e+00
8.136380e+00
7.171817e+00
6.826052e+00
6.289970e+00
6.126385e+00
5.187161e+00
5.009427e+00
4.238471e+00
3.971154e+00
3.693622e+00
3.628574e+00
3.379271e+00
3.071222e+00
2.964703e+00
2.711377e+00
2.488817e+00
2.360665e+00
2.216959e+00
2.112707e+00
1.883088e+00
1.867048e+00
1.769206e+00
1.689045e+00
1.613672e+00
1.519260e+00
1.463528e+00
1.412318e+00
1.362141e+00
1.274685e+00
1.183301e+00
1.123872e+00
1.082027e+00
9.394683e-01
8.523732e-01
8.417363e-01
7.730771e-01
7.264238e-01
6.948187e-01
6.501539e-01
6.200985e-01
5.867335e-01
5.793180e-01
5.551638e-01
5.330254e-01
4.972500e-01
4.593246e-01
4.412343e-01
4.254748e-01
3.802657e-01
3.600256e-01
3.538413e-01
3.365519e-01
3.064983e-01
2.984455e-01
2.574494e-01
2.521221e-01
2.476638e-01
2.362000e-01
2.232307e-01
2.003193e-01
1.965802e-01
1.842087e-01
1.795847e-01
1.628578e-01
1.568307e-01
1.496187e-01
1.366932e-01
1.306619e-01
1.203094e-01
1.162495e-01
1.096393e-01
1.041837e-01
1.015261e-01
9.822653e-02
9.663109e-02
9.090952e-02
8.351737e-02
7.845011e-02
7.381068e-02
7.114997e-02
6.859109e-02
6.530814e-02
6.266738e-02
5.945185e-02
5.647565e-02
5.543768e-02
5.345596e-02
5.162561e-02
4.714282e-02
4.066030e-02
3.916369e-02
3.687529e-02
3.651236e-02
3.436780e-02
3.132537e-02
2.888785e-02
2.844869e-02
2.804436e-02
2.501591e-02
2.282237e-02
2.100744e-02
1.968710e-02
1.755702e-02
1.700283e-02
1.555307e-02
1.517924e-02
1.325757e-02
1.298090e-02
1.269366e-02
1.153154e-02
1.105200e-02
1.021757e-02
9.788639e-03
9.454336e-03
9.016089e-03
8.606620e-03
7.942859e-03
7.691334e-03
7.384827e-03
7.155286e-03
6.960838e-03
6.870695e-03
6.386343e-03
6.202812e-03
6.045182e-03
5.640950e-03
5.577037e-03
4.909836e-03
4.663516e-03
4.108274e-03
3.980553e-03
3.710218e-03
3.468072e-03
3.371894e-03
3.215080e-03
2.935774e-03
2.815381e-03
2.764210e-03
2.552821e-03
2.469657e-03
2.391732e-03
2.232269e-03
2.131307e-03
2.109774e-03
2.004147e-03
1.833414e-03
1.737999e-03
1.687888e-03
1.646655e-03
1.563514e-03
1.477309e-03
1.453842e-03
1.403035e-03
1.362915e-03
1.335544e-03
1.307664e-03
1.271672e-03
1.240395e-03
1.215074e-03
1.195600e-03
1.184620e-03
1.152776e-03
1.135975e-03
1.122073e-03
1.114619e-03
1.083062e-03
1.067723e-03
1.045227e-03
1.019425e-03
1.009746e-03
1.000482e-03
9.986770e-04
9.877153e-04
9.797612e-04
9.494388e-04
9.407392e-04
9.334893e-04
9.061983e-04
8.913619e-04
8.790727e-04
8.637139e-04
8.589086e-04
8.502177e-04
8.435678e-04
8.305729e-04
8.140460e-04
7.987774e-04
7.898878e-04
7.785709e-04
7.704249e-04
7.591010e-04
7.437200e-04
7.384534e-04
7.211539e-04
7.105653e-04
7.010506e-04
6.961133e-04
6.873587e-04
6.820232e-04
6.667044e-04
6.622226e-04
6.487400e-04
6.318028e-04
6.221454e-04
6.159580e-04
6.048640e-04
5.982099e-04
5.869260e-04
5.832317e-04
5.761076e-04
5.669251e-04
5.481920e-04
5.382529e-04
5.240121e-04
5.214664e-04
5.090249e-04
5.008547e-04
4.869560e-04
4.798020e-04
4.736361e-04
4.516735e-04
4.474875e-04
4.405796e-04
4.234359e-04
4.175954e-04
4.112454e-04
4.003576e-04
3.915974e-04
3.800774e-04
3.761390e-04
3.640327e-04
3.546603e-04
3.433317e-04
3.359718e-04
3.320209e-04
3.229804e-04
3.092637e-04
3.018092e-04
2.920150e-04
2.843207e-04
2.829650e-04
2.646183e-04
2.613861e-04
2.448148e-04
2.364695e-04
2.308975e-04
2.174948e-04
2.120701e-04
1.963308e-04
1.884074e-04
1.773900e-04
1.655688e-04
1.644687e-04
1.549406e-04
1.375667e-04
1.272564e-04
1.240239e-04
1.067150e-04
9.997285e-05
9.408196e-05
8.744524e-05
8.137483e-05
6.636986e-05
5.588262e-05
4.801373e-05
4.439522e-05
3.067610e-05
1.873137e-05
1.123837e-05
1.131831e-06
8.603399e-14
2.446038e-14
-2.301975e-13
-7.424831e-06
-1.403089e-05
-2.392192e-05
-3.175153e-05
-4.385460e-05
-5.029494e-05
-6.529501e-05
-7.282927e-05
-7.825244e-05
-8.712634e-05
-1.037813e-04
-1.196068e-04
-1.281246e-04
-1.312952e-04
-1.428925e-04
-1.531377e-04
-1.658899e-04
-1.715669e-04
-1.827042e-04
-1.888410e-04
-2.015962e-04
-2.124069e-04
-2.358884e-04
-2.512075e-04
-2.569887e-04
-2.629832e-04
-2.841230e-04
-2.864493e-04
-3.019290e-04
-3.049758e-04
-3.169915e-04
-3.249268e-04
-3.517427e-04
-3.658285e-04
-3.782840e-04
-3.984711e-04
-4.077645e-04
-4.155639e-04
-4.218475e-04
-4.356040e-04
-4.581562e-04
-4.898960e-04
-5.129562e-04
-5.232176e-04
-5.313903e-04
-5.444579e-04
-6.034411e-04
-6.148889e-04
