7.077159e+05
4.280280e+05
8.849536e+04
3.660941e+04
4.024418e+03
9.361043e+02
2.712865e+02
9.495687e+01
3.864025e+01
1.083940e+01
2.172306e+00
8.171273e-01
2.441192e-01
9.461921e-02
8.875959e-02
7.016903e-02
6.817950e-02
6.618333e-02
6.281842e-02
6.070274e-02
5.813156e-02
5.564197e-02
5.484844e-02
5.400404e-02
5.320878e-02
5.154438e-02
5.104390e-02
4.999824e-02
4.879929e-02
4.764322e-02
4.638293e-02
4.634181e-02
4.604970e-02
4.490754e-02
4.399774e-02
4.329571e-02
4.200680e-02
4.159945e-02
4.084733e-02
3.983816e-02
3.961803e-02
3.881776e-02
3.735675e-02
3.672234e-02
3.618171e-02
3.601034e-02
3.567266e-02
3.500134e-02
3.450194e-02
3.439661e-02
3.369144e-02
3.332582e-02
3.248004e-02
3.163640e-02
3.104612e-02
3.047633e-02
2.942325e-02
2.941298e-02
2.859303e-02
2.836057e-02
2.793390e-02
2.779092e-02
2.725004e-02
2.694881e-02
2.673165e-02
2.620265e-02
2.551422e-02
2.519519e-02
2.498735e-02
2.439724e-02
2.426123e-02
2.391490e-02
2.306972e-02
2.299577e-02
2.281477e-02
2.243263e-02
2.166263e-02
2.135865e-02
2.119968e-02
2.066548e-02
2.054183e-02
2.017692e-02
1.989255e-02
1.970879e-02
1.953289e-02
1.890600e-02
1.846807e-02
1.838219e-02
1.798883e-02
1.758076e-02
1.744902e-02
1.700001e-02
1.664416e-02
1.642751e-02
1.576735e-02
1.561782e-02
1.523605e-02
1.442623e-02
1.412236e-02
1.364544e-02
1.331493e-02
1.300568e-02
1.253615e-02
1.224537e-02
1.181929e-02
1.149415e-02
1.093122e-02
1.011183e-02
9.714389e-03
7.934614e-03
7.485188e-03
6.676123e-03
5.987671e-03
5.637264e-03
4.328276e-03
2.937448e-03
2.377384e-03
-1.805950e-03
-3.545499e-03
-3.945040e-03
-1.076550e-02
-1.590317e-02
-2.812063e-02
-3.994752e-02
-4.558225e-02
-5.982305e-02
-1.043118e-01
-1.069917e-01
