1.987512e+05
2.097283e+04
5.767385e+03
2.367135e+03
1.972722e+02
2.552014e+01
9.344520e+00
6.534439e+00
2.007556e+00
2.430043e-01
5.246464e-02
4.067564e-02
3.740577e-02
3.616237e-02
3.254023e-02
2.961059e-02
2.290428e-02
2.145350e-02
2.004572e-02
1.768655e-02
1.695842e-02
1.616368e-02
1.576751e-02
1.450905e-02
1.372815e-02
1.309675e-02
1.275234e-02
1.250113e-02
1.202768e-02
1.162977e-02
1.074474e-02
1.064447e-02
1.002649e-02
9.453442e-03
8.897536e-03
8.779782e-03
8.350289e-03
8.157586e-03
7.773117e-03
7.143227e-03
6.935081e-03
6.589358e-03
6.449842e-03
6.320836e-03
6.010327e-03
5.860140e-03
5.598984e-03
5.399217e-03
5.250821e-03
5.110262e-03
4.745204e-03
4.496335e-03
4.449214e-03
4.205855e-03
3.850265e-03
3.798385e-03
3.724757e-03
3.513368e-03
3.371142e-03
3.143723e-03
3.017548e-03
2.817937e-03
2.687910e-03
2.492350e-03
2.407681e-03
2.223788e-03
2.034540e-03
1.966917e-03
1.868265e-03
1.822665e-03
1.643517e-03
1.407653e-03
1.282452e-03
1.210728e-03
1.160107e-03
1.024446e-03
9.171019e-04
8.507607e-04
7.152935e-04
6.535634e-04
5.426957e-04
5.143057e-04
4.277823e-04
3.497758e-04
2.249490e-04
1.459241e-04
1.027965e-05
-6.055676e-05
-2.705755e-04
-3.946338e-04
-5.833061e-04
-7.558778e-04
-1.077667e-03
-1.336854e-03
-1.544499e-03
-1.659016e-03
-1.887629e-03
-2.156910e-03
-2.378014e-03
-2.597787e-03
-2.908410e-03
-3.150639e-03
-3.718376e-03
-3.948808e-03
-4.327049e-03
-5.120811e-03
-5.933678e-03
-6.130904e-03
-6.883543e-03
-7.613556e-03
-8.389778e-03
-8.799510e-03
-9.515176e-03
-1.059102e-02
-1.199702e-02
-1.319771e-02
-1.596625e-02
-1.673637e-02
-1.918607e-02
-2.323847e-02
-2.823196e-02
-3.067173e-02
-3.575697e-02
-3.683054e-02
-4.017578e-02
-4.502224e-02
-5.233181e-02
-1.024760e-01
