5.855418e+04
1.254769e+04
5.834549e+03
2.079628e+03
1.413072e+03
8.683375e+02
8.080554e+02
4.411921e+02
3.380256e+02
3.234249e+02
2.509288e+02
2.094889e+02
1.975104e+02
1.824266e+02
1.257559e+02
1.164331e+02
9.470546e+01
8.804093e+01
8.236469e+01
6.683651e+01
6.036692e+01
4.802517e+01
4.372345e+01
3.886279e+01
3.473771e+01
2.605843e+01
2.089222e+01
1.671615e+01
1.590811e+01
1.400857e+01
1.331699e+01
1.097447e+01
9.886157e+00
9.017471e+00
8.012970e+00
7.548819e+00
6.049511e+00
5.150427e+00
4.824390e+00
4.102585e+00
3.965916e+00
3.582740e+00
2.835323e+00
2.390252e+00
2.144002e+00
1.746938e+00
1.347106e+00
1.186010e+00
9.876437e-01
9.510582e-01
7.849284e-01
7.340583e-01
5.822610e-01
4.781987e-01
3.663371e-01
2.589608e-01
1.862854e-01
1.494199e-01
1.394233e-01
1.199830e-01
1.031269e-01
8.499347e-02
7.475046e-02
6.334177e-02
5.829285e-02
4.239308e-02
2.954601e-02
2.870994e-02
2.363607e-02
1.858472e-02
1.407894e-02
1.346150e-02
1.124749e-02
8.876547e-03
8.323930e-03
6.712698e-03
5.249633e-03
4.665604e-03
2.935032e-03
2.854759e-03
2.400974e-03
2.278191e-03
1.800422e-03
1.604364e-03
1.504661e-03
1.360894e-03
1.122446e-03
9.895597e-04
9.573814e-04
8.655385e-04
8.473506e-04
7.790566e-04
7.352019e-04
7.189832e-04
6.818547e-04
6.271735e-04
6.126253e-04
5.850777e-04
5.751289e-04
5.610205e-04
5.431036e-04
5.328281e-04
5.268098e-04
5.143866e-04
5.061433e-04
4.870921e-04
4.785110e-04
4.755910e-04
4.641335e-04
4.593977e-04
4.528235e-04
4.474016e-04
4.393356e-04
4.289174e-04
4.261911e-04
4.137003e-04
4.124141e-04
4.086948e-04
4.030768e-04
4.021379e-04
3.965410e-04
3.942130e-04
3.861443e-04
3.817297e-04
3.795826e-04
3.711614e-04
3.687590e-04
3.669263e-04
3.614278e-04
3.564615e-04
3.557562e-04
3.487044e-04
3.444624e-04
3.390363e-04
3.347030e-04
3.307956e-04
3.294153e-04
3.214945e-04
3.179912e-04
3.148915e-04
3.121328e-04
3.094769e-04
3.057197e-04
3.042237e-04
3.018950e-04
2.979327e-04
2.920831e-04
2.897032e-04
2.826059e-04
2.791209e-04
2.754197e-04
2.741929e-04
2.740370e-04
2.712742e-04
2.682610e-04
2.620515e-04
2.587546e-04
2.578812e-04
2.509959e-04
2.483839e-04
2.466957e-04
2.455268e-04
2.429488e-04
2.355688e-04
2.352409e-04
2.342474e-04
2.297312e-04
2.278553e-04
2.265710e-04
2.227383e-04
2.170464e-04
2.120351e-04
2.118960e-04
2.108663e-04
2.099498e-04
2.022884e-04
2.014776e-04
1.997343e-04
1.966263e-04
1.936595e-04
1.933457e-04
1.903930e-04
1.845857e-04
1.814297e-04
1.777842e-04
1.753600e-04
1.744724e-04
1.734203e-04
1.676408e-04
1.635993e-04
1.631796e-04
1.613968e-04
1.593114e-04
1.556524e-04
1.545506e-04
1.529048e-04
1.511672e-04
1.483307e-04
1.469572e-04
1.415924e-04
1.376300e-04
1.362122e-04
1.344485e-04
1.310826e-04
1.298500e-04
1.278467e-04
1.218735e-04
1.203001e-04
1.181992e-04
1.177671e-04
1.151885e-04
1.150350e-04
1.119243e-04
1.093995e-04
1.071984e-04
1.017917e-04
9.817703e-05
9.597216e-05
9.373418e-05
9.106020e-05
9.056096e-05
8.776179e-05
8.586395e-05
8.440694e-05
8.340560e-05
7.963181e-05
7.727526e-05
7.521918e-05
7.385130e-05
7.030235e-05
6.887526e-05
6.416566e-05
6.313439e-05
6.148130e-05
5.806855e-05
5.618004e-05
5.429361e-05
5.242142e-05
5.104324e-05
5.029233e-05
4.807563e-05
4.735833e-05
4.429518e-05
4.021630e-05
3.660556e-05
3.598856e-05
3.132026e-05
2.886202e-05
2.776496e-05
2.642317e-05
2.354026e-05
2.180690e-05
1.831496e-05
1.625960e-05
1.257191e-05
1.062600e-05
9.816556e-06
6.909385e-06
5.109573e-06
2.714233e-06
1.005030e-14
-1.050020e-13
-2.075397e-13
-4.643402e-06
-5.188745e-06
-6.605283e-06
-9.294607e-06
-1.156183e-05
-1.377621e-05
-1.510354e-05
-1.584347e-05
-1.834264e-05
-2.036424e-05
-2.579273e-05
-2.937185e-05
-3.038975e-05
-3.196220e-05
-3.417982e-05
-3.806079e-05
-3.914583e-05
-4.239831e-05
-4.476626e-05
-4.596588e-05
-5.022873e-05
-5.250819e-05
-5.370443e-05
-5.645680e-05
-5.895838e-05
-5.993479e-05
-6.100810e-05
-6.323708e-05
-6.575791e-05
-6.948011e-05
-7.034398e-05
-7.532529e-05
-7.795441e-05
-8.060447e-05
-8.156631e-05
-8.232419e-05
-8.666225e-05
-9.121809e-05
-9.351114e-05
-9.581670e-05
-9.620886e-05
-9.896211e-05
-1.016007e-04
-1.027157e-04
-1.058245e-04
-1.089164e-04
-1.101380e-04
-1.128268e-04
-1.165460e-04
-1.198690e-04
-1.245151e-04
-1.252971e-04
-1.293230e-04
-1.305681e-04
-1.309843e-04
-1.343034e-04
-1.390982e-04
-1.419747e-04
-1.444891e-04
-1.479380e-04
-1.535086e-04
-1.543135e-04
-1.554370e-04
-1.602513e-04
-1.629426e-04
-1.632109e-04
-1.666672e-04
-1.704909e-04
-1.715965e-04
-1.746044e-04
-1.801840e-04
-1.818968e-04
-1.827787e-04
-1.833776e-04
-1.926823e-04
-1.957448e-04
-1.976019e-04
-1.998493e-04
-2.033088e-04
-2.079124e-04
-2.106076e-04
-2.149336e-04
-2.180573e-04
-2.219226e-04
-2.242501e-04
-2.253973e-04
-2.291530e-04
-2.339139e-04
-2.393740e-04
-2.413226e-04
-2.458628e-04
-2.508671e-04
-2.521124e-04
-2.547306e-04
-2.603579e-04
-2.655483e-04
-2.714898e-04
-2.786048e-04
-2.826502e-04
-2.875021e-04
-2.911008e-04
-2.919828e-04
-3.054965e-04
-3.070009e-04
-3.128069e-04
-3.216050e-04
-3.220088e-04
-3.300996e-04
-3.436156e-04
-3.511241e-04
-3.622684e-04
-3.641628e-04
-3.747070e-04
-3.818231e-04
-4.027202e-04
-4.179838e-04
-4.505462e-04
-4.697399e-04
-5.126040e-04
-6.293823e-04
-1.117649e-03
