1.224602e+10
1.195522e+09
2.101544e+08
1.772174e+08
1.438092e+08
1.013900e+08
6.746912e+07
4.574217e+07
3.774880e+07
3.303569e+07
3.006612e+07
2.539971e+07
2.322626e+07
2.045752e+07
1.593601e+07
1.428414e+07
1.183418e+07
1.114681e+07
1.044356e+07
9.230922e+06
7.702176e+06
7.221843e+06
6.827034e+06
5.561472e+06
5.205840e+06
3.677023e+06
3.518666e+06
3.487883e+06
2.972433e+06
2.380882e+06
2.148674e+06
1.908572e+06
1.862391e+06
1.716052e+06
1.641870e+06
1.489438e+06
1.363301e+06
1.098674e+06
1.013466e+06
9.837432e+05
7.743857e+05
7.018009e+05
6.441609e+05
5.379590e+05
4.509094e+05
4.079534e+05
3.931501e+05
3.622160e+05
3.107055e+05
2.868986e+05
2.708648e+05
2.150318e+05
2.004585e+05
1.821252e+05
1.652344e+05
1.578465e+05
1.405237e+05
1.126986e+05
1.044535e+05
9.719380e+04
7.628106e+04
7.219901e+04
6.484940e+04
5.460273e+04
4.824619e+04
4.618117e+04
3.879282e+04
2.945870e+04
2.275188e+04
1.946088e+04
1.535589e+04
1.299031e+04
1.043863e+04
9.946084e+03
7.435691e+03
6.474461e+03
3.465590e+03
3.163193e+03
2.502275e+03
1.833492e+03
1.728884e+03
1.117916e+03
9.528553e+02
7.234611e+02
5.311484e+02
4.607956e+02
3.635892e+02
2.575930e+02
1.507148e+02
9.320610e+01
8.716016e+01
7.436416e+01
3.272754e+01
3.239746e+01
2.598273e+01
2.228782e+01
9.205284e+00
8.133783e+00
5.842466e+00
3.721643e+00
2.672241e+00
1.616774e+00
1.006304e+00
6.804492e-01
5.667707e-01
4.853563e-01
3.455588e-01
3.244132e-01
2.929239e-01
2.870519e-01
2.181718e-01
1.857875e-01
1.542081e-01
1.433244e-01
1.132057e-01
8.596566e-02
7.705094e-02
5.154816e-02
1.300553e-02
-1.126841e-02
-1.961813e-02
-5.672580e-02
-7.980053e-02
-1.131003e-01
-1.456639e-01
-1.864583e-01
-2.094120e-01
-2.523750e-01
