1.283328e+05
6.370503e+03
3.055458e+03
2.611156e+03
1.931945e+03
1.607221e+03
1.512192e+03
1.053346e+03
8.904931e+02
6.987710e+02
6.348306e+02
4.867741e+02
2.935048e+02
2.798824e+02
2.299534e+02
2.006312e+02
1.765857e+02
1.449111e+02
1.307375e+02
1.246598e+02
1.096932e+02
9.569529e+01
8.963865e+01
8.601121e+01
7.354192e+01
7.004086e+01
5.949955e+01
5.797572e+01
5.538323e+01
5.138171e+01
4.786049e+01
4.314483e+01
3.897081e+01
3.634726e+01
3.362907e+01
3.158569e+01
3.004930e+01
2.844134e+01
2.680528e+01
2.563225e+01
2.407076e+01
2.299439e+01
2.225393e+01
1.838910e+01
1.733586e+01
1.525794e+01
1.380986e+01
1.297436e+01
1.184166e+01
1.133278e+01
1.050489e+01
9.563766e+00
9.486856e+00
8.915015e+00
8.649266e+00
7.810015e+00
7.348756e+00
6.971132e+00
6.188282e+00
5.954249e+00
5.642365e+00
5.169221e+00
4.795410e+00
4.684402e+00
3.723197e+00
3.458486e+00
3.344220e+00
2.921643e+00
2.779314e+00
2.666981e+00
2.480659e+00
2.207053e+00
2.077267e+00
2.050864e+00
1.985114e+00
1.809968e+00
1.723632e+00
1.583000e+00
1.486230e+00
1.431957e+00
1.281065e+00
1.225991e+00
1.159383e+00
1.003336e+00
9.413099e-01
8.979669e-01
8.131431e-01
7.943397e-01
7.469051e-01
7.187777e-01
6.909500e-01
6.549788e-01
5.838768e-01
5.331900e-01
4.921576e-01
4.825614e-01
4.449583e-01
4.257429e-01
3.782571e-01
3.652934e-01
3.520718e-01
3.331271e-01
3.232256e-01
2.833802e-01
2.661780e-01
2.571410e-01
2.303277e-01
2.225513e-01
2.076736e-01
1.796507e-01
1.667875e-01
1.625995e-01
1.437348e-01
1.385088e-01
1.247196e-01
1.165287e-01
1.140367e-01
9.617952e-02
9.045110e-02
8.780905e-02
8.053537e-02
7.613942e-02
7.202381e-02
6.894530e-02
6.346327e-02
6.003053e-02
5.767829e-02
5.446975e-02
5.162751e-02
4.842507e-02
4.154623e-02
3.798882e-02
3.702057e-02
3.240417e-02
3.117704e-02
2.858299e-02
2.832709e-02
2.613915e-02
2.545182e-02
2.184927e-02
2.033680e-02
1.926929e-02
1.802042e-02
1.596728e-02
1.458424e-02
1.411647e-02
1.328446e-02
1.241995e-02
1.051893e-02
9.977686e-03
9.488693e-03
9.064911e-03
8.485168e-03
7.521392e-03
6.571374e-03
5.680511e-03
5.403676e-03
5.037487e-03
4.974109e-03
4.294846e-03
3.914767e-03
3.746615e-03
3.451206e-03
3.233959e-03
2.747742e-03
2.552607e-03
2.320140e-03
2.235855e-03
2.100062e-03
1.997998e-03
1.900180e-03
1.892741e-03
1.797555e-03
1.708459e-03
1.658745e-03
1.572086e-03
1.522555e-03
1.501778e-03
1.481094e-03
1.418094e-03
1.413578e-03
1.391228e-03
1.363487e-03
1.332958e-03
1.302882e-03
1.261547e-03
1.256629e-03
1.247106e-03
1.221568e-03
1.208266e-03
1.186407e-03
1.171137e-03
1.140072e-03
1.125191e-03
1.119840e-03
1.101474e-03
1.075638e-03
1.066257e-03
1.059820e-03
1.048223e-03
1.022805e-03
1.006795e-03
1.001042e-03
9.943370e-04
9.771344e-04
9.679314e-04
9.501335e-04
9.457117e-04
9.161741e-04
9.072187e-04
8.925977e-04
8.827019e-04
8.754301e-04
8.581020e-04
8.495551e-04
8.411998e-04
8.265658e-04
8.182386e-04
8.135209e-04
7.918113e-04
7.843551e-04
7.689261e-04
7.584220e-04
7.496091e-04
7.474163e-04
7.256562e-04
7.145748e-04
7.092266e-04
6.901997e-04
6.803463e-04
6.740171e-04
6.677972e-04
6.526631e-04
6.394621e-04
6.341953e-04
6.235319e-04
6.140663e-04
6.007451e-04
5.980946e-04
5.860319e-04
5.784952e-04
5.706555e-04
5.553114e-04
5.414105e-04
5.371639e-04
5.260502e-04
5.196501e-04
5.101179e-04
5.044638e-04
4.915297e-04
4.809430e-04
4.648810e-04
4.609789e-04
4.594575e-04
4.491351e-04
4.409557e-04
4.301342e-04
4.157298e-04
4.102672e-04
4.035260e-04
3.992871e-04
3.838860e-04
3.768078e-04
3.653372e-04
3.588154e-04
3.437304e-04
3.370644e-04
3.307415e-04
3.151416e-04
3.083088e-04
3.034042e-04
2.919302e-04
2.813552e-04
2.659950e-04
2.617323e-04
2.507927e-04
2.490347e-04
2.421889e-04
2.250788e-04
2.081849e-04
1.972123e-04
1.956809e-04
1.932531e-04
1.831046e-04
1.691100e-04
1.556121e-04
1.496208e-04
1.420569e-04
1.361933e-04
1.290232e-04
1.235581e-04
1.130784e-04
1.031224e-04
9.765607e-05
8.450290e-05
7.920300e-05
6.134776e-05
5.810413e-05
4.094856e-05
3.499039e-05
3.208418e-05
3.039287e-05
2.248615e-05
5.420095e-06
-6.834188e-06
-1.556568e-05
-2.221428e-05
-2.772451e-05
-4.052164e-05
-5.672101e-05
-6.132167e-05
-7.411107e-05
-7.701895e-05
-1.002365e-04
-1.070957e-04
-1.137539e-04
-1.214233e-04
-1.293486e-04
-1.425168e-04
-1.474497e-04
-1.495505e-04
-1.589489e-04
-1.612305e-04
-1.656494e-04
-1.791201e-04
-1.865401e-04
-2.004245e-04
-2.139878e-04
-2.267337e-04
-2.277991e-04
-2.421953e-04
-2.509610e-04
-2.570681e-04
-2.683681e-04
-2.776835e-04
-2.978242e-04
-3.059317e-04
-3.124566e-04
-3.265858e-04
-3.333053e-04
-3.392890e-04
-3.466526e-04
-3.669958e-04
-3.799341e-04
-3.846734e-04
-3.996731e-04
-4.103171e-04
-4.250387e-04
-4.346127e-04
-4.425853e-04
-4.507921e-04
-4.561556e-04
-4.676296e-04
-4.755610e-04
-4.958308e-04
-5.065936e-04
-5.125763e-04
-5.262241e-04
-5.332623e-04
-5.399573e-04
-5.598200e-04
-5.693089e-04
-5.813191e-04
-5.939800e-04
-6.108768e-04
-6.291419e-04
-6.334225e-04
-6.413061e-04
-6.537635e-04
-6.665739e-04
-6.832369e-04
-7.068453e-04
-7.288964e-04
-7.338757e-04
-7.494534e-04
-7.570034e-04
-7.839581e-04
-7.936139e-04
-8.220918e-04
-8.486733e-04
-8.654245e-04
-9.005638e-04
-9.360275e-04
-9.613165e-04
