1.202544e+06
1.231579e+05
3.761690e+04
3.574601e+03
7.133071e+01
5.681126e+00
1.820565e-01
6.298978e-02
3.957317e-02
3.739857e-02
3.530728e-02
3.084048e-02
2.924071e-02
2.678164e-02
2.437275e-02
2.226895e-02
2.201673e-02
2.116707e-02
2.091256e-02
1.923293e-02
1.843580e-02
1.714894e-02
1.681454e-02
1.623492e-02
1.611245e-02
1.488066e-02
1.332800e-02
1.294453e-02
1.192707e-02
1.143848e-02
9.726290e-03
9.351288e-03
9.013114e-03
8.085249e-03
7.559816e-03
6.849021e-03
6.146284e-03
5.966585e-03
5.419576e-03
4.994560e-03
4.573886e-03
4.278667e-03
3.382500e-03
2.800323e-03
2.252450e-03
1.947390e-03
1.496299e-03
1.311140e-03
7.882557e-04
6.099221e-04
3.100601e-04
-4.141980e-04
-1.332431e-03
-1.414063e-03
-2.284325e-03
-4.174367e-03
-5.143333e-03
-8.992649e-03
-9.983582e-03
-1.115176e-02
-1.499675e-02
-1.943289e-02
-2.584444e-02
-4.052454e-02
