8.740014e+04
4.694304e+02
1.393834e+02
1.155778e+02
3.304822e+01
2.728125e+01
1.680363e+01
1.585515e+01
1.408166e+01
1.115985e+01
9.967023e+00
8.712694e+00
6.602941e+00
5.670933e+00
5.231953e+00
4.059982e+00
3.695181e+00
3.371571e+00
3.215331e+00
2.858030e+00
2.578401e+00
2.406133e+00
1.905184e+00
1.585816e+00
1.563652e+00
1.430779e+00
1.367722e+00
1.136335e+00
1.088663e+00
1.004280e+00
9.064350e-01
8.554738e-01
7.214834e-01
7.054675e-01
6.562196e-01
5.993427e-01
5.678847e-01
4.394276e-01
4.265939e-01
4.059342e-01
3.636614e-01
3.249606e-01
2.806195e-01
2.447190e-01
2.334615e-01
2.090686e-01
1.970653e-01
1.814368e-01
1.460728e-01
1.336391e-01
1.260775e-01
1.179133e-01
1.096051e-01
9.894067e-02
9.109433e-02
8.450289e-02
7.739925e-02
7.399156e-02
7.115670e-02
5.260416e-02
5.199486e-02
4.746399e-02
4.239151e-02
3.864027e-02
3.390013e-02
3.308512e-02
2.762472e-02
2.485780e-02
2.309924e-02
2.087094e-02
1.889203e-02
1.776918e-02
1.533897e-02
1.404056e-02
1.321144e-02
1.187336e-02
1.029349e-02
8.495439e-03
8.022565e-03
6.890222e-03
6.564391e-03
5.974513e-03
4.908667e-03
4.717393e-03
4.489411e-03
4.466478e-03
4.154393e-03
3.801971e-03
2.780063e-03
2.588189e-03
2.295771e-03
1.921005e-03
1.806502e-03
1.727189e-03
1.465293e-03
1.426245e-03
1.373624e-03
1.286263e-03
1.160538e-03
1.127691e-03
1.010396e-03
9.831442e-04
9.395583e-04
9.014742e-04
8.699503e-04
8.273517e-04
8.050238e-04
7.870794e-04
7.661248e-04
7.571949e-04
7.387521e-04
6.958309e-04
6.777326e-04
6.676847e-04
6.390886e-04
6.264288e-04
6.079767e-04
5.914646e-04
5.550114e-04
5.450874e-04
5.341638e-04
5.104699e-04
4.918768e-04
4.856006e-04
4.627231e-04
4.419928e-04
4.159880e-04
3.939826e-04
3.852915e-04
3.701434e-04
3.492631e-04
3.372667e-04
3.153694e-04
3.078777e-04
2.856988e-04
2.798893e-04
2.646243e-04
2.498927e-04
2.281891e-04
2.193136e-04
2.085564e-04
1.885410e-04
1.657725e-04
1.579037e-04
1.371874e-04
1.172087e-04
1.088392e-04
1.060694e-04
8.927732e-05
7.068222e-05
5.414783e-05
4.528487e-05
2.680914e-05
2.401209e-05
7.308426e-06
-7.814971e-06
-2.545288e-05
-3.901074e-05
-6.245560e-05
-7.178057e-05
-9.918076e-05
-1.115210e-04
-1.174189e-04
-1.353801e-04
-1.536255e-04
-1.766152e-04
-1.809523e-04
-2.022451e-04
-2.138673e-04
-2.441380e-04
-2.505313e-04
-2.665105e-04
-2.751837e-04
-3.168584e-04
-3.331256e-04
-3.393708e-04
-3.498459e-04
-3.576388e-04
-3.983568e-04
-4.092020e-04
-4.163146e-04
-4.263349e-04
-4.387739e-04
-4.648256e-04
-4.818432e-04
-5.049338e-04
-5.467462e-04
-5.796565e-04
-6.013933e-04
-6.072703e-04
-6.754166e-04
-7.149579e-04
