8.896345e+04
3.880087e+03
2.337349e+03
1.921611e+03
1.037281e+03
7.944409e+02
5.286885e+02
4.259017e+02
3.250765e+02
2.941374e+02
2.466824e+02
2.019895e+02
1.874447e+02
1.726600e+02
1.528963e+02
1.392668e+02
1.296608e+02
1.182960e+02
1.103649e+02
1.045086e+02
9.792141e+01
9.164509e+01
8.905067e+01
8.370123e+01
7.769193e+01
7.017686e+01
6.837643e+01
6.549859e+01
5.939421e+01
5.662579e+01
4.993710e+01
4.637285e+01
4.581223e+01
4.242450e+01
4.101926e+01
3.938676e+01
3.840388e+01
3.568438e+01
3.370259e+01
3.155755e+01
2.788428e+01
2.743149e+01
2.431798e+01
2.204003e+01
2.098812e+01
1.955090e+01
1.793593e+01
1.757648e+01
1.680992e+01
1.499545e+01
1.355266e+01
1.281780e+01
1.243498e+01
1.207646e+01
1.196054e+01
1.087258e+01
9.511608e+00
9.109457e+00
8.122190e+00
7.272969e+00
7.194754e+00
6.780041e+00
6.323332e+00
6.023557e+00
5.495649e+00
4.930894e+00
4.544824e+00
4.279882e+00
4.215402e+00
3.838546e+00
3.132908e+00
2.819610e+00
2.609648e+00
2.566000e+00
2.360636e+00
2.192344e+00
2.059760e+00
1.982488e+00
1.807358e+00
1.728595e+00
1.616863e+00
1.470789e+00
1.338150e+00
1.242747e+00
1.218428e+00
1.150694e+00
1.033271e+00
1.007933e+00
9.380394e-01
9.029430e-01
8.504547e-01
8.188803e-01
7.749863e-01
7.551217e-01
7.206855e-01
6.635426e-01
6.240680e-01
5.952343e-01
5.244200e-01
5.104532e-01
4.934711e-01
4.696449e-01
4.471893e-01
4.213487e-01
3.868804e-01
3.485839e-01
3.325266e-01
3.075940e-01
2.823590e-01
2.715319e-01
2.579243e-01
2.364430e-01
2.313480e-01
2.218076e-01
2.082663e-01
1.987524e-01
1.923122e-01
1.789849e-01
1.695902e-01
1.559418e-01
1.429912e-01
1.372208e-01
1.310425e-01
1.204049e-01
1.129289e-01
1.083307e-01
1.020552e-01
9.201308e-02
9.021487e-02
8.515084e-02
8.354011e-02
7.595855e-02
7.302156e-02
6.842508e-02
6.404442e-02
6.162527e-02
5.638610e-02
5.363820e-02
5.005705e-02
4.835609e-02
4.547528e-02
4.378221e-02
4.076230e-02
3.770453e-02
3.509386e-02
3.314646e-02
3.237820e-02
3.174391e-02
2.677670e-02
2.575728e-02
2.372830e-02
2.294367e-02
2.186461e-02
1.988686e-02
1.903611e-02
1.827359e-02
1.778532e-02
1.683790e-02
1.639031e-02
1.537875e-02
1.333458e-02
1.265895e-02
1.235272e-02
1.145599e-02
1.046528e-02
1.013612e-02
1.000648e-02
9.146723e-03
8.370836e-03
7.914906e-03
7.526624e-03
7.254765e-03
6.763023e-03
6.482056e-03
5.897593e-03
5.540376e-03
5.096917e-03
4.726967e-03
4.549413e-03
4.187066e-03
3.878001e-03
3.809569e-03
3.732376e-03
3.697397e-03
3.421732e-03
3.264085e-03
3.073585e-03
2.880315e-03
2.834033e-03
2.747592e-03
2.579327e-03
2.542886e-03
2.423942e-03
2.294798e-03
1.996553e-03
1.951634e-03
1.871311e-03
1.799796e-03
1.677687e-03
1.661376e-03
1.571736e-03
1.530660e-03
1.498962e-03
1.470400e-03
1.447738e-03
1.411153e-03
1.383513e-03
1.367521e-03
1.343426e-03
1.316769e-03
1.285389e-03
1.257698e-03
1.221900e-03
1.201349e-03
1.181419e-03
1.176932e-03
1.146284e-03
1.128550e-03
1.120537e-03
1.108154e-03
1.087686e-03
1.069879e-03
1.055244e-03
1.033747e-03
1.021625e-03
9.968833e-04
9.820871e-04
9.685144e-04
9.541517e-04
9.517518e-04
9.448259e-04
9.356000e-04
9.143256e-04
8.996018e-04
8.953791e-04
8.797428e-04
8.654664e-04
8.570822e-04
8.530340e-04
8.406178e-04
8.255526e-04
8.108379e-04
8.090334e-04
7.957333e-04
7.790073e-04
7.686699e-04
7.631334e-04
7.435597e-04
7.317222e-04
7.260529e-04
7.205334e-04
7.096035e-04
6.889285e-04
6.829659e-04
6.800045e-04
6.635605e-04
6.480763e-04
6.415106e-04
6.330389e-04
6.129802e-04
6.086617e-04
6.038964e-04
5.899314e-04
5.890962e-04
5.739023e-04
5.577034e-04
5.521859e-04
5.455948e-04
5.344921e-04
5.228516e-04
5.074809e-04
5.033290e-04
4.837607e-04
4.771200e-04
4.678488e-04
4.614198e-04
4.493966e-04
4.394098e-04
4.374037e-04
4.198404e-04
4.125571e-04
4.023271e-04
3.891222e-04
3.803554e-04
3.767940e-04
3.742339e-04
3.565739e-04
3.555086e-04
3.486839e-04
3.436486e-04
3.335984e-04
3.226233e-04
3.193514e-04
3.067558e-04
2.949008e-04
2.825948e-04
2.734605e-04
2.634987e-04
2.569908e-04
2.444157e-04
2.354272e-04
2.226039e-04
2.199443e-04
2.084550e-04
2.000468e-04
1.808757e-04
1.749723e-04
1.683146e-04
1.589591e-04
1.512856e-04
1.438612e-04
1.372729e-04
1.193102e-04
1.134804e-04
1.021971e-04
9.522848e-05
8.392355e-05
7.703518e-05
7.036873e-05
5.992828e-05
4.926810e-05
3.701968e-05
2.243596e-05
1.559883e-05
8.267877e-06
1.067122e-13
5.946543e-14
-2.319074e-14
-2.537340e-06
-1.333515e-05
-2.581980e-05
-2.957254e-05
-4.081407e-05
-5.691347e-05
-6.416094e-05
-7.521093e-05
-8.210594e-05
-8.950473e-05
-9.829882e-05
-1.025100e-04
-1.103066e-04
-1.263439e-04
-1.299634e-04
-1.473054e-04
-1.556862e-04
-1.685742e-04
-1.808154e-04
-1.880650e-04
-1.964026e-04
-1.987701e-04
-2.136806e-04
-2.236700e-04
-2.322355e-04
-2.370921e-04
-2.442597e-04
-2.626700e-04
-2.770406e-04
-2.845700e-04
-2.924436e-04
-3.000011e-04
-3.230982e-04
-3.313230e-04
-3.340537e-04
-3.508477e-04
-3.678188e-04
-3.748151e-04
-3.897272e-04
-4.052827e-04
-4.098939e-04
-4.171169e-04
-4.389719e-04
-4.431888e-04
-4.544279e-04
-4.654090e-04
-5.025608e-04
-5.174677e-04
-5.265132e-04
-5.357459e-04
-5.636307e-04
-5.708401e-04
-5.961747e-04
-6.467605e-04
-6.557400e-04
-6.695841e-04
