8.901342e+04
3.774740e+03
2.421586e+03
1.813017e+03
1.083163e+03
8.639973e+02
4.894261e+02
4.557659e+02
3.516251e+02
2.921744e+02
2.529180e+02
2.201349e+02
1.849206e+02
1.714064e+02
1.521911e+02
1.453847e+02
1.390695e+02
1.245692e+02
1.116794e+02
1.109640e+02
9.900762e+01
9.463145e+01
8.530638e+01
8.130360e+01
7.375936e+01
7.090755e+01
6.926538e+01
6.630591e+01
6.225788e+01
5.578161e+01
5.367759e+01
4.883952e+01
4.817409e+01
4.353866e+01
4.215467e+01
3.713431e+01
3.538020e+01
3.229827e+01
3.064680e+01
2.955474e+01
2.767338e+01
2.639097e+01
2.563536e+01
2.485399e+01
2.128125e+01
2.020889e+01
1.979376e+01
1.795809e+01
1.640964e+01
1.619897e+01
1.487599e+01
1.422543e+01
1.288677e+01
1.242027e+01
1.160533e+01
1.112874e+01
9.575959e+00
9.120240e+00
8.827426e+00
7.770257e+00
7.567483e+00
6.733941e+00
6.183929e+00
5.952305e+00
5.401576e+00
5.097358e+00
4.763589e+00
4.394272e+00
4.231981e+00
4.069121e+00
3.714360e+00
3.007892e+00
2.573249e+00
2.532987e+00
2.228558e+00
2.174941e+00
2.092489e+00
2.055259e+00
1.933253e+00
1.820435e+00
1.685200e+00
1.520589e+00
1.506036e+00
1.383969e+00
1.350197e+00
1.265764e+00
1.172548e+00
1.087507e+00
1.068892e+00
1.042271e+00
9.487768e-01
9.169182e-01
8.986282e-01
8.836600e-01
7.820144e-01
7.664747e-01
6.797072e-01
6.236781e-01
5.937474e-01
5.905240e-01
5.741569e-01
5.218508e-01
4.812509e-01
4.328035e-01
4.074678e-01
3.982249e-01
3.918045e-01
3.605075e-01
3.316298e-01
3.134294e-01
3.005360e-01
2.812671e-01
2.674008e-01
2.579497e-01
2.386678e-01
2.170720e-01
2.030558e-01
1.861126e-01
1.770091e-01
1.660014e-01
1.629676e-01
1.379356e-01
1.325997e-01
1.228471e-01
1.083858e-01
1.066575e-01
1.035726e-01
9.891615e-02
9.164916e-02
7.970216e-02
7.787647e-02
7.403036e-02
7.203977e-02
6.930219e-02
6.360160e-02
6.249903e-02
5.968864e-02
5.730201e-02
5.531462e-02
5.349646e-02
4.650095e-02
4.321709e-02
4.082681e-02
3.719753e-02
3.565453e-02
3.171065e-02
3.076603e-02
2.886537e-02
2.768083e-02
2.607045e-02
2.535906e-02
2.496711e-02
2.311777e-02
2.204144e-02
2.113217e-02
1.950110e-02
1.551435e-02
1.442347e-02
1.405147e-02
1.360216e-02
1.166160e-02
1.101149e-02
1.057606e-02
1.019179e-02
9.683994e-03
9.137205e-03
8.736489e-03
8.273280e-03
8.221839e-03
8.028029e-03
7.357782e-03
6.838359e-03
6.249593e-03
6.055461e-03
5.352525e-03
5.254941e-03
4.902475e-03
4.545538e-03
4.487439e-03
4.368692e-03
3.991486e-03
3.895628e-03
3.660172e-03
3.558074e-03
3.315117e-03
3.014672e-03
2.873204e-03
2.677259e-03
2.497218e-03
2.440477e-03
2.341215e-03
2.205399e-03
2.124241e-03
2.112310e-03
1.965707e-03
1.945435e-03
1.879887e-03
1.765306e-03
1.667658e-03
1.631342e-03
1.592318e-03
1.514238e-03
1.458870e-03
1.418632e-03
1.397664e-03
1.343359e-03
1.332124e-03
1.290139e-03
1.266763e-03
1.248053e-03
1.222966e-03
1.214927e-03
1.186288e-03
1.169574e-03
1.132336e-03
1.127034e-03
1.104095e-03
1.096413e-03
1.087729e-03
1.068856e-03
1.060142e-03
1.051321e-03
1.033336e-03
1.017569e-03
1.009669e-03
9.993812e-04
9.860675e-04
9.790583e-04
9.652869e-04
9.520781e-04
9.330217e-04
9.214830e-04
9.005413e-04
8.928547e-04
8.807094e-04
8.659232e-04
8.545163e-04
8.497003e-04
8.305805e-04
8.188475e-04
8.087946e-04
8.024904e-04
7.855917e-04
7.775146e-04
7.699978e-04
7.589722e-04
7.554144e-04
7.424647e-04
7.235404e-04
7.145232e-04
7.001463e-04
6.967439e-04
6.775248e-04
6.701703e-04
6.636831e-04
6.492689e-04
6.454109e-04
6.339902e-04
6.275798e-04
6.098552e-04
6.009843e-04
5.927319e-04
5.796597e-04
5.623101e-04
5.600794e-04
5.485711e-04
5.425776e-04
5.350838e-04
5.232083e-04
5.046254e-04
4.975796e-04
4.899786e-04
4.875635e-04
4.701253e-04
4.618941e-04
4.521633e-04
4.471300e-04
4.358636e-04
4.267778e-04
4.231830e-04
4.156674e-04
4.092065e-04
3.971467e-04
3.835701e-04
3.789467e-04
3.656013e-04
3.594565e-04
3.489800e-04
3.449834e-04
3.213592e-04
3.161680e-04
3.130498e-04
2.973601e-04
2.838942e-04
2.742377e-04
2.685006e-04
2.660626e-04
2.611475e-04
2.388977e-04
2.337868e-04
2.285940e-04
2.167880e-04
2.109607e-04
2.061455e-04
1.955299e-04
1.740014e-04
1.698029e-04
1.587945e-04
1.575867e-04
1.466263e-04
1.422620e-04
1.295339e-04
1.262182e-04
1.122276e-04
1.097972e-04
1.040373e-04
8.611952e-05
7.315288e-05
6.243903e-05
5.980282e-05
4.524910e-05
3.864313e-05
3.178159e-05
1.773674e-05
6.980024e-06
-6.705753e-14
-1.241111e-13
-2.058782e-13
-1.495999e-06
-1.149032e-05
-2.044952e-05
-3.105481e-05
-3.846085e-05
-4.150453e-05
-4.843602e-05
-6.135887e-05
-7.311408e-05
-8.443954e-05
-9.817409e-05
-1.167866e-04
-1.212202e-04
-1.238995e-04
-1.374417e-04
-1.480351e-04
-1.530247e-04
-1.626243e-04
-1.770047e-04
-1.901136e-04
-1.904636e-04
-2.033722e-04
-2.081688e-04
-2.247764e-04
-2.348981e-04
-2.518317e-04
-2.646987e-04
-2.701838e-04
-2.871139e-04
-2.971648e-04
-3.009068e-04
-3.140498e-04
-3.274033e-04
-3.369570e-04
-3.434266e-04
-3.591425e-04
-3.704543e-04
-3.870433e-04
-3.941915e-04
-4.191310e-04
-4.221811e-04
-4.320486e-04
-4.454344e-04
-4.606385e-04
-4.708169e-04
-4.894549e-04
-5.006653e-04
-5.161482e-04
-5.324610e-04
-5.432069e-04
-5.702759e-04
-5.937779e-04
-5.964588e-04
-6.145168e-04
-6.330175e-04
-7.195301e-04
