1.414186e+08
1.617156e+07
1.941718e+06
7.982693e+05
5.659446e+05
2.275714e+05
9.361858e+04
7.935256e+04
3.453335e+04
1.756788e+04
2.059993e+03
7.502609e+02
1.800229e+02
9.839706e+01
9.012704e+01
4.319537e+01
3.770537e+01
2.944712e+01
2.833331e+01
2.410650e+01
2.200703e+01
2.070460e+01
1.792533e+01
1.676905e+01
1.624184e+01
1.504562e+01
1.455695e+01
1.340468e+01
1.296875e+01
1.275398e+01
1.118722e+01
1.091025e+01
1.054517e+01
9.729939e+00
8.587647e+00
8.242719e+00
8.070224e+00
7.683228e+00
7.457556e+00
7.156334e+00
7.044925e+00
6.513674e+00
5.982217e+00
5.931504e+00
5.550160e+00
5.107125e+00
4.646013e+00
4.417225e+00
3.897735e+00
3.826847e+00
3.771920e+00
3.427066e+00
3.137512e+00
2.947828e+00
2.853344e+00
2.596358e+00
2.541969e+00
2.150534e+00
2.120415e+00
1.923848e+00
1.671061e+00
1.531610e+00
1.425213e+00
1.231869e+00
1.205945e+00
8.697019e-01
7.997532e-01
6.108075e-01
5.274245e-01
4.783392e-01
3.227856e-01
2.712509e-01
1.950383e-01
1.502295e-01
5.426830e-02
2.594441e-02
6.089693e-03
-2.722514e-10
-4.446850e-02
-1.210487e-01
-2.630389e-01
-2.725305e-01
-4.118836e-01
-5.654963e-01
-6.229259e-01
-7.004293e-01
-8.556616e-01
-1.027638e+00
-1.084835e+00
-1.316215e+00
-1.395181e+00
-1.606094e+00
-1.709547e+00
-1.801097e+00
-2.036703e+00
-2.125947e+00
-2.645162e+00
-2.689274e+00
-2.922086e+00
-3.126903e+00
-3.406390e+00
-3.695338e+00
-3.822285e+00
-4.191805e+00
-4.731423e+00
-5.277947e+00
-5.629047e+00
-6.204643e+00
-6.415721e+00
-7.156517e+00
-7.826140e+00
-8.369248e+00
-8.982635e+00
-9.130253e+00
-9.670221e+00
-1.015390e+01
-1.225715e+01
-1.298971e+01
-1.754342e+01
-2.044339e+01
-2.144252e+01
-2.747467e+01
-2.974708e+01
-3.708723e+01
-3.929343e+01
-5.477558e+01
-6.535616e+01
-7.090876e+01
