8.264029e+09
1.012940e+09
1.935849e+08
1.545157e+08
8.388109e+07
7.220859e+07
5.866536e+07
4.086123e+07
3.568709e+07
3.377084e+07
3.077522e+07
2.696050e+07
2.462144e+07
2.014553e+07
1.856894e+07
1.407052e+07
1.212362e+07
1.114798e+07
9.305931e+06
6.906315e+06
6.610014e+06
5.853040e+06
5.344184e+06
4.771228e+06
4.290890e+06
3.548502e+06
3.189629e+06
3.006602e+06
2.405980e+06
2.183797e+06
1.892055e+06
1.551083e+06
1.348608e+06
1.250939e+06
1.023628e+06
8.887094e+05
7.332682e+05
6.977565e+05
6.416487e+05
5.601891e+05
4.687303e+05
4.126630e+05
3.949192e+05
3.261103e+05
2.884350e+05
2.749643e+05
2.358663e+05
2.080038e+05
1.965978e+05
1.645615e+05
1.507997e+05
1.379689e+05
1.287000e+05
1.239048e+05
9.953477e+04
9.004973e+04
8.218416e+04
7.561665e+04
6.341799e+04
5.637255e+04
4.370628e+04
3.828360e+04
3.467618e+04
3.027522e+04
2.525035e+04
1.900950e+04
1.449020e+04
1.293164e+04
1.058499e+04
9.879677e+03
8.072531e+03
6.714456e+03
5.732109e+03
4.279950e+03
3.318820e+03
2.597338e+03
2.046194e+03
1.876811e+03
1.176916e+03
9.226604e+02
6.174799e+02
5.603943e+02
4.381314e+02
2.349415e+02
1.788767e+02
1.406168e+02
9.582510e+01
7.386678e+01
4.899370e+01
3.255801e+01
1.710481e+01
1.361906e+01
1.175577e+01
7.146103e+00
5.917804e+00
4.155957e+00
2.053867e+00
1.243131e+00
1.138183e+00
8.225374e-01
5.527846e-01
3.499623e-01
3.218988e-01
2.745619e-01
2.075127e-01
1.698710e-01
1.416765e-01
1.382614e-01
1.278722e-01
9.339860e-02
8.212779e-02
7.578167e-02
6.165362e-02
5.262270e-02
4.328984e-02
3.776353e-02
3.038006e-02
1.850265e-02
1.706490e-02
3.209520e-03
1.073053e-03
-5.336277e-03
-3.463550e-02
-3.922311e-02
-4.553593e-02
-6.980913e-02
-8.597007e-02
-1.201418e-01
