2.206601e+12
2.025217e+12
1.647953e+12
1.616216e+12
1.276476e+12
1.198325e+12
1.118571e+12
1.068814e+12
1.035754e+12
9.322448e+11
8.942978e+11
8.605045e+11
8.448826e+11
7.613705e+11
6.995833e+11
6.874218e+11
6.617011e+11
6.238656e+11
6.095400e+11
5.723787e+11
5.632164e+11
5.432953e+11
5.012960e+11
4.845047e+11
4.610071e+11
4.562511e+11
4.361960e+11
4.150732e+11
4.080993e+11
3.733951e+11
3.726401e+11
3.518793e+11
3.436895e+11
3.344488e+11
3.287793e+11
3.144329e+11
3.088529e+11
3.015697e+11
2.943456e+11
2.875830e+11
2.767026e+11
2.606499e+11
2.539385e+11
2.462191e+11
2.446446e+11
2.419675e+11
2.318700e+11
2.227503e+11
2.216771e+11
2.141222e+11
2.044485e+11
1.987325e+11
1.971770e+11
1.931016e+11
1.817232e+11
1.794140e+11
1.746933e+11
1.703484e+11
1.659257e+11
1.606736e+11
1.569352e+11
1.534060e+11
1.516020e+11
1.461980e+11
1.404889e+11
1.390490e+11
1.378872e+11
1.321550e+11
1.315771e+11
1.262524e+11
1.242263e+11
1.198070e+11
1.160077e+11
1.148207e+11
1.120020e+11
1.083937e+11
1.080106e+11
1.055039e+11
1.033462e+11
1.021060e+11
9.970634e+10
9.723118e+10
9.482367e+10
9.360332e+10
9.265249e+10
9.088525e+10
8.909326e+10
8.729607e+10
8.604184e+10
8.336858e+10
8.156500e+10
8.063905e+10
7.951387e+10
7.885378e+10
7.577004e+10
7.412634e+10
7.358741e+10
7.263339e+10
7.094845e+10
6.999082e+10
6.900969e+10
6.784763e+10
6.669936e+10
6.545200e+10
6.353144e+10
6.237286e+10
6.080801e+10
5.975571e+10
5.939309e+10
5.881987e+10
5.809030e+10
5.651684e+10
5.495302e+10
5.371125e+10
5.356799e+10
5.168365e+10
5.052183e+10
4.863950e+10
4.641877e+10
4.579101e+10
4.256204e+10
4.138743e+10
4.070916e+10
3.833157e+10
2.420783e+10
2.005049e+10
2.455735e+09
2.185283e+09
