8.476857e+04
3.512250e+03
2.242569e+03
1.903012e+03
1.290512e+03
8.220587e+02
6.553285e+02
4.654017e+02
3.353631e+02
3.067619e+02
2.800442e+02
2.575887e+02
2.530806e+02
2.072962e+02
1.978708e+02
1.923684e+02
1.748786e+02
1.596558e+02
1.486668e+02
1.474648e+02
1.345451e+02
1.312435e+02
1.190271e+02
1.150333e+02
1.042508e+02
1.010785e+02
9.824879e+01
9.277054e+01
8.993720e+01
8.555444e+01
7.839402e+01
6.974296e+01
6.671754e+01
6.512132e+01
6.226356e+01
5.671130e+01
5.497925e+01
5.179932e+01
4.909162e+01
4.686184e+01
4.491799e+01
4.294635e+01
4.172107e+01
3.669664e+01
3.489589e+01
3.268659e+01
3.116929e+01
2.961443e+01
2.560152e+01
2.497000e+01
2.417311e+01
2.264860e+01
2.212994e+01
2.147447e+01
1.855510e+01
1.811324e+01
1.740388e+01
1.565154e+01
1.459804e+01
1.374374e+01
1.326365e+01
1.209127e+01
1.151152e+01
1.068695e+01
9.551786e+00
9.178691e+00
8.569234e+00
7.817163e+00
7.051800e+00
6.704210e+00
6.426922e+00
5.702847e+00
5.358362e+00
5.091512e+00
4.657502e+00
4.179317e+00
4.076886e+00
3.639102e+00
3.618100e+00
3.414099e+00
3.236222e+00
3.107360e+00
2.857208e+00
2.777885e+00
2.508416e+00
2.419638e+00
2.344666e+00
2.194762e+00
2.032800e+00
1.911547e+00
1.711753e+00
1.645470e+00
1.573361e+00
1.497428e+00
1.423127e+00
1.411018e+00
1.297822e+00
1.250109e+00
1.164742e+00
1.013020e+00
9.685704e-01
9.126853e-01
8.549587e-01
8.229086e-01
7.840718e-01
7.234892e-01
6.940511e-01
6.369776e-01
6.196341e-01
5.832471e-01
5.366920e-01
5.086646e-01
5.022595e-01
4.726831e-01
4.212872e-01
4.016671e-01
3.882325e-01
3.715213e-01
3.437731e-01
3.387517e-01
3.247118e-01
3.089320e-01
3.073237e-01
2.721283e-01
2.525289e-01
2.377937e-01
2.279186e-01
2.134988e-01
2.071043e-01
2.012089e-01
1.779118e-01
1.652812e-01
1.555032e-01
1.474771e-01
1.412064e-01
1.376254e-01
1.335904e-01
1.280675e-01
1.166207e-01
1.134204e-01
1.059683e-01
1.034873e-01
1.023719e-01
9.330474e-02
9.066898e-02
8.234186e-02
8.081450e-02
7.450094e-02
7.286270e-02
7.187401e-02
6.747849e-02
6.247311e-02
5.830491e-02
5.543334e-02
5.464845e-02
5.210369e-02
4.891245e-02
4.563509e-02
4.280199e-02
4.217676e-02
3.908719e-02
3.455918e-02
3.217369e-02
3.099990e-02
2.991031e-02
2.622718e-02
2.388731e-02
2.166717e-02
2.057429e-02
2.035376e-02
1.836406e-02
1.618875e-02
1.541621e-02
1.476942e-02
1.450402e-02
1.190558e-02
1.187630e-02
1.170585e-02
1.137389e-02
1.094637e-02
1.049948e-02
9.982323e-03
9.699341e-03
8.916341e-03
8.346451e-03
7.477093e-03
7.067040e-03
6.775008e-03
6.492475e-03
5.621552e-03
5.454956e-03
5.277353e-03
4.985411e-03
4.618858e-03
4.444052e-03
4.193444e-03
4.115954e-03
3.930213e-03
3.674689e-03
3.550208e-03
3.135973e-03
3.065040e-03
2.947587e-03
2.818465e-03
2.518386e-03
2.455284e-03
2.394040e-03
2.383149e-03
2.125869e-03
2.100963e-03
2.003359e-03
1.850003e-03
1.802707e-03
1.752002e-03
1.710302e-03
1.664377e-03
1.584525e-03
1.529089e-03
1.499976e-03
1.465687e-03
1.425304e-03
1.401856e-03
1.359758e-03
1.340098e-03
1.296499e-03
1.274693e-03
1.239470e-03
1.212441e-03
1.184540e-03
1.163691e-03
1.151454e-03
1.127796e-03
1.124198e-03
1.107933e-03
1.089817e-03
1.072792e-03
1.062930e-03
1.042630e-03
1.020718e-03
1.001082e-03
9.754761e-04
9.603907e-04
9.470094e-04
9.389241e-04
9.354586e-04
9.128429e-04
8.968658e-04
8.807968e-04
8.752221e-04
8.638483e-04
8.532549e-04
8.469556e-04
8.413543e-04
8.251622e-04
8.115473e-04
7.982120e-04
7.924993e-04
7.886641e-04
7.701468e-04
7.658426e-04
7.504417e-04
7.394997e-04
7.230035e-04
7.169405e-04
7.053643e-04
7.026932e-04
6.775968e-04
6.734590e-04
6.680906e-04
6.585695e-04
6.545811e-04
6.385904e-04
6.286315e-04
6.177739e-04
6.062120e-04
5.976931e-04
5.864292e-04
5.846415e-04
5.585660e-04
5.462797e-04
5.407038e-04
5.325004e-04
5.265136e-04
5.145558e-04
5.102530e-04
4.989280e-04
4.948020e-04
4.835248e-04
4.732085e-04
4.691638e-04
4.577322e-04
4.498190e-04
4.380351e-04
4.252971e-04
4.163531e-04
4.088649e-04
3.882502e-04
3.867763e-04
3.786795e-04
3.636368e-04
3.522786e-04
3.351767e-04
3.326485e-04
3.237138e-04
3.222038e-04
3.187173e-04
2.992746e-04
2.971370e-04
2.843299e-04
2.809042e-04
2.737496e-04
2.572642e-04
2.397794e-04
2.346562e-04
2.248539e-04
2.110439e-04
2.055040e-04
1.854276e-04
1.801613e-04
1.673429e-04
1.611158e-04
1.498834e-04
1.426233e-04
1.330512e-04
1.256929e-04
1.137852e-04
9.287456e-05
8.343084e-05
7.242642e-05
6.339375e-05
6.107674e-05
5.506068e-05
3.544581e-05
2.990186e-05
2.770767e-05
1.338484e-05
2.260938e-14
-7.829342e-14
-8.672993e-14
-4.109687e-06
-1.097364e-05
-3.004439e-05
-3.795071e-05
-4.654223e-05
-5.402422e-05
-6.332587e-05
-6.919915e-05
-8.372009e-05
-9.267494e-05
-1.007199e-04
-1.152638e-04
-1.182747e-04
-1.272217e-04
-1.366581e-04
-1.394997e-04
-1.425529e-04
-1.581777e-04
-1.704164e-04
-1.881181e-04
-2.048941e-04
-2.087615e-04
-2.130613e-04
-2.290873e-04
-2.460929e-04
-2.598278e-04
-2.737463e-04
-2.828306e-04
-2.965116e-04
-3.104158e-04
-3.256679e-04
-3.339248e-04
-3.522246e-04
-3.798060e-04
-3.814531e-04
-3.988886e-04
-4.201265e-04
-4.296879e-04
-4.376060e-04
-4.715553e-04
-4.778681e-04
-4.809147e-04
-5.039587e-04
-5.403744e-04
-5.897843e-04
