1.283499e+05
6.158854e+03
3.182597e+03
2.889393e+03
1.777057e+03
1.646929e+03
1.242263e+03
1.102256e+03
8.715667e+02
6.842427e+02
5.781348e+02
4.999451e+02
3.329285e+02
2.580466e+02
2.142312e+02
1.983649e+02
1.868517e+02
1.578613e+02
1.496227e+02
1.188881e+02
9.911245e+01
9.667833e+01
8.869231e+01
8.193781e+01
7.214942e+01
6.628105e+01
6.516754e+01
5.910531e+01
5.371674e+01
5.169312e+01
4.652485e+01
4.124395e+01
3.810645e+01
3.791055e+01
3.568293e+01
3.445591e+01
3.056375e+01
2.932432e+01
2.745402e+01
2.462030e+01
2.310596e+01
1.914603e+01
1.884005e+01
1.832250e+01
1.667560e+01
1.525219e+01
1.437681e+01
1.361969e+01
1.238733e+01
1.128465e+01
1.080721e+01
1.067513e+01
9.930165e+00
8.933171e+00
8.464877e+00
7.934141e+00
6.915844e+00
6.704848e+00
6.009939e+00
5.288761e+00
4.869013e+00
4.706575e+00
4.439995e+00
4.078818e+00
4.026580e+00
3.486440e+00
3.413745e+00
3.011939e+00
2.822037e+00
2.670019e+00
2.421330e+00
2.254685e+00
2.112332e+00
1.921228e+00
1.854489e+00
1.763710e+00
1.571827e+00
1.561136e+00
1.367504e+00
1.305814e+00
1.255218e+00
1.178690e+00
1.019446e+00
9.538154e-01
9.026867e-01
8.664334e-01
8.179339e-01
7.467621e-01
6.936634e-01
6.390494e-01
6.047975e-01
5.715606e-01
5.369068e-01
5.023150e-01
4.919050e-01
4.364204e-01
3.971433e-01
3.793446e-01
3.660048e-01
3.213885e-01
3.049443e-01
2.831358e-01
2.624757e-01
2.555268e-01
2.501395e-01
2.347039e-01
2.254452e-01
1.951798e-01
1.919354e-01
1.880757e-01
1.719829e-01
1.452481e-01
1.412066e-01
1.336751e-01
1.268093e-01
1.083310e-01
9.629655e-02
9.253550e-02
8.770186e-02
8.395284e-02
7.756933e-02
7.669397e-02
6.873446e-02
6.563219e-02
5.957244e-02
5.683913e-02
5.352456e-02
4.808565e-02
4.542213e-02
4.358892e-02
4.257207e-02
3.786467e-02
3.588137e-02
3.416571e-02
3.152546e-02
2.853204e-02
2.740157e-02
2.592464e-02
2.001201e-02
1.814498e-02
1.707609e-02
1.600144e-02
1.518942e-02
1.464801e-02
1.416786e-02
1.220295e-02
1.104560e-02
1.069395e-02
1.029841e-02
8.677664e-03
8.338627e-03
7.702257e-03
7.345466e-03
7.076161e-03
6.004628e-03
4.981072e-03
4.533795e-03
4.375787e-03
4.079898e-03
3.903747e-03
3.607701e-03
3.410225e-03
3.324096e-03
3.030837e-03
2.689291e-03
2.537301e-03
2.495539e-03
2.420396e-03
2.287921e-03
2.008907e-03
1.814541e-03
1.762245e-03
1.661358e-03
1.620405e-03
1.534758e-03
1.510991e-03
1.485780e-03
1.446129e-03
1.421109e-03
1.411107e-03
1.388845e-03
1.367128e-03
1.305604e-03
1.290676e-03
1.288676e-03
1.262411e-03
1.245714e-03
1.219064e-03
1.210523e-03
1.183822e-03
1.166711e-03
1.159692e-03
1.158859e-03
1.133222e-03
1.113525e-03
1.087018e-03
1.083120e-03
1.066917e-03
1.051483e-03
1.043096e-03
1.026460e-03
1.017569e-03
9.940467e-04
9.821911e-04
9.766680e-04
9.564452e-04
9.394743e-04
9.358897e-04
9.259369e-04
9.081517e-04
8.830266e-04
8.742671e-04
8.725931e-04
8.565991e-04
8.494104e-04
8.402673e-04
8.351479e-04
8.267687e-04
8.131880e-04
8.009899e-04
7.881180e-04
7.759617e-04
7.668938e-04
7.570685e-04
7.373026e-04
7.321343e-04
7.214833e-04
7.080256e-04
7.036692e-04
6.854944e-04
6.790757e-04
6.663827e-04
6.639826e-04
6.508863e-04
6.320983e-04
6.177081e-04
6.151375e-04
6.012899e-04
5.934671e-04
5.861978e-04
5.783811e-04
5.693927e-04
5.610337e-04
5.523210e-04
5.455863e-04
5.295563e-04
5.214601e-04
5.070466e-04
5.009100e-04
4.895069e-04
4.820614e-04
4.795104e-04
4.622353e-04
4.562536e-04
4.496893e-04
4.339439e-04
4.253295e-04
4.172242e-04
4.148262e-04
4.029714e-04
3.886737e-04
3.845518e-04
3.779221e-04
3.636956e-04
3.443905e-04
3.428437e-04
3.318168e-04
3.219427e-04
3.133148e-04
3.054190e-04
2.968184e-04
2.907673e-04
2.803114e-04
2.733588e-04
2.572318e-04
2.412212e-04
2.374581e-04
2.310374e-04
2.234363e-04
2.116127e-04
2.047567e-04
1.987325e-04
1.870433e-04
1.795261e-04
1.701053e-04
1.561298e-04
1.496042e-04
1.469418e-04
1.390019e-04
1.341402e-04
1.212902e-04
1.137888e-04
1.008092e-04
9.783762e-05
8.851806e-05
7.827493e-05
7.082265e-05
6.554601e-05
6.110842e-05
4.239161e-05
3.650121e-05
2.048713e-05
1.397113e-05
1.045608e-05
-9.266522e-06
-1.350030e-05
-1.649030e-05
-2.368711e-05
-3.466385e-05
-4.414883e-05
-5.688991e-05
-6.499526e-05
-6.876179e-05
-7.952908e-05
-9.547424e-05
-1.062037e-04
-1.129480e-04
-1.187524e-04
-1.276353e-04
-1.385392e-04
-1.453573e-04
-1.506149e-04
-1.603096e-04
-1.683650e-04
-1.828009e-04
-1.965733e-04
-2.039099e-04
-2.190037e-04
-2.229690e-04
-2.313663e-04
-2.382362e-04
-2.508560e-04
-2.538711e-04
-2.735870e-04
-2.908204e-04
-2.979799e-04
-2.996496e-04
-3.200342e-04
-3.242077e-04
-3.324095e-04
-3.380236e-04
-3.563313e-04
-3.595404e-04
-3.726646e-04
-3.910662e-04
-3.995795e-04
-4.004686e-04
-4.090990e-04
-4.220795e-04
-4.465913e-04
-4.596339e-04
-4.642580e-04
-4.839809e-04
-4.923168e-04
-4.941268e-04
-5.009946e-04
-5.196688e-04
-5.205593e-04
-5.445220e-04
-5.473824e-04
-5.681521e-04
-5.824480e-04
-5.851646e-04
-6.030174e-04
-6.317475e-04
-6.387087e-04
-6.546975e-04
-6.602104e-04
-6.656130e-04
-6.809689e-04
-6.883969e-04
-7.076145e-04
-7.172123e-04
-7.384413e-04
-7.648823e-04
-7.738380e-04
-7.802036e-04
-8.249798e-04
-8.271436e-04
-8.605496e-04
-8.707049e-04
-9.095801e-04
-9.137918e-04
-9.575251e-04
