9.580087e+09
9.789892e+08
1.786017e+08
1.081111e+08
9.110874e+07
6.899361e+07
5.230398e+07
4.753839e+07
3.691078e+07
2.712378e+07
2.514588e+07
2.037324e+07
1.840800e+07
1.773864e+07
1.373497e+07
1.006052e+07
8.449553e+06
7.793704e+06
6.800044e+06
4.995993e+06
4.715564e+06
4.301504e+06
3.980828e+06
3.579477e+06
3.487772e+06
3.162989e+06
2.612302e+06
2.508344e+06
1.944734e+06
1.850906e+06
1.651245e+06
1.540939e+06
1.478121e+06
1.277043e+06
1.210112e+06
1.163536e+06
9.463546e+05
8.076282e+05
7.608323e+05
5.723811e+05
5.269886e+05
4.786807e+05
4.057955e+05
3.767418e+05
3.358327e+05
2.955002e+05
2.860702e+05
2.323435e+05
2.119905e+05
1.479319e+05
1.196583e+05
1.014510e+05
9.727037e+04
7.657698e+04
6.687609e+04
5.647167e+04
4.844004e+04
4.482327e+04
4.388102e+04
2.769158e+04
1.977652e+04
1.529113e+04
1.449286e+04
9.040852e+03
8.566191e+03
6.946232e+03
5.704155e+03
4.413600e+03
3.495369e+03
3.061527e+03
2.332537e+03
1.780758e+03
1.632412e+03
1.403284e+03
7.889576e+02
7.034240e+02
4.921443e+02
4.656296e+02
2.651853e+02
2.385383e+02
1.373557e+02
1.223921e+02
1.157470e+02
9.709344e+01
8.576366e+01
7.156228e+01
2.584624e+01
1.677972e+01
1.385930e+01
1.118966e+01
6.769562e+00
4.029791e+00
3.428944e+00
2.505254e+00
1.625896e+00
1.308561e+00
5.939507e-01
4.937117e-01
3.561834e-01
3.233549e-01
1.561883e-01
1.402835e-01
1.039238e-01
9.406658e-02
6.660976e-02
6.572150e-02
5.560541e-02
4.780617e-02
3.973506e-02
3.329841e-02
2.745099e-02
2.297958e-02
1.991698e-02
1.861600e-02
1.289108e-02
1.045652e-02
7.332060e-03
2.856253e-03
1.367317e-04
-4.942658e-03
-6.366660e-03
-9.043977e-03
-1.285457e-02
-1.817094e-02
-2.325141e-02
-3.577035e-02
-4.366954e-02
-6.417075e-02
