9.691679e+09
6.011706e+08
2.267061e+08
1.162073e+08
7.438139e+07
5.148859e+07
4.538172e+07
3.458846e+07
2.699476e+07
2.172964e+07
1.915801e+07
1.782587e+07
1.332333e+07
8.876301e+06
8.306504e+06
6.928678e+06
5.883024e+06
5.382310e+06
4.797725e+06
4.101591e+06
3.864016e+06
3.665579e+06
3.322312e+06
2.893581e+06
2.621808e+06
2.080600e+06
2.024906e+06
1.838546e+06
1.413044e+06
1.267347e+06
1.090660e+06
9.792531e+05
9.403403e+05
9.290306e+05
8.076274e+05
7.547941e+05
7.154982e+05
6.427116e+05
5.787459e+05
5.342376e+05
4.548029e+05
3.939635e+05
3.382012e+05
3.038932e+05
2.799387e+05
2.629216e+05
2.143628e+05
2.106378e+05
1.920887e+05
1.713478e+05
1.478393e+05
1.103391e+05
1.018455e+05
8.569052e+04
7.787352e+04
7.031534e+04
6.610725e+04
5.304672e+04
4.509073e+04
3.409150e+04
3.339009e+04
1.700929e+04
1.519587e+04
1.125845e+04
8.712158e+03
7.719218e+03
6.699054e+03
5.159843e+03
4.537824e+03
4.365921e+03
4.144686e+03
3.262935e+03
2.529256e+03
2.326268e+03
2.090394e+03
1.586044e+03
1.455779e+03
9.073195e+02
7.147670e+02
5.338495e+02
4.704766e+02
3.189095e+02
2.387823e+02
1.514774e+02
1.192801e+02
9.017939e+01
6.471491e+01
4.319318e+01
4.187514e+01
2.318357e+01
1.560059e+01
1.383000e+01
9.542330e+00
7.493360e+00
6.046217e+00
3.374880e+00
2.139717e+00
1.962417e+00
1.322831e+00
1.125198e+00
9.013711e-01
7.865434e-01
4.845694e-01
4.379108e-01
3.655641e-01
2.986200e-01
2.643931e-01
1.920887e-01
1.892582e-01
1.602938e-01
1.434688e-01
1.262553e-01
1.095219e-01
9.080819e-02
8.259637e-02
5.526184e-02
4.595971e-02
4.179986e-02
-2.578455e-04
-2.312424e-02
-2.930589e-02
-4.216528e-02
-8.080897e-02
-9.427680e-02
-1.068384e-01
-1.360132e-01
-2.008125e-01
-3.724619e-01
