9.677558e+06
1.149660e+06
7.350288e+05
3.898894e+05
1.621194e+05
1.346178e+05
6.405679e+04
2.925151e+04
1.810723e+04
1.113961e+04
5.373579e+03
4.732397e+03
1.981030e+03
1.741876e+03
1.195834e+03
6.164510e+02
4.221083e+02
2.792431e+02
2.062893e+02
1.833122e+02
8.906011e+01
5.223149e+01
3.405825e+01
2.930132e+01
1.969677e+01
1.536292e+01
1.054672e+01
8.752434e+00
6.520115e+00
6.217999e+00
4.893751e+00
4.247865e+00
3.842008e+00
3.645489e+00
3.061807e+00
2.521562e+00
2.421298e+00
2.158113e+00
1.662329e+00
1.490298e+00
1.344902e+00
1.235653e+00
1.146964e+00
9.006066e-01
7.291365e-01
5.788251e-01
5.623558e-01
4.921105e-01
3.345269e-01
2.723770e-01
2.155850e-01
2.042133e-01
1.412213e-01
1.310483e-01
1.148399e-01
1.031583e-01
9.828504e-02
8.348465e-02
7.232285e-02
6.773257e-02
6.751245e-02
6.270917e-02
6.038499e-02
5.888306e-02
5.628888e-02
5.542704e-02
5.332309e-02
5.055779e-02
4.906664e-02
4.781101e-02
4.323546e-02
4.234383e-02
4.144861e-02
3.954159e-02
3.679438e-02
3.543419e-02
3.219341e-02
3.101349e-02
2.650064e-02
2.602665e-02
2.279648e-02
2.171425e-02
2.022848e-02
1.654744e-02
1.448674e-02
1.378673e-02
1.098622e-02
9.059617e-03
4.584587e-03
1.207015e-03
-3.008481e-03
-5.611160e-03
-9.920903e-03
-1.128371e-02
-1.427612e-02
-1.901554e-02
-3.120081e-02
-3.347056e-02
-3.951935e-02
-5.129542e-02
-5.787672e-02
-6.938469e-02
-8.060118e-02
-1.049789e-01
-1.337705e-01
-1.525531e-01
-2.288497e-01
-3.077409e-01
-4.008223e-01
-4.980713e-01
-5.095261e-01
-7.406135e-01
-7.864078e-01
-1.165713e+00
-1.330072e+00
-1.587400e+00
-1.849330e+00
-1.896291e+00
-2.370372e+00
-3.171650e+00
-3.740207e+00
-4.502753e+00
-5.464353e+00
-6.971565e+00
-9.062129e+00
-9.803835e+00
-1.926897e+01
-3.305972e+01
