2.135402e+12
1.710426e+12
1.617231e+12
1.455507e+12
1.324548e+12
1.224819e+12
1.073781e+12
1.057841e+12
1.002418e+12
9.293946e+11
8.670425e+11
8.309771e+11
7.814546e+11
7.654663e+11
7.344365e+11
6.977042e+11
6.679700e+11
6.445325e+11
6.147384e+11
5.962560e+11
5.654029e+11
5.246819e+11
5.106670e+11
4.895356e+11
4.739949e+11
4.635601e+11
4.418046e+11
4.213292e+11
4.091616e+11
3.980817e+11
3.793450e+11
3.652900e+11
3.469170e+11
3.397205e+11
3.345566e+11
3.297039e+11
3.233915e+11
3.013695e+11
2.959041e+11
2.844373e+11
2.766691e+11
2.699416e+11
2.658334e+11
2.525723e+11
2.407672e+11
2.355994e+11
2.226522e+11
2.174979e+11
2.150593e+11
2.097942e+11
2.044006e+11
2.023062e+11
1.962819e+11
1.837999e+11
1.819172e+11
1.755625e+11
1.714178e+11
1.678434e+11
1.660958e+11
1.615123e+11
1.602141e+11
1.521863e+11
1.495895e+11
1.480601e+11
1.434364e+11
1.361495e+11
1.334391e+11
1.319474e+11
1.270800e+11
1.239272e+11
1.191035e+11
1.180537e+11
1.159218e+11
1.121730e+11
1.098342e+11
1.092807e+11
1.085965e+11
1.042621e+11
1.032767e+11
1.004021e+11
9.894017e+10
9.735151e+10
9.400902e+10
9.341625e+10
9.050822e+10
8.979254e+10
8.753100e+10
8.460377e+10
8.242348e+10
8.199624e+10
8.107988e+10
7.873833e+10
7.824334e+10
7.671567e+10
7.547267e+10
7.386139e+10
7.131273e+10
6.871020e+10
6.841796e+10
6.628634e+10
6.559083e+10
6.502981e+10
6.400650e+10
6.294189e+10
6.177241e+10
6.062985e+10
5.839100e+10
5.784202e+10
5.602908e+10
5.529108e+10
5.325383e+10
5.220477e+10
5.144166e+10
5.097671e+10
4.994037e+10
4.818697e+10
4.691837e+10
4.644388e+10
4.567137e+10
4.327649e+10
4.246990e+10
3.854730e+10
3.510533e+10
3.185936e+10
2.660741e+10
2.440397e+10
2.618372e+09
1.473317e+09
