5.724204e+05
3.594723e+05
1.803985e+05
1.746061e+05
1.439206e+05
1.420583e+05
1.092023e+05
1.011476e+05
9.182145e+04
8.428759e+04
7.355562e+04
6.207038e+04
5.551354e+04
4.668944e+04
4.492074e+04
4.052443e+04
3.195517e+04
3.097362e+04
1.966219e+04
1.475643e+04
1.365730e+04
1.137679e+04
9.795976e+03
8.683591e+03
7.428991e+03
7.060660e+03
6.158749e+03
5.203388e+03
4.556573e+03
4.300089e+03
4.021710e+03
3.087631e+03
2.661139e+03
2.133309e+03
1.986240e+03
1.353321e+03
1.145229e+03
1.039421e+03
7.847923e+02
7.508578e+02
4.743859e+02
4.502994e+02
4.160383e+02
3.817668e+02
3.237698e+02
2.645180e+02
2.223970e+02
2.184960e+02
1.627068e+02
1.515212e+02
1.042530e+02
8.983294e+01
8.029140e+01
6.482497e+01
5.787064e+01
5.303354e+01
3.711738e+01
3.044870e+01
2.514860e+01
1.711817e+01
1.482290e+01
1.313446e+01
1.265837e+01
1.076096e+01
9.109938e+00
6.781061e+00
6.295748e+00
5.085500e+00
4.484915e+00
2.987446e+00
2.489641e+00
2.066472e+00
1.744015e+00
1.616267e+00
1.461699e+00
1.191947e+00
1.014586e+00
8.001740e-01
6.747788e-01
4.285568e-01
3.686744e-01
3.416289e-01
2.879800e-01
2.096495e-01
1.739852e-01
1.175028e-01
1.000219e-01
9.736806e-02
9.215486e-02
6.580191e-02
6.377887e-02
5.453207e-02
4.786313e-02
4.708907e-02
4.605220e-02
4.402322e-02
4.284547e-02
3.682372e-02
3.635727e-02
3.462942e-02
3.428583e-02
3.185391e-02
2.970018e-02
2.927398e-02
2.702531e-02
2.630586e-02
2.614550e-02
2.515134e-02
2.502720e-02
2.432541e-02
2.216979e-02
2.181704e-02
2.081711e-02
2.058130e-02
1.944187e-02
1.924513e-02
1.895634e-02
1.834141e-02
1.782548e-02
1.690724e-02
1.560545e-02
1.481336e-02
1.412994e-02
1.350889e-02
1.104432e-02
8.523283e-03
8.067148e-03
5.696400e-03
