8.836594e+04
3.498815e+03
2.418989e+03
1.913587e+03
9.817597e+02
6.945897e+02
5.232850e+02
4.036335e+02
3.093399e+02
2.518223e+02
2.345945e+02
1.928136e+02
1.825780e+02
1.588602e+02
1.567693e+02
1.445521e+02
1.346409e+02
1.268821e+02
1.155773e+02
1.139251e+02
9.983372e+01
9.577681e+01
8.927039e+01
8.350003e+01
7.279070e+01
6.713712e+01
6.442677e+01
6.113377e+01
5.798868e+01
5.612141e+01
5.384721e+01
4.827281e+01
4.565406e+01
4.232200e+01
3.919785e+01
3.715926e+01
3.603067e+01
3.435128e+01
3.225924e+01
2.922639e+01
2.830713e+01
2.540174e+01
2.479543e+01
2.234139e+01
1.977499e+01
1.836941e+01
1.764762e+01
1.686510e+01
1.532429e+01
1.494460e+01
1.370779e+01
1.266225e+01
1.223046e+01
1.045147e+01
1.032666e+01
9.419991e+00
9.181930e+00
8.209998e+00
8.052478e+00
7.642660e+00
6.841974e+00
6.312324e+00
6.284143e+00
5.299194e+00
4.897786e+00
4.872836e+00
4.467559e+00
4.321865e+00
4.051703e+00
3.585169e+00
3.278705e+00
2.769309e+00
2.742831e+00
2.556417e+00
2.450095e+00
2.053197e+00
1.992903e+00
1.884984e+00
1.768045e+00
1.703132e+00
1.489685e+00
1.355832e+00
1.330589e+00
1.259185e+00
1.119351e+00
1.050652e+00
1.047817e+00
9.647362e-01
9.203081e-01
8.740097e-01
8.372927e-01
7.820668e-01
7.337916e-01
7.099168e-01
6.541341e-01
6.020151e-01
5.703851e-01
5.262128e-01
4.908518e-01
4.644082e-01
4.467524e-01
4.349028e-01
3.990057e-01
3.604133e-01
3.469738e-01
3.278985e-01
3.157724e-01
3.078994e-01
2.866386e-01
2.668538e-01
2.608803e-01
2.435978e-01
2.122245e-01
2.071396e-01
1.956943e-01
1.878102e-01
1.761068e-01
1.599353e-01
1.555222e-01
1.429484e-01
1.318635e-01
1.306807e-01
1.257208e-01
1.139460e-01
1.096602e-01
9.885316e-02
9.214804e-02
8.485343e-02
7.580556e-02
7.349717e-02
7.226352e-02
6.835235e-02
6.200645e-02
5.570651e-02
5.426112e-02
5.048779e-02
4.803736e-02
4.507217e-02
4.230732e-02
3.844691e-02
3.741962e-02
3.633343e-02
3.497240e-02
3.101659e-02
2.772702e-02
2.719765e-02
2.668585e-02
2.430372e-02
2.354695e-02
2.257292e-02
2.192383e-02
1.816473e-02
1.654418e-02
1.637134e-02
1.534193e-02
1.437832e-02
1.339022e-02
1.298550e-02
1.227344e-02
1.149090e-02
1.057249e-02
9.655913e-03
9.103071e-03
8.685123e-03
8.483698e-03
7.603023e-03
7.280459e-03
6.928896e-03
6.518868e-03
6.189936e-03
6.111839e-03
5.580624e-03
5.143346e-03
4.903348e-03
4.577983e-03
4.273725e-03
3.815303e-03
3.676909e-03
3.550846e-03
3.371057e-03
3.126021e-03
2.874084e-03
2.787105e-03
2.578433e-03
2.432677e-03
2.298568e-03
2.147098e-03
2.112018e-03
2.065490e-03
2.015371e-03
1.988540e-03
1.904871e-03
1.842437e-03
1.783410e-03
1.761726e-03
1.640039e-03
1.602384e-03
1.533864e-03
1.496837e-03
1.467501e-03
1.408239e-03
1.344963e-03
1.312905e-03
1.301701e-03
1.255588e-03
1.246033e-03
1.215927e-03
1.202174e-03
1.187584e-03
1.158906e-03
1.136504e-03
1.114980e-03
1.109759e-03
1.087959e-03
1.074107e-03
1.059813e-03
1.045979e-03
1.038182e-03
1.032502e-03
1.012023e-03
1.007397e-03
9.829252e-04
9.552882e-04
9.497586e-04
9.285309e-04
9.244952e-04
9.113305e-04
9.025200e-04
8.789836e-04
8.765028e-04
8.534541e-04
8.473867e-04
8.334216e-04
8.278721e-04
8.221490e-04
8.106434e-04
7.914865e-04
7.899023e-04
7.615579e-04
7.479506e-04
7.409397e-04
7.349034e-04
7.249488e-04
7.202576e-04
7.126551e-04
7.072113e-04
6.957522e-04
6.840572e-04
6.620552e-04
6.552014e-04
6.458735e-04
6.368275e-04
6.304675e-04
6.257036e-04
6.150149e-04
6.090677e-04
5.914260e-04
5.863067e-04
5.729562e-04
5.574575e-04
5.498710e-04
5.460393e-04
5.346566e-04
5.225946e-04
5.176282e-04
5.041458e-04
5.011582e-04
4.870706e-04
4.790175e-04
4.745308e-04
4.703248e-04
4.568417e-04
4.470138e-04
4.436910e-04
4.257323e-04
4.207955e-04
4.059525e-04
4.003483e-04
3.929427e-04
3.896623e-04
3.768436e-04
3.644090e-04
3.591552e-04
3.412929e-04
3.354370e-04
3.298258e-04
3.163331e-04
3.117655e-04
3.020609e-04
2.992158e-04
2.850570e-04
2.709528e-04
2.632331e-04
2.586078e-04
2.531749e-04
2.488028e-04
2.429391e-04
2.330352e-04
2.202247e-04
2.105638e-04
1.987478e-04
1.866257e-04
1.797338e-04
1.739475e-04
1.661020e-04
1.587336e-04
1.422272e-04
1.338531e-04
1.279034e-04
1.114558e-04
1.043290e-04
9.497174e-05
8.410074e-05
7.317180e-05
6.814940e-05
5.725802e-05
5.442465e-05
4.332955e-05
3.813740e-05
2.123107e-05
1.789029e-05
1.355904e-05
6.770629e-14
-6.675336e-14
-5.770107e-06
-1.273777e-05
-1.563171e-05
-2.311629e-05
-3.314590e-05
-5.238541e-05
-5.557509e-05
-6.630630e-05
-7.339544e-05
-8.197709e-05
-9.137276e-05
-1.014279e-04
-1.057143e-04
-1.201156e-04
-1.243307e-04
-1.294528e-04
-1.435783e-04
-1.575357e-04
-1.668182e-04
-1.751878e-04
-1.850071e-04
-1.876328e-04
-1.920727e-04
-2.048979e-04
-2.307654e-04
-2.335740e-04
-2.517772e-04
-2.625554e-04
-2.714018e-04
-2.775262e-04
-2.846818e-04
-2.889707e-04
-3.070630e-04
-3.218283e-04
-3.356523e-04
-3.496898e-04
-3.534932e-04
-3.662787e-04
-3.730513e-04
-3.879745e-04
-3.972260e-04
-4.024545e-04
-4.269342e-04
-4.307690e-04
-4.475153e-04
-4.621784e-04
-4.775969e-04
-4.875627e-04
-4.987589e-04
-5.165618e-04
-5.322391e-04
-5.389689e-04
-5.612684e-04
-5.773671e-04
-5.871179e-04
-6.103225e-04
-6.160085e-04
-6.380397e-04
-6.787880e-04
-6.935009e-04
