1.125476e+10
8.821823e+08
2.369398e+08
1.104089e+08
9.755939e+07
8.062771e+07
7.617582e+07
4.759878e+07
4.378055e+07
3.637492e+07
3.253830e+07
2.873359e+07
2.802207e+07
2.454359e+07
1.532889e+07
1.445629e+07
1.271313e+07
1.134348e+07
1.036812e+07
7.973016e+06
7.765436e+06
7.665718e+06
6.974087e+06
5.530122e+06
5.012958e+06
4.614080e+06
3.529740e+06
3.414867e+06
3.250394e+06
2.730016e+06
2.660212e+06
2.079034e+06
1.963578e+06
1.812960e+06
1.720315e+06
1.583137e+06
1.397577e+06
1.301948e+06
1.208828e+06
1.139472e+06
9.744924e+05
9.111426e+05
7.446241e+05
6.298758e+05
5.680472e+05
5.450161e+05
4.615646e+05
3.824145e+05
3.638316e+05
3.371023e+05
3.292745e+05
3.117863e+05
2.517559e+05
2.305247e+05
1.924599e+05
1.556877e+05
1.310038e+05
1.261647e+05
1.214669e+05
9.164571e+04
8.026665e+04
6.201033e+04
6.028149e+04
4.681613e+04
3.877526e+04
3.477412e+04
3.258879e+04
2.554013e+04
1.722616e+04
1.474702e+04
1.297645e+04
1.178129e+04
8.252077e+03
7.075880e+03
3.932174e+03
3.253342e+03
2.817007e+03
1.804557e+03
1.585782e+03
9.324307e+02
8.817098e+02
5.487750e+02
4.991879e+02
2.602570e+02
1.388485e+02
1.196329e+02
7.064333e+01
6.642160e+01
4.789030e+01
2.264062e+01
1.897123e+01
1.282420e+01
1.094857e+01
7.633386e+00
5.293583e+00
1.972403e+00
1.903564e+00
1.196068e+00
9.501711e-01
9.015979e-01
6.749726e-01
5.611206e-01
4.983542e-01
3.880672e-01
3.256182e-01
2.791185e-01
2.489259e-01
2.399542e-01
2.094617e-01
1.766725e-01
1.615177e-01
1.340948e-01
1.278854e-01
1.202633e-01
6.918821e-02
5.786954e-02
3.403169e-02
1.581148e-02
-1.659215e-03
-4.576739e-02
-5.848914e-02
-7.716662e-02
-9.884600e-02
-1.178271e-01
-1.581212e-01
-1.778304e-01
-2.294366e-01
-2.884556e-01
