5.920890e+04
1.047062e+04
6.070396e+03
1.634369e+03
8.687885e+02
6.000467e+02
3.913271e+02
3.267216e+02
2.310108e+02
1.452630e+02
1.295236e+02
9.552157e+01
7.990522e+01
7.804889e+01
6.320990e+01
5.107154e+01
4.173772e+01
3.536677e+01
2.507360e+01
2.161986e+01
1.802721e+01
1.589880e+01
1.259188e+01
1.068011e+01
9.313814e+00
7.802623e+00
7.356002e+00
6.535129e+00
5.571299e+00
4.871784e+00
3.661282e+00
3.253530e+00
3.074513e+00
2.213026e+00
1.765274e+00
1.420317e+00
1.134950e+00
9.397678e-01
7.430483e-01
5.905241e-01
5.097464e-01
4.198689e-01
3.693517e-01
2.233458e-01
1.830289e-01
1.303511e-01
1.005198e-01
7.872426e-02
7.140694e-02
6.758481e-02
5.339053e-02
4.554000e-02
3.422131e-02
2.237126e-02
1.582898e-02
1.306627e-02
1.273723e-02
1.204079e-02
1.041755e-02
8.937139e-03
7.993449e-03
6.990725e-03
5.492647e-03
3.028979e-03
2.288459e-03
2.082101e-03
1.782857e-03
1.481027e-03
1.371608e-03
1.156502e-03
1.050338e-03
1.022452e-03
9.698677e-04
8.437634e-04
7.895827e-04
7.489707e-04
7.230648e-04
6.837607e-04
6.733725e-04
6.544207e-04
6.479425e-04
6.388028e-04
6.157465e-04
5.996631e-04
5.938340e-04
5.720687e-04
5.610808e-04
5.510834e-04
5.361260e-04
5.286163e-04
5.210426e-04
5.090687e-04
5.019854e-04
4.974613e-04
4.887262e-04
4.813101e-04
4.646565e-04
4.612595e-04
4.520542e-04
4.486722e-04
4.436696e-04
4.408118e-04
4.357286e-04
4.308837e-04
4.252720e-04
4.159218e-04
4.112607e-04
4.038490e-04
4.009964e-04
3.921286e-04
3.897697e-04
3.824870e-04
3.794725e-04
3.746825e-04
3.690311e-04
3.626499e-04
3.597810e-04
3.575232e-04
3.464135e-04
3.446255e-04
3.398023e-04
3.362192e-04
3.332767e-04
3.232794e-04
3.212405e-04
3.187422e-04
3.160709e-04
3.145169e-04
3.079436e-04
3.049223e-04
3.017286e-04
2.996146e-04
2.979305e-04
2.969045e-04
2.892892e-04
2.841508e-04
2.800147e-04
2.767238e-04
2.726588e-04
2.707696e-04
2.681749e-04
2.646172e-04
2.607909e-04
2.587043e-04
2.562400e-04
2.539300e-04
2.484250e-04
2.476214e-04
2.439531e-04
2.434707e-04
2.371155e-04
2.325560e-04
2.296775e-04
2.286212e-04
2.272662e-04
2.238381e-04
2.215234e-04
2.193058e-04
2.168056e-04
2.109870e-04
2.086039e-04
2.061368e-04
2.024061e-04
2.004538e-04
1.957538e-04
1.954299e-04
1.896964e-04
1.871262e-04
1.847472e-04
1.830668e-04
1.797142e-04
1.778915e-04
1.734306e-04
1.705974e-04
1.686491e-04
1.667171e-04
1.630812e-04
1.601638e-04
1.582846e-04
1.563786e-04
1.550444e-04
1.540584e-04
1.503768e-04
1.455923e-04
1.438084e-04
1.422906e-04
1.395231e-04
1.377937e-04
1.359060e-04
1.325225e-04
1.322409e-04
1.255609e-04
1.238391e-04
1.207005e-04
1.199376e-04
1.183669e-04
1.154800e-04
1.144739e-04
1.121245e-04
1.099898e-04
1.083210e-04
1.065380e-04
1.024583e-04
1.002748e-04
9.744273e-05
9.415898e-05
9.188629e-05
9.066705e-05
8.838057e-05
8.661991e-05
8.419915e-05
8.273400e-05
8.131658e-05
7.843728e-05
7.661829e-05
7.522028e-05
7.417081e-05
7.104704e-05
6.785232e-05
6.464340e-05
6.132834e-05
5.774007e-05
5.676262e-05
5.501637e-05
4.999706e-05
4.848017e-05
4.678062e-05
4.589961e-05
4.476929e-05
4.019692e-05
3.907657e-05
3.625818e-05
3.560027e-05
3.149100e-05
3.020551e-05
2.950492e-05
2.721947e-05
2.545882e-05
2.118862e-05
2.056877e-05
1.809181e-05
1.552514e-05
1.285941e-05
1.206531e-05
9.659526e-06
8.338110e-06
5.839946e-06
3.501909e-06
8.145326e-07
5.151371e-13
4.625830e-14
-6.880436e-14
-1.502037e-06
-3.537878e-06
-6.720487e-06
-9.103397e-06
-1.067263e-05
-1.387363e-05
-1.660485e-05
-1.762740e-05
-2.048706e-05
-2.342007e-05
-2.512963e-05
-2.581527e-05
-2.873971e-05
-3.149811e-05
-3.463144e-05
-3.554495e-05
-3.598126e-05
-3.880465e-05
-4.112890e-05
-4.226689e-05
-4.411032e-05
-4.868046e-05
-5.034055e-05
-5.353609e-05
-5.467031e-05
-5.731907e-05
-5.900511e-05
-6.032089e-05
-6.346692e-05
-6.411949e-05
-6.920570e-05
-7.249956e-05
-7.417051e-05
-7.635301e-05
-7.953775e-05
-8.138335e-05
-8.250993e-05
-8.784165e-05
-8.927992e-05
-9.019560e-05
-9.195946e-05
-9.466943e-05
-9.751599e-05
-9.917239e-05
-1.007301e-04
-1.038338e-04
-1.050559e-04
-1.087082e-04
-1.108289e-04
-1.136412e-04
-1.166594e-04
-1.223273e-04
-1.232913e-04
-1.269868e-04
-1.301860e-04
-1.312672e-04
-1.321949e-04
-1.377334e-04
-1.389652e-04
-1.417473e-04
-1.450351e-04
-1.459079e-04
-1.483427e-04
-1.493603e-04
-1.553103e-04
-1.583242e-04
-1.631313e-04
-1.643504e-04
-1.670558e-04
-1.675258e-04
-1.688060e-04
-1.723404e-04
-1.731656e-04
-1.802947e-04
-1.817615e-04
-1.862795e-04
-1.895403e-04
-1.924505e-04
-1.943618e-04
-1.958695e-04
-1.993788e-04
-2.022677e-04
-2.074913e-04
-2.098637e-04
-2.149244e-04
-2.208221e-04
-2.235207e-04
-2.274742e-04
-2.283175e-04
-2.309932e-04
-2.335877e-04
-2.377124e-04
-2.393537e-04
-2.426824e-04
-2.475545e-04
-2.504802e-04
-2.527608e-04
-2.574760e-04
-2.634174e-04
-2.657512e-04
-2.693055e-04
-2.734906e-04
-2.771568e-04
-2.820178e-04
-2.895547e-04
-2.909578e-04
-2.944882e-04
-2.963024e-04
-2.992573e-04
-3.047590e-04
-3.116665e-04
-3.163313e-04
-3.219739e-04
-3.257551e-04
-3.370659e-04
-3.389939e-04
-3.518944e-04
-3.608275e-04
-3.694047e-04
-3.773900e-04
-3.862474e-04
-4.012470e-04
-4.060871e-04
-4.201208e-04
-4.339071e-04
-4.626573e-04
-4.706281e-04
-4.886725e-04
-5.593057e-04
-7.672035e-04
-9.472267e-04
-1.145166e-03
