2.375557e+12
2.234983e+12
1.851612e+12
1.644125e+12
1.573457e+12
1.471663e+12
1.221989e+12
1.185136e+12
1.079667e+12
1.073291e+12
9.759130e+11
8.982510e+11
8.633367e+11
8.382811e+11
8.183346e+11
7.772418e+11
7.615289e+11
7.175929e+11
6.942287e+11
6.485162e+11
6.340836e+11
6.016076e+11
5.776219e+11
5.560643e+11
5.458024e+11
5.435647e+11
5.336982e+11
4.961312e+11
4.754728e+11
4.637261e+11
4.470725e+11
4.349782e+11
4.200717e+11
4.024560e+11
3.807577e+11
3.750488e+11
3.526088e+11
3.454127e+11
3.357445e+11
3.290079e+11
3.122566e+11
3.069695e+11
2.956035e+11
2.932847e+11
2.765753e+11
2.635949e+11
2.595288e+11
2.513384e+11
2.458940e+11
2.417493e+11
2.361534e+11
2.279130e+11
2.221349e+11
2.203583e+11
2.067302e+11
2.035091e+11
1.993292e+11
1.897849e+11
1.886599e+11
1.835081e+11
1.795253e+11
1.770259e+11
1.693079e+11
1.636516e+11
1.579782e+11
1.554176e+11
1.543436e+11
1.514148e+11
1.447433e+11
1.443251e+11
1.420169e+11
1.401039e+11
1.365686e+11
1.355540e+11
1.335653e+11
1.310316e+11
1.265877e+11
1.205634e+11
1.191004e+11
1.179550e+11
1.156256e+11
1.137301e+11
1.100008e+11
1.064475e+11
1.035028e+11
1.023778e+11
9.852768e+10
9.801099e+10
9.647040e+10
9.459427e+10
9.423915e+10
9.316883e+10
9.151570e+10
8.994861e+10
8.775091e+10
8.577316e+10
8.512272e+10
8.429973e+10
8.194851e+10
7.951551e+10
7.612093e+10
7.339015e+10
7.330515e+10
7.229277e+10
7.166838e+10
7.041491e+10
6.840641e+10
6.820749e+10
6.638873e+10
6.517995e+10
6.339277e+10
6.322863e+10
6.176891e+10
6.089298e+10
5.910832e+10
5.646288e+10
5.576261e+10
5.507552e+10
5.450863e+10
5.339211e+10
5.143726e+10
4.652711e+10
4.054241e+10
3.966994e+10
3.479058e+10
2.649487e+10
1.358628e+10
9.863706e+09
