1.286729e+05
6.479391e+03
3.085330e+03
2.556592e+03
1.788306e+03
1.555927e+03
1.535186e+03
9.612693e+02
8.442214e+02
7.063559e+02
5.742881e+02
4.872929e+02
3.174312e+02
2.488785e+02
2.183019e+02
1.831075e+02
1.716785e+02
1.565216e+02
1.399515e+02
1.169337e+02
1.129510e+02
1.011077e+02
9.417767e+01
9.073703e+01
7.594982e+01
7.108501e+01
6.345885e+01
5.651328e+01
4.797154e+01
4.698330e+01
4.555822e+01
4.139166e+01
3.788797e+01
3.589222e+01
3.149365e+01
3.075842e+01
2.579796e+01
2.568206e+01
2.470638e+01
2.160661e+01
2.126958e+01
2.082006e+01
1.920807e+01
1.673281e+01
1.647093e+01
1.432448e+01
1.321639e+01
1.270425e+01
1.169945e+01
1.096511e+01
1.024376e+01
9.396675e+00
8.895268e+00
8.138023e+00
7.445417e+00
7.075648e+00
6.422163e+00
6.359569e+00
5.840419e+00
5.292449e+00
5.013771e+00
4.668113e+00
4.417856e+00
3.764234e+00
3.609580e+00
3.460769e+00
3.220202e+00
2.896713e+00
2.718213e+00
2.575279e+00
2.442871e+00
2.424364e+00
2.143487e+00
2.082377e+00
1.945950e+00
1.860323e+00
1.735563e+00
1.526473e+00
1.456333e+00
1.314664e+00
1.087707e+00
1.063960e+00
9.821224e-01
9.396048e-01
8.799745e-01
8.044382e-01
7.587751e-01
7.575453e-01
7.145436e-01
6.631569e-01
6.267460e-01
5.701687e-01
5.107480e-01
4.943827e-01
4.522628e-01
4.101827e-01
3.803484e-01
3.551632e-01
3.311224e-01
3.052197e-01
3.001331e-01
2.735800e-01
2.675907e-01
2.610515e-01
2.541767e-01
2.295867e-01
2.253435e-01
1.986805e-01
1.795855e-01
1.683049e-01
1.597258e-01
1.483866e-01
1.424160e-01
1.265062e-01
1.128417e-01
1.052325e-01
1.035502e-01
9.797416e-02
9.339168e-02
8.797763e-02
8.193840e-02
7.720844e-02
7.530762e-02
7.080793e-02
6.578788e-02
5.860590e-02
5.333981e-02
5.179151e-02
5.032355e-02
4.530992e-02
3.810448e-02
3.302235e-02
3.086743e-02
2.796928e-02
2.645713e-02
2.616233e-02
2.335280e-02
2.126342e-02
1.917147e-02
1.696560e-02
1.608523e-02
1.465388e-02
1.370999e-02
1.314283e-02
1.206560e-02
1.069342e-02
9.398693e-03
8.738669e-03
8.303254e-03
7.543195e-03
7.396065e-03
7.101794e-03
6.594153e-03
6.410458e-03
5.773603e-03
5.466472e-03
4.830183e-03
4.538823e-03
4.407633e-03
3.937350e-03
3.282223e-03
2.823226e-03
2.625040e-03
2.445889e-03
2.221280e-03
2.105789e-03
2.000142e-03
1.912046e-03
1.813655e-03
1.750054e-03
1.659339e-03
1.560434e-03
1.535027e-03
1.515156e-03
1.492845e-03
1.477786e-03
1.387953e-03
1.374683e-03
1.369337e-03
1.341478e-03
1.329033e-03
1.290312e-03
1.268608e-03
1.249503e-03
1.244055e-03
1.219578e-03
1.207866e-03
1.185814e-03
1.171756e-03
1.169814e-03
1.135383e-03
1.129990e-03
1.116921e-03
1.108669e-03
1.094695e-03
1.083434e-03
1.069204e-03
1.046042e-03
1.027514e-03
1.016578e-03
1.005614e-03
9.924481e-04
9.723243e-04
9.694768e-04
9.564769e-04
9.359742e-04
9.309992e-04
9.283201e-04
9.139276e-04
8.888364e-04
8.678540e-04
8.615075e-04
8.553016e-04
8.515152e-04
8.384489e-04
8.189850e-04
8.093954e-04
8.015303e-04
7.888511e-04
7.826057e-04
7.721716e-04
7.522719e-04
7.442712e-04
7.391219e-04
7.236053e-04
7.138232e-04
7.064861e-04
6.919768e-04
6.827991e-04
6.742149e-04
6.676015e-04
6.562804e-04
6.339752e-04
6.256091e-04
6.141380e-04
6.052683e-04
5.934660e-04
5.799833e-04
5.756711e-04
5.687077e-04
5.565449e-04
5.510843e-04
5.450415e-04
5.289713e-04
5.231453e-04
5.180637e-04
5.080967e-04
4.947404e-04
4.809015e-04
4.755749e-04
4.739405e-04
4.676204e-04
4.575801e-04
4.455263e-04
4.424780e-04
4.267446e-04
4.144144e-04
4.036122e-04
4.004959e-04
3.988662e-04
3.806071e-04
3.763544e-04
3.708494e-04
3.525326e-04
3.504920e-04
3.293067e-04
3.248256e-04
3.192189e-04
3.021744e-04
3.009877e-04
2.822342e-04
2.778706e-04
2.674781e-04
2.500306e-04
2.428787e-04
2.379839e-04
2.305298e-04
2.175074e-04
2.150982e-04
2.106021e-04
1.956591e-04
1.876489e-04
1.807478e-04
1.783619e-04
1.675011e-04
1.582323e-04
1.521508e-04
1.259682e-04
1.190957e-04
1.140177e-04
1.036382e-04
9.914207e-05
8.762715e-05
7.819208e-05
7.253511e-05
6.549776e-05
5.830498e-05
5.159094e-05
3.770800e-05
2.908898e-05
2.029629e-05
9.336724e-06
-9.783137e-07
-1.205397e-05
-1.815888e-05
-2.656772e-05
-3.503122e-05
-4.429577e-05
-5.441880e-05
-5.802059e-05
-7.641417e-05
-7.918708e-05
-9.748276e-05
-1.006980e-04
-1.108060e-04
-1.115072e-04
-1.247868e-04
-1.295793e-04
-1.428702e-04
-1.470635e-04
-1.648271e-04
-1.767430e-04
-1.874051e-04
-2.009998e-04
-2.078777e-04
-2.136518e-04
-2.229134e-04
-2.396654e-04
-2.493472e-04
-2.544592e-04
-2.578457e-04
-2.695781e-04
-2.806416e-04
-2.924651e-04
-2.960849e-04
-3.009145e-04
-3.180049e-04
-3.370560e-04
-3.487666e-04
-3.520231e-04
-3.638762e-04
-3.704505e-04
-3.714729e-04
-3.969130e-04
-4.053081e-04
-4.105539e-04
-4.240104e-04
-4.364288e-04
-4.434647e-04
-4.472081e-04
-4.717341e-04
-4.832404e-04
-4.888523e-04
-4.966313e-04
-5.137596e-04
-5.307965e-04
-5.319580e-04
-5.421481e-04
-5.640544e-04
-5.725261e-04
-5.858106e-04
-5.953213e-04
-6.033828e-04
-6.142188e-04
-6.249095e-04
-6.359830e-04
-6.478904e-04
-6.608872e-04
-6.946068e-04
-7.073662e-04
-7.120938e-04
-7.292019e-04
-7.450267e-04
-7.654394e-04
-7.782435e-04
-7.988565e-04
-8.228247e-04
-8.299779e-04
-8.371507e-04
-8.519071e-04
-8.831678e-04
-8.991922e-04
-9.076776e-04
-9.344399e-04
