8.847962e+04
3.743395e+03
2.616488e+03
1.785661e+03
9.276799e+02
7.549232e+02
4.878766e+02
4.052010e+02
2.852715e+02
2.608355e+02
2.295128e+02
2.110460e+02
1.999072e+02
1.559994e+02
1.460567e+02
1.437975e+02
1.400806e+02
1.300976e+02
1.234684e+02
1.044891e+02
9.500340e+01
9.058698e+01
8.618018e+01
7.771313e+01
7.248324e+01
6.830568e+01
6.597832e+01
6.186278e+01
5.743068e+01
5.591261e+01
5.398352e+01
4.960228e+01
4.600689e+01
3.961301e+01
3.898923e+01
3.647567e+01
3.533550e+01
3.197603e+01
3.091270e+01
2.923276e+01
2.633916e+01
2.512925e+01
2.372748e+01
2.285898e+01
2.081320e+01
1.861288e+01
1.741114e+01
1.733652e+01
1.625061e+01
1.529572e+01
1.345995e+01
1.297886e+01
1.190826e+01
1.139238e+01
1.052809e+01
1.031661e+01
8.743417e+00
8.373175e+00
7.787522e+00
7.499199e+00
6.711305e+00
6.388051e+00
6.130639e+00
5.511940e+00
5.332212e+00
4.819162e+00
4.547880e+00
4.137206e+00
3.787874e+00
3.607722e+00
3.258646e+00
2.690787e+00
2.559475e+00
2.482253e+00
2.414066e+00
2.197205e+00
2.016345e+00
1.921458e+00
1.609903e+00
1.546088e+00
1.499550e+00
1.399582e+00
1.332027e+00
1.226780e+00
1.206429e+00
1.173668e+00
1.098511e+00
1.039083e+00
9.665812e-01
9.325690e-01
9.134076e-01
8.190939e-01
8.066452e-01
7.438311e-01
6.477614e-01
6.157545e-01
5.795415e-01
5.458624e-01
5.369431e-01
4.797705e-01
4.407704e-01
4.102443e-01
3.614094e-01
3.575761e-01
3.199787e-01
3.091886e-01
2.803574e-01
2.767652e-01
2.484952e-01
2.368329e-01
2.294386e-01
2.227465e-01
2.108489e-01
2.037914e-01
1.903975e-01
1.880082e-01
1.771881e-01
1.669493e-01
1.533848e-01
1.407212e-01
1.334229e-01
1.277686e-01
1.111804e-01
1.072865e-01
9.938296e-02
9.433579e-02
9.124212e-02
7.740419e-02
7.279413e-02
6.948926e-02
6.774214e-02
6.481756e-02
5.920080e-02
5.709627e-02
5.623949e-02
5.160470e-02
4.953226e-02
4.646792e-02
4.419156e-02
4.214340e-02
3.984542e-02
3.953177e-02
3.681068e-02
3.412484e-02
3.256537e-02
3.011937e-02
2.922974e-02
2.601597e-02
2.362856e-02
2.250248e-02
2.220535e-02
2.123995e-02
1.929050e-02
1.882702e-02
1.767353e-02
1.557292e-02
1.497238e-02
1.460286e-02
1.336663e-02
1.260413e-02
1.203997e-02
1.106050e-02
1.034305e-02
9.831690e-03
8.795816e-03
8.243358e-03
7.788160e-03
7.410538e-03
6.629552e-03
6.218604e-03
5.935718e-03
5.623889e-03
5.535522e-03
5.223014e-03
5.067884e-03
4.690946e-03
4.129113e-03
3.769098e-03
3.489706e-03
3.439321e-03
3.217714e-03
3.169201e-03
2.943575e-03
2.850633e-03
2.718909e-03
2.622874e-03
2.462805e-03
2.399433e-03
2.386756e-03
2.285830e-03
1.909063e-03
1.764533e-03
1.745123e-03
1.676944e-03
1.645230e-03
1.640667e-03
1.578990e-03
1.551309e-03
1.505193e-03
1.495745e-03
1.421180e-03
1.356574e-03
1.336320e-03
1.317195e-03
1.305899e-03
1.273605e-03
1.255698e-03
1.226635e-03
1.204906e-03
1.174353e-03
1.156532e-03
1.129637e-03
1.127222e-03
1.116605e-03
1.105261e-03
1.082951e-03
1.078267e-03
1.061655e-03
1.033699e-03
1.031276e-03
1.016183e-03
1.009914e-03
9.989380e-04
9.798813e-04
9.659304e-04
9.456812e-04
9.423262e-04
9.221653e-04
9.157176e-04
8.981203e-04
8.884671e-04
8.781462e-04
8.705909e-04
8.448208e-04
8.360713e-04
8.170643e-04
8.132402e-04
8.051177e-04
7.884236e-04
7.820507e-04
7.744259e-04
7.675621e-04
7.534133e-04
7.499722e-04
7.256363e-04
7.170657e-04
7.064802e-04
6.963954e-04
6.871083e-04
6.785712e-04
6.752305e-04
6.583891e-04
6.412087e-04
6.359135e-04
6.284718e-04
6.097680e-04
6.006028e-04
5.976461e-04
5.847149e-04
5.784394e-04
5.717478e-04
5.582559e-04
5.357414e-04
5.353699e-04
5.221288e-04
5.082076e-04
5.025674e-04
4.939074e-04
4.823568e-04
4.757154e-04
4.689606e-04
4.624519e-04
4.499721e-04
4.419590e-04
4.349906e-04
4.242111e-04
4.173926e-04
4.132208e-04
4.008536e-04
3.921253e-04
3.820708e-04
3.744802e-04
3.652280e-04
3.597146e-04
3.374220e-04
3.302672e-04
3.232844e-04
3.134557e-04
3.026583e-04
3.018420e-04
2.877799e-04
2.821875e-04
2.766433e-04
2.717207e-04
2.551561e-04
2.479044e-04
2.455795e-04
2.397227e-04
2.247418e-04
2.178386e-04
2.040598e-04
1.897562e-04
1.828668e-04
1.726188e-04
1.685642e-04
1.588444e-04
1.455668e-04
1.390692e-04
1.256554e-04
1.164393e-04
1.052222e-04
1.004327e-04
9.342699e-05
7.670930e-05
7.358528e-05
6.589947e-05
4.797404e-05
4.383110e-05
4.060708e-05
2.765264e-05
1.614457e-05
9.364026e-06
1.432520e-13
6.625713e-14
7.885043e-15
-3.265141e-14
-5.084434e-14
-7.747773e-06
-1.486203e-05
-1.786359e-05
-3.314285e-05
-3.648021e-05
-5.182259e-05
-6.035324e-05
-6.653737e-05
-7.069273e-05
-8.368417e-05
-9.142347e-05
-1.010049e-04
-1.175162e-04
-1.220622e-04
-1.401831e-04
-1.425436e-04
-1.527178e-04
-1.652951e-04
-1.746087e-04
-1.894768e-04
-1.939085e-04
-2.069197e-04
-2.099605e-04
-2.172618e-04
-2.312241e-04
-2.522996e-04
-2.602662e-04
-2.670683e-04
-2.808298e-04
-2.834935e-04
-2.947700e-04
-3.075511e-04
-3.264121e-04
-3.429987e-04
-3.551533e-04
-3.675396e-04
-3.765473e-04
-3.856722e-04
-3.903982e-04
-4.026496e-04
-4.141338e-04
-4.382822e-04
-4.539767e-04
-4.572297e-04
-4.782430e-04
-4.859735e-04
-4.905635e-04
-5.117630e-04
-5.249162e-04
-5.324340e-04
-5.513423e-04
-5.748076e-04
-5.812888e-04
-6.074528e-04
-6.158655e-04
-6.347869e-04
-6.968935e-04
