1.286079e+05
6.643111e+03
2.802380e+03
2.627928e+03
2.003715e+03
1.619593e+03
1.442615e+03
1.016813e+03
9.014048e+02
7.451251e+02
6.356011e+02
5.071800e+02
3.062650e+02
2.814485e+02
2.041412e+02
1.982464e+02
1.630341e+02
1.459681e+02
1.306353e+02
1.155656e+02
1.066000e+02
9.795729e+01
8.744027e+01
7.842829e+01
7.276622e+01
6.616988e+01
5.748775e+01
5.332333e+01
5.193104e+01
5.082367e+01
4.731196e+01
4.496149e+01
3.915359e+01
3.653809e+01
3.293469e+01
3.228265e+01
2.968266e+01
2.760607e+01
2.613676e+01
2.535131e+01
2.288758e+01
2.088952e+01
2.009822e+01
1.856457e+01
1.578031e+01
1.503342e+01
1.400621e+01
1.324795e+01
1.249702e+01
1.118415e+01
1.086346e+01
9.888640e+00
9.607414e+00
8.701385e+00
8.065733e+00
7.668535e+00
7.145436e+00
6.327923e+00
6.020639e+00
5.460168e+00
5.328265e+00
4.955386e+00
4.400908e+00
4.250397e+00
3.964599e+00
3.533591e+00
3.319637e+00
3.092859e+00
2.867321e+00
2.570435e+00
2.383287e+00
2.276467e+00
2.095455e+00
2.032815e+00
1.928258e+00
1.773486e+00
1.642972e+00
1.497409e+00
1.407542e+00
1.342370e+00
1.250898e+00
1.125319e+00
1.086694e+00
9.772508e-01
8.850507e-01
8.251998e-01
7.915748e-01
7.443182e-01
7.395480e-01
6.735955e-01
6.238241e-01
6.101319e-01
5.452080e-01
5.310265e-01
5.257649e-01
5.181565e-01
4.599692e-01
4.452250e-01
3.975413e-01
3.637718e-01
3.579743e-01
3.136564e-01
2.898100e-01
2.769417e-01
2.568675e-01
2.483403e-01
2.210391e-01
2.066479e-01
2.010013e-01
1.886054e-01
1.867579e-01
1.721042e-01
1.458072e-01
1.399980e-01
1.171834e-01
1.117206e-01
1.020042e-01
9.957611e-02
8.447356e-02
8.243834e-02
7.925138e-02
7.684071e-02
7.280486e-02
6.672386e-02
6.581127e-02
5.808557e-02
5.135590e-02
4.825884e-02
4.552838e-02
4.154196e-02
3.899638e-02
3.851828e-02
3.719854e-02
3.334633e-02
3.218779e-02
3.005628e-02
2.672196e-02
2.514907e-02
2.406168e-02
2.175535e-02
2.101459e-02
1.995938e-02
1.763342e-02
1.594993e-02
1.450056e-02
1.169918e-02
1.138228e-02
1.060612e-02
1.011606e-02
9.875299e-03
9.043940e-03
8.573479e-03
8.384252e-03
7.903995e-03
7.350727e-03
6.728871e-03
6.106924e-03
5.484613e-03
4.994233e-03
4.571405e-03
4.358075e-03
4.165895e-03
4.011058e-03
3.889730e-03
3.596963e-03
3.039786e-03
2.990688e-03
2.665279e-03
2.608837e-03
2.460900e-03
2.252566e-03
2.213562e-03
1.990335e-03
1.845055e-03
1.790273e-03
1.730909e-03
1.691139e-03
1.651970e-03
1.582986e-03
1.553932e-03
1.495513e-03
1.423337e-03
1.380967e-03
1.360275e-03
1.332922e-03
1.317173e-03
1.295819e-03
1.275676e-03
1.227338e-03
1.206794e-03
1.201118e-03
1.187127e-03
1.174703e-03
1.142711e-03
1.137340e-03
1.123079e-03
1.106861e-03
1.094743e-03
1.073603e-03
1.067639e-03
1.054149e-03
1.034337e-03
1.022995e-03
1.004486e-03
9.962383e-04
9.900847e-04
9.771276e-04
9.715778e-04
9.436309e-04
9.300301e-04
9.216770e-04
9.189006e-04
9.014965e-04
8.975585e-04
8.888330e-04
8.693223e-04
8.645674e-04
8.399872e-04
8.258066e-04
8.225936e-04
7.992632e-04
7.959136e-04
7.864793e-04
7.740621e-04
7.531221e-04
7.354859e-04
7.335868e-04
7.291842e-04
7.094459e-04
7.048091e-04
6.869912e-04
6.825096e-04
6.735000e-04
6.598787e-04
6.581437e-04
6.449627e-04
6.394204e-04
6.222955e-04
6.199529e-04
6.136753e-04
6.001510e-04
5.860797e-04
5.825830e-04
5.725775e-04
5.629234e-04
5.585243e-04
5.385486e-04
5.292048e-04
5.243218e-04
5.064271e-04
5.037801e-04
4.924613e-04
4.826974e-04
4.802389e-04
4.724384e-04
4.577881e-04
4.537957e-04
4.431685e-04
4.354309e-04
4.345390e-04
4.151507e-04
4.116021e-04
3.917286e-04
3.887919e-04
3.786665e-04
3.730133e-04
3.542113e-04
3.511546e-04
3.421772e-04
3.364898e-04
3.358760e-04
3.179254e-04
3.147818e-04
2.924948e-04
2.892794e-04
2.841160e-04
2.798684e-04
2.563170e-04
2.467158e-04
2.415633e-04
2.284032e-04
2.258120e-04
2.174378e-04
2.122091e-04
2.085676e-04
1.902525e-04
1.796857e-04
1.718572e-04
1.635953e-04
1.532913e-04
1.421078e-04
1.398393e-04
1.328442e-04
1.162301e-04
1.062537e-04
8.860436e-05
8.173827e-05
7.768208e-05
6.688545e-05
4.822493e-05
4.387540e-05
2.765865e-05
1.464109e-05
9.782395e-06
5.761127e-06
6.966138e-08
-2.901951e-06
-1.488038e-05
-2.660883e-05
-3.315603e-05
-4.091159e-05
-4.495414e-05
-5.002727e-05
-6.394515e-05
-7.836558e-05
-8.426241e-05
-8.735524e-05
-9.637078e-05
-1.087304e-04
-1.179611e-04
-1.295227e-04
-1.423799e-04
-1.550637e-04
-1.589420e-04
-1.724895e-04
-1.849008e-04
-1.922969e-04
-1.997245e-04
-2.073636e-04
-2.162572e-04
-2.234318e-04
-2.376568e-04
-2.436817e-04
-2.562683e-04
-2.635173e-04
-2.744193e-04
-2.852894e-04
-3.022734e-04
-3.093591e-04
-3.181106e-04
-3.394748e-04
-3.430960e-04
-3.488668e-04
-3.561468e-04
-3.682482e-04
-3.807436e-04
-3.909718e-04
-4.031512e-04
-4.128801e-04
-4.216767e-04
-4.382274e-04
-4.405456e-04
-4.507665e-04
-4.644429e-04
-4.725094e-04
-4.985266e-04
-5.022589e-04
-5.276871e-04
-5.334930e-04
-5.400021e-04
-5.487206e-04
-5.623250e-04
-5.703915e-04
-5.868127e-04
-6.014148e-04
-6.188867e-04
-6.270336e-04
-6.407902e-04
-6.555130e-04
-6.824546e-04
-6.891626e-04
-7.006004e-04
-7.291813e-04
-7.445968e-04
-7.638246e-04
-7.673682e-04
-7.825054e-04
-8.126986e-04
-8.278500e-04
-8.389468e-04
-8.577373e-04
-9.029532e-04
-9.526024e-04
-1.005459e-03
