4.369246e+04
8.115070e+03
7.553102e+02
2.924321e+02
1.891196e+02
6.422105e+01
4.475366e+01
2.211027e+01
1.292488e+01
8.034984e+00
2.339129e+00
1.476103e+00
6.954041e-01
3.638124e-01
1.480573e-01
8.812668e-02
3.276263e-02
1.881394e-02
1.171326e-02
4.021332e-03
2.503371e-03
1.997031e-03
1.837556e-03
1.686958e-03
1.607574e-03
1.552056e-03
1.464456e-03
1.395109e-03
1.353260e-03
1.331443e-03
1.277599e-03
1.258155e-03
1.205020e-03
1.195536e-03
1.166623e-03
1.155249e-03
1.118371e-03
1.080760e-03
1.063268e-03
1.050297e-03
1.038224e-03
9.963501e-04
9.787061e-04
9.713427e-04
9.623464e-04
9.475023e-04
9.338628e-04
9.176039e-04
9.002060e-04
8.885399e-04
8.845407e-04
8.664597e-04
8.615283e-04
8.498047e-04
8.467302e-04
8.261082e-04
8.177606e-04
8.028154e-04
7.948392e-04
7.856853e-04
7.738448e-04
7.580293e-04
7.469709e-04
7.446666e-04
7.388731e-04
7.155034e-04
7.092619e-04
7.004929e-04
6.897728e-04
6.684650e-04
6.607168e-04
6.559171e-04
6.485728e-04
6.446725e-04
6.336427e-04
6.299450e-04
6.247187e-04
6.076574e-04
6.056749e-04
5.868250e-04
5.805448e-04
5.635065e-04
5.576049e-04
5.496653e-04
5.460173e-04
5.333976e-04
5.249989e-04
5.221516e-04
5.142681e-04
5.049775e-04
5.011657e-04
4.928736e-04
4.869186e-04
4.749669e-04
4.696053e-04
4.589758e-04
4.533721e-04
4.454089e-04
4.383686e-04
4.371881e-04
4.291338e-04
4.217029e-04
4.111374e-04
4.036634e-04
3.851415e-04
3.800770e-04
3.737323e-04
3.719951e-04
3.618904e-04
3.530278e-04
3.458466e-04
3.414820e-04
3.325324e-04
3.188318e-04
3.093044e-04
3.016219e-04
2.960666e-04
2.891342e-04
2.880673e-04
2.804844e-04
2.745440e-04
2.705611e-04
2.580515e-04
2.507986e-04
2.457417e-04
2.365113e-04
2.347173e-04
2.311141e-04
2.226178e-04
2.143020e-04
2.065579e-04
1.940064e-04
1.919228e-04
1.819459e-04
1.786715e-04
1.750665e-04
1.643255e-04
1.585749e-04
1.433879e-04
1.389863e-04
1.362083e-04
1.235916e-04
1.179981e-04
1.110038e-04
1.037786e-04
9.197829e-05
8.987060e-05
8.765537e-05
7.476813e-05
6.751295e-05
6.264252e-05
6.048749e-05
4.840311e-05
4.583055e-05
3.835020e-05
2.999193e-05
1.444166e-05
3.064923e-06
-7.669091e-07
-1.136469e-05
-1.398884e-05
-2.559903e-05
-2.833208e-05
-3.216543e-05
-3.552493e-05
-4.342707e-05
-5.723467e-05
-6.670014e-05
-7.623492e-05
-8.600604e-05
-9.614303e-05
-1.060087e-04
-1.119100e-04
-1.226583e-04
-1.364013e-04
-1.476803e-04
-1.603191e-04
-1.634128e-04
-1.912550e-04
-1.983760e-04
-2.021510e-04
-2.122095e-04
-2.227719e-04
-2.367702e-04
-2.568749e-04
-2.851077e-04
-2.998227e-04
-3.080508e-04
-3.430493e-04
-5.928225e-04
-9.558112e-04
-1.198054e-03
