1.806972e+10
1.277525e+09
2.105079e+08
1.573914e+08
1.009469e+08
7.477001e+07
6.563925e+07
5.414795e+07
3.771737e+07
3.264588e+07
2.762264e+07
2.511333e+07
2.208956e+07
1.986726e+07
1.544771e+07
1.370018e+07
1.201284e+07
1.137725e+07
1.088522e+07
6.994722e+06
5.991646e+06
5.421040e+06
5.221595e+06
4.876646e+06
3.843782e+06
3.365865e+06
3.058772e+06
2.587136e+06
2.179823e+06
1.944688e+06
1.497542e+06
1.479580e+06
1.371045e+06
1.247013e+06
1.033848e+06
9.015186e+05
8.472171e+05
7.171265e+05
6.572298e+05
6.507868e+05
5.695666e+05
4.573709e+05
3.998175e+05
3.293804e+05
3.059607e+05
2.478342e+05
2.004567e+05
1.859129e+05
1.654546e+05
1.527349e+05
1.349503e+05
1.185052e+05
1.019662e+05
9.022721e+04
7.415160e+04
6.325981e+04
5.769604e+04
5.282098e+04
3.980652e+04
3.740506e+04
1.880792e+04
1.626505e+04
1.416466e+04
1.011468e+04
8.163848e+03
6.997368e+03
5.573366e+03
5.291279e+03
3.395781e+03
3.050473e+03
2.590323e+03
2.043411e+03
1.873367e+03
1.543998e+03
1.111546e+03
9.148511e+02
7.081049e+02
4.133475e+02
3.010620e+02
2.800535e+02
2.248721e+02
1.781996e+02
1.422990e+02
8.360054e+01
5.912873e+01
5.832274e+01
4.276348e+01
2.906694e+01
2.307570e+01
1.596843e+01
9.325513e+00
8.411903e+00
6.307014e+00
4.769046e+00
3.388481e+00
1.846677e+00
1.652154e+00
1.080461e+00
7.725675e-01
5.668274e-01
4.985215e-01
2.748977e-01
2.152413e-01
1.821730e-01
1.502206e-01
1.222217e-01
9.008945e-02
8.127894e-02
7.051108e-02
6.565649e-02
5.035123e-02
4.418946e-02
3.989334e-02
3.447081e-02
2.250653e-02
2.068803e-02
1.361720e-02
4.904629e-03
-9.359755e-04
-1.976633e-03
-4.820175e-03
-1.391104e-02
-1.742224e-02
-2.363058e-02
-3.458967e-02
-3.736581e-02
-7.560602e-02
-1.103325e+03
