1.339528e+08
2.202434e+07
1.623728e+06
1.496661e+06
1.015427e+06
3.285331e+05
2.065902e+05
9.683733e+04
2.271479e+04
1.129053e+04
4.000333e+03
1.499410e+03
5.641749e+02
2.724299e+02
7.203438e+01
6.232811e+01
5.358204e+01
4.046059e+01
3.541305e+01
3.260926e+01
2.838115e+01
2.793747e+01
2.537284e+01
2.004548e+01
1.740537e+01
1.715933e+01
1.571097e+01
1.505737e+01
1.391410e+01
1.303338e+01
1.271513e+01
1.159651e+01
1.081569e+01
1.044050e+01
1.035556e+01
1.019950e+01
9.146349e+00
8.415530e+00
7.919739e+00
7.608405e+00
7.335814e+00
6.800162e+00
6.246253e+00
5.921528e+00
5.447174e+00
5.394239e+00
5.267304e+00
5.088277e+00
4.557730e+00
4.346138e+00
4.101623e+00
3.759258e+00
3.465449e+00
3.231583e+00
2.843762e+00
2.483940e+00
2.313709e+00
2.082172e+00
2.032375e+00
1.747795e+00
1.701455e+00
1.468260e+00
1.359759e+00
1.161370e+00
1.116462e+00
8.885945e-01
7.263728e-01
6.708352e-01
5.017479e-01
4.362130e-01
3.524944e-01
3.135945e-01
2.915966e-01
2.205965e-01
1.323966e-01
7.628935e-02
5.401504e-02
7.695795e-03
-3.479576e-02
-7.107209e-02
-2.069511e-01
-2.632198e-01
-3.061182e-01
-3.245584e-01
-3.857000e-01
-4.651683e-01
-5.095881e-01
-5.942525e-01
-7.825701e-01
-8.607305e-01
-9.366923e-01
-1.175425e+00
-1.350287e+00
-1.515404e+00
-1.923052e+00
-1.989813e+00
-2.154236e+00
-2.428909e+00
-2.627770e+00
-2.735629e+00
-3.111320e+00
-3.426275e+00
-3.889249e+00
-4.010314e+00
-4.542766e+00
-4.742678e+00
-5.445839e+00
-5.542925e+00
-5.852113e+00
-6.919261e+00
-7.026284e+00
-7.497758e+00
-8.159876e+00
-9.556379e+00
-1.103004e+01
-1.303245e+01
-1.314636e+01
-1.473112e+01
-1.757805e+01
-1.795513e+01
-2.071970e+01
-2.518135e+01
-2.881431e+01
-3.504827e+01
-4.346288e+01
-4.840947e+01
-8.243412e+01
-9.350677e+01
