5.103738e+05
3.914604e+05
3.272596e+05
2.731913e+05
2.338333e+05
2.016570e+05
1.886090e+05
1.660704e+05
1.634644e+05
1.350403e+05
1.310489e+05
1.113881e+05
9.715755e+04
8.772835e+04
8.371501e+04
7.650193e+04
6.853280e+04
5.957477e+04
5.145096e+04
3.847520e+04
3.245725e+04
2.731931e+04
2.557491e+04
2.465376e+04
2.116741e+04
2.004795e+04
1.772889e+04
1.555656e+04
1.458927e+04
1.243524e+04
1.206834e+04
1.183838e+04
9.766209e+03
7.570993e+03
5.765794e+03
5.493673e+03
4.456845e+03
3.990389e+03
3.887377e+03
3.391023e+03
3.107583e+03
2.930747e+03
2.554139e+03
2.144385e+03
1.808777e+03
1.587203e+03
1.417855e+03
1.393628e+03
1.042827e+03
9.030161e+02
8.705983e+02
7.055895e+02
6.440282e+02
5.602386e+02
5.178822e+02
4.670414e+02
4.055778e+02
3.641722e+02
3.034069e+02
2.679821e+02
2.501627e+02
1.944532e+02
1.687108e+02
1.538942e+02
1.379922e+02
1.104700e+02
8.750720e+01
7.588712e+01
7.312259e+01
5.933022e+01
5.438435e+01
4.168305e+01
3.236555e+01
2.562943e+01
2.395469e+01
2.133807e+01
1.757895e+01
1.684806e+01
1.453995e+01
1.230372e+01
8.718171e+00
7.481487e+00
4.685316e+00
3.535576e+00
3.426799e+00
3.230834e+00
2.643270e+00
1.764701e+00
1.573690e+00
1.157771e+00
1.083227e+00
9.418880e-01
6.243777e-01
5.994234e-01
5.170079e-01
4.843092e-01
2.333512e-01
1.909680e-01
1.782596e-01
1.760892e-01
1.474961e-01
1.327660e-01
1.268000e-01
9.783287e-02
8.055860e-02
7.666659e-02
7.081684e-02
6.718347e-02
6.430208e-02
6.252379e-02
5.919939e-02
5.842290e-02
5.755404e-02
5.365678e-02
5.228209e-02
5.041206e-02
4.961743e-02
4.862600e-02
4.748558e-02
4.659289e-02
4.308848e-02
4.213484e-02
4.087876e-02
4.012070e-02
3.911042e-02
3.857105e-02
3.769108e-02
3.225620e-02
