1.269763e+05
6.773868e+03
4.324184e+03
1.597981e+03
1.487391e+03
1.198000e+03
6.076774e+02
5.642492e+02
4.973774e+02
4.485985e+02
3.969799e+02
3.337275e+02
3.039240e+02
2.687229e+02
2.400297e+02
2.068054e+02
1.976031e+02
1.780474e+02
1.602301e+02
1.581790e+02
1.404466e+02
1.335692e+02
1.204145e+02
1.129616e+02
1.049877e+02
9.688601e+01
9.358469e+01
8.187131e+01
7.678246e+01
7.234267e+01
6.787264e+01
6.389472e+01
6.013890e+01
5.781597e+01
5.193740e+01
5.011720e+01
4.600380e+01
4.523085e+01
3.952940e+01
3.865401e+01
3.494892e+01
3.304746e+01
3.284698e+01
3.006724e+01
2.695402e+01
2.510878e+01
2.342908e+01
2.051738e+01
2.003661e+01
1.921189e+01
1.725434e+01
1.631935e+01
1.528019e+01
1.429075e+01
1.358458e+01
1.183255e+01
1.134915e+01
1.091073e+01
9.886843e+00
9.507157e+00
9.057384e+00
8.501091e+00
7.845906e+00
6.998360e+00
6.565639e+00
5.742772e+00
5.461657e+00
5.060839e+00
4.826806e+00
4.440504e+00
4.269712e+00
3.938240e+00
3.661520e+00
3.320381e+00
3.023288e+00
2.883938e+00
2.686504e+00
2.603070e+00
2.128534e+00
2.106246e+00
2.059258e+00
1.942387e+00
1.601581e+00
1.514131e+00
1.486063e+00
1.349835e+00
1.206362e+00
1.113614e+00
1.004562e+00
9.257168e-01
9.038290e-01
8.860565e-01
8.724947e-01
7.980718e-01
7.375388e-01
6.943081e-01
5.637711e-01
5.212386e-01
5.064707e-01
4.077835e-01
3.998311e-01
3.666194e-01
3.567051e-01
3.176376e-01
3.013244e-01
2.775204e-01
2.700000e-01
2.555778e-01
2.467094e-01
2.326711e-01
2.224141e-01
2.187442e-01
1.848499e-01
1.767603e-01
1.459866e-01
1.426717e-01
1.373319e-01
1.289038e-01
1.188128e-01
1.054064e-01
1.031196e-01
9.474248e-02
8.808793e-02
8.305375e-02
7.811429e-02
7.740543e-02
7.456939e-02
6.294308e-02
6.246643e-02
5.759846e-02
5.038904e-02
4.566127e-02
4.415844e-02
4.294343e-02
4.081910e-02
3.566752e-02
3.353340e-02
3.291988e-02
3.077344e-02
2.822115e-02
2.549261e-02
2.485865e-02
1.817867e-02
1.710205e-02
1.605490e-02
1.512569e-02
1.492000e-02
1.425241e-02
1.242478e-02
1.126343e-02
1.086199e-02
8.829308e-03
8.173699e-03
7.428995e-03
6.632841e-03
6.258415e-03
5.896340e-03
5.452970e-03
5.000829e-03
4.996698e-03
4.787028e-03
4.513604e-03
4.331102e-03
4.150200e-03
3.361462e-03
3.165747e-03
3.065346e-03
2.945666e-03
2.738938e-03
2.384616e-03
2.121004e-03
2.093728e-03
2.043023e-03
1.883588e-03
1.694359e-03
1.676906e-03
1.587276e-03
1.459356e-03
1.369374e-03
1.339371e-03
1.315299e-03
1.269809e-03
1.267909e-03
1.238280e-03
1.218072e-03
1.192052e-03
1.186806e-03
1.170258e-03
1.157002e-03
1.154260e-03
1.140127e-03
1.133903e-03
1.107284e-03
1.087010e-03
1.078837e-03
1.060588e-03
1.047226e-03
1.027758e-03
1.019892e-03
1.012179e-03
1.007238e-03
9.960894e-04
9.764865e-04
9.645943e-04
9.587235e-04
9.504862e-04
9.454213e-04
9.384694e-04
9.298028e-04
9.196146e-04
9.036344e-04
8.968632e-04
8.891716e-04
8.766136e-04
8.739659e-04
8.695290e-04
8.636742e-04
8.518107e-04
8.396865e-04
8.276779e-04
8.238403e-04
8.143871e-04
8.109582e-04
7.915014e-04
7.864641e-04
7.759412e-04
7.724628e-04
7.686492e-04
7.612756e-04
7.536513e-04
7.473564e-04
7.400198e-04
7.374028e-04
7.319024e-04
7.111824e-04
7.050630e-04
6.998215e-04
6.955483e-04
6.820186e-04
6.746041e-04
6.608872e-04
6.589890e-04
6.531735e-04
6.503242e-04
6.437681e-04
6.295271e-04
6.254587e-04
6.131153e-04
6.037069e-04
5.932759e-04
5.858169e-04
5.848925e-04
5.764965e-04
5.738286e-04
5.667290e-04
5.600232e-04
5.524870e-04
5.504245e-04
5.417333e-04
5.378673e-04
5.295758e-04
5.256891e-04
5.139868e-04
5.112843e-04
5.005348e-04
4.907420e-04
4.870561e-04
4.783289e-04
4.727648e-04
4.688339e-04
4.609056e-04
4.538386e-04
4.434506e-04
4.393385e-04
4.352453e-04
4.325846e-04
4.233376e-04
4.167794e-04
4.062564e-04
4.020076e-04
3.893482e-04
3.857909e-04
3.789997e-04
3.692339e-04
3.628395e-04
3.539844e-04
3.478713e-04
3.428572e-04
3.361665e-04
3.258388e-04
3.187251e-04
3.153471e-04
3.009407e-04
2.955968e-04
2.890814e-04
2.805032e-04
2.797059e-04
2.623377e-04
2.599506e-04
2.571190e-04
2.500331e-04
2.400624e-04
2.300536e-04
2.290982e-04
2.195858e-04
2.118505e-04
2.103677e-04
2.051346e-04
1.959112e-04
1.941627e-04
1.893760e-04
1.816102e-04
1.660425e-04
1.602766e-04
1.490342e-04
1.457301e-04
1.395449e-04
1.317471e-04
1.289039e-04
1.196762e-04
1.152535e-04
1.081072e-04
9.874287e-05
9.630376e-05
9.285817e-05
7.945581e-05
6.712717e-05
6.471427e-05
6.353654e-05
5.238071e-05
4.454097e-05
4.277165e-05
3.596160e-05
2.320754e-05
1.761777e-05
1.493937e-05
7.695369e-06
-6.211564e-06
-1.773962e-05
-2.246567e-05
-3.285695e-05
-3.638517e-05
-4.519170e-05
-5.487404e-05
-6.548790e-05
-7.361700e-05
-8.063883e-05
-8.843182e-05
-9.407830e-05
-1.017670e-04
-1.081736e-04
-1.143849e-04
-1.221217e-04
-1.330348e-04
-1.380640e-04
-1.477025e-04
-1.495273e-04
-1.689912e-04
-1.781197e-04
-1.872767e-04
-1.954117e-04
-2.029315e-04
-2.057416e-04
-2.214147e-04
-2.258969e-04
-2.369016e-04
-2.391756e-04
-2.581613e-04
-2.683111e-04
-2.788197e-04
-2.850576e-04
-2.943379e-04
-3.153635e-04
-3.172163e-04
-3.234031e-04
-3.417636e-04
-3.484874e-04
-3.745286e-04
-3.828269e-04
-4.056767e-04
-4.147558e-04
-4.382335e-04
-4.517248e-04
-4.604819e-04
