3.490999e+10
1.865426e+10
7.899083e+09
4.468788e+09
4.093569e+09
3.839053e+09
3.406514e+09
3.030039e+09
2.917379e+09
2.832602e+09
2.315597e+09
2.270723e+09
2.110249e+09
2.035827e+09
1.786555e+09
1.712778e+09
1.697318e+09
1.632643e+09
1.604294e+09
1.510904e+09
1.445846e+09
1.393866e+09
1.336572e+09
1.267235e+09
1.227491e+09
1.133518e+09
1.118433e+09
1.108655e+09
1.013009e+09
9.972077e+08
9.810156e+08
9.599414e+08
9.389021e+08
9.075039e+08
8.528968e+08
8.459728e+08
8.237224e+08
8.059958e+08
7.818255e+08
7.485896e+08
7.130799e+08
7.086070e+08
6.825231e+08
6.697976e+08
6.611252e+08
6.218179e+08
6.189859e+08
5.953274e+08
5.819727e+08
5.612620e+08
5.484290e+08
5.287536e+08
5.132357e+08
4.932762e+08
4.900890e+08
4.811881e+08
4.697282e+08
4.610597e+08
4.600676e+08
4.446731e+08
4.366245e+08
4.303061e+08
4.194234e+08
3.890645e+08
3.854223e+08
3.733372e+08
3.520784e+08
3.425543e+08
3.290734e+08
3.217726e+08
3.204615e+08
3.164587e+08
3.026747e+08
2.943048e+08
2.848321e+08
2.764092e+08
2.716466e+08
2.644181e+08
2.580363e+08
2.439746e+08
2.432599e+08
2.407817e+08
2.316902e+08
2.235036e+08
2.177600e+08
2.094269e+08
2.019797e+08
1.980194e+08
1.936812e+08
1.869880e+08
1.808215e+08
1.785261e+08
1.666542e+08
1.625718e+08
1.593427e+08
1.503371e+08
1.474559e+08
1.430157e+08
1.410199e+08
1.365371e+08
1.325469e+08
1.270167e+08
1.200988e+08
1.099855e+08
1.055035e+08
1.013718e+08
9.768189e+07
9.495833e+07
9.083462e+07
8.680750e+07
8.009419e+07
7.564687e+07
7.058802e+07
6.682100e+07
6.467924e+07
6.301722e+07
5.578362e+07
3.399084e+07
3.062124e+07
2.737531e+07
2.252210e+07
2.100631e+07
2.069089e+07
1.698081e+07
1.161311e+07
3.396710e+06
1.276633e+06
4.128438e+05
