1.266818e+08
2.146829e+07
2.353856e+06
8.632176e+05
7.038234e+05
3.555472e+05
1.879657e+05
1.182529e+05
2.941982e+04
1.766817e+04
7.198935e+03
1.398770e+03
4.265174e+02
2.448102e+02
7.964223e+01
6.381068e+01
4.327545e+01
3.967433e+01
3.376070e+01
2.920424e+01
2.661561e+01
2.469391e+01
2.083219e+01
1.869564e+01
1.611452e+01
1.471241e+01
1.261875e+01
1.252952e+01
1.163875e+01
1.104294e+01
1.047842e+01
9.695312e+00
9.121724e+00
8.978268e+00
8.426862e+00
7.937379e+00
7.681134e+00
7.132005e+00
6.676579e+00
6.479401e+00
5.912612e+00
5.793145e+00
5.473629e+00
5.159706e+00
4.510447e+00
4.296367e+00
4.153740e+00
3.710661e+00
3.475845e+00
3.315663e+00
3.178947e+00
2.936643e+00
2.805623e+00
2.763964e+00
2.373257e+00
2.329277e+00
2.025422e+00
1.994423e+00
1.878884e+00
1.621033e+00
1.326576e+00
1.292460e+00
1.148362e+00
1.052840e+00
8.237545e-01
7.457019e-01
6.380050e-01
5.766609e-01
4.550812e-01
3.600612e-01
3.278196e-01
2.333084e-01
1.610410e-01
1.394960e-01
9.652881e-02
6.880423e-02
5.296298e-02
2.174870e-02
1.093163e-02
2.315583e-10
-2.162287e-12
-1.603368e-11
-8.706560e-02
-1.544935e-01
-3.400933e-01
-3.744096e-01
-4.693937e-01
-5.112094e-01
-6.524724e-01
-7.575884e-01
-1.045196e+00
-1.141284e+00
-1.415560e+00
-1.456767e+00
-1.533749e+00
-1.730180e+00
-1.826884e+00
-2.063966e+00
-2.085155e+00
-2.633774e+00
-2.868166e+00
-2.951873e+00
-3.125059e+00
-3.549469e+00
-3.711580e+00
-4.188330e+00
-4.405423e+00
-4.620589e+00
-4.978943e+00
-5.563319e+00
-6.633407e+00
-7.099139e+00
-7.447958e+00
-7.992426e+00
-9.279582e+00
-9.919634e+00
-1.120802e+01
-1.256831e+01
-1.373574e+01
-1.734018e+01
-1.886306e+01
-2.188372e+01
-2.355542e+01
-3.066915e+01
-3.482674e+01
-4.221840e+01
-6.253622e+01
-7.788174e+01
