3.099734e+12
2.491157e+12
2.195202e+12
2.081436e+12
1.840130e+12
1.766651e+12
1.524951e+12
1.470359e+12
1.384582e+12
1.249280e+12
1.192332e+12
1.134715e+12
1.110559e+12
1.054283e+12
9.964142e+11
9.321632e+11
8.966879e+11
8.448781e+11
8.116967e+11
7.675218e+11
7.605044e+11
7.420232e+11
6.928189e+11
6.736008e+11
6.479266e+11
6.218067e+11
5.986706e+11
5.762395e+11
5.694219e+11
5.499206e+11
5.326276e+11
5.184369e+11
4.916376e+11
4.724370e+11
4.532816e+11
4.386017e+11
4.292031e+11
4.252518e+11
4.037211e+11
3.943394e+11
3.821826e+11
3.570610e+11
3.530798e+11
3.512655e+11
3.381745e+11
3.213893e+11
3.172099e+11
3.064277e+11
3.020893e+11
2.963198e+11
2.865893e+11
2.789745e+11
2.747808e+11
2.595655e+11
2.550553e+11
2.444835e+11
2.433266e+11
2.369054e+11
2.332861e+11
2.235025e+11
2.215193e+11
2.184526e+11
2.103796e+11
2.058570e+11
1.948645e+11
1.927265e+11
1.869322e+11
1.862164e+11
1.788929e+11
1.755311e+11
1.723895e+11
1.689916e+11
1.637024e+11
1.609444e+11
1.561279e+11
1.557639e+11
1.546881e+11
1.511436e+11
1.458731e+11
1.434345e+11
1.420145e+11
1.376392e+11
1.348214e+11
1.345515e+11
1.322202e+11
1.283864e+11
1.276303e+11
1.237055e+11
1.230104e+11
1.200373e+11
1.175858e+11
1.161952e+11
1.117722e+11
1.077822e+11
1.051599e+11
1.037614e+11
1.019084e+11
1.014737e+11
1.007921e+11
9.943526e+10
9.712378e+10
9.550786e+10
9.466583e+10
9.332784e+10
9.017179e+10
8.916413e+10
8.658626e+10
8.490379e+10
8.362485e+10
8.230670e+10
8.131741e+10
7.989370e+10
7.895137e+10
7.810258e+10
7.564285e+10
7.424578e+10
7.279915e+10
6.882162e+10
6.733494e+10
6.624728e+10
6.391882e+10
6.339267e+10
5.907277e+10
5.680906e+10
5.481952e+10
4.924392e+10
3.324065e+10
2.011605e+08
