2.255934e+12
1.765569e+12
1.688681e+12
1.545369e+12
1.418515e+12
1.304400e+12
1.208824e+12
1.184092e+12
1.075040e+12
9.709495e+11
8.728939e+11
8.600673e+11
8.283643e+11
7.985745e+11
7.831302e+11
7.271791e+11
7.229352e+11
6.922367e+11
6.534321e+11
6.323648e+11
5.847678e+11
5.476732e+11
5.297209e+11
5.060723e+11
4.808311e+11
4.611330e+11
4.395483e+11
4.342191e+11
4.085558e+11
4.035246e+11
3.893007e+11
3.728065e+11
3.688005e+11
3.429176e+11
3.341065e+11
3.210099e+11
3.156104e+11
3.071111e+11
2.895548e+11
2.834644e+11
2.802327e+11
2.699024e+11
2.688842e+11
2.651564e+11
2.474692e+11
2.453895e+11
2.405022e+11
2.246219e+11
2.185115e+11
2.131985e+11
2.074917e+11
2.023812e+11
1.960331e+11
1.883938e+11
1.823397e+11
1.804012e+11
1.737764e+11
1.691369e+11
1.680335e+11
1.649595e+11
1.586179e+11
1.562037e+11
1.519285e+11
1.434997e+11
1.399923e+11
1.370150e+11
1.350969e+11
1.317496e+11
1.261944e+11
1.210509e+11
1.202601e+11
1.197642e+11
1.191740e+11
1.179743e+11
1.112364e+11
1.104641e+11
1.070785e+11
1.054802e+11
1.036577e+11
1.006778e+11
1.002022e+11
9.897523e+10
9.646578e+10
9.329335e+10
9.147346e+10
8.971069e+10
8.788768e+10
8.689509e+10
8.472848e+10
8.371257e+10
8.098503e+10
7.952781e+10
7.912228e+10
7.747196e+10
7.579964e+10
7.461122e+10
7.187330e+10
7.133143e+10
7.037519e+10
6.866500e+10
6.793255e+10
6.640715e+10
6.502622e+10
6.368450e+10
6.313485e+10
6.223303e+10
6.154657e+10
6.004299e+10
5.801486e+10
5.660336e+10
5.545839e+10
5.429591e+10
5.389447e+10
5.279152e+10
5.246219e+10
5.134865e+10
5.024918e+10
4.957830e+10
4.810181e+10
4.558846e+10
4.349623e+10
4.175949e+10
4.067991e+10
3.961716e+10
3.213042e+10
9.783481e+09
1.869496e+09
1.259822e+09
