3.103790e+10
1.621975e+10
8.024400e+09
4.654004e+09
4.524954e+09
3.896043e+09
3.580114e+09
2.969051e+09
2.760280e+09
2.481781e+09
2.261130e+09
2.086152e+09
1.899804e+09
1.857546e+09
1.774246e+09
1.616860e+09
1.595821e+09
1.549115e+09
1.521959e+09
1.430891e+09
1.423106e+09
1.377941e+09
1.289378e+09
1.267663e+09
1.184481e+09
1.123343e+09
1.097930e+09
1.070941e+09
1.048858e+09
1.020611e+09
9.939617e+08
9.672541e+08
9.392942e+08
9.018625e+08
8.875892e+08
8.679844e+08
8.196074e+08
7.956563e+08
7.878659e+08
7.561634e+08
7.349485e+08
7.285251e+08
7.137708e+08
6.878979e+08
6.555245e+08
6.441448e+08
6.208483e+08
6.083281e+08
5.983797e+08
5.832844e+08
5.747319e+08
5.474243e+08
5.354230e+08
5.322333e+08
5.091822e+08
4.970554e+08
4.796732e+08
4.781170e+08
4.766872e+08
4.596390e+08
4.465092e+08
4.448209e+08
4.191702e+08
4.112998e+08
4.033913e+08
3.938462e+08
3.836395e+08
3.663000e+08
3.606370e+08
3.473704e+08
3.417458e+08
3.340574e+08
3.238676e+08
3.148491e+08
3.129995e+08
3.048382e+08
2.981115e+08
2.859444e+08
2.797103e+08
2.646810e+08
2.599954e+08
2.507322e+08
2.457850e+08
2.399106e+08
2.332321e+08
2.296143e+08
2.225365e+08
2.127008e+08
2.066000e+08
2.016257e+08
1.952309e+08
1.934071e+08
1.832495e+08
1.782264e+08
1.716772e+08
1.660301e+08
1.626918e+08
1.533017e+08
1.490951e+08
1.471511e+08
1.439030e+08
1.377237e+08
1.357535e+08
1.304563e+08
1.174795e+08
1.120340e+08
1.101142e+08
1.018282e+08
9.876148e+07
9.548945e+07
8.738794e+07
8.285832e+07
7.438430e+07
6.755189e+07
5.964628e+07
5.195586e+07
4.952655e+07
4.698722e+07
4.091175e+07
3.412623e+07
2.527022e+07
1.937595e+07
1.740983e+07
8.529104e+06
8.206228e+06
7.771050e+06
6.235120e+05
5.671598e+05
