1.999622e+05
1.649766e+04
7.474391e+03
2.334056e+03
2.405182e+02
2.388036e+01
1.146544e+01
6.398642e+00
1.570603e+00
2.131997e-01
6.972945e-02
4.529627e-02
3.453346e-02
3.180284e-02
2.850386e-02
2.434182e-02
2.142151e-02
2.060719e-02
1.893118e-02
1.872448e-02
1.638442e-02
1.611669e-02
1.535516e-02
1.427849e-02
1.414735e-02
1.325494e-02
1.261283e-02
1.195665e-02
1.135657e-02
1.084345e-02
1.037383e-02
9.733560e-03
9.467718e-03
9.258215e-03
8.990264e-03
8.582331e-03
8.177254e-03
7.901780e-03
7.601113e-03
7.284298e-03
7.119516e-03
6.862451e-03
6.775738e-03
6.732083e-03
6.374079e-03
5.856090e-03
5.728459e-03
5.520848e-03
5.485732e-03
5.144123e-03
4.992444e-03
4.444775e-03
4.275321e-03
4.166816e-03
3.960349e-03
3.826109e-03
3.463552e-03
3.270330e-03
3.131482e-03
2.882967e-03
2.832165e-03
2.626871e-03
2.509276e-03
2.403083e-03
2.345122e-03
2.222508e-03
1.909793e-03
1.843938e-03
1.688606e-03
1.566034e-03
1.450313e-03
1.309081e-03
1.219798e-03
1.135624e-03
1.077322e-03
9.935459e-04
9.017858e-04
8.431467e-04
7.482675e-04
6.618098e-04
5.385517e-04
4.470141e-04
3.648949e-04
2.967742e-04
-1.959773e-05
-2.318426e-04
-2.490234e-04
-4.802335e-04
-5.689616e-04
-6.704295e-04
-7.552640e-04
-1.251230e-03
-1.539278e-03
-1.570815e-03
-1.784311e-03
-2.103955e-03
-2.532910e-03
-2.802204e-03
-2.857048e-03
-3.299691e-03
-3.730105e-03
-3.989766e-03
-4.559405e-03
-5.231417e-03
-5.689588e-03
-6.176470e-03
-6.431124e-03
-7.215366e-03
-7.592309e-03
-9.133148e-03
-9.453888e-03
-9.856670e-03
-1.104138e-02
-1.225322e-02
-1.429358e-02
-1.582644e-02
-1.620260e-02
-1.801668e-02
-1.898379e-02
-2.115533e-02
-2.280789e-02
-2.438794e-02
-2.736521e-02
-2.969112e-02
-3.726333e-02
-4.109860e-02
-7.037447e-02
-8.328541e-02
