6.221549e+05
4.334194e+05
3.901479e+05
3.490146e+05
3.020559e+05
2.868830e+05
2.445281e+05
2.117285e+05
1.781550e+05
1.699298e+05
1.564912e+05
1.523429e+05
1.272574e+05
1.239294e+05
1.113078e+05
9.807910e+04
8.390160e+04
7.859796e+04
6.262411e+04
5.708975e+04
4.706526e+04
4.386567e+04
4.110969e+04
3.926347e+04
3.191018e+04
3.066172e+04
2.669995e+04
2.538051e+04
2.270077e+04
2.125011e+04
1.836116e+04
1.611446e+04
1.318304e+04
1.069942e+04
8.962285e+03
8.363174e+03
8.014003e+03
7.480373e+03
6.228822e+03
5.678511e+03
5.465833e+03
5.040274e+03
4.561960e+03
4.032526e+03
3.647621e+03
3.082487e+03
2.316144e+03
2.251073e+03
2.069593e+03
1.989852e+03
1.520478e+03
1.110578e+03
1.004513e+03
9.370447e+02
8.627103e+02
8.246674e+02
6.518024e+02
6.184655e+02
5.283832e+02
5.047371e+02
4.739930e+02
4.203846e+02
3.779648e+02
3.555699e+02
3.311994e+02
2.164404e+02
2.100614e+02
1.676772e+02
1.555963e+02
1.432252e+02
1.270243e+02
1.099705e+02
8.325392e+01
7.481503e+01
6.073387e+01
4.352407e+01
3.900087e+01
3.488792e+01
2.733159e+01
1.854058e+01
1.546982e+01
1.403111e+01
1.242500e+01
1.207163e+01
1.036562e+01
7.586172e+00
7.145949e+00
6.476547e+00
5.270120e+00
4.688255e+00
3.774655e+00
3.255413e+00
2.799563e+00
2.399949e+00
2.121908e+00
1.814348e+00
1.183928e+00
8.960747e-01
7.873009e-01
6.955606e-01
5.049199e-01
4.611239e-01
2.240697e-01
1.648752e-01
1.525309e-01
1.470796e-01
1.382902e-01
1.180429e-01
1.031855e-01
9.829764e-02
9.581511e-02
9.041297e-02
7.989953e-02
7.944834e-02
7.843021e-02
7.757039e-02
7.582521e-02
7.574784e-02
7.300689e-02
7.090504e-02
5.893923e-02
5.790013e-02
5.133824e-02
4.777822e-02
4.588400e-02
4.156531e-02
3.155705e-02
-2.036546e-11
