2.309747e+12
1.578101e+12
1.502073e+12
1.378482e+12
1.278063e+12
1.206754e+12
1.082499e+12
1.072298e+12
9.676367e+11
9.290701e+11
8.775843e+11
8.337403e+11
8.061108e+11
7.787735e+11
7.546057e+11
7.123136e+11
6.699804e+11
6.201819e+11
5.899256e+11
5.685500e+11
5.572236e+11
5.243078e+11
5.084761e+11
5.032119e+11
4.867893e+11
4.656480e+11
4.383271e+11
4.301175e+11
4.202741e+11
4.052709e+11
3.772213e+11
3.687399e+11
3.578890e+11
3.480318e+11
3.434370e+11
3.349864e+11
3.128132e+11
3.043984e+11
2.973528e+11
2.909201e+11
2.780548e+11
2.763257e+11
2.655294e+11
2.551825e+11
2.433495e+11
2.308133e+11
2.234438e+11
2.215816e+11
2.158088e+11
2.123754e+11
2.016724e+11
1.931489e+11
1.840112e+11
1.800482e+11
1.760632e+11
1.707651e+11
1.675853e+11
1.655393e+11
1.629665e+11
1.545757e+11
1.536591e+11
1.514697e+11
1.472732e+11
1.444786e+11
1.431997e+11
1.401512e+11
1.362304e+11
1.340132e+11
1.310016e+11
1.272159e+11
1.250086e+11
1.216646e+11
1.187833e+11
1.162012e+11
1.143952e+11
1.106508e+11
1.085726e+11
1.066011e+11
1.043311e+11
1.028663e+11
9.974671e+10
9.807353e+10
9.653560e+10
9.602176e+10
9.243147e+10
9.123685e+10
9.029575e+10
8.822093e+10
8.685026e+10
8.569634e+10
8.436206e+10
8.190149e+10
8.067154e+10
7.758000e+10
7.594095e+10
7.542549e+10
7.340919e+10
7.237956e+10
7.208423e+10
7.080063e+10
6.929170e+10
6.853147e+10
6.653562e+10
6.546717e+10
6.369254e+10
6.212869e+10
6.193519e+10
5.969532e+10
5.896496e+10
5.807775e+10
5.695159e+10
5.650149e+10
5.571546e+10
5.498580e+10
5.393253e+10
5.206814e+10
4.983931e+10
4.923229e+10
4.757952e+10
4.629646e+10
4.510769e+10
4.252916e+10
4.069680e+10
4.052897e+10
3.876378e+10
3.498857e+10
3.265793e+10
1.955158e+09
