2.371017e+12
1.838983e+12
1.408424e+12
1.332140e+12
1.280738e+12
1.228393e+12
1.107381e+12
1.056279e+12
9.812074e+11
9.105359e+11
8.783891e+11
8.252824e+11
8.058303e+11
7.751458e+11
7.230664e+11
7.035769e+11
6.684378e+11
6.300418e+11
6.273131e+11
5.837198e+11
5.500476e+11
5.357286e+11
5.164635e+11
4.966078e+11
4.761809e+11
4.628215e+11
4.353421e+11
4.241467e+11
4.110141e+11
3.962970e+11
3.866628e+11
3.733734e+11
3.666113e+11
3.489945e+11
3.304160e+11
3.182187e+11
3.088862e+11
3.012413e+11
2.980092e+11
2.952048e+11
2.718038e+11
2.633398e+11
2.549614e+11
2.388630e+11
2.344666e+11
2.304536e+11
2.219924e+11
2.192355e+11
2.056738e+11
2.019653e+11
1.974760e+11
1.966318e+11
1.923985e+11
1.855728e+11
1.820701e+11
1.746445e+11
1.714286e+11
1.702854e+11
1.667444e+11
1.621745e+11
1.581787e+11
1.551454e+11
1.485883e+11
1.475069e+11
1.448998e+11
1.394529e+11
1.361242e+11
1.337596e+11
1.320449e+11
1.262461e+11
1.234137e+11
1.221170e+11
1.159167e+11
1.132931e+11
1.112197e+11
1.093816e+11
1.066295e+11
1.057683e+11
1.032739e+11
1.008728e+11
1.001610e+11
9.880996e+10
9.652843e+10
9.420426e+10
9.205770e+10
9.089592e+10
8.948812e+10
8.742475e+10
8.632419e+10
8.295784e+10
8.129084e+10
8.012841e+10
7.811582e+10
7.627015e+10
7.515881e+10
7.390482e+10
7.269460e+10
7.170847e+10
6.954689e+10
6.904502e+10
6.775599e+10
6.705248e+10
6.482112e+10
6.439318e+10
6.370294e+10
6.116079e+10
6.044835e+10
5.890018e+10
5.809038e+10
5.759000e+10
5.625575e+10
5.485326e+10
5.424296e+10
5.268466e+10
5.155939e+10
5.102064e+10
5.036642e+10
4.947338e+10
4.820338e+10
4.690838e+10
4.611900e+10
4.434876e+10
4.300409e+10
4.151037e+10
3.926682e+10
2.525384e+10
1.357342e+10
1.207113e+10
