4.033250e+12
2.783188e+12
2.415242e+12
2.063386e+12
1.799713e+12
1.688447e+12
1.587750e+12
1.549100e+12
1.398959e+12
1.338876e+12
1.314361e+12
1.244673e+12
1.157173e+12
1.097741e+12
1.059657e+12
1.033291e+12
9.895874e+11
9.350260e+11
9.114830e+11
8.911889e+11
8.520579e+11
8.084269e+11
7.694643e+11
7.417686e+11
6.890042e+11
6.603945e+11
6.418951e+11
6.210797e+11
6.205823e+11
5.953775e+11
5.783137e+11
5.650560e+11
5.482382e+11
5.350488e+11
5.214080e+11
5.070758e+11
4.914345e+11
4.832907e+11
4.612027e+11
4.431958e+11
4.201218e+11
4.105138e+11
3.940733e+11
3.847509e+11
3.802375e+11
3.688534e+11
3.615145e+11
3.503387e+11
3.395449e+11
3.314660e+11
3.288875e+11
3.117931e+11
3.040391e+11
2.924840e+11
2.886923e+11
2.805580e+11
2.749596e+11
2.718697e+11
2.631819e+11
2.564405e+11
2.466076e+11
2.406758e+11
2.333197e+11
2.317152e+11
2.196183e+11
2.140160e+11
2.122364e+11
2.067489e+11
2.011012e+11
1.981681e+11
1.922721e+11
1.876886e+11
1.838952e+11
1.795369e+11
1.787967e+11
1.752227e+11
1.715531e+11
1.709722e+11
1.629427e+11
1.603216e+11
1.591669e+11
1.566202e+11
1.545567e+11
1.507967e+11
1.453493e+11
1.445878e+11
1.383920e+11
1.359038e+11
1.341895e+11
1.322738e+11
1.285009e+11
1.262531e+11
1.242437e+11
1.220132e+11
1.179119e+11
1.163679e+11
1.141001e+11
1.132957e+11
1.119322e+11
1.079581e+11
1.064449e+11
1.046698e+11
1.024714e+11
1.007394e+11
9.902357e+10
9.808707e+10
9.710908e+10
9.422652e+10
9.098929e+10
8.938334e+10
8.742753e+10
8.722534e+10
8.436716e+10
7.996517e+10
7.934789e+10
7.553425e+10
7.481672e+10
7.418905e+10
6.983850e+10
6.914807e+10
6.486716e+10
6.052546e+10
5.728700e+10
5.588931e+10
4.737028e+10
3.930397e+10
3.558710e+10
3.229489e+10
