8.443589e+04
3.355058e+03
2.400656e+03
1.813972e+03
1.238310e+03
8.509774e+02
6.363507e+02
4.494138e+02
3.497575e+02
3.299779e+02
2.911516e+02
2.533194e+02
2.312663e+02
2.226107e+02
2.100669e+02
2.045244e+02
1.844084e+02
1.741797e+02
1.697137e+02
1.546251e+02
1.526061e+02
1.403526e+02
1.314147e+02
1.224606e+02
1.214087e+02
1.053187e+02
1.025948e+02
9.997651e+01
9.294566e+01
9.157543e+01
8.677174e+01
8.048907e+01
7.851589e+01
7.210973e+01
6.313055e+01
6.103408e+01
5.819537e+01
5.415503e+01
5.177505e+01
4.618192e+01
4.545351e+01
4.281738e+01
4.217588e+01
3.911728e+01
3.731904e+01
3.438765e+01
3.276671e+01
3.083933e+01
2.816096e+01
2.713905e+01
2.601086e+01
2.347759e+01
2.287226e+01
2.116408e+01
2.038655e+01
1.932144e+01
1.816578e+01
1.735717e+01
1.608890e+01
1.522978e+01
1.486034e+01
1.371019e+01
1.214649e+01
1.129230e+01
1.051921e+01
1.039228e+01
9.716259e+00
9.180444e+00
8.398151e+00
7.463610e+00
7.179385e+00
6.797797e+00
6.101523e+00
5.969896e+00
5.359752e+00
5.081850e+00
4.651643e+00
4.348420e+00
4.117032e+00
3.925079e+00
3.602752e+00
3.519391e+00
3.251735e+00
3.087333e+00
3.071915e+00
3.029423e+00
2.589685e+00
2.500266e+00
2.380449e+00
2.339174e+00
2.271888e+00
2.139993e+00
2.012837e+00
1.980762e+00
1.924151e+00
1.761647e+00
1.609515e+00
1.522760e+00
1.412738e+00
1.358263e+00
1.223744e+00
1.151021e+00
1.122808e+00
1.056373e+00
1.014990e+00
9.305531e-01
8.996625e-01
8.540094e-01
7.428894e-01
6.994117e-01
6.444154e-01
6.355938e-01
5.943662e-01
5.729283e-01
5.555925e-01
5.114152e-01
4.913685e-01
4.854973e-01
4.387832e-01
4.299275e-01
4.113283e-01
3.914781e-01
3.755315e-01
3.581277e-01
3.254353e-01
3.209007e-01
3.138147e-01
2.791848e-01
2.642798e-01
2.368978e-01
2.244946e-01
2.170750e-01
2.022832e-01
2.007858e-01
1.932289e-01
1.828444e-01
1.786482e-01
1.742222e-01
1.639566e-01
1.437177e-01
1.405193e-01
1.266734e-01
1.254273e-01
1.246186e-01
1.174231e-01
1.099693e-01
1.030474e-01
9.522088e-02
9.217704e-02
8.232222e-02
7.974026e-02
7.163088e-02
6.852321e-02
6.751369e-02
6.320906e-02
6.045109e-02
5.958623e-02
5.512575e-02
5.465269e-02
5.106515e-02
4.699543e-02
4.563194e-02
4.081576e-02
3.905211e-02
3.416086e-02
3.380292e-02
3.311806e-02
3.107870e-02
2.835305e-02
2.498614e-02
2.405560e-02
2.294694e-02
2.074525e-02
1.941345e-02
1.855887e-02
1.815371e-02
1.781474e-02
1.665846e-02
1.513913e-02
1.465742e-02
1.426998e-02
1.320540e-02
1.257933e-02
1.228200e-02
1.206252e-02
1.149221e-02
1.071030e-02
1.045232e-02
9.655380e-03
9.097414e-03
8.008815e-03
7.925621e-03
7.831711e-03
7.519104e-03
7.200008e-03
7.011431e-03
6.811483e-03
6.653497e-03
6.347942e-03
6.085343e-03
5.629602e-03
5.020949e-03
4.634673e-03
4.552484e-03
4.288158e-03
4.194268e-03
4.019463e-03
3.845181e-03
3.578002e-03
3.511382e-03
3.348038e-03
3.154662e-03
3.081078e-03
2.955948e-03
2.875229e-03
2.768960e-03
2.622779e-03
2.544005e-03
2.475137e-03
2.358409e-03
2.249960e-03
2.181640e-03
2.097085e-03
2.014867e-03
1.846582e-03
1.812233e-03
1.707019e-03
1.651257e-03
1.611261e-03
1.585648e-03
1.505116e-03
1.445216e-03
1.373079e-03
1.314802e-03
1.290585e-03
1.267171e-03
1.241098e-03
1.214902e-03
1.191623e-03
1.161516e-03
1.140336e-03
1.115890e-03
1.094987e-03
1.086851e-03
1.062557e-03
1.047584e-03
1.041332e-03
1.022972e-03
1.016641e-03
1.005682e-03
1.004526e-03
9.701428e-04
9.484233e-04
9.421021e-04
9.311563e-04
9.248463e-04
9.023736e-04
8.879995e-04
8.709591e-04
8.654843e-04
8.541645e-04
8.248664e-04
8.210217e-04
8.008771e-04
7.803494e-04
7.727162e-04
7.678368e-04
7.655189e-04
7.433089e-04
7.407590e-04
7.296782e-04
7.181080e-04
7.126640e-04
7.096993e-04
6.813209e-04
6.780872e-04
6.664607e-04
6.478796e-04
6.349058e-04
6.290490e-04
6.200323e-04
6.163059e-04
5.991451e-04
5.913484e-04
5.804655e-04
5.699633e-04
5.561567e-04
5.488277e-04
5.429930e-04
5.297146e-04
5.270050e-04
5.029718e-04
5.009239e-04
4.846617e-04
4.800698e-04
4.652419e-04
4.604588e-04
4.559868e-04
4.364022e-04
4.237158e-04
4.169277e-04
4.132817e-04
3.956633e-04
3.835488e-04
3.767227e-04
3.657050e-04
3.581499e-04
3.464206e-04
3.373393e-04
3.306616e-04
3.248573e-04
3.137007e-04
3.029220e-04
2.907997e-04
2.838235e-04
2.695917e-04
2.691068e-04
2.600661e-04
2.453900e-04
2.398306e-04
2.307126e-04
2.238595e-04
2.080128e-04
1.988667e-04
1.946964e-04
1.868774e-04
1.634464e-04
1.592250e-04
1.428246e-04
1.380969e-04
1.335029e-04
1.278778e-04
1.067095e-04
9.466786e-05
8.788108e-05
7.732848e-05
7.422252e-05
5.465467e-05
4.428362e-05
4.273538e-05
2.862575e-05
2.383200e-05
1.255408e-05
1.210239e-06
-8.480493e-14
-2.807270e-06
-1.224549e-05
-1.955335e-05
-4.781524e-05
-4.954334e-05
-6.687321e-05
-7.190712e-05
-8.171552e-05
-8.952372e-05
-9.393608e-05
-1.164260e-04
-1.238583e-04
-1.281539e-04
-1.432038e-04
-1.524427e-04
-1.607002e-04
-1.795886e-04
-1.866575e-04
-2.028244e-04
-2.157036e-04
-2.217905e-04
-2.506880e-04
-2.595198e-04
-2.693833e-04
-2.860881e-04
-2.960866e-04
-3.026752e-04
-3.124356e-04
-3.333543e-04
-3.404673e-04
-3.471226e-04
-3.639873e-04
-3.950739e-04
-4.041203e-04
-4.433163e-04
-4.603175e-04
-4.740056e-04
-5.086330e-04
-5.288961e-04
