5.026140e+05
2.169442e+05
1.806431e+05
1.500189e+05
1.284147e+05
1.025738e+05
9.384561e+04
9.022570e+04
8.161860e+04
6.798135e+04
6.223940e+04
5.391968e+04
5.226726e+04
4.597580e+04
3.893031e+04
3.683468e+04
3.141395e+04
2.637203e+04
1.690605e+04
1.311184e+04
1.097545e+04
1.040203e+04
8.368563e+03
7.535101e+03
7.246037e+03
6.184921e+03
5.377273e+03
4.473001e+03
4.170679e+03
3.922200e+03
3.337155e+03
2.951365e+03
2.427755e+03
2.142271e+03
1.525750e+03
1.219471e+03
1.092614e+03
8.465062e+02
7.888226e+02
6.429742e+02
5.654160e+02
5.135876e+02
4.767379e+02
3.572914e+02
3.100528e+02
3.056783e+02
2.676398e+02
2.236444e+02
1.923983e+02
1.757218e+02
1.651375e+02
1.342014e+02
8.661832e+01
8.004977e+01
7.467552e+01
5.584063e+01
5.062302e+01
3.499475e+01
3.396145e+01
3.056341e+01
2.550694e+01
1.827250e+01
1.642628e+01
1.522056e+01
1.267136e+01
1.156801e+01
1.105490e+01
8.361025e+00
5.133022e+00
4.344794e+00
2.659537e+00
2.368554e+00
2.082668e+00
1.883775e+00
1.525294e+00
1.328538e+00
1.184308e+00
9.312040e-01
8.337684e-01
7.287344e-01
5.909220e-01
4.668088e-01
2.877307e-01
2.622298e-01
2.328241e-01
1.606050e-01
1.070859e-01
8.703808e-02
8.207858e-02
6.914406e-02
6.375252e-02
5.635963e-02
4.503840e-02
3.447192e-02
3.327157e-02
3.195985e-02
3.069491e-02
2.962785e-02
2.908636e-02
2.645899e-02
2.613285e-02
2.520297e-02
2.464400e-02
2.404664e-02
2.269996e-02
2.139738e-02
2.085547e-02
2.025350e-02
1.942069e-02
1.917525e-02
1.858883e-02
1.761465e-02
1.648033e-02
1.631498e-02
1.571318e-02
1.509549e-02
1.417467e-02
1.323882e-02
1.251786e-02
1.178767e-02
1.143616e-02
9.974039e-03
8.643061e-03
8.064193e-03
7.136410e-03
7.795145e-14
-2.732438e-12
-4.673918e-12
