5.239728e+05
2.127429e+05
1.726921e+05
1.636389e+05
1.206532e+05
1.056211e+05
9.681448e+04
8.520428e+04
7.495641e+04
6.975811e+04
6.265947e+04
5.733708e+04
4.943548e+04
4.022052e+04
3.673495e+04
3.506261e+04
3.009644e+04
2.491018e+04
2.011992e+04
1.299492e+04
1.115391e+04
9.975112e+03
9.513838e+03
8.155705e+03
7.745581e+03
6.346354e+03
5.740505e+03
5.050436e+03
4.348736e+03
3.592597e+03
3.126377e+03
2.798023e+03
2.273525e+03
1.697732e+03
1.484479e+03
1.326144e+03
1.138550e+03
9.919827e+02
7.881931e+02
6.641639e+02
5.561877e+02
4.456740e+02
4.053247e+02
3.315197e+02
3.135757e+02
2.800989e+02
2.417455e+02
2.066327e+02
1.745169e+02
1.389209e+02
1.241390e+02
9.928738e+01
8.603808e+01
7.822742e+01
7.104169e+01
5.497789e+01
4.951013e+01
3.776573e+01
3.008302e+01
2.802782e+01
2.510691e+01
2.131902e+01
1.910074e+01
1.498302e+01
1.243238e+01
1.089417e+01
9.641829e+00
8.856640e+00
7.011442e+00
5.340792e+00
4.830301e+00
4.094774e+00
3.698704e+00
3.419667e+00
2.429833e+00
2.023992e+00
1.116801e+00
9.487471e-01
6.821942e-01
4.547402e-01
4.280587e-01
3.717270e-01
3.491185e-01
3.235628e-01
2.768399e-01
2.070012e-01
1.621908e-01
1.493132e-01
1.147021e-01
6.427847e-02
6.055145e-02
5.248687e-02
4.519747e-02
4.088536e-02
3.756312e-02
3.372926e-02
2.947797e-02
2.873899e-02
2.865481e-02
2.661283e-02
2.582921e-02
2.538158e-02
2.478460e-02
2.324267e-02
2.314769e-02
2.217542e-02
2.159805e-02
2.034422e-02
1.973626e-02
1.935418e-02
1.853107e-02
1.777317e-02
1.706066e-02
1.659255e-02
1.579372e-02
1.508109e-02
1.468145e-02
1.454275e-02
1.408426e-02
1.343044e-02
1.318524e-02
1.244328e-02
1.161526e-02
1.098403e-02
9.560006e-03
6.243017e-03
6.424917e-12
2.890856e-13
