1.280331e+05
5.958706e+03
3.210362e+03
2.643879e+03
1.827540e+03
1.716324e+03
1.332225e+03
1.015234e+03
7.846647e+02
6.813165e+02
5.944385e+02
4.530162e+02
3.065314e+02
2.762816e+02
2.518841e+02
2.031424e+02
1.916319e+02
1.635600e+02
1.504026e+02
1.318734e+02
1.114286e+02
1.047822e+02
9.021340e+01
8.624271e+01
8.213715e+01
7.915741e+01
6.816846e+01
6.080522e+01
5.681737e+01
5.508146e+01
5.051182e+01
4.781225e+01
4.557777e+01
4.060173e+01
3.868362e+01
3.329261e+01
3.280321e+01
3.111041e+01
2.825988e+01
2.545591e+01
2.379910e+01
2.239066e+01
2.225430e+01
2.043629e+01
1.834949e+01
1.697359e+01
1.535204e+01
1.466383e+01
1.313395e+01
1.208371e+01
1.127504e+01
1.034679e+01
9.722940e+00
8.969048e+00
8.085364e+00
7.401294e+00
7.369229e+00
7.006760e+00
6.914870e+00
6.447569e+00
5.345563e+00
5.010683e+00
4.543038e+00
4.284779e+00
4.035911e+00
3.540153e+00
3.433298e+00
3.310845e+00
2.990519e+00
2.745822e+00
2.618976e+00
2.489269e+00
2.427946e+00
2.354929e+00
2.064600e+00
1.768531e+00
1.584850e+00
1.474939e+00
1.470077e+00
1.455525e+00
1.337939e+00
1.137924e+00
1.055281e+00
1.000409e+00
9.304199e-01
8.321943e-01
8.061273e-01
7.867201e-01
7.687712e-01
6.994928e-01
6.610773e-01
6.159111e-01
5.977241e-01
5.670483e-01
5.142834e-01
4.814775e-01
4.444525e-01
4.155418e-01
3.762179e-01
3.469083e-01
3.265179e-01
2.977093e-01
2.887074e-01
2.746688e-01
2.718446e-01
2.572366e-01
2.432242e-01
2.272462e-01
2.221061e-01
1.938220e-01
1.792582e-01
1.714866e-01
1.490341e-01
1.330794e-01
1.180911e-01
1.051251e-01
9.756615e-02
8.832795e-02
8.040697e-02
7.697044e-02
7.430194e-02
7.072506e-02
6.595627e-02
6.156094e-02
5.965338e-02
5.333339e-02
5.061963e-02
4.501882e-02
4.042568e-02
3.927607e-02
3.690640e-02
3.552850e-02
3.407238e-02
3.290263e-02
2.892640e-02
2.562615e-02
2.235349e-02
2.178111e-02
1.968271e-02
1.858138e-02
1.735632e-02
1.657639e-02
1.564506e-02
1.468942e-02
1.328196e-02
1.268906e-02
1.160046e-02
1.047587e-02
9.843200e-03
8.988186e-03
8.691857e-03
7.781452e-03
7.013801e-03
6.787502e-03
6.072348e-03
5.665578e-03
5.227999e-03
4.185852e-03
4.015460e-03
3.580152e-03
3.535289e-03
3.177216e-03
2.682789e-03
2.633181e-03
2.432185e-03
2.357635e-03
2.160644e-03
1.969501e-03
1.750227e-03
1.721849e-03
1.607687e-03
1.545506e-03
1.477240e-03
1.447220e-03
1.428711e-03
1.408023e-03
1.388205e-03
1.360300e-03
1.338725e-03
1.332808e-03
1.303957e-03
1.277541e-03
1.270684e-03
1.262851e-03
1.244360e-03
1.236674e-03
1.222330e-03
1.200543e-03
1.174463e-03
1.165592e-03
1.158497e-03
1.141840e-03
1.126021e-03
1.112735e-03
1.096825e-03
1.070753e-03
1.069247e-03
1.052239e-03
1.045157e-03
1.039233e-03
1.029506e-03
1.012320e-03
1.000729e-03
9.875468e-04
9.817233e-04
9.751114e-04
9.541281e-04
9.290511e-04
9.128834e-04
9.094254e-04
9.003943e-04
8.929700e-04
8.638628e-04
8.576761e-04
8.496640e-04
8.387819e-04
8.280865e-04
8.197412e-04
8.159637e-04
8.037903e-04
7.959360e-04
7.850026e-04
7.731086e-04
7.631659e-04
7.586816e-04
7.420835e-04
7.302961e-04
7.296571e-04
7.106337e-04
7.044964e-04
7.028845e-04
6.845954e-04
6.747940e-04
6.617306e-04
6.558273e-04
6.534342e-04
6.370383e-04
6.350246e-04
6.173949e-04
6.116421e-04
6.034533e-04
5.843870e-04
5.710068e-04
5.637070e-04
5.534455e-04
5.444812e-04
5.393116e-04
5.348388e-04
5.144181e-04
5.127423e-04
5.004882e-04
4.914089e-04
4.800291e-04
4.648452e-04
4.575913e-04
4.443196e-04
4.355625e-04
4.278669e-04
4.110079e-04
4.062581e-04
3.990869e-04
3.924117e-04
3.875077e-04
3.795952e-04
3.587303e-04
3.568444e-04
3.479718e-04
3.366462e-04
3.298419e-04
3.144895e-04
3.104598e-04
2.977789e-04
2.811143e-04
2.770487e-04
2.650796e-04
2.538187e-04
2.490297e-04
2.322466e-04
2.214071e-04
2.195702e-04
2.138612e-04
2.081920e-04
1.995588e-04
1.830739e-04
1.809074e-04
1.726146e-04
1.621293e-04
1.486016e-04
1.453420e-04
1.347122e-04
1.314206e-04
1.249653e-04
1.092196e-04
1.001636e-04
8.883611e-05
8.110295e-05
6.666878e-05
6.492704e-05
5.656344e-05
3.994620e-05
3.440045e-05
1.932385e-05
1.822550e-05
1.459686e-05
9.229665e-07
-9.185049e-06
-1.937062e-05
-2.766348e-05
-3.010131e-05
-4.397189e-05
-6.337235e-05
-8.185877e-05
-8.675674e-05
-8.967632e-05
-9.589867e-05
-1.037628e-04
-1.162971e-04
-1.203122e-04
-1.329966e-04
-1.357342e-04
-1.595327e-04
-1.696004e-04
-1.770956e-04
-1.818649e-04
-1.905994e-04
-2.059851e-04
-2.147163e-04
-2.251387e-04
-2.334341e-04
-2.385896e-04
-2.543930e-04
-2.592106e-04
-2.663349e-04
-2.794186e-04
-2.848149e-04
-2.983959e-04
-3.024978e-04
-3.066656e-04
-3.227613e-04
-3.351035e-04
-3.479235e-04
-3.502042e-04
-3.703036e-04
-3.792992e-04
-3.877504e-04
-4.030109e-04
-4.119348e-04
-4.309955e-04
-4.342072e-04
-4.388588e-04
-4.503428e-04
-4.608015e-04
-4.749024e-04
-4.929621e-04
-5.033332e-04
-5.260685e-04
-5.344400e-04
-5.461730e-04
-5.530737e-04
-5.663870e-04
-5.842774e-04
-5.896930e-04
-6.039051e-04
-6.132024e-04
-6.243896e-04
-6.365852e-04
-6.425527e-04
-6.499012e-04
-6.675632e-04
-6.941516e-04
-7.054181e-04
-7.291445e-04
-7.351700e-04
-7.537815e-04
-7.695185e-04
-7.915449e-04
-7.971372e-04
-8.093038e-04
-8.325225e-04
-8.472554e-04
-8.757616e-04
-8.958737e-04
-9.178247e-04
-9.656942e-04
