8.744551e+04
3.460388e+03
2.161459e+03
1.826254e+03
1.052842e+03
7.586904e+02
5.383530e+02
4.442595e+02
2.937848e+02
2.845326e+02
2.518030e+02
2.098401e+02
1.957750e+02
1.804058e+02
1.530231e+02
1.452523e+02
1.259476e+02
1.200367e+02
1.156530e+02
1.093409e+02
1.018155e+02
9.771777e+01
9.390585e+01
8.441193e+01
7.750722e+01
7.119630e+01
6.928580e+01
6.575553e+01
6.359929e+01
5.766961e+01
5.099837e+01
4.922675e+01
4.727512e+01
4.564128e+01
4.477153e+01
3.995276e+01
3.555027e+01
3.413034e+01
3.122523e+01
2.975189e+01
2.815610e+01
2.621007e+01
2.521655e+01
2.427763e+01
2.063833e+01
1.958656e+01
1.793129e+01
1.748962e+01
1.687961e+01
1.670868e+01
1.583910e+01
1.505181e+01
1.358857e+01
1.231270e+01
1.122635e+01
1.083499e+01
1.025171e+01
9.755553e+00
8.936835e+00
8.314533e+00
7.306695e+00
7.211686e+00
6.695694e+00
6.604394e+00
5.697588e+00
5.264753e+00
5.061063e+00
4.735021e+00
4.211442e+00
4.144868e+00
3.559045e+00
3.146121e+00
2.823797e+00
2.691689e+00
2.436628e+00
2.387865e+00
2.258396e+00
2.052488e+00
1.957849e+00
1.805001e+00
1.768754e+00
1.745704e+00
1.549262e+00
1.373719e+00
1.348648e+00
1.214799e+00
1.147702e+00
1.076904e+00
1.029928e+00
1.018802e+00
9.408439e-01
8.853411e-01
8.490009e-01
7.762988e-01
7.457131e-01
7.230772e-01
7.014576e-01
6.744177e-01
5.965366e-01
5.668761e-01
5.434459e-01
5.130555e-01
5.040308e-01
4.635591e-01
4.575105e-01
4.267137e-01
3.932289e-01
3.526354e-01
3.363170e-01
3.295946e-01
3.174154e-01
3.112275e-01
2.902363e-01
2.796181e-01
2.551163e-01
2.532981e-01
2.344704e-01
2.156614e-01
2.088934e-01
1.905044e-01
1.745427e-01
1.707570e-01
1.668867e-01
1.597800e-01
1.532287e-01
1.376782e-01
1.240334e-01
1.187534e-01
1.070606e-01
1.030341e-01
9.899234e-02
9.516548e-02
8.841465e-02
7.599696e-02
7.279194e-02
6.608492e-02
6.298283e-02
6.187723e-02
5.932289e-02
5.776504e-02
5.202397e-02
4.892695e-02
4.639782e-02
4.427684e-02
4.291277e-02
4.155265e-02
4.052018e-02
3.860928e-02
3.349692e-02
3.074872e-02
2.948339e-02
2.759701e-02
2.660659e-02
2.382831e-02
2.188225e-02
2.052255e-02
1.971468e-02
1.812091e-02
1.771664e-02
1.704741e-02
1.547857e-02
1.507079e-02
1.427963e-02
1.372864e-02
1.342442e-02
1.219816e-02
1.208650e-02
1.155842e-02
1.047250e-02
1.005150e-02
8.646434e-03
8.420760e-03
7.895155e-03
7.312590e-03
7.185534e-03
6.819733e-03
6.703184e-03
6.517414e-03
6.155606e-03
5.593509e-03
5.211947e-03
5.029671e-03
4.717732e-03
4.515590e-03
3.956073e-03
3.888366e-03
3.436906e-03
3.323995e-03
3.229690e-03
3.132604e-03
3.042393e-03
2.841275e-03
2.716130e-03
2.650170e-03
2.556253e-03
2.488046e-03
2.421264e-03
2.309708e-03
2.116969e-03
2.081512e-03
2.000500e-03
1.840383e-03
1.761738e-03
1.695000e-03
1.650422e-03
1.618678e-03
1.555458e-03
1.524225e-03
1.417106e-03
1.401297e-03
1.376176e-03
1.325368e-03
1.318083e-03
1.296897e-03
1.259185e-03
1.234004e-03
1.214947e-03
1.184121e-03
1.169563e-03
1.150594e-03
1.149356e-03
1.118744e-03
1.095499e-03
1.069063e-03
1.057362e-03
1.027682e-03
1.020537e-03
1.013482e-03
9.977169e-04
9.907669e-04
9.812280e-04
9.644641e-04
9.509319e-04
9.377753e-04
9.272906e-04
9.173341e-04
8.972560e-04
8.744974e-04
8.676884e-04
8.665202e-04
8.497125e-04
8.407350e-04
8.339173e-04
8.098617e-04
8.026041e-04
7.901239e-04
7.874843e-04
7.582952e-04
7.484419e-04
7.441224e-04
7.306719e-04
7.241367e-04
7.144348e-04
7.040047e-04
6.964931e-04
6.882499e-04
6.757566e-04
6.578907e-04
6.522628e-04
6.405976e-04
6.336707e-04
6.248667e-04
6.212124e-04
6.131648e-04
6.019503e-04
5.890438e-04
5.815890e-04
5.712057e-04
5.574595e-04
5.434626e-04
5.286270e-04
5.196162e-04
5.082044e-04
4.936462e-04
4.933141e-04
4.826477e-04
4.742614e-04
4.665148e-04
4.563543e-04
4.428666e-04
4.295287e-04
4.152233e-04
4.079324e-04
3.926808e-04
3.889471e-04
3.811106e-04
3.646546e-04
3.618636e-04
3.490294e-04
3.435699e-04
3.315933e-04
3.290138e-04
3.242493e-04
3.204154e-04
3.119324e-04
2.995824e-04
2.958844e-04
2.856034e-04
2.674691e-04
2.575307e-04
2.552069e-04
2.510835e-04
2.384063e-04
2.290157e-04
2.215431e-04
2.188286e-04
2.084654e-04
1.977024e-04
1.893533e-04
1.716038e-04
1.705712e-04
1.689908e-04
1.502148e-04
1.345475e-04
1.276573e-04
1.219987e-04
1.094632e-04
9.972814e-05
9.503616e-05
7.387176e-05
6.886184e-05
6.145043e-05
4.807445e-05
4.534989e-05
3.819725e-05
2.812431e-05
1.461841e-05
7.451856e-06
1.020716e-13
3.494354e-14
2.051546e-14
-7.170479e-14
-6.541923e-07
-1.154023e-05
-2.629144e-05
-4.287753e-05
-5.145343e-05
-6.114168e-05
-6.523485e-05
-7.878603e-05
-7.944854e-05
-9.447408e-05
-9.972687e-05
-1.045966e-04
-1.147936e-04
-1.210638e-04
-1.497344e-04
-1.614019e-04
-1.650042e-04
-1.726654e-04
-1.837379e-04
-1.994403e-04
-2.124717e-04
-2.144429e-04
-2.263578e-04
-2.318104e-04
-2.374945e-04
-2.481357e-04
-2.631162e-04
-2.692971e-04
-2.858085e-04
-2.956129e-04
-2.992600e-04
-3.105736e-04
-3.299481e-04
-3.420311e-04
-3.587824e-04
-3.861176e-04
-3.898407e-04
-4.049910e-04
-4.231083e-04
-4.301219e-04
-4.344216e-04
-4.467496e-04
-4.697125e-04
-4.749343e-04
-5.021786e-04
-5.139700e-04
-5.302426e-04
-5.515637e-04
-5.743855e-04
-5.915342e-04
-6.149026e-04
-6.634727e-04
