1.429780e+08
2.037213e+07
1.552629e+06
1.252676e+06
8.392116e+05
3.331193e+05
3.198324e+05
1.017212e+05
1.927468e+04
1.276988e+04
6.251685e+03
1.533812e+03
4.910721e+02
2.741376e+02
7.953883e+01
6.781331e+01
5.322565e+01
4.027092e+01
3.739447e+01
3.316655e+01
2.721158e+01
2.351121e+01
2.039465e+01
1.953265e+01
1.902871e+01
1.506422e+01
1.452632e+01
1.431808e+01
1.334813e+01
1.285343e+01
1.212309e+01
1.119783e+01
1.105944e+01
1.001021e+01
9.861959e+00
9.084770e+00
8.404657e+00
8.111191e+00
7.545626e+00
7.242316e+00
6.915903e+00
6.470612e+00
6.218217e+00
5.601604e+00
5.100102e+00
4.918292e+00
4.781986e+00
4.444695e+00
4.121768e+00
3.932662e+00
3.564937e+00
3.231519e+00
3.107702e+00
2.942237e+00
2.818726e+00
2.657015e+00
2.336490e+00
2.198973e+00
1.929510e+00
1.771666e+00
1.613137e+00
1.184083e+00
1.029291e+00
9.842755e-01
8.101074e-01
7.072312e-01
5.787128e-01
4.058907e-01
3.857746e-01
2.476111e-01
2.092811e-01
1.682887e-01
1.569711e-01
1.049692e-01
9.452223e-02
6.827498e-02
5.715809e-02
3.557639e-02
-4.564226e-10
-1.514624e-02
-3.090746e-02
-6.145096e-02
-1.447364e-01
-1.531995e-01
-1.697493e-01
-2.180609e-01
-3.565071e-01
-4.311815e-01
-5.186580e-01
-5.762559e-01
-6.724846e-01
-8.818228e-01
-1.006919e+00
-1.135631e+00
-1.297827e+00
-1.524746e+00
-1.678984e+00
-1.925740e+00
-2.312473e+00
-2.551837e+00
-2.801374e+00
-3.031342e+00
-3.396603e+00
-3.997272e+00
-4.465271e+00
-4.587524e+00
-4.947586e+00
-5.484273e+00
-5.808662e+00
-6.492477e+00
-7.001442e+00
-7.259219e+00
-7.759862e+00
-8.898376e+00
-9.395024e+00
-1.045072e+01
-1.129326e+01
-1.319901e+01
-1.454112e+01
-1.615549e+01
-1.903964e+01
-2.230088e+01
-2.354452e+01
-3.242688e+01
-3.860865e+01
-5.520152e+01
-7.416888e+01
-8.360849e+01
