8.784301e+04
3.549685e+03
2.216082e+03
1.738213e+03
1.102917e+03
7.850479e+02
5.303937e+02
4.143812e+02
3.044524e+02
2.849157e+02
2.418793e+02
2.014354e+02
1.834440e+02
1.741898e+02
1.505357e+02
1.425362e+02
1.257455e+02
1.217376e+02
1.163885e+02
1.101369e+02
9.985133e+01
9.463845e+01
8.935755e+01
8.300970e+01
7.694828e+01
7.496196e+01
7.269075e+01
6.392388e+01
6.228785e+01
5.823185e+01
5.408435e+01
5.130712e+01
5.092135e+01
4.552795e+01
4.203071e+01
3.856744e+01
3.582843e+01
3.557772e+01
3.253680e+01
3.021605e+01
2.830874e+01
2.622621e+01
2.508428e+01
2.385671e+01
2.167771e+01
2.007649e+01
1.782691e+01
1.737615e+01
1.618903e+01
1.529564e+01
1.504867e+01
1.368984e+01
1.332667e+01
1.246005e+01
1.103856e+01
9.864953e+00
9.649484e+00
9.208157e+00
8.088080e+00
7.622153e+00
7.281955e+00
6.785808e+00
6.274209e+00
5.613011e+00
5.392909e+00
4.991510e+00
4.720712e+00
3.935924e+00
3.823853e+00
3.595718e+00
3.385323e+00
3.223842e+00
2.834762e+00
2.499309e+00
2.376577e+00
2.230274e+00
2.049345e+00
1.902236e+00
1.741856e+00
1.650335e+00
1.600079e+00
1.446963e+00
1.392348e+00
1.331039e+00
1.263044e+00
1.206077e+00
1.136764e+00
1.082275e+00
9.878488e-01
9.230909e-01
9.122843e-01
8.804080e-01
8.545166e-01
7.840081e-01
7.316425e-01
6.890728e-01
6.240981e-01
6.073454e-01
5.691413e-01
5.204046e-01
4.807219e-01
4.743443e-01
4.543917e-01
4.250690e-01
3.935799e-01
3.624735e-01
3.448910e-01
3.157260e-01
3.135596e-01
2.934701e-01
2.805162e-01
2.707907e-01
2.532883e-01
2.357253e-01
2.212877e-01
2.054801e-01
1.881793e-01
1.760820e-01
1.732078e-01
1.473657e-01
1.407150e-01
1.329740e-01
1.207023e-01
1.132533e-01
1.092535e-01
1.052110e-01
9.637789e-02
9.008592e-02
7.893157e-02
7.270399e-02
6.991563e-02
6.920407e-02
6.519330e-02
5.888774e-02
5.649858e-02
5.503859e-02
5.281376e-02
4.669075e-02
4.610141e-02
4.343019e-02
4.201497e-02
3.869689e-02
3.683256e-02
3.347009e-02
3.268817e-02
3.150597e-02
3.087828e-02
2.971366e-02
2.840677e-02
2.674294e-02
2.525447e-02
2.434476e-02
2.372298e-02
2.364200e-02
2.133349e-02
2.001242e-02
1.881747e-02
1.746648e-02
1.570453e-02
1.391419e-02
1.309136e-02
1.207483e-02
1.170181e-02
1.099005e-02
1.075817e-02
1.027470e-02
9.872363e-03
9.269694e-03
8.576727e-03
8.336265e-03
7.533101e-03
7.250361e-03
7.183705e-03
6.415956e-03
5.746619e-03
5.552104e-03
5.171414e-03
4.902437e-03
4.559841e-03
4.402162e-03
4.127747e-03
3.956243e-03
3.809774e-03
3.681285e-03
3.366050e-03
3.160558e-03
2.943098e-03
2.590662e-03
2.378186e-03
2.333080e-03
2.309688e-03
2.209823e-03
2.037289e-03
1.972191e-03
1.881031e-03
1.811933e-03
1.789820e-03
1.721390e-03
1.679671e-03
1.608229e-03
1.568668e-03
1.499873e-03
1.464552e-03
1.413687e-03
1.387445e-03
1.362087e-03
1.335123e-03
1.317302e-03
1.301609e-03
1.284449e-03
1.241014e-03
1.211253e-03
1.201545e-03
1.182965e-03
1.154376e-03
1.126238e-03
1.109791e-03
1.099582e-03
1.072477e-03
1.052951e-03
1.049595e-03
1.041713e-03
1.024827e-03
1.020558e-03
1.001516e-03
9.838726e-04
9.786495e-04
9.573388e-04
9.522989e-04
9.288319e-04
9.164314e-04
9.019787e-04
8.898412e-04
8.778378e-04
8.683937e-04
8.518829e-04
8.439873e-04
8.307046e-04
8.220214e-04
7.991386e-04
7.933041e-04
7.853650e-04
7.726403e-04
7.606344e-04
7.518067e-04
7.498362e-04
7.451900e-04
7.232311e-04
7.134374e-04
7.062917e-04
7.018048e-04
6.861587e-04
6.795285e-04
6.654934e-04
6.555636e-04
6.404512e-04
6.310655e-04
6.189710e-04
6.006678e-04
5.921327e-04
5.791605e-04
5.766729e-04
5.747521e-04
5.546539e-04
5.473989e-04
5.396430e-04
5.276248e-04
5.135664e-04
5.120813e-04
5.057444e-04
4.925578e-04
4.905915e-04
4.666100e-04
4.637525e-04
4.515253e-04
4.432121e-04
4.303569e-04
4.207474e-04
4.052206e-04
3.925570e-04
3.855386e-04
3.820817e-04
3.770606e-04
3.648565e-04
3.629364e-04
3.490249e-04
3.296889e-04
3.246721e-04
3.147180e-04
3.089497e-04
2.920706e-04
2.882631e-04
2.842337e-04
2.768195e-04
2.688913e-04
2.592467e-04
2.359352e-04
2.302340e-04
2.261417e-04
2.163492e-04
2.126969e-04
2.081707e-04
1.785386e-04
1.710075e-04
1.615363e-04
1.587473e-04
1.478022e-04
1.374198e-04
1.289475e-04
1.190884e-04
1.026049e-04
9.840201e-05
8.198019e-05
7.259551e-05
6.863289e-05
5.527755e-05
4.797347e-05
3.350258e-05
2.692973e-05
2.464884e-05
1.721006e-05
1.882589e-13
1.458810e-13
6.396586e-14
1.208635e-14
-4.602403e-14
-7.184941e-14
-1.444694e-13
-2.559508e-13
-8.269777e-07
-5.752160e-06
-9.013018e-06
-1.899617e-05
-2.171407e-05
-3.637860e-05
-5.050645e-05
-5.742891e-05
-7.164422e-05
-7.666503e-05
-8.294223e-05
-9.339365e-05
-1.045548e-04
-1.067907e-04
-1.165945e-04
-1.323837e-04
-1.423880e-04
-1.569291e-04
-1.618942e-04
-1.769054e-04
-1.826901e-04
-1.895601e-04
-1.972568e-04
-2.084687e-04
-2.237461e-04
-2.370562e-04
-2.466867e-04
-2.527965e-04
-2.663389e-04
-2.760431e-04
-2.989307e-04
-3.031021e-04
-3.115212e-04
-3.339065e-04
-3.399199e-04
-3.663033e-04
-3.689265e-04
-3.761757e-04
-3.887458e-04
-3.953509e-04
-4.115388e-04
-4.275838e-04
-4.383402e-04
-4.494714e-04
-4.560263e-04
-4.770560e-04
-4.814954e-04
-4.889159e-04
-5.131764e-04
-5.337474e-04
-5.453985e-04
-5.684361e-04
-5.919356e-04
-6.067278e-04
-6.447672e-04
