8.841687e+04
3.377165e+03
2.609245e+03
1.723642e+03
1.033173e+03
7.491622e+02
5.352070e+02
4.296076e+02
2.896882e+02
2.601735e+02
2.474427e+02
2.090928e+02
1.979067e+02
1.898841e+02
1.625733e+02
1.460293e+02
1.316446e+02
1.285269e+02
1.178676e+02
1.053660e+02
1.003710e+02
9.389913e+01
8.172189e+01
7.747170e+01
7.585073e+01
7.125154e+01
6.428434e+01
6.060049e+01
5.731010e+01
5.188940e+01
5.069054e+01
4.649370e+01
4.466739e+01
4.037266e+01
3.759462e+01
3.566719e+01
3.368550e+01
3.239771e+01
3.127145e+01
2.919659e+01
2.610454e+01
2.578140e+01
2.342292e+01
2.187733e+01
2.053278e+01
1.990956e+01
1.810432e+01
1.777120e+01
1.636773e+01
1.508477e+01
1.435813e+01
1.328921e+01
1.192875e+01
1.132878e+01
1.050605e+01
9.694921e+00
9.196640e+00
8.808416e+00
7.901723e+00
7.587762e+00
7.285244e+00
6.724910e+00
6.596387e+00
5.946993e+00
5.766011e+00
5.122665e+00
4.986193e+00
4.255077e+00
3.877105e+00
3.572196e+00
3.324044e+00
3.128737e+00
2.825346e+00
2.521369e+00
2.448062e+00
2.149300e+00
1.954449e+00
1.857367e+00
1.812868e+00
1.664717e+00
1.580393e+00
1.428985e+00
1.358263e+00
1.318858e+00
1.205777e+00
1.144418e+00
1.090857e+00
1.043391e+00
9.614057e-01
9.138166e-01
8.654759e-01
8.209288e-01
7.728685e-01
7.473896e-01
6.702501e-01
6.606594e-01
6.265085e-01
6.169982e-01
5.623932e-01
5.319105e-01
4.943476e-01
4.726687e-01
4.616269e-01
4.299978e-01
3.804923e-01
3.610808e-01
3.578694e-01
3.459383e-01
3.273272e-01
3.201935e-01
2.917424e-01
2.806824e-01
2.470764e-01
2.288891e-01
2.263009e-01
2.046264e-01
1.882764e-01
1.716799e-01
1.666962e-01
1.562721e-01
1.526311e-01
1.393448e-01
1.364183e-01
1.270874e-01
1.191943e-01
1.109180e-01
1.030549e-01
9.933936e-02
9.509059e-02
8.786117e-02
8.512387e-02
8.341706e-02
7.738099e-02
6.789155e-02
6.343713e-02
5.723382e-02
5.531691e-02
4.935022e-02
4.334874e-02
4.174501e-02
4.055989e-02
3.976103e-02
3.754991e-02
3.576876e-02
3.402155e-02
3.341296e-02
2.740637e-02
2.657498e-02
2.601678e-02
2.353851e-02
2.273630e-02
2.186672e-02
2.079316e-02
1.997100e-02
1.983648e-02
1.888557e-02
1.657297e-02
1.630471e-02
1.522715e-02
1.465518e-02
1.357990e-02
1.311332e-02
1.229982e-02
1.149487e-02
1.137987e-02
1.096592e-02
1.040132e-02
9.460898e-03
8.689777e-03
8.310560e-03
7.755757e-03
7.694510e-03
6.779516e-03
6.236079e-03
5.829178e-03
5.749876e-03
5.349661e-03
4.930326e-03
4.823089e-03
4.335203e-03
4.107960e-03
3.796208e-03
3.692740e-03
3.513489e-03
3.474141e-03
3.239789e-03
3.087512e-03
2.883146e-03
2.773788e-03
2.676321e-03
2.652942e-03
2.506944e-03
2.458208e-03
2.378324e-03
2.212761e-03
2.055162e-03
2.010653e-03
1.900145e-03
1.789391e-03
1.769915e-03
1.681564e-03
1.669647e-03
1.588242e-03
1.570391e-03
1.500156e-03
1.490465e-03
1.394801e-03
1.357480e-03
1.346775e-03
1.338743e-03
1.308476e-03
1.271042e-03
1.256929e-03
1.248338e-03
1.200529e-03
1.190392e-03
1.150793e-03
1.141467e-03
1.121307e-03
1.091202e-03
1.085379e-03
1.063067e-03
1.045866e-03
1.044260e-03
1.030180e-03
1.010667e-03
1.002220e-03
9.954401e-04
9.638520e-04
9.483620e-04
9.411011e-04
9.277010e-04
9.233555e-04
9.012052e-04
8.917065e-04
8.829042e-04
8.755540e-04
8.682125e-04
8.508160e-04
8.413139e-04
8.216894e-04
8.034810e-04
7.981652e-04
7.822718e-04
7.691346e-04
7.583906e-04
7.491006e-04
7.478691e-04
7.388240e-04
7.253420e-04
7.132242e-04
7.016790e-04
6.933886e-04
6.817502e-04
6.669983e-04
6.613126e-04
6.535790e-04
6.365461e-04
6.250654e-04
6.156579e-04
6.099603e-04
5.993124e-04
5.886510e-04
5.840285e-04
5.705455e-04
5.618558e-04
5.573599e-04
5.490029e-04
5.345893e-04
5.273754e-04
5.138415e-04
5.093185e-04
4.964020e-04
4.890133e-04
4.807406e-04
4.744875e-04
4.711230e-04
4.627512e-04
4.487701e-04
4.355329e-04
4.155931e-04
4.062266e-04
3.982648e-04
3.919330e-04
3.818501e-04
3.786751e-04
3.724771e-04
3.567219e-04
3.495309e-04
3.360437e-04
3.304743e-04
3.184629e-04
3.167469e-04
2.936450e-04
2.842419e-04
2.789877e-04
2.640161e-04
2.578067e-04
2.477884e-04
2.436213e-04
2.381556e-04
2.294473e-04
2.178970e-04
2.152979e-04
2.012377e-04
1.983523e-04
1.880673e-04
1.825516e-04
1.641810e-04
1.507321e-04
1.357088e-04
1.199787e-04
1.131288e-04
1.063523e-04
9.868806e-05
8.937789e-05
8.409420e-05
7.332468e-05
6.138043e-05
5.989991e-05
4.866340e-05
4.415481e-05
3.315233e-05
2.867837e-05
2.552485e-05
5.861832e-06
7.320677e-14
-5.427494e-14
-1.021479e-13
-9.597720e-06
-1.771535e-05
-2.998827e-05
-4.722557e-05
-6.138157e-05
-6.260439e-05
-7.420373e-05
-7.719841e-05
-8.833159e-05
-9.055183e-05
-1.075304e-04
-1.298140e-04
-1.407337e-04
-1.417933e-04
-1.534414e-04
-1.629826e-04
-1.769071e-04
-1.786295e-04
-1.828674e-04
-1.948332e-04
-2.048796e-04
-2.088109e-04
-2.258188e-04
-2.285157e-04
-2.579260e-04
-2.614660e-04
-2.761378e-04
-2.872758e-04
-2.914048e-04
-3.034729e-04
-3.173952e-04
-3.273814e-04
-3.308927e-04
-3.524791e-04
-3.601087e-04
-3.757944e-04
-3.805608e-04
-3.903975e-04
-4.052541e-04
-4.257126e-04
-4.393565e-04
-4.489860e-04
-4.566447e-04
-4.612495e-04
-4.784114e-04
-4.981947e-04
-5.205226e-04
-5.303552e-04
-5.350588e-04
-5.612219e-04
-5.881857e-04
-6.081658e-04
-6.295084e-04
-6.658413e-04
-6.927797e-04
