5.057542e+05
3.409611e+05
3.141736e+05
2.545158e+05
2.280745e+05
2.021901e+05
1.807588e+05
1.680215e+05
1.607487e+05
1.339377e+05
1.251549e+05
1.195184e+05
9.773639e+04
8.619058e+04
8.159227e+04
6.944590e+04
6.651989e+04
5.760360e+04
5.307194e+04
5.178667e+04
3.353646e+04
3.098808e+04
2.631081e+04
2.429552e+04
1.931124e+04
1.864115e+04
1.814296e+04
1.675668e+04
1.617942e+04
1.367542e+04
1.159795e+04
1.000771e+04
8.752106e+03
7.560897e+03
6.539386e+03
6.193443e+03
4.915942e+03
4.141965e+03
3.588867e+03
3.024470e+03
2.814814e+03
2.393388e+03
2.190724e+03
2.006859e+03
1.660453e+03
1.435517e+03
1.354974e+03
1.126414e+03
1.004906e+03
9.991373e+02
8.757476e+02
6.846609e+02
6.137996e+02
5.225839e+02
4.376081e+02
3.383577e+02
3.104412e+02
2.943935e+02
2.780605e+02
2.726728e+02
2.266422e+02
2.164018e+02
1.852743e+02
1.470581e+02
1.176716e+02
9.421007e+01
7.485264e+01
5.907655e+01
5.233601e+01
4.335911e+01
4.281798e+01
3.683163e+01
1.845084e+01
1.437107e+01
1.270840e+01
9.526080e+00
8.006783e+00
6.719926e+00
4.058131e+00
3.762971e+00
3.487701e+00
2.769138e+00
2.595918e+00
2.176955e+00
1.920786e+00
1.540694e+00
1.461843e+00
1.313282e+00
9.551530e-01
8.331564e-01
6.815056e-01
6.246084e-01
3.979725e-01
3.509137e-01
3.143900e-01
2.979964e-01
1.972477e-01
1.649474e-01
1.385104e-01
1.291034e-01
1.263316e-01
1.016240e-01
7.813377e-02
7.051484e-02
6.170562e-02
5.523330e-02
5.168450e-02
5.150665e-02
5.048898e-02
5.000988e-02
4.897093e-02
4.731170e-02
4.664438e-02
4.493297e-02
4.393463e-02
4.337480e-02
4.123521e-02
4.003250e-02
3.862851e-02
3.422452e-02
3.145443e-02
2.943148e-02
2.895393e-02
2.457726e-02
1.547607e-02
4.289775e-12
-1.930859e-12
-2.254474e-12
