3.973466e+05
2.322210e+05
1.617253e+05
1.323941e+05
1.129726e+05
1.049753e+05
9.684462e+04
8.297929e+04
7.641494e+04
7.449068e+04
6.211757e+04
5.693421e+04
5.377800e+04
4.769319e+04
4.467309e+04
4.050060e+04
3.191698e+04
2.772018e+04
1.816071e+04
1.474969e+04
1.293221e+04
1.086086e+04
9.046856e+03
8.332963e+03
7.939896e+03
5.918087e+03
5.351747e+03
5.102032e+03
4.599755e+03
3.968613e+03
3.016460e+03
2.737025e+03
2.463901e+03
2.057146e+03
1.799464e+03
1.376447e+03
1.071980e+03
9.829936e+02
8.380662e+02
6.476640e+02
5.965608e+02
5.452369e+02
4.222236e+02
3.681273e+02
3.110168e+02
2.551081e+02
2.106927e+02
1.971553e+02
1.723143e+02
1.430003e+02
1.273080e+02
1.083571e+02
9.005766e+01
7.438051e+01
6.679397e+01
6.072788e+01
4.825703e+01
4.573900e+01
3.623720e+01
3.009958e+01
2.429569e+01
1.850383e+01
1.245364e+01
1.110382e+01
1.077447e+01
9.738992e+00
8.430587e+00
7.841519e+00
6.570484e+00
4.250547e+00
3.643512e+00
2.865137e+00
2.440916e+00
2.159969e+00
1.749929e+00
1.170607e+00
9.275172e-01
8.146933e-01
5.166386e-01
4.575487e-01
4.297204e-01
3.937858e-01
3.289797e-01
2.020723e-01
1.889873e-01
1.760765e-01
1.559364e-01
1.377852e-01
1.107057e-01
1.097841e-01
9.250080e-02
8.822731e-02
6.155104e-02
5.830744e-02
4.531961e-02
3.781549e-02
3.631664e-02
2.985887e-02
2.774405e-02
2.618055e-02
2.557569e-02
2.474632e-02
2.193066e-02
2.130706e-02
2.053057e-02
2.039322e-02
1.988944e-02
1.904139e-02
1.780618e-02
1.755381e-02
1.600914e-02
1.567752e-02
1.519588e-02
1.414706e-02
1.399528e-02
1.293615e-02
1.230386e-02
1.218976e-02
1.174733e-02
1.164832e-02
1.103375e-02
1.040176e-02
9.472492e-03
9.046913e-03
7.879580e-03
6.835585e-03
4.721855e-03
3.754355e-12
