1.285544e+05
6.567007e+03
3.007092e+03
2.700488e+03
1.903708e+03
1.707597e+03
1.407994e+03
1.023615e+03
9.120226e+02
6.987579e+02
6.647480e+02
5.019973e+02
3.203303e+02
2.504191e+02
2.039969e+02
1.932175e+02
1.681400e+02
1.671302e+02
1.290577e+02
1.207359e+02
1.035826e+02
1.009512e+02
8.609787e+01
7.822751e+01
7.446466e+01
6.754227e+01
6.023819e+01
5.601785e+01
5.365372e+01
5.119274e+01
4.531764e+01
4.144072e+01
3.831456e+01
3.679107e+01
3.446350e+01
3.379940e+01
3.018608e+01
2.931159e+01
2.747397e+01
2.450848e+01
2.273981e+01
2.036290e+01
2.001761e+01
1.821673e+01
1.702644e+01
1.483992e+01
1.436914e+01
1.348759e+01
1.191897e+01
1.134758e+01
1.097669e+01
1.014981e+01
8.924553e+00
8.818351e+00
8.016706e+00
7.788060e+00
7.030256e+00
5.961747e+00
5.862949e+00
5.572948e+00
4.928723e+00
4.826151e+00
4.334394e+00
3.959427e+00
3.493831e+00
3.357451e+00
3.204381e+00
2.820342e+00
2.761012e+00
2.712668e+00
2.504738e+00
2.382288e+00
1.968248e+00
1.867123e+00
1.762218e+00
1.742558e+00
1.607858e+00
1.519015e+00
1.342797e+00
1.279755e+00
1.259520e+00
1.213981e+00
1.066958e+00
9.718296e-01
9.020941e-01
8.538999e-01
8.193098e-01
7.839961e-01
7.211055e-01
6.894019e-01
6.637852e-01
6.468143e-01
6.094525e-01
5.526356e-01
5.190594e-01
4.827408e-01
4.458032e-01
3.980294e-01
3.671668e-01
3.349084e-01
3.128143e-01
2.968710e-01
2.884963e-01
2.863080e-01
2.453970e-01
2.394656e-01
2.148723e-01
1.945726e-01
1.893631e-01
1.773666e-01
1.593227e-01
1.554042e-01
1.389772e-01
1.227085e-01
1.141096e-01
1.113816e-01
1.042271e-01
9.745675e-02
9.716512e-02
9.275939e-02
8.703492e-02
8.072212e-02
7.018757e-02
6.218253e-02
5.792004e-02
5.314116e-02
4.962121e-02
4.366568e-02
4.294104e-02
4.211657e-02
3.714897e-02
3.562145e-02
2.813478e-02
2.740068e-02
2.609955e-02
2.420110e-02
2.277548e-02
2.209346e-02
2.108368e-02
1.827311e-02
1.674034e-02
1.629017e-02
1.564271e-02
1.407051e-02
1.359757e-02
1.282160e-02
1.175553e-02
1.087102e-02
9.860057e-03
8.920670e-03
8.613883e-03
7.803806e-03
7.396731e-03
7.048182e-03
6.758473e-03
6.408097e-03
5.809990e-03
5.603145e-03
5.056308e-03
4.433165e-03
4.321839e-03
3.652918e-03
3.484639e-03
3.243482e-03
3.071205e-03
2.792803e-03
2.718389e-03
2.511590e-03
2.247345e-03
2.187248e-03
2.129558e-03
2.039700e-03
1.857287e-03
1.706201e-03
1.665059e-03
1.537094e-03
1.519916e-03
1.493940e-03
1.465762e-03
1.410747e-03
1.393841e-03
1.358469e-03
1.341265e-03
1.336400e-03
1.326280e-03
1.272637e-03
1.260287e-03
1.252890e-03
1.231747e-03
1.217105e-03
1.188768e-03
1.173965e-03
1.158244e-03
1.128267e-03
1.116195e-03
1.101882e-03
1.088821e-03
1.082527e-03
1.073883e-03
1.051606e-03
1.043309e-03
1.020759e-03
1.018063e-03
1.007674e-03
9.934595e-04
9.855215e-04
9.790303e-04
9.701894e-04
9.496319e-04
9.358175e-04
9.198397e-04
9.121858e-04
9.110224e-04
9.004517e-04
8.720032e-04
8.696704e-04
8.477153e-04
8.388175e-04
8.241140e-04
8.150485e-04
8.074758e-04
8.001068e-04
7.904791e-04
7.756397e-04
7.700588e-04
7.547196e-04
7.395305e-04
7.350462e-04
7.141886e-04
7.050436e-04
6.973380e-04
6.833432e-04
6.759059e-04
6.748085e-04
6.514320e-04
6.408201e-04
6.330226e-04
6.295369e-04
6.120529e-04
6.061903e-04
5.967749e-04
5.881373e-04
5.729174e-04
5.702247e-04
5.621855e-04
5.540107e-04
5.432848e-04
5.323472e-04
5.195640e-04
5.108792e-04
5.014463e-04
4.855088e-04
4.832675e-04
4.779033e-04
4.696499e-04
4.572477e-04
4.407450e-04
4.332935e-04
4.264531e-04
4.180352e-04
4.094606e-04
4.072888e-04
3.916767e-04
3.825594e-04
3.718407e-04
3.635062e-04
3.489207e-04
3.442326e-04
3.257109e-04
3.219706e-04
3.149675e-04
3.088597e-04
3.011751e-04
2.850761e-04
2.738111e-04
2.699245e-04
2.577627e-04
2.535984e-04
2.472368e-04
2.432722e-04
2.344942e-04
2.167922e-04
2.158973e-04
2.109608e-04
2.064528e-04
1.991110e-04
1.765366e-04
1.681590e-04
1.428793e-04
1.284823e-04
1.180531e-04
1.149460e-04
9.891363e-05
9.222898e-05
8.917660e-05
8.044699e-05
7.570894e-05
6.349054e-05
5.923350e-05
4.608461e-05
3.808228e-05
3.596138e-05
1.754532e-05
1.334569e-05
-7.330574e-07
-1.082172e-05
-1.526514e-05
-2.412478e-05
-3.312812e-05
-3.909176e-05
-5.177846e-05
-5.639538e-05
-6.440782e-05
-8.100559e-05
-9.006979e-05
-9.998275e-05
-1.060005e-04
-1.143064e-04
-1.235203e-04
-1.373052e-04
-1.573204e-04
-1.643619e-04
-1.725879e-04
-1.806811e-04
-1.875582e-04
-1.984148e-04
-2.023739e-04
-2.143168e-04
-2.177102e-04
-2.367115e-04
-2.469811e-04
-2.543379e-04
-2.619657e-04
-2.671706e-04
-2.744829e-04
-2.871520e-04
-3.027076e-04
-3.164094e-04
-3.305641e-04
-3.376742e-04
-3.500651e-04
-3.530139e-04
-3.583075e-04
-3.764584e-04
-3.859359e-04
-4.048398e-04
-4.146713e-04
-4.200551e-04
-4.237782e-04
-4.405262e-04
-4.513172e-04
-4.629474e-04
-4.755254e-04
-4.838618e-04
-4.879027e-04
-4.998024e-04
-5.101756e-04
-5.177082e-04
-5.417788e-04
-5.427247e-04
-5.535765e-04
-5.684681e-04
-5.843544e-04
-6.034892e-04
-6.162203e-04
-6.330466e-04
-6.379547e-04
-6.526790e-04
-6.762008e-04
-6.843081e-04
-7.018041e-04
-7.127598e-04
-7.170105e-04
-7.287483e-04
-7.492602e-04
-7.645443e-04
-7.822191e-04
-8.121181e-04
-8.392970e-04
-8.631562e-04
-8.781807e-04
-9.151883e-04
-9.195138e-04
-9.773427e-04
