8.788130e+04
3.773088e+03
2.260794e+03
1.920775e+03
1.042491e+03
7.133296e+02
4.987174e+02
4.022813e+02
2.902573e+02
2.753995e+02
2.281497e+02
2.175144e+02
1.811343e+02
1.542276e+02
1.518341e+02
1.425299e+02
1.295121e+02
1.135641e+02
1.095284e+02
1.049652e+02
9.931829e+01
9.870010e+01
8.972534e+01
8.159302e+01
7.951603e+01
7.466042e+01
6.990405e+01
6.304136e+01
6.106310e+01
5.921571e+01
5.158711e+01
5.094904e+01
4.791538e+01
4.406004e+01
4.299180e+01
4.178851e+01
3.721990e+01
3.515536e+01
3.263906e+01
3.055158e+01
2.862560e+01
2.671838e+01
2.561071e+01
2.259982e+01
2.041253e+01
1.984606e+01
1.864151e+01
1.718914e+01
1.673126e+01
1.506708e+01
1.424546e+01
1.383768e+01
1.315858e+01
1.272967e+01
1.230619e+01
1.155841e+01
9.835470e+00
8.907789e+00
8.611532e+00
8.236814e+00
7.005224e+00
6.606491e+00
6.240728e+00
5.791662e+00
5.396935e+00
4.966269e+00
4.611028e+00
4.488268e+00
4.305190e+00
3.711076e+00
3.258451e+00
3.077321e+00
2.846258e+00
2.679493e+00
2.299178e+00
2.221760e+00
2.172442e+00
2.074661e+00
1.986676e+00
1.874517e+00
1.603496e+00
1.563165e+00
1.499232e+00
1.408590e+00
1.278628e+00
1.256006e+00
1.185806e+00
1.107774e+00
1.025277e+00
9.937789e-01
8.925329e-01
8.463634e-01
7.708104e-01
7.293574e-01
7.159846e-01
6.823115e-01
6.440917e-01
6.225678e-01
5.529001e-01
5.395880e-01
4.966485e-01
4.606301e-01
4.462529e-01
4.257950e-01
3.880407e-01
3.576007e-01
3.354954e-01
3.086796e-01
2.959606e-01
2.795712e-01
2.584854e-01
2.448310e-01
2.255147e-01
2.187853e-01
1.968767e-01
1.866255e-01
1.760775e-01
1.684307e-01
1.570634e-01
1.447238e-01
1.375744e-01
1.298481e-01
1.251397e-01
1.215738e-01
1.148279e-01
1.108461e-01
1.014286e-01
9.569868e-02
8.822314e-02
8.111425e-02
8.067363e-02
7.625924e-02
6.924656e-02
6.680316e-02
6.269475e-02
5.842684e-02
5.470550e-02
5.306455e-02
5.054630e-02
4.802006e-02
4.738180e-02
4.269570e-02
3.961920e-02
3.768319e-02
3.459908e-02
3.130106e-02
2.962834e-02
2.834710e-02
2.624316e-02
2.537195e-02
2.256651e-02
2.191770e-02
2.055379e-02
1.915311e-02
1.897015e-02
1.841264e-02
1.725413e-02
1.577127e-02
1.501569e-02
1.419872e-02
1.356890e-02
1.269422e-02
1.165664e-02
1.102906e-02
1.038593e-02
9.765235e-03
9.542416e-03
8.365564e-03
8.244256e-03
7.406452e-03
7.137512e-03
7.082896e-03
6.800487e-03
6.132328e-03
5.931103e-03
5.278068e-03
4.825655e-03
4.718218e-03
4.540723e-03
4.245964e-03
4.012353e-03
3.775953e-03
3.741721e-03
3.436274e-03
3.272835e-03
2.963281e-03
2.889565e-03
2.729934e-03
2.509126e-03
2.423391e-03
2.245232e-03
2.148929e-03
2.038387e-03
1.950603e-03
1.865033e-03
1.816759e-03
1.801991e-03
1.754143e-03
1.682401e-03
1.627386e-03
1.580944e-03
1.520087e-03
1.491171e-03
1.426053e-03
1.388484e-03
1.370157e-03
1.329961e-03
1.301749e-03
1.260289e-03
1.240170e-03
1.218646e-03
1.194673e-03
1.177171e-03
1.153931e-03
1.141173e-03
1.115412e-03
1.103222e-03
1.084815e-03
1.077425e-03
1.069871e-03
1.047050e-03
1.041248e-03
1.022417e-03
1.016185e-03
1.000786e-03
9.643192e-04
9.450944e-04
9.374120e-04
9.266889e-04
9.167746e-04
9.109370e-04
8.996504e-04
8.915411e-04
8.749257e-04
8.692222e-04
8.550135e-04
8.461004e-04
8.348711e-04
8.278523e-04
8.200105e-04
8.043308e-04
7.969947e-04
7.844639e-04
7.740721e-04
7.590494e-04
7.555145e-04
7.398189e-04
7.341090e-04
7.184081e-04
7.083908e-04
7.009690e-04
6.938248e-04
6.815527e-04
6.688797e-04
6.638549e-04
6.557742e-04
6.392379e-04
6.377056e-04
6.229547e-04
6.129476e-04
5.997051e-04
5.924152e-04
5.828635e-04
5.659795e-04
5.643709e-04
5.552229e-04
5.499785e-04
5.407148e-04
5.185778e-04
5.053091e-04
4.975238e-04
4.899631e-04
4.774453e-04
4.639059e-04
4.569946e-04
4.517446e-04
4.439544e-04
4.292573e-04
4.276648e-04
4.161392e-04
4.075642e-04
4.062489e-04
3.860560e-04
3.799900e-04
3.731409e-04
3.686858e-04
3.573121e-04
3.459326e-04
3.241555e-04
3.182646e-04
3.087129e-04
3.022547e-04
2.961615e-04
2.872987e-04
2.799720e-04
2.651836e-04
2.599621e-04
2.460593e-04
2.429665e-04
2.305515e-04
2.226842e-04
2.203889e-04
2.095990e-04
1.997274e-04
1.876608e-04
1.817754e-04
1.682443e-04
1.648391e-04
1.593907e-04
1.501675e-04
1.403865e-04
1.317048e-04
1.173636e-04
9.119883e-05
8.637609e-05
7.840103e-05
6.733318e-05
6.008413e-05
5.401621e-05
5.056381e-05
3.738416e-05
2.974727e-05
1.775635e-05
1.602918e-05
5.705979e-06
4.218655e-14
6.915912e-17
-6.095568e-14
-7.932347e-06
-1.007764e-05
-2.684472e-05
-3.785681e-05
-3.882295e-05
-4.942418e-05
-5.520021e-05
-5.983483e-05
-7.481852e-05
-8.240312e-05
-8.699031e-05
-9.906127e-05
-1.088625e-04
-1.178536e-04
-1.314416e-04
-1.425421e-04
-1.454908e-04
-1.590822e-04
-1.605867e-04
-1.790608e-04
-1.843148e-04
-1.971594e-04
-2.136555e-04
-2.229629e-04
-2.373313e-04
-2.401729e-04
-2.427591e-04
-2.469835e-04
-2.706883e-04
-2.746059e-04
-2.837167e-04
-2.995465e-04
-3.064313e-04
-3.323852e-04
-3.421769e-04
-3.461800e-04
-3.679496e-04
-3.704444e-04
-3.841629e-04
-3.903458e-04
-4.166029e-04
-4.185800e-04
-4.391226e-04
-4.550509e-04
-4.698791e-04
-4.725512e-04
-5.006200e-04
-5.048456e-04
-5.203834e-04
-5.363105e-04
-5.440048e-04
-5.804793e-04
-6.017013e-04
-6.058285e-04
-6.168257e-04
-6.752157e-04
