1.328386e+08
1.400023e+07
1.808895e+06
1.105436e+06
4.851452e+05
1.160057e+05
1.043345e+05
2.838788e+04
1.180616e+04
2.040958e+03
5.572836e+02
2.025833e+02
1.791353e+02
8.787019e+01
5.085030e+01
4.878927e+01
3.761478e+01
3.063349e+01
2.798153e+01
2.594045e+01
1.914069e+01
1.785719e+01
1.749465e+01
1.573002e+01
1.352183e+01
1.300621e+01
1.245134e+01
1.143306e+01
1.087965e+01
1.016059e+01
9.737588e+00
9.068798e+00
9.020800e+00
8.677325e+00
7.951171e+00
7.712158e+00
7.143732e+00
6.779591e+00
6.483885e+00
6.045853e+00
5.883442e+00
5.582770e+00
5.307752e+00
5.150465e+00
4.628003e+00
4.322212e+00
3.923242e+00
3.449194e+00
3.150925e+00
2.968641e+00
2.948265e+00
2.815453e+00
2.363642e+00
2.186218e+00
2.116130e+00
1.891472e+00
1.787164e+00
1.611718e+00
1.323921e+00
1.166071e+00
1.092418e+00
7.636515e-01
7.203033e-01
6.761563e-01
4.883537e-01
4.445968e-01
4.057230e-01
2.987496e-01
2.338610e-01
1.655083e-01
1.428613e-01
1.251310e-01
1.205563e-01
8.258147e-02
4.562727e-02
2.265684e-02
1.797678e-02
1.556114e-02
-1.516835e-02
-7.000128e-02
-8.221874e-02
-1.421304e-01
-2.432406e-01
-3.645875e-01
-4.238740e-01
-5.028138e-01
-6.389890e-01
-7.744092e-01
-8.422738e-01
-1.039488e+00
-1.160387e+00
-1.283463e+00
-1.482377e+00
-1.576277e+00
-1.799714e+00
-2.146653e+00
-2.226370e+00
-2.570825e+00
-2.678230e+00
-3.000939e+00
-3.226952e+00
-3.515145e+00
-3.688635e+00
-3.983562e+00
-4.161449e+00
-4.360572e+00
-5.164476e+00
-5.921929e+00
-6.224360e+00
-7.104694e+00
-7.461809e+00
-8.059942e+00
-8.197698e+00
-9.171575e+00
-1.066543e+01
-1.185685e+01
-1.364608e+01
-1.540130e+01
-1.758223e+01
-2.108054e+01
-2.492306e+01
-2.517167e+01
-2.798180e+01
-3.205435e+01
-3.637623e+01
-5.062276e+01
-7.587115e+01
-9.103082e+01
