8.774156e+04
3.457065e+03
2.366495e+03
1.792531e+03
1.051776e+03
7.505156e+02
4.939545e+02
4.280850e+02
2.838464e+02
2.569564e+02
2.393833e+02
2.054282e+02
1.891849e+02
1.738960e+02
1.611686e+02
1.498284e+02
1.442240e+02
1.343709e+02
1.280165e+02
1.083316e+02
9.914159e+01
9.164037e+01
8.649885e+01
8.050755e+01
7.469632e+01
7.330743e+01
7.059373e+01
6.332385e+01
5.962551e+01
5.861410e+01
5.630321e+01
5.370458e+01
4.637386e+01
4.301093e+01
3.929634e+01
3.825568e+01
3.671945e+01
3.318940e+01
2.995279e+01
2.870266e+01
2.708989e+01
2.553002e+01
2.405771e+01
2.157981e+01
2.047429e+01
1.885639e+01
1.796199e+01
1.695945e+01
1.635169e+01
1.461839e+01
1.436250e+01
1.365547e+01
1.309382e+01
1.169464e+01
1.031319e+01
9.755142e+00
9.231051e+00
9.018260e+00
7.930051e+00
7.724066e+00
6.817319e+00
6.539700e+00
6.088146e+00
5.949465e+00
5.780082e+00
5.060871e+00
4.640403e+00
4.107943e+00
3.842226e+00
3.518541e+00
3.253550e+00
3.101130e+00
2.717427e+00
2.681714e+00
2.534870e+00
2.247467e+00
2.124034e+00
1.926061e+00
1.781924e+00
1.653966e+00
1.552720e+00
1.549967e+00
1.392400e+00
1.317014e+00
1.259811e+00
1.233087e+00
1.102326e+00
1.080249e+00
9.618414e-01
9.387519e-01
8.881154e-01
8.279240e-01
7.741503e-01
7.328416e-01
7.138821e-01
6.990047e-01
6.486375e-01
5.888796e-01
5.597677e-01
5.272991e-01
5.048042e-01
4.917114e-01
4.664009e-01
4.191002e-01
3.954702e-01
3.658615e-01
3.531882e-01
3.341732e-01
3.309459e-01
3.044443e-01
2.827495e-01
2.650464e-01
2.357253e-01
2.291714e-01
2.216914e-01
2.085472e-01
2.015374e-01
1.948916e-01
1.801595e-01
1.655044e-01
1.598936e-01
1.504660e-01
1.395019e-01
1.333563e-01
1.285488e-01
1.135992e-01
1.106172e-01
1.083472e-01
9.101837e-02
8.826213e-02
8.388779e-02
7.882408e-02
6.882010e-02
6.500533e-02
6.229848e-02
5.861795e-02
5.814210e-02
5.498973e-02
5.192589e-02
4.873028e-02
4.689349e-02
4.391987e-02
4.231744e-02
4.045783e-02
3.896010e-02
3.570368e-02
3.315229e-02
2.983402e-02
2.801787e-02
2.699580e-02
2.560435e-02
2.325661e-02
2.250952e-02
2.186046e-02
2.063081e-02
2.006111e-02
1.922696e-02
1.828155e-02
1.739450e-02
1.674460e-02
1.607715e-02
1.470090e-02
1.350416e-02
1.224151e-02
1.216091e-02
1.123255e-02
1.067396e-02
1.024447e-02
9.631012e-03
8.989504e-03
8.479856e-03
7.624814e-03
7.268251e-03
6.786147e-03
6.406872e-03
6.230520e-03
5.688778e-03
5.430818e-03
5.400272e-03
4.975908e-03
4.927681e-03
4.581660e-03
4.067346e-03
3.974437e-03
3.454704e-03
3.303882e-03
3.279293e-03
3.072451e-03
3.010950e-03
2.811160e-03
2.737623e-03
2.561040e-03
2.482696e-03
2.369107e-03
2.264197e-03
2.020902e-03
1.934939e-03
1.821274e-03
1.797303e-03
1.723922e-03
1.693805e-03
1.651400e-03
1.602848e-03
1.585510e-03
1.549336e-03
1.486155e-03
1.451994e-03
1.392769e-03
1.373816e-03
1.334148e-03
1.315978e-03
1.282334e-03
1.279148e-03
1.229731e-03
1.205356e-03
1.195116e-03
1.179997e-03
1.164763e-03
1.144153e-03
1.120634e-03
1.104264e-03
1.089275e-03
1.059495e-03
1.043262e-03
1.035845e-03
1.012321e-03
1.007346e-03
9.988369e-04
9.960022e-04
9.874875e-04
9.684381e-04
9.566495e-04
9.248680e-04
9.076950e-04
9.009503e-04
8.825992e-04
8.679686e-04
8.496824e-04
8.474971e-04
8.406747e-04
8.270669e-04
8.197996e-04
8.096513e-04
8.006410e-04
7.894527e-04
7.834816e-04
7.673315e-04
7.516196e-04
7.478314e-04
7.372359e-04
7.230616e-04
7.198195e-04
7.120921e-04
6.963828e-04
6.811566e-04
6.733718e-04
6.718097e-04
6.522194e-04
6.367997e-04
6.228475e-04
6.163292e-04
6.069730e-04
5.960198e-04
5.894512e-04
5.855451e-04
5.808076e-04
5.618911e-04
5.489128e-04
5.446649e-04
5.396550e-04
5.327510e-04
5.282441e-04
4.969729e-04
4.900016e-04
4.816466e-04
4.687866e-04
4.590765e-04
4.482724e-04
4.372491e-04
4.323043e-04
4.212500e-04
4.155813e-04
4.083201e-04
4.036425e-04
4.035242e-04
3.866010e-04
3.793908e-04
3.686386e-04
3.553269e-04
3.439914e-04
3.354546e-04
3.301388e-04
3.241190e-04
3.132703e-04
3.057825e-04
2.944908e-04
2.844989e-04
2.825651e-04
2.790841e-04
2.685039e-04
2.625302e-04
2.537732e-04
2.404803e-04
2.374315e-04
2.264927e-04
2.218844e-04
2.081056e-04
1.938327e-04
1.843082e-04
1.759062e-04
1.672740e-04
1.580951e-04
1.355628e-04
1.281714e-04
1.207566e-04
1.119782e-04
1.056313e-04
9.122764e-05
8.976963e-05
8.536140e-05
8.424515e-05
6.883228e-05
5.368580e-05
4.474489e-05
4.107205e-05
3.207035e-05
1.520307e-05
1.422712e-06
1.504087e-13
5.032457e-14
-5.911959e-14
-1.597689e-06
-1.049920e-05
-2.783317e-05
-3.079393e-05
-4.463879e-05
-5.596981e-05
-6.128810e-05
-6.694952e-05
-8.307628e-05
-9.337332e-05
-1.134141e-04
-1.209037e-04
-1.246236e-04
-1.371844e-04
-1.477301e-04
-1.553992e-04
-1.741174e-04
-1.842518e-04
-1.904616e-04
-1.967697e-04
-2.072974e-04
-2.157037e-04
-2.341985e-04
-2.389532e-04
-2.587730e-04
-2.694828e-04
-2.768079e-04
-2.887778e-04
-2.962584e-04
-3.029084e-04
-3.216329e-04
-3.270822e-04
-3.400971e-04
-3.500861e-04
-3.566587e-04
-3.710107e-04
-3.801894e-04
-3.922801e-04
-4.030329e-04
-4.079741e-04
-4.246443e-04
-4.462413e-04
-4.510549e-04
-4.680068e-04
-4.803183e-04
-4.888003e-04
-5.018118e-04
-5.360566e-04
-5.463503e-04
-5.638177e-04
-5.889613e-04
-6.091801e-04
-6.351013e-04
