3.195746e+10
1.522147e+10
7.700741e+09
5.224094e+09
4.485665e+09
3.974153e+09
3.722836e+09
3.238458e+09
3.086139e+09
2.914304e+09
2.513351e+09
2.434739e+09
2.311097e+09
2.239577e+09
2.039805e+09
1.971555e+09
1.775366e+09
1.655622e+09
1.611518e+09
1.573064e+09
1.454166e+09
1.414223e+09
1.364151e+09
1.353456e+09
1.307304e+09
1.225377e+09
1.194705e+09
1.119897e+09
1.096753e+09
1.045924e+09
1.007879e+09
9.942652e+08
9.700763e+08
9.259588e+08
8.915535e+08
8.773926e+08
8.535121e+08
8.124698e+08
7.870616e+08
7.622552e+08
7.438117e+08
7.308175e+08
6.992881e+08
6.892618e+08
6.674901e+08
6.544522e+08
6.282824e+08
6.110705e+08
5.949366e+08
5.798047e+08
5.588109e+08
5.574964e+08
5.509228e+08
5.218671e+08
5.103502e+08
4.960481e+08
4.824489e+08
4.667835e+08
4.607808e+08
4.589918e+08
4.507140e+08
4.387699e+08
4.326204e+08
4.145640e+08
4.026974e+08
3.960953e+08
3.853014e+08
3.793562e+08
3.718019e+08
3.583156e+08
3.527230e+08
3.297994e+08
3.219772e+08
3.114942e+08
3.077416e+08
3.026739e+08
2.910454e+08
2.869712e+08
2.825909e+08
2.735107e+08
2.669680e+08
2.562696e+08
2.522292e+08
2.451884e+08
2.373291e+08
2.313900e+08
2.235436e+08
2.092859e+08
2.019000e+08
2.000497e+08
1.851273e+08
1.821905e+08
1.769974e+08
1.691898e+08
1.624241e+08
1.605255e+08
1.554810e+08
1.497195e+08
1.441026e+08
1.349901e+08
1.336459e+08
1.264889e+08
1.221277e+08
1.180900e+08
1.162556e+08
1.075055e+08
1.006715e+08
9.808178e+07
9.101259e+07
8.441500e+07
8.199679e+07
7.412490e+07
7.306924e+07
6.954725e+07
6.341707e+07
5.411566e+07
5.046229e+07
4.781470e+07
4.514745e+07
4.168830e+07
2.704966e+07
2.315412e+07
2.044859e+07
1.693948e+07
1.493614e+07
1.320826e+07
6.251707e+06
1.112617e+06
