8.638169e+04
3.332390e+03
2.617890e+03
1.650039e+03
1.147884e+03
7.613691e+02
5.461283e+02
4.639144e+02
3.008732e+02
2.796988e+02
2.453024e+02
2.128064e+02
1.890830e+02
1.823283e+02
1.732307e+02
1.573638e+02
1.547544e+02
1.450386e+02
1.272319e+02
1.230108e+02
1.165508e+02
1.053654e+02
9.793820e+01
9.409494e+01
8.892631e+01
8.364289e+01
8.072893e+01
7.523759e+01
7.241519e+01
6.785313e+01
6.231676e+01
6.057742e+01
5.766249e+01
5.484472e+01
5.031024e+01
4.784307e+01
4.131381e+01
3.949115e+01
3.800094e+01
3.565486e+01
3.388520e+01
3.132917e+01
3.016485e+01
2.821025e+01
2.674474e+01
2.484087e+01
2.297167e+01
2.220095e+01
2.019920e+01
1.876308e+01
1.712549e+01
1.696353e+01
1.537722e+01
1.390256e+01
1.300784e+01
1.230459e+01
1.160245e+01
1.067933e+01
1.010161e+01
9.329825e+00
8.981271e+00
8.602186e+00
8.466059e+00
7.391532e+00
6.489685e+00
6.264449e+00
5.965518e+00
5.435250e+00
5.225850e+00
4.289001e+00
3.957867e+00
3.701649e+00
3.510934e+00
3.079145e+00
2.981885e+00
2.894158e+00
2.480551e+00
2.427525e+00
2.324555e+00
2.139844e+00
2.012857e+00
1.887257e+00
1.831533e+00
1.756036e+00
1.658766e+00
1.573021e+00
1.487187e+00
1.447819e+00
1.337883e+00
1.275679e+00
1.206520e+00
1.132549e+00
1.057540e+00
1.018376e+00
9.657238e-01
8.947370e-01
8.393460e-01
8.280852e-01
8.101884e-01
7.083878e-01
6.660512e-01
6.388221e-01
6.269479e-01
5.854142e-01
5.652746e-01
5.334666e-01
4.979500e-01
4.463180e-01
4.375640e-01
3.991242e-01
3.731090e-01
3.488350e-01
3.328965e-01
3.171332e-01
2.903816e-01
2.723649e-01
2.518269e-01
2.416508e-01
2.307711e-01
2.249284e-01
2.129990e-01
1.956379e-01
1.763363e-01
1.730564e-01
1.584231e-01
1.500185e-01
1.482138e-01
1.408756e-01
1.323005e-01
1.269613e-01
1.212561e-01
1.084617e-01
1.038033e-01
1.002502e-01
9.313071e-02
8.520376e-02
8.395010e-02
7.703764e-02
7.388485e-02
6.996059e-02
6.510566e-02
5.985967e-02
5.774951e-02
5.755540e-02
5.297232e-02
4.815174e-02
4.767297e-02
4.536267e-02
4.019064e-02
3.849766e-02
3.732662e-02
3.514311e-02
3.354761e-02
3.212630e-02
2.907245e-02
2.832092e-02
2.705491e-02
2.703344e-02
2.441540e-02
2.299917e-02
2.153499e-02
1.800043e-02
1.701105e-02
1.691584e-02
1.574929e-02
1.512747e-02
1.396707e-02
1.332084e-02
1.260000e-02
1.140884e-02
1.105312e-02
1.067107e-02
1.018121e-02
8.999730e-03
8.845955e-03
8.534122e-03
7.947896e-03
7.594097e-03
7.457385e-03
6.653410e-03
5.898679e-03
5.708386e-03
5.349306e-03
5.109326e-03
4.852697e-03
4.670337e-03
4.492141e-03
4.452518e-03
4.295693e-03
3.981150e-03
3.962713e-03
3.753917e-03
3.175000e-03
3.083964e-03
2.944346e-03
2.732978e-03
2.649929e-03
2.565309e-03
2.457356e-03
2.379450e-03
2.236413e-03
1.962175e-03
1.898827e-03
1.847826e-03
1.755193e-03
1.690742e-03
1.566567e-03
1.529606e-03
1.501463e-03
1.460208e-03
1.395159e-03
1.327915e-03
1.310215e-03
1.284733e-03
1.267684e-03
1.253608e-03
1.215262e-03
1.200793e-03
1.186902e-03
1.170607e-03
1.145006e-03
1.134939e-03
1.128798e-03
1.104954e-03
1.088936e-03
1.079987e-03
1.056282e-03
1.036801e-03
1.014651e-03
9.981537e-04
9.777145e-04
9.650124e-04
9.542877e-04
9.518211e-04
9.426055e-04
9.281557e-04
9.120600e-04
9.062042e-04
8.879058e-04
8.848135e-04
8.723420e-04
8.685938e-04
8.469168e-04
8.295531e-04
8.238921e-04
8.084334e-04
8.039922e-04
7.798527e-04
7.738688e-04
7.652566e-04
7.533318e-04
7.447171e-04
7.333640e-04
7.270580e-04
7.153574e-04
7.028740e-04
6.934408e-04
6.846764e-04
6.703645e-04
6.605096e-04
6.552064e-04
6.421308e-04
6.298717e-04
6.256934e-04
6.131806e-04
6.068385e-04
5.988674e-04
5.819256e-04
5.658246e-04
5.570152e-04
5.483917e-04
5.453058e-04
5.359044e-04
5.285770e-04
5.220225e-04
5.039615e-04
4.953714e-04
4.900823e-04
4.816562e-04
4.679352e-04
4.626945e-04
4.568010e-04
4.404540e-04
4.389888e-04
4.307053e-04
4.191400e-04
4.063905e-04
3.983113e-04
3.714648e-04
3.672341e-04
3.590347e-04
3.479465e-04
3.470272e-04
3.360879e-04
3.268610e-04
3.120441e-04
3.068670e-04
3.014216e-04
2.931293e-04
2.891369e-04
2.744891e-04
2.649962e-04
2.558228e-04
2.441337e-04
2.282269e-04
2.211534e-04
2.131217e-04
1.962867e-04
1.900763e-04
1.885487e-04
1.675366e-04
1.548166e-04
1.510097e-04
1.490225e-04
1.353356e-04
1.252519e-04
1.243784e-04
1.037846e-04
1.003220e-04
9.331692e-05
8.623052e-05
6.890622e-05
5.978781e-05
5.549290e-05
4.223239e-05
3.573086e-05
1.502366e-05
1.006619e-05
7.271898e-06
2.623093e-06
8.504695e-14
5.906532e-14
3.300650e-14
-1.940889e-14
-8.917464e-14
-6.118387e-06
-1.538154e-05
-2.547012e-05
-3.083959e-05
-3.987343e-05
-5.253644e-05
-6.530717e-05
-7.766914e-05
-9.326284e-05
-1.031742e-04
-1.144103e-04
-1.215760e-04
-1.358637e-04
-1.454967e-04
-1.537581e-04
-1.662894e-04
-1.729520e-04
-1.800872e-04
-1.962394e-04
-2.067380e-04
-2.209067e-04
-2.256380e-04
-2.345660e-04
-2.490318e-04
-2.548832e-04
-2.606803e-04
-2.685796e-04
-2.855508e-04
-3.178932e-04
-3.211628e-04
-3.307334e-04
-3.384984e-04
-3.620971e-04
-3.683276e-04
-3.850567e-04
-4.019609e-04
-4.074416e-04
-4.183596e-04
-4.263213e-04
-4.476438e-04
-4.675680e-04
-4.886744e-04
-4.931272e-04
-5.140403e-04
-5.216346e-04
-5.471521e-04
-5.894010e-04
-6.124199e-04
-6.450920e-04
