# iteration  loss_bc  loss_res  l2_error
0.000000e+00 1.087284e+01 5.188320e+06 2.571676e+00
1.000000e+02 8.999952e+00 5.800286e+03 2.453309e+00
2.000000e+02 7.832894e+00 1.828570e+03 2.331304e+00
3.000000e+02 6.951221e+00 1.548048e+03 2.197604e+00
4.000000e+02 6.091045e+00 7.540958e+02 2.072686e+00
5.000000e+02 5.390834e+00 6.828978e+02 1.947870e+00
6.000000e+02 4.788108e+00 4.415976e+02 1.826998e+00
7.000000e+02 4.255085e+00 2.945589e+02 1.711974e+00
8.000000e+02 3.800331e+00 2.709819e+02 1.601273e+00
9.000000e+02 3.406560e+00 2.775816e+02 1.495813e+00
1.000000e+03 3.039950e+00 1.902804e+02 1.396728e+00
1.100000e+03 2.701881e+00 1.323477e+02 1.302227e+00
1.200000e+03 2.416248e+00 1.526465e+02 1.213151e+00
1.300000e+03 2.153029e+00 1.411094e+02 1.128756e+00
1.400000e+03 1.925342e+00 9.653560e+01 1.049063e+00
1.500000e+03 1.708717e+00 8.323869e+01 9.735995e-01
1.600000e+03 1.524264e+00 9.268278e+01 9.034797e-01
1.700000e+03 1.353634e+00 1.034551e+02 8.368467e-01
1.800000e+03 1.212604e+00 9.087157e+01 7.761840e-01
1.900000e+03 1.080137e+00 1.154532e+02 7.185836e-01
2.000000e+03 9.728551e-01 9.971167e+01 6.671831e-01
2.100000e+03 8.584545e-01 8.721351e+01 6.189178e-01
2.200000e+03 7.747251e-01 4.250368e+01 5.750742e-01
2.300000e+03 6.991363e-01 7.582983e+01 5.362523e-01
2.400000e+03 6.304320e-01 9.576797e+01 5.013484e-01
2.500000e+03 5.814748e-01 9.811242e+01 4.729730e-01
2.600000e+03 5.396642e-01 6.531567e+01 4.460390e-01
2.700000e+03 4.984091e-01 1.259657e+02 4.229276e-01
2.800000e+03 4.635686e-01 1.030236e+02 4.066811e-01
2.900000e+03 4.400168e-01 1.067675e+02 3.916096e-01
3.000000e+03 4.255314e-01 1.492941e+02 3.805926e-01
3.100000e+03 4.167601e-01 1.157669e+03 3.740000e-01
3.200000e+03 3.893622e-01 2.889978e+02 3.699863e-01
3.300000e+03 3.869210e-01 1.976031e+02 3.663476e-01
3.400000e+03 3.876764e-01 4.331938e+02 3.590031e-01
3.500000e+03 3.814356e-01 1.179370e+03 3.629645e-01
3.600000e+03 3.837169e-01 3.747926e+03 3.755979e-01
3.700000e+03 3.650343e-01 4.401284e+02 3.689695e-01
3.800000e+03 3.772025e-01 7.018472e+01 3.656569e-01
3.900000e+03 3.905455e-01 6.847431e+01 3.629005e-01
4.000000e+03 3.891455e-01 1.217717e+02 3.634577e-01
4.100000e+03 3.852074e-01 2.987261e+01 3.624119e-01
4.200000e+03 3.918497e-01 9.149501e+01 3.621517e-01
4.300000e+03 3.903659e-01 6.370405e+02 3.652506e-01
4.400000e+03 3.886324e-01 9.796643e+02 3.694345e-01
4.500000e+03 3.607689e-01 8.222780e+02 3.742906e-01
4.600000e+03 3.520927e-01 1.793225e+03 3.773883e-01
4.700000e+03 3.969882e-01 8.191770e+02 3.770200e-01
4.800000e+03 3.785912e-01 6.303405e+02 3.800939e-01
4.900000e+03 4.070746e-01 2.163055e+02 3.800064e-01
5.000000e+03 4.090186e-01 7.377792e+01 3.786116e-01
5.100000e+03 4.184066e-01 5.639342e+01 3.773870e-01
5.200000e+03 4.208609e-01 4.197374e+01 3.772904e-01
5.300000e+03 4.183468e-01 1.354081e+02 3.766267e-01
5.400000e+03 4.173825e-01 1.915561e+02 3.787424e-01
5.500000e+03 4.215987e-01 3.576118e+02 3.784225e-01
5.600000e+03 4.212456e-01 1.948768e+02 3.797452e-01
5.700000e+03 4.281899e-01 1.348203e+02 3.783776e-01
5.800000e+03 4.302964e-01 5.588407e+02 3.787510e-01
5.900000e+03 4.271325e-01 3.957476e+02 3.819809e-01
6.000000e+03 4.369124e-01 4.369592e+02 3.826611e-01
6.100000e+03 4.272443e-01 3.140252e+02 3.815608e-01
6.200000e+03 4.181992e-01 7.024081e+02 3.817260e-01
6.300000e+03 4.299394e-01 2.984210e+02 3.862958e-01
6.400000e+03 4.377754e-01 5.645084e+02 3.881704e-01
6.500000e+03 4.400328e-01 2.047372e+02 3.878062e-01
6.600000e+03 4.395843e-01 1.303975e+02 3.891452e-01
6.700000e+03 4.420520e-01 6.109755e+01 3.882842e-01
6.800000e+03 4.415510e-01 3.950071e+01 3.883284e-01
6.900000e+03 4.445999e-01 2.082486e+02 3.885213e-01
7.000000e+03 4.433746e-01 8.763794e+01 3.868408e-01
7.100000e+03 4.546624e-01 1.482697e+02 3.885689e-01
7.200000e+03 4.507423e-01 2.039712e+03 3.898441e-01
7.300000e+03 4.534757e-01 1.563263e+02 3.952321e-01
7.400000e+03 4.588444e-01 6.409699e+01 3.933314e-01
7.500000e+03 4.518175e-01 8.619690e+01 3.927986e-01
7.600000e+03 4.587918e-01 4.087609e+01 3.930993e-01
7.700000e+03 4.629713e-01 7.174075e+01 3.919213e-01
7.800000e+03 4.570342e-01 1.107076e+02 3.928460e-01
7.900000e+03 4.621976e-01 1.070375e+02 3.933068e-01
8.000000e+03 4.586432e-01 1.302920e+02 3.926427e-01
8.100000e+03 4.630558e-01 1.842628e+02 3.929709e-01
8.200000e+03 4.584906e-01 3.886306e+02 3.942262e-01
8.300000e+03 4.503137e-01 4.590278e+02 3.947716e-01
8.400000e+03 4.587708e-01 2.717227e+02 3.955176e-01
8.500000e+03 4.684189e-01 3.569306e+02 3.959279e-01
8.600000e+03 4.607539e-01 5.760539e+02 3.998421e-01
8.700000e+03 4.515019e-01 2.786177e+02 4.011794e-01
8.800000e+03 4.642386e-01 6.961311e+01 3.995009e-01
8.900000e+03 4.737431e-01 3.893193e+01 3.982459e-01
9.000000e+03 4.694771e-01 3.252637e+01 3.976082e-01
9.100000e+03 4.709940e-01 5.235225e+01 3.986298e-01
9.200000e+03 4.646254e-01 6.466537e+01 3.981147e-01
9.300000e+03 4.711918e-01 2.216693e+02 3.993959e-01
9.400000e+03 4.706447e-01 3.487400e+02 4.006919e-01
9.500000e+03 4.735491e-01 5.230237e+02 4.004796e-01
9.600000e+03 4.760773e-01 1.221584e+02 4.018371e-01
9.700000e+03 4.738848e-01 4.177258e+01 4.016520e-01
9.800000e+03 4.815090e-01 2.628819e+01 4.018501e-01
9.900000e+03 4.798641e-01 1.602339e+01 4.016227e-01
1.000000e+04 4.776657e-01 1.061586e+01 4.012462e-01
1.010000e+04 4.815432e-01 1.332980e+01 4.008043e-01
1.020000e+04 4.855915e-01 1.683181e+02 3.997030e-01
1.030000e+04 4.902291e-01 4.589022e+02 3.994398e-01
1.040000e+04 4.808492e-01 3.665187e+02 4.026164e-01
1.050000e+04 4.820227e-01 5.237046e+01 4.030810e-01
1.060000e+04 4.822906e-01 2.569872e+01 4.024866e-01
1.070000e+04 4.802511e-01 5.093779e+01 4.027612e-01
1.080000e+04 4.811677e-01 3.006099e+01 4.015598e-01
1.090000e+04 4.906996e-01 1.068053e+02 4.010510e-01
1.100000e+04 4.832754e-01 2.095875e+02 4.018956e-01
1.110000e+04 4.919599e-01 3.102386e+02 4.011038e-01
1.120000e+04 4.800346e-01 8.665685e+01 4.036418e-01
1.130000e+04 4.828344e-01 1.050889e+02 4.037647e-01
1.140000e+04 4.862939e-01 6.627600e+01 4.037570e-01
1.150000e+04 4.856405e-01 2.944360e+01 4.028817e-01
1.160000e+04 4.858152e-01 3.526633e+01 4.025390e-01
1.170000e+04 4.867250e-01 1.087455e+02 4.022834e-01
1.180000e+04 4.814295e-01 4.852887e+01 4.031829e-01
1.190000e+04 4.765517e-01 2.121597e+02 4.041609e-01
1.200000e+04 4.857953e-01 1.076118e+02 4.042066e-01
1.210000e+04 4.832466e-01 1.183978e+02 4.032383e-01
1.220000e+04 4.788493e-01 7.598686e+01 4.031696e-01
1.230000e+04 4.888676e-01 1.851288e+02 4.032285e-01
1.240000e+04 4.961458e-01 1.229454e+02 4.051575e-01
1.250000e+04 4.909671e-01 3.951750e+01 4.039495e-01
1.260000e+04 4.910811e-01 2.208801e+01 4.042299e-01
1.270000e+04 4.892200e-01 3.546976e+01 4.036606e-01
1.280000e+04 4.864112e-01 9.970904e+01 4.039064e-01
1.290000e+04 4.831367e-01 6.311939e+01 4.036555e-01
1.300000e+04 4.843875e-01 6.140500e+01 4.036171e-01
1.310000e+04 4.855613e-01 1.096235e+02 4.037739e-01
1.320000e+04 4.853331e-01 8.844819e+01 4.046420e-01
1.330000e+04 4.856080e-01 3.182411e+01 4.038786e-01
1.340000e+04 4.831786e-01 2.947069e+01 4.036893e-01
1.350000e+04 4.814612e-01 3.139460e+01 4.036966e-01
1.360000e+04 4.864128e-01 2.515966e+01 4.028080e-01
1.370000e+04 4.851242e-01 3.649815e+01 4.024357e-01
1.380000e+04 4.874627e-01 2.121695e+02 4.027565e-01
1.390000e+04 4.696535e-01 1.806190e+02 4.046948e-01
1.400000e+04 4.833278e-01 3.686439e+01 4.039726e-01
1.410000e+04 4.854230e-01 1.503784e+01 4.035753e-01
1.420000e+04 4.856870e-01 1.084251e+01 4.025417e-01
1.430000e+04 4.842328e-01 4.996931e+01 4.024683e-01
1.440000e+04 4.865054e-01 3.990382e+01 4.024408e-01
1.450000e+04 4.780856e-01 8.347203e+01 4.028482e-01
1.460000e+04 4.905951e-01 1.372315e+02 4.035415e-01
1.470000e+04 4.804977e-01 5.059502e+01 4.026839e-01
1.480000e+04 4.808187e-01 6.943990e+01 4.023536e-01
1.490000e+04 4.867175e-01 1.794998e+01 4.023223e-01
1.500000e+04 4.829322e-01 2.763337e+01 4.017200e-01
1.510000e+04 4.869454e-01 3.516603e+01 4.014436e-01
1.520000e+04 4.805607e-01 2.634281e+01 4.014590e-01
1.530000e+04 4.839596e-01 5.829709e+01 4.011316e-01
1.540000e+04 4.841291e-01 7.322586e+01 4.002178e-01
1.550000e+04 4.882756e-01 1.126354e+02 4.002917e-01
1.560000e+04 4.798063e-01 5.177390e+01 4.011462e-01
1.570000e+04 4.802966e-01 3.683556e+01 4.007913e-01
1.580000e+04 4.828035e-01 1.889111e+01 4.001839e-01
1.590000e+04 4.825619e-01 1.222749e+01 4.001203e-01
1.600000e+04 4.827411e-01 1.182027e+01 3.996905e-01
1.610000e+04 4.801751e-01 3.789687e+01 3.995974e-01
1.620000e+04 4.717845e-01 1.837039e+02 4.003932e-01
1.630000e+04 4.782527e-01 9.157970e+01 4.000155e-01
1.640000e+04 4.734907e-01 2.940379e+01 4.007813e-01
1.650000e+04 4.798904e-01 2.172600e+01 4.001203e-01
1.660000e+04 4.805101e-01 2.113375e+01 3.995636e-01
1.670000e+04 4.781215e-01 1.088797e+01 3.996072e-01
1.680000e+04 4.800168e-01 1.859756e+02 3.998910e-01
1.690000e+04 4.751140e-01 9.663889e+01 3.998669e-01
1.700000e+04 4.788564e-01 1.108270e+01 3.998016e-01
1.710000e+04 4.819410e-01 9.062744e+00 3.993585e-01
1.720000e+04 4.812691e-01 9.494368e+00 3.988419e-01
1.730000e+04 4.775417e-01 7.647105e+00 3.983776e-01
1.740000e+04 4.775550e-01 6.792183e+01 3.978226e-01
1.750000e+04 4.776915e-01 3.294604e+01 3.984997e-01
1.760000e+04 4.766191e-01 1.828141e+01 3.984121e-01
1.770000e+04 4.783831e-01 2.080849e+01 3.976053e-01
1.780000e+04 4.731691e-01 8.773277e+00 3.973074e-01
1.790000e+04 4.722801e-01 1.272646e+01 3.975518e-01
1.800000e+04 4.719139e-01 2.601427e+01 3.968140e-01
1.810000e+04 4.727715e-01 3.680249e+01 3.965737e-01
1.820000e+04 4.706007e-01 4.092044e+01 3.966489e-01
1.830000e+04 4.689237e-01 4.734096e+01 3.964236e-01
1.840000e+04 4.702428e-01 1.836377e+01 3.960253e-01
1.850000e+04 4.698151e-01 2.541746e+01 3.958820e-01
1.860000e+04 4.696742e-01 3.153752e+01 3.953053e-01
1.870000e+04 4.683348e-01 3.629678e+01 3.946513e-01
1.880000e+04 4.683441e-01 1.001432e+01 3.952054e-01
1.890000e+04 4.710506e-01 6.887638e+00 3.950496e-01
1.900000e+04 4.705840e-01 8.264214e+00 3.944506e-01
1.910000e+04 4.716777e-01 1.647965e+01 3.943818e-01
1.920000e+04 4.697598e-01 1.772404e+01 3.935736e-01
1.930000e+04 4.674826e-01 2.943170e+01 3.934967e-01
1.940000e+04 4.653929e-01 2.603108e+01 3.934194e-01
1.950000e+04 4.679314e-01 1.870834e+01 3.935981e-01
1.960000e+04 4.622138e-01 1.956723e+01 3.932039e-01
1.970000e+04 4.590397e-01 2.231413e+01 3.931426e-01
1.980000e+04 4.629604e-01 2.024156e+01 3.928257e-01
1.990000e+04 4.618448e-01 1.274896e+01 3.920048e-01
2.000000e+04 4.597564e-01 5.870790e+00 3.919107e-01
2.010000e+04 4.574520e-01 2.433385e+01 3.914869e-01
2.020000e+04 4.581223e-01 1.672553e+01 3.910834e-01
2.030000e+04 4.596635e-01 3.164104e+01 3.921640e-01
2.040000e+04 4.586165e-01 7.183283e+00 3.909853e-01
2.050000e+04 4.562259e-01 1.662690e+01 3.904645e-01
2.060000e+04 4.546248e-01 2.171881e+01 3.903857e-01
2.070000e+04 4.602100e-01 4.786414e+01 3.900822e-01
2.080000e+04 4.529049e-01 2.436305e+01 3.901340e-01
2.090000e+04 4.564156e-01 8.792629e+00 3.895105e-01
2.100000e+04 4.556912e-01 1.280347e+01 3.895420e-01
2.110000e+04 4.558952e-01 1.009948e+01 3.896632e-01
2.120000e+04 4.547333e-01 8.891331e+00 3.886826e-01
2.130000e+04 4.527343e-01 8.158167e+00 3.880560e-01
2.140000e+04 4.519966e-01 1.577107e+01 3.880495e-01
2.150000e+04 4.510970e-01 2.593877e+01 3.878223e-01
2.160000e+04 4.485056e-01 3.037462e+01 3.870412e-01
2.170000e+04 4.507557e-01 1.035129e+01 3.871730e-01
2.180000e+04 4.507794e-01 7.917930e+00 3.871163e-01
2.190000e+04 4.477169e-01 1.660559e+01 3.868626e-01
2.200000e+04 4.486586e-01 3.672543e+00 3.862144e-01
2.210000e+04 4.482135e-01 9.549688e+00 3.858162e-01
2.220000e+04 4.462304e-01 2.106139e+01 3.853151e-01
2.230000e+04 4.444984e-01 9.345165e+00 3.857094e-01
2.240000e+04 4.445493e-01 1.697951e+01 3.851054e-01
2.250000e+04 4.463256e-01 1.465573e+01 3.847116e-01
2.260000e+04 4.449981e-01 6.743987e+00 3.843339e-01
2.270000e+04 4.429701e-01 8.960979e+00 3.840973e-01
2.280000e+04 4.433351e-01 1.756004e+01 3.840849e-01
2.290000e+04 4.408276e-01 2.317015e+01 3.840005e-01
2.300000e+04 4.427601e-01 9.065516e+00 3.834900e-01
2.310000e+04 4.434508e-01 5.329987e+00 3.828615e-01
2.320000e+04 4.418519e-01 5.168266e+00 3.829364e-01
2.330000e+04 4.401658e-01 2.379276e+00 3.822881e-01
2.340000e+04 4.394039e-01 3.636975e+00 3.820665e-01
2.350000e+04 4.384747e-01 1.133232e+01 3.814497e-01
2.360000e+04 4.357343e-01 2.479533e+01 3.807672e-01
2.370000e+04 4.393381e-01 1.328600e+01 3.809100e-01
2.380000e+04 4.366077e-01 8.745119e+00 3.804352e-01
2.390000e+04 4.334658e-01 5.666789e+00 3.805599e-01
2.400000e+04 4.338349e-01 1.465966e+01 3.801504e-01
2.410000e+04 4.326108e-01 1.018887e+01 3.800234e-01
2.420000e+04 4.312973e-01 5.868131e+00 3.801640e-01
2.430000e+04 4.298832e-01 5.808916e+00 3.793943e-01
2.440000e+04 4.331008e-01 4.324473e+00 3.789879e-01
2.450000e+04 4.323814e-01 5.294405e+00 3.787864e-01
2.460000e+04 4.318017e-01 4.806521e+00 3.784936e-01
2.470000e+04 4.311558e-01 8.406521e+00 3.780255e-01
2.480000e+04 4.276875e-01 1.812778e+01 3.782719e-01
2.490000e+04 4.264419e-01 8.790807e+00 3.777267e-01
2.500000e+04 4.290149e-01 4.408978e+00 3.773785e-01
2.510000e+04 4.275507e-01 6.126675e+00 3.770810e-01
2.520000e+04 4.237631e-01 8.902164e+00 3.768725e-01
2.530000e+04 4.250451e-01 7.198864e+00 3.764780e-01
2.540000e+04 4.272220e-01 5.560305e+00 3.762414e-01
2.550000e+04 4.240055e-01 7.675005e+00 3.761075e-01
2.560000e+04 4.240680e-01 5.435471e+00 3.755772e-01
2.570000e+04 4.240438e-01 4.148304e+00 3.751574e-01
2.580000e+04 4.227314e-01 4.208777e+00 3.748696e-01
2.590000e+04 4.227725e-01 4.931477e+00 3.744669e-01
2.600000e+04 4.215430e-01 9.577648e+00 3.741003e-01
2.610000e+04 4.203603e-01 1.690434e+01 3.739443e-01
2.620000e+04 4.196444e-01 3.042240e+00 3.737204e-01
2.630000e+04 4.183587e-01 3.101204e+00 3.733708e-01
2.640000e+04 4.195098e-01 6.906088e+00 3.728955e-01
2.650000e+04 4.192593e-01 4.866004e+00 3.726433e-01
2.660000e+04 4.152472e-01 8.119829e+00 3.725447e-01
2.670000e+04 4.178321e-01 8.174129e+00 3.720662e-01
2.680000e+04 4.178364e-01 3.324573e+00 3.715356e-01
2.690000e+04 4.150383e-01 3.225631e+00 3.715216e-01
2.700000e+04 4.162741e-01 4.684058e+00 3.712335e-01
2.710000e+04 4.149138e-01 3.333565e+00 3.708247e-01
2.720000e+04 4.130592e-01 6.828113e+00 3.705251e-01
2.730000e+04 4.129804e-01 6.557219e+00 3.703162e-01
2.740000e+04 4.114361e-01 3.731188e+00 3.702346e-01
2.750000e+04 4.109722e-01 5.616668e+00 3.699300e-01
2.760000e+04 4.094769e-01 7.823030e+00 3.697102e-01
2.770000e+04 4.108817e-01 5.033926e+00 3.692017e-01
2.780000e+04 4.081711e-01 6.829107e+00 3.690259e-01
2.790000e+04 4.090089e-01 3.391792e+00 3.688085e-01
2.800000e+04 4.066603e-01 3.594074e+00 3.683265e-01
2.810000e+04 4.060209e-01 7.823579e+00 3.678706e-01
2.820000e+04 4.073074e-01 8.637777e+00 3.676815e-01
2.830000e+04 4.057772e-01 6.619760e+00 3.677996e-01
2.840000e+04 4.057992e-01 4.860212e+00 3.673700e-01
2.850000e+04 4.053968e-01 2.146431e+00 3.671971e-01
2.860000e+04 4.043643e-01 5.048357e+00 3.668940e-01
2.870000e+04 4.037282e-01 3.405716e+00 3.663801e-01
2.880000e+04 4.042627e-01 3.547018e+00 3.663011e-01
2.890000e+04 4.032646e-01 5.460074e+00 3.658396e-01
2.900000e+04 4.023166e-01 2.063851e+00 3.656131e-01
2.910000e+04 4.008265e-01 6.637799e+00 3.654865e-01
2.920000e+04 4.001012e-01 5.583415e+00 3.651478e-01
2.930000e+04 4.001269e-01 3.532687e+00 3.648240e-01
2.940000e+04 3.997391e-01 2.169886e+00 3.643913e-01
2.950000e+04 3.980845e-01 2.981794e+00 3.640437e-01
2.960000e+04 3.986155e-01 4.175802e+00 3.637224e-01
2.970000e+04 3.981850e-01 2.128245e+00 3.633280e-01
2.980000e+04 3.968153e-01 2.222976e+00 3.629748e-01
2.990000e+04 3.967111e-01 2.495254e+00 3.627712e-01
3.000000e+04 3.971674e-01 2.721429e+00 3.623565e-01
3.010000e+04 3.957581e-01 2.441664e+00 3.622478e-01
3.020000e+04 3.941803e-01 1.435894e+00 3.619199e-01
3.030000e+04 3.921787e-01 3.415251e+00 3.616724e-01
3.040000e+04 3.929275e-01 3.287650e+00 3.612050e-01
3.050000e+04 3.937016e-01 6.005430e+00 3.607374e-01
3.060000e+04 3.915367e-01 6.087099e+00 3.608033e-01
3.070000e+04 3.910906e-01 3.766729e+00 3.603196e-01
3.080000e+04 3.912202e-01 9.756297e-01 3.601848e-01
3.090000e+04 3.892474e-01 1.606407e+00 3.597150e-01
3.100000e+04 3.910167e-01 3.030114e+00 3.596055e-01
3.110000e+04 3.887722e-01 2.892024e+00 3.591052e-01
3.120000e+04 3.876615e-01 4.562190e+00 3.587721e-01
3.130000e+04 3.874740e-01 4.253816e+00 3.586624e-01
3.140000e+04 3.865545e-01 1.201414e+00 3.584237e-01
3.150000e+04 3.858243e-01 1.326124e+00 3.580139e-01
3.160000e+04 3.858916e-01 2.568760e+00 3.577215e-01
3.170000e+04 3.850826e-01 5.318619e+00 3.572491e-01
3.180000e+04 3.848354e-01 3.816797e+00 3.573477e-01
3.190000e+04 3.846296e-01 1.970548e+00 3.570238e-01
3.200000e+04 3.831286e-01 1.647410e+00 3.568004e-01
3.210000e+04 3.822306e-01 3.409505e+00 3.565524e-01
3.220000e+04 3.808449e-01 1.923883e+00 3.561153e-01
3.230000e+04 3.808792e-01 2.059999e+00 3.559221e-01
3.240000e+04 3.804954e-01 1.998101e+00 3.557145e-01
3.250000e+04 3.797973e-01 2.733582e+00 3.553444e-01
3.260000e+04 3.783766e-01 2.331379e+00 3.548637e-01
3.270000e+04 3.788725e-01 2.855408e+00 3.547854e-01
3.280000e+04 3.770347e-01 1.777658e+00 3.545022e-01
3.290000e+04 3.770467e-01 2.798646e+00 3.542484e-01
3.300000e+04 3.775024e-01 7.761419e-01 3.540377e-01
3.310000e+04 3.759761e-01 1.225250e+00 3.536812e-01
3.320000e+04 3.755040e-01 1.852753e+00 3.533629e-01
3.330000e+04 3.759275e-01 1.370916e+00 3.530037e-01
3.340000e+04 3.740020e-01 2.534925e+00 3.527917e-01
3.350000e+04 3.744137e-01 2.113963e+00 3.526773e-01
3.360000e+04 3.728447e-01 2.012559e+00 3.522635e-01
3.370000e+04 3.731354e-01 2.442230e+00 3.519256e-01
3.380000e+04 3.716104e-01 4.045856e+00 3.518420e-01
3.390000e+04 3.720994e-01 1.212541e+00 3.513761e-01
3.400000e+04 3.718790e-01 2.749091e+00 3.512053e-01
3.410000e+04 3.714538e-01 1.272925e+00 3.509862e-01
3.420000e+04 3.702648e-01 1.495317e+00 3.507733e-01
3.430000e+04 3.702882e-01 1.403001e+00 3.505132e-01
3.440000e+04 3.684175e-01 1.792110e+00 3.501385e-01
3.450000e+04 3.684982e-01 2.466568e+00 3.496620e-01
3.460000e+04 3.673704e-01 1.405401e+00 3.495999e-01
3.470000e+04 3.669129e-01 2.016413e+00 3.493408e-01
3.480000e+04 3.669540e-01 1.328202e+00 3.491410e-01
3.490000e+04 3.664780e-01 1.686471e+00 3.486983e-01
3.500000e+04 3.655663e-01 1.627425e+00 3.484703e-01
3.510000e+04 3.654848e-01 1.985707e+00 3.482425e-01
3.520000e+04 3.652438e-01 2.525598e+00 3.479972e-01
3.530000e+04 3.637601e-01 1.746111e+00 3.477100e-01
3.540000e+04 3.633052e-01 2.244916e+00 3.474222e-01
3.550000e+04 3.622361e-01 1.407928e+00 3.472742e-01
3.560000e+04 3.617257e-01 1.936768e+00 3.470178e-01
3.570000e+04 3.628275e-01 1.612902e+00 3.466038e-01
3.580000e+04 3.616496e-01 1.785442e+00 3.463361e-01
3.590000e+04 3.612319e-01 1.871466e+00 3.461990e-01
3.600000e+04 3.597708e-01 1.032490e+00 3.458507e-01
3.610000e+04 3.596954e-01 1.072186e+00 3.456517e-01
3.620000e+04 3.588910e-01 1.805876e+00 3.453621e-01
3.630000e+04 3.583884e-01 1.664037e+00 3.450260e-01
3.640000e+04 3.579124e-01 1.339086e+00 3.448051e-01
3.650000e+04 3.565921e-01 1.132438e+00 3.445352e-01
3.660000e+04 3.567373e-01 1.464781e+00 3.443290e-01
3.670000e+04 3.563610e-01 1.372894e+00 3.439367e-01
3.680000e+04 3.560505e-01 1.180856e+00 3.437113e-01
3.690000e+04 3.560335e-01 1.398908e+00 3.433722e-01
3.700000e+04 3.552036e-01 2.211107e+00 3.432923e-01
3.710000e+04 3.540705e-01 1.320738e+00 3.429841e-01
3.720000e+04 3.538770e-01 1.172181e+00 3.425051e-01
3.730000e+04 3.530246e-01 1.272165e+00 3.424090e-01
3.740000e+04 3.512364e-01 1.625590e+00 3.422372e-01
3.750000e+04 3.521476e-01 1.795129e+00 3.421179e-01
3.760000e+04 3.515381e-01 1.133964e+00 3.417066e-01
3.770000e+04 3.508454e-01 1.390496e+00 3.414565e-01
3.780000e+04 3.513796e-01 1.918968e+00 3.411873e-01
3.790000e+04 3.511930e-01 1.028602e+00 3.410575e-01
3.800000e+04 3.497823e-01 1.074439e+00 3.406740e-01
3.810000e+04 3.499224e-01 1.303530e+00 3.405715e-01
3.820000e+04 3.483560e-01 1.108079e+00 3.404292e-01
3.830000e+04 3.473801e-01 1.103099e+00 3.402465e-01
3.840000e+04 3.485272e-01 9.360483e-01 3.399419e-01
3.850000e+04 3.478140e-01 1.057044e+00 3.395234e-01
3.860000e+04 3.471787e-01 1.121822e+00 3.394583e-01
3.870000e+04 3.466758e-01 9.114656e-01 3.392093e-01
3.880000e+04 3.457559e-01 9.037582e-01 3.389077e-01
3.890000e+04 3.458375e-01 1.216785e+00 3.387704e-01
3.900000e+04 3.441612e-01 1.148775e+00 3.384735e-01
3.910000e+04 3.448182e-01 8.736455e-01 3.382845e-01
3.920000e+04 3.440561e-01 1.034278e+00 3.379073e-01
3.930000e+04 3.438348e-01 1.238274e+00 3.377150e-01
3.940000e+04 3.432266e-01 7.474154e-01 3.374656e-01
3.950000e+04 3.438755e-01 1.187978e+00 3.371332e-01
3.960000e+04 3.423938e-01 7.328931e-01 3.369065e-01
3.970000e+04 3.425370e-01 6.359767e-01 3.366680e-01
3.980000e+04 3.421803e-01 1.312319e+00 3.365059e-01
3.990000e+04 3.414904e-01 7.732894e-01 3.363714e-01
