1.836806e+10
1.808909e+10
4.240276e+09
2.639304e+09
2.628631e+09
2.449357e+09
1.480440e+09
1.124600e+09
6.785756e+08
6.378124e+08
3.447955e+08
3.214465e+08
2.407366e+08
1.244303e+08
1.206424e+08
3.266609e+07
1.635241e+07
4.727748e+06
2.964980e+06
6.243819e+05
4.601570e+05
2.803724e+05
1.887879e+05
1.452052e+05
1.058160e+05
3.072535e+04
2.575842e+04
1.046199e+04
3.710654e+03
9.833371e+02
7.341575e+02
1.184992e+02
5.352995e+01
1.970891e+01
5.520073e+00
8.075056e-01
3.485478e-01
9.709068e-02
6.512949e-02
3.368758e-02
2.730061e-02
2.406937e-02
2.177957e-02
1.911585e-02
1.678777e-02
1.348821e-02
1.331230e-02
1.172145e-02
1.069790e-02
9.921920e-03
9.317040e-03
8.091195e-03
6.663558e-03
6.384959e-03
5.097406e-03
4.221418e-03
4.026441e-03
1.920890e-03
1.311330e-03
-4.287170e-04
-1.244394e-03
-3.034044e-03
-4.389750e-03
-7.230083e-03
