5.234622e+03
9.760780e+01
1.498543e+00
3.324397e-02
7.815729e-04
1.638233e-04
1.568255e-04
1.517846e-04
1.452276e-04
1.414618e-04
1.379280e-04
1.305780e-04
1.251984e-04
1.206500e-04
1.168928e-04
1.113330e-04
1.082030e-04
1.017410e-04
1.014408e-04
9.926614e-05
9.438378e-05
9.042180e-05
8.989534e-05
8.587725e-05
8.397128e-05
7.886895e-05
7.417602e-05
7.132642e-05
7.043959e-05
6.922509e-05
6.424046e-05
6.247611e-05
5.796212e-05
5.321750e-05
5.038367e-05
4.730148e-05
4.526389e-05
4.319851e-05
4.142131e-05
3.659069e-05
2.991595e-05
2.776056e-05
2.173998e-05
2.033363e-05
1.342948e-05
1.231390e-05
7.987027e-06
4.798364e-06
6.209066e-07
-1.277511e-06
-2.618614e-06
-5.687546e-06
-1.364755e-05
-1.475847e-05
-1.634202e-05
-2.062023e-05
-2.639429e-05
-3.022463e-05
-3.543215e-05
-4.171031e-05
-4.680659e-05
-5.459589e-05
-5.771001e-05
-6.951498e-05
