1.905582e+09
1.725343e+09
1.001882e+09
9.671089e+08
9.305843e+08
8.935924e+08
8.272380e+08
7.687021e+08
7.091286e+08
6.683164e+08
6.477313e+08
6.167299e+08
6.034909e+08
5.953594e+08
5.843530e+08
5.631788e+08
5.307043e+08
5.212731e+08
5.114861e+08
4.875131e+08
4.763636e+08
4.652972e+08
4.465164e+08
4.430289e+08
4.293499e+08
4.200254e+08
4.049529e+08
3.968905e+08
3.889611e+08
3.742463e+08
3.683811e+08
3.637702e+08
3.424603e+08
3.324128e+08
3.258453e+08
3.213751e+08
3.126710e+08
2.917546e+08
2.869953e+08
2.837941e+08
2.756192e+08
2.702302e+08
2.631240e+08
2.548007e+08
2.396892e+08
2.370075e+08
2.280882e+08
2.135720e+08
2.108697e+08
2.040172e+08
1.866023e+08
1.488131e+08
1.359723e+08
1.186882e+08
1.094765e+08
6.708881e+07
3.869043e+07
1.961114e+07
1.276612e+07
9.796816e+06
6.057366e+06
4.310251e+06
3.634694e+06
2.190670e+06
