2.407347e+09
2.150834e+09
1.279685e+09
1.219023e+09
1.171301e+09
1.125585e+09
1.046483e+09
9.773958e+08
8.938841e+08
8.666625e+08
8.199268e+08
7.890341e+08
7.551197e+08
7.437238e+08
6.930663e+08
6.833094e+08
6.655393e+08
6.478179e+08
6.371693e+08
6.174485e+08
5.989259e+08
5.761622e+08
5.758080e+08
5.691597e+08
5.502845e+08
5.318607e+08
5.203822e+08
5.085053e+08
4.874717e+08
4.807408e+08
4.777883e+08
4.560499e+08
4.429831e+08
4.362858e+08
4.268968e+08
4.011768e+08
3.938131e+08
3.878110e+08
3.745924e+08
3.677627e+08
3.447890e+08
3.361260e+08
3.330069e+08
3.313201e+08
3.112380e+08
3.048701e+08
3.021058e+08
2.902635e+08
2.780276e+08
2.637036e+08
2.432665e+08
1.884606e+08
1.695866e+08
1.466565e+08
1.322636e+08
8.179619e+07
4.766653e+07
2.474140e+07
1.674053e+07
1.281857e+07
8.050084e+06
5.927510e+06
5.645672e+06
2.936432e+06
