1.217685e+09
1.171470e+09
9.429803e+08
8.122361e+08
7.493450e+08
7.168100e+08
6.875958e+08
6.023364e+08
5.866671e+08
5.488915e+08
5.164806e+08
4.721418e+08
4.598556e+08
4.547520e+08
4.377183e+08
4.292693e+08
4.167008e+08
4.124134e+08
3.874001e+08
3.835996e+08
3.752889e+08
3.662348e+08
3.617507e+08
3.512244e+08
3.406701e+08
3.383958e+08
3.319892e+08
3.222099e+08
3.143341e+08
3.027371e+08
2.956099e+08
2.870234e+08
2.810128e+08
2.661132e+08
2.629457e+08
2.456148e+08
2.403024e+08
2.304723e+08
2.280422e+08
2.208178e+08
2.169498e+08
2.037041e+08
1.963936e+08
1.841458e+08
1.817950e+08
1.739397e+08
1.702883e+08
1.627668e+08
1.538385e+08
1.524251e+08
1.383841e+08
1.145674e+08
1.027765e+08
9.216790e+07
6.269400e+07
4.950679e+07
3.109946e+07
2.557608e+07
2.301671e+07
1.348084e+07
7.665168e+06
6.251578e+06
5.520376e+06
4.866671e+06
