9.487393e+02
2.659405e+02
2.746956e+01
3.141851e+00
1.184236e-01
6.230415e-03
1.773257e-04
9.712078e-05
7.989937e-05
5.085193e-05
4.852332e-05
4.728621e-05
4.453270e-05
4.329224e-05
4.057154e-05
3.958281e-05
3.858420e-05
3.637922e-05
3.452524e-05
3.403846e-05
3.235621e-05
3.063687e-05
2.990565e-05
2.896004e-05
2.702603e-05
2.576112e-05
2.410307e-05
2.354716e-05
2.323858e-05
2.186204e-05
2.072019e-05
2.042692e-05
1.884353e-05
1.792171e-05
1.735852e-05
1.644041e-05
1.557373e-05
1.349145e-05
1.287849e-05
1.142575e-05
9.721148e-06
9.482329e-06
8.963970e-06
7.533638e-06
6.886694e-06
6.018287e-06
2.989067e-06
2.779969e-06
7.902064e-07
1.846916e-07
-5.252793e-07
-1.163393e-06
-4.042587e-06
-5.151158e-06
-5.523814e-06
-7.401524e-06
-9.458675e-06
-1.313045e-05
-1.444764e-05
-1.477717e-05
-3.165461e-05
-4.034141e-05
-7.222126e-05
-1.004062e-04
