1.909420e+10
1.811792e+10
6.874338e+09
3.344589e+09
3.015422e+09
2.441454e+09
1.263740e+09
1.062936e+09
6.467775e+08
5.353808e+08
2.996075e+08
2.425262e+08
1.599457e+08
1.212810e+08
1.036929e+08
2.613990e+07
1.398931e+07
3.066078e+06
1.717823e+06
5.539062e+05
2.791357e+05
2.489975e+05
1.744133e+05
1.056964e+05
6.780060e+04
2.916194e+04
1.127264e+04
5.218096e+03
3.069833e+03
5.124963e+02
2.927496e+02
1.053909e+02
4.247675e+01
5.616231e+00
1.794827e+00
6.511208e-01
3.282792e-01
1.267896e-01
3.573580e-02
2.620346e-02
2.262014e-02
2.230960e-02
2.071062e-02
1.748676e-02
1.524725e-02
1.476393e-02
1.149354e-02
1.070649e-02
9.800633e-03
9.115280e-03
7.962683e-03
7.500300e-03
6.079350e-03
5.472574e-03
5.069044e-03
4.703222e-03
3.225859e-03
2.137342e-03
9.602548e-04
7.504571e-04
1.573791e-04
-5.581186e-04
-2.447376e-03
-4.995943e-03
