8.871008e+08
4.232579e+08
7.330800e+07
4.900212e+07
2.430534e+06
2.413396e+06
4.461757e+05
2.930796e+05
1.691295e+05
7.835680e+04
5.114961e+04
2.780436e+04
1.409583e+04
8.334723e+03
6.304699e+03
1.762360e+03
1.062023e+03
4.810849e+02
9.349477e+01
2.898686e+01
1.022063e+01
4.438601e+00
9.536414e-01
2.881144e-01
2.314701e-01
7.341270e-02
6.271864e-02
4.940376e-02
4.077877e-02
3.108971e-02
2.337378e-02
2.071780e-02
1.846137e-02
1.551561e-02
1.452581e-02
1.386175e-02
1.215194e-02
1.143519e-02
1.049218e-02
9.641242e-03
8.766778e-03
7.937385e-03
7.465993e-03
6.663133e-03
6.337723e-03
5.646818e-03
5.112979e-03
4.695170e-03
3.896083e-03
3.088768e-03
2.568787e-03
1.973887e-03
1.857436e-04
-5.029413e-04
-1.039788e-03
-2.866175e-03
-3.425649e-03
-4.510433e-03
-6.696525e-03
-8.756426e-03
-1.867584e-02
-3.961391e-02
-7.326711e-02
-1.934004e-01
