6.370125e+03
7.678623e+02
3.817331e+02
2.574590e+02
2.054019e+02
1.887179e+02
1.446937e+02
1.248975e+02
1.079956e+02
8.991409e+01
8.736196e+01
7.816592e+01
6.939130e+01
5.745550e+01
5.491454e+01
4.937473e+01
4.587085e+01
4.281723e+01
3.867553e+01
3.527525e+01
2.799321e+01
2.648491e+01
2.407811e+01
2.184592e+01
2.008491e+01
1.948608e+01
1.626777e+01
8.891852e+00
4.544061e+00
4.067980e+00
3.509048e+00
3.197852e+00
3.055011e+00
2.435140e+00
2.290304e+00
2.152011e+00
2.000640e+00
1.803316e+00
1.582663e+00
1.423156e+00
1.304904e+00
1.157285e+00
1.102025e+00
9.688578e-01
9.338040e-01
8.574882e-01
8.178070e-01
7.220871e-01
6.602288e-01
5.843838e-01
4.809579e-01
4.508197e-01
3.733173e-01
3.234912e-01
2.666421e-01
2.377267e-01
2.202544e-01
2.022822e-01
1.821302e-01
1.665226e-01
1.488008e-01
1.369986e-01
1.310647e-01
1.179252e-01
