1.907751e+09
1.726830e+09
1.003432e+09
9.685814e+08
9.322062e+08
8.951526e+08
8.296640e+08
7.700443e+08
7.098657e+08
6.690584e+08
6.481724e+08
6.175175e+08
6.045501e+08
5.960104e+08
5.852497e+08
5.643062e+08
5.313560e+08
5.214618e+08
5.121320e+08
4.875937e+08
4.769677e+08
4.658342e+08
4.470689e+08
4.434466e+08
4.304159e+08
4.213283e+08
4.051985e+08
3.976783e+08
3.893943e+08
3.745177e+08
3.689719e+08
3.641769e+08
3.437703e+08
3.327174e+08
3.264970e+08
3.217342e+08
3.132530e+08
2.920569e+08
2.872922e+08
2.848484e+08
2.771492e+08
2.703288e+08
2.634155e+08
2.551597e+08
2.398449e+08
2.371872e+08
2.284439e+08
2.138890e+08
2.111688e+08
2.038411e+08
1.867263e+08
1.490766e+08
1.364072e+08
1.188010e+08
1.097552e+08
6.706860e+07
3.873538e+07
1.964298e+07
1.280241e+07
9.842728e+06
6.073744e+06
4.326165e+06
3.685260e+06
2.204518e+06
