1.409394e+09
1.327704e+09
1.042317e+09
9.029306e+08
8.656036e+08
8.260917e+08
7.902220e+08
7.292641e+08
6.778148e+08
6.636219e+08
6.313014e+08
5.953126e+08
5.599609e+08
5.444227e+08
5.265651e+08
5.159000e+08
5.005553e+08
4.860585e+08
4.698515e+08
4.557364e+08
4.468852e+08
4.440197e+08
4.315134e+08
4.177464e+08
4.159301e+08
4.054886e+08
4.033014e+08
3.961048e+08
3.836885e+08
3.674571e+08
3.568219e+08
3.500867e+08
3.450472e+08
3.288105e+08
3.137668e+08
3.075173e+08
2.980327e+08
2.818236e+08
2.774375e+08
2.711522e+08
2.602257e+08
2.512443e+08
2.390392e+08
2.257049e+08
2.174126e+08
2.075740e+08
2.060909e+08
1.962699e+08
1.882551e+08
1.790515e+08
1.633909e+08
1.353332e+08
1.280070e+08
1.134093e+08
7.293138e+07
5.711555e+07
3.782900e+07
2.963079e+07
2.707400e+07
1.531330e+07
1.063224e+07
8.528545e+06
8.031846e+06
6.777795e+06
