6.409342e+03
9.549263e+02
5.223400e+02
2.229560e+02
1.409434e+02
1.012853e+02
7.511944e+01
4.751649e+01
3.956092e+01
3.565712e+01
1.766829e+01
1.700561e+01
1.464452e+01
6.851310e+00
3.943822e+00
9.650258e-01
4.464246e-01
1.372887e-01
8.965506e-02
4.206402e-02
1.567888e-02
4.461464e-03
2.093166e-03
7.577986e-04
3.520093e-04
1.325088e-04
1.112709e-04
1.095195e-04
9.355800e-05
9.144813e-05
8.884710e-05
8.399395e-05
8.175914e-05
7.174085e-05
6.809842e-05
6.061162e-05
5.355386e-05
5.130878e-05
4.886428e-05
3.739253e-05
3.272227e-05
2.960633e-05
2.402345e-05
2.253634e-05
1.655804e-05
1.518632e-05
1.252988e-05
4.726104e-06
1.747400e-06
-2.171488e-07
-1.151569e-05
-1.259763e-05
-2.032025e-05
-2.999586e-05
-3.648573e-05
-3.733958e-05
-4.182648e-05
-4.667979e-05
-4.850011e-05
-5.622635e-05
-6.196702e-05
-6.840734e-05
-8.888166e-05
-1.001778e-04
