# eigenvalues_Kuu_at_iter_40000
3.159024e+04
7.405917e+03
1.154145e-11
6.018244e-12
5.650494e-12
5.650091e-12
5.320742e-12
4.366192e-12
4.334486e-12
3.494211e-12
3.008553e-12
2.699385e-12
2.387736e-12
2.092029e-12
1.786260e-12
1.475890e-12
1.393000e-12
1.184553e-12
1.127546e-12
1.011191e-12
9.031703e-13
8.532910e-13
8.292149e-13
8.134483e-13
7.381244e-13
6.905605e-13
6.007240e-13
5.612976e-13
5.557498e-13
5.200129e-13
4.979789e-13
4.474633e-13
4.114207e-13
3.753034e-13
3.598151e-13
3.287068e-13
3.208049e-13
2.784498e-13
2.559472e-13
2.433687e-13
2.240706e-13
2.196405e-13
1.839006e-13
1.515650e-13
1.427748e-13
1.128862e-13
9.915770e-14
8.827537e-14
5.869597e-14
4.610069e-14
3.759557e-14
2.072170e-14
8.906756e-15
-3.219983e-14
-5.264635e-14
-6.552719e-14
-7.867962e-14
-1.001835e-13
-1.208492e-13
-1.754490e-13
-1.940186e-13
-2.154303e-13
-2.374676e-13
-2.406953e-13
-2.848181e-13
-2.932775e-13
-3.028815e-13
-3.397321e-13
-3.616450e-13
-3.904701e-13
-3.973974e-13
-4.352049e-13
-4.597839e-13
-4.883516e-13
-4.969667e-13
-5.577653e-13
-6.197715e-13
-6.313067e-13
-6.718214e-13
-7.765748e-13
-8.077902e-13
-8.687282e-13
-9.112302e-13
-9.857599e-13
-1.270292e-12
-1.420554e-12
-1.559629e-12
-1.597816e-12
-1.720364e-12
-2.291188e-12
-2.487334e-12
-3.154525e-12
-3.687928e-12
-4.343421e-12
-4.379973e-12
-4.743682e-12
-4.807737e-12
-5.516945e-12
-7.310880e-12
-1.624794e-11
