# eigenvalues_Krr_at_iter_0
1.424768e+06
9.788082e+05
4.152685e+05
3.388332e+05
1.570406e+05
7.673841e+04
3.560902e+04
2.686114e+04
1.111511e+04
6.513473e+03
2.576896e+03
8.991287e+02
3.512576e+02
2.258668e+02
6.067368e+01
4.246807e+01
7.859880e+00
4.390037e+00
1.961975e+00
4.446412e-01
1.598954e-01
8.761262e-02
4.318216e-02
3.737121e-02
3.228266e-02
3.016726e-02
2.742285e-02
2.505888e-02
2.414900e-02
2.295375e-02
2.274379e-02
1.946994e-02
1.895985e-02
1.838700e-02
1.682413e-02
1.606916e-02
1.512961e-02
1.444458e-02
1.391524e-02
1.297772e-02
1.263622e-02
1.186540e-02
1.141609e-02
1.054983e-02
9.302992e-03
9.048752e-03
8.382862e-03
7.559413e-03
7.060683e-03
6.829080e-03
6.495961e-03
6.217893e-03
5.477795e-03
4.690124e-03
4.260704e-03
3.744006e-03
3.681276e-03
3.455830e-03
3.230978e-03
2.743642e-03
2.496293e-03
2.161819e-03
1.976123e-03
1.802044e-03
1.673578e-03
1.472007e-03
8.247144e-04
4.238405e-04
3.736249e-04
1.185784e-04
-3.323097e-04
-7.194846e-04
-8.908058e-04
-1.315076e-03
-1.892051e-03
-2.100130e-03
-2.511099e-03
-3.007936e-03
-3.112770e-03
-3.823096e-03
-4.693128e-03
-5.210379e-03
-5.517423e-03
-6.092630e-03
-6.256895e-03
-7.449056e-03
-8.883006e-03
-1.003494e-02
-1.179977e-02
-1.371332e-02
-1.445002e-02
-1.537306e-02
-1.582133e-02
-1.782035e-02
-2.004556e-02
-2.129284e-02
-2.354275e-02
-2.472400e-02
-2.746407e-02
-3.445346e-02
