# eigenvalues_Krr_at_iter_40000
1.601038e+06
1.049332e+06
6.418846e+05
5.665518e+05
3.300388e+05
2.518827e+05
1.398445e+05
1.134180e+05
4.918856e+04
2.621037e+04
9.141532e+03
5.916671e+03
1.883237e+03
1.030556e+03
2.838367e+02
1.315430e+02
3.678908e+01
2.577372e+01
9.959502e+00
5.027314e+00
1.677786e+00
8.817834e-01
3.849520e-01
1.641385e-01
5.790652e-02
4.767148e-02
4.249701e-02
4.043534e-02
3.823090e-02
3.658011e-02
3.540722e-02
3.200723e-02
3.160994e-02
2.968861e-02
2.734181e-02
2.708180e-02
2.631904e-02
2.563464e-02
2.464689e-02
2.189939e-02
2.141754e-02
2.072955e-02
2.012929e-02
1.941912e-02
1.888174e-02
1.808582e-02
1.728320e-02
1.677348e-02
1.612074e-02
1.552501e-02
1.485656e-02
1.339589e-02
1.273799e-02
1.257646e-02
1.171721e-02
1.129084e-02
1.105184e-02
1.019729e-02
9.615585e-03
9.426923e-03
8.597534e-03
7.899066e-03
7.313110e-03
6.942481e-03
5.753350e-03
5.516622e-03
4.901820e-03
4.406436e-03
3.909575e-03
3.579212e-03
2.610167e-03
1.731958e-03
1.441329e-03
4.870848e-04
9.821212e-05
-4.501919e-04
-1.269172e-03
-1.731182e-03
-2.290038e-03
-2.668965e-03
-3.809317e-03
-5.536482e-03
-5.992023e-03
-6.991569e-03
-7.332030e-03
-7.901957e-03
-8.863376e-03
-9.698608e-03
-1.003214e-02
-1.109565e-02
-1.197734e-02
-1.355044e-02
-1.429219e-02
-1.517621e-02
-1.658441e-02
-1.712207e-02
-2.111211e-02
-2.340846e-02
-2.607141e-02
-2.802270e-02
