# eigenvalues_Krr_at_iter_10000
1.669644e+06
1.067206e+06
6.516802e+05
5.777852e+05
3.380332e+05
2.531130e+05
1.402752e+05
1.138245e+05
4.891910e+04
2.380669e+04
1.117258e+04
6.133282e+03
1.999094e+03
1.169491e+03
2.602084e+02
1.514841e+02
5.138822e+01
3.331665e+01
1.054301e+01
6.531330e+00
1.910105e+00
1.088188e+00
2.931662e-01
1.585490e-01
7.412235e-02
5.048429e-02
4.468454e-02
4.044012e-02
4.006055e-02
3.758304e-02
3.402071e-02
3.321720e-02
3.204632e-02
3.032039e-02
2.904463e-02
2.663130e-02
2.590278e-02
2.349627e-02
2.212114e-02
2.172775e-02
2.118619e-02
2.063191e-02
2.010972e-02
1.985037e-02
1.916399e-02
1.803876e-02
1.710346e-02
1.655738e-02
1.625541e-02
1.499158e-02
1.493799e-02
1.391624e-02
1.363161e-02
1.319161e-02
1.213362e-02
1.150969e-02
1.105610e-02
9.224090e-03
8.780006e-03
8.593692e-03
7.775928e-03
7.620567e-03
6.349152e-03
5.905177e-03
5.541159e-03
4.363189e-03
3.840688e-03
3.129730e-03
2.873821e-03
2.325732e-03
2.094725e-03
1.368479e-03
7.665180e-04
-1.231049e-04
-5.654333e-04
-9.089368e-04
-1.772993e-03
-2.338934e-03
-2.920620e-03
-3.270296e-03
-4.326849e-03
-5.682567e-03
-5.959552e-03
-6.499511e-03
-7.261492e-03
-7.989734e-03
-8.776586e-03
-9.543245e-03
-1.024815e-02
-1.141455e-02
-1.184247e-02
-1.391551e-02
-1.607202e-02
-1.727996e-02
-1.841906e-02
-1.931732e-02
-2.338143e-02
-2.537702e-02
-3.011754e-02
-3.089946e-02
