# eigenvalues_K_at_iter_10000
1.674269e+06
1.067558e+06
6.604939e+05
5.782553e+05
3.405396e+05
2.532798e+05
1.421119e+05
1.145034e+05
4.913723e+04
2.440625e+04
1.408478e+04
1.118747e+04
5.995012e+03
5.028781e+03
1.996059e+03
1.128102e+03
2.601743e+02
1.442201e+02
5.134805e+01
2.987954e+01
1.050100e+01
5.763381e+00
1.887123e+00
9.650655e-01
2.780841e-01
1.297477e-01
7.366950e-02
4.817025e-02
4.451924e-02
4.043351e-02
4.005250e-02
3.758189e-02
3.393158e-02
3.280259e-02
3.202184e-02
3.017297e-02
2.903290e-02
2.661593e-02
2.589688e-02
2.347942e-02
2.208033e-02
2.158911e-02
2.118184e-02
2.057814e-02
2.009714e-02
1.981860e-02
1.894715e-02
1.803271e-02
1.707585e-02
1.644108e-02
1.624386e-02
1.498070e-02
1.492656e-02
1.391583e-02
1.361282e-02
1.318001e-02
1.213097e-02
1.147811e-02
1.105398e-02
9.221252e-03
8.762928e-03
8.575826e-03
7.763122e-03
7.607976e-03
6.273742e-03
5.894213e-03
5.524640e-03
4.344559e-03
3.838136e-03
3.126416e-03
2.867842e-03
2.322575e-03
2.064220e-03
1.361364e-03
7.623127e-04
2.335475e-10
1.639915e-10
7.047499e-11
6.198307e-11
5.179492e-11
3.272745e-11
2.749662e-11
2.060509e-11
1.809536e-11
1.364547e-11
1.213160e-11
1.026180e-11
6.134114e-12
4.536795e-12
3.086894e-12
2.584978e-12
1.837937e-12
1.505122e-12
1.155536e-12
9.918158e-13
7.897583e-13
7.056204e-13
6.226854e-13
5.513566e-13
4.442962e-13
4.311084e-13
3.653048e-13
3.496897e-13
3.180878e-13
2.876890e-13
2.683455e-13
2.574287e-13
2.225340e-13
2.062434e-13
1.664704e-13
1.577368e-13
1.339300e-13
1.211247e-13
1.045573e-13
9.593068e-14
7.846971e-14
5.790728e-14
5.026148e-14
3.924833e-14
2.794735e-14
2.499072e-14
7.719251e-15
5.920791e-15
2.051635e-16
-3.327387e-18
-1.168108e-14
-1.821933e-14
-2.293858e-14
-3.624437e-14
-4.448757e-14
-7.877722e-14
-8.640943e-14
-1.036413e-13
-1.272830e-13
-1.437563e-13
-1.633304e-13
-1.772253e-13
-2.069671e-13
-2.393570e-13
-2.583553e-13
-2.741231e-13
-3.250698e-13
-3.559273e-13
-3.928073e-13
-4.509951e-13
-5.101270e-13
-5.359742e-13
-5.509042e-13
-6.837680e-13
-7.420700e-13
-7.571928e-13
-1.085907e-12
-1.624562e-12
-2.103594e-12
-2.215930e-12
-2.535214e-12
-4.912919e-12
-6.215169e-12
-8.407156e-12
-1.197668e-11
-1.656079e-11
-1.997697e-11
-2.232159e-11
-2.542407e-11
-2.880028e-11
-3.956876e-11
-4.164240e-11
-4.971727e-11
-6.000409e-11
-6.901518e-11
-8.575461e-11
-1.081018e-10
-1.858989e-10
-1.325786e-04
-5.743675e-04
-9.135735e-04
-1.782090e-03
-2.339167e-03
-2.962088e-03
-3.271651e-03
-4.340381e-03
-5.708461e-03
-5.991961e-03
-6.530831e-03
-7.273882e-03
-8.009675e-03
-8.779281e-03
-9.547459e-03
-1.032703e-02
-1.149176e-02
-1.185766e-02
-1.392976e-02
-1.608033e-02
-1.730672e-02
-1.842113e-02
-1.932522e-02
-2.338229e-02
-2.537832e-02
-3.011796e-02
-3.089952e-02
