# eigenvalues_Kuu_at_iter_20000
3.206395e+04
7.092789e+03
9.837622e-12
7.416214e-12
6.445473e-12
6.042574e-12
5.724424e-12
5.308715e-12
5.223475e-12
4.806492e-12
4.033176e-12
3.742230e-12
2.690794e-12
2.373313e-12
1.910490e-12
1.771665e-12
1.644551e-12
1.238082e-12
1.125603e-12
9.489817e-13
7.889343e-13
7.662688e-13
7.585111e-13
6.476364e-13
6.372518e-13
6.174384e-13
5.586425e-13
5.503250e-13
5.199522e-13
4.668821e-13
4.640822e-13
4.419601e-13
4.269393e-13
3.668358e-13
3.515017e-13
3.316473e-13
3.001233e-13
2.874632e-13
2.426370e-13
2.151516e-13
1.882271e-13
1.812211e-13
1.689353e-13
1.294777e-13
1.128660e-13
8.454073e-14
6.979774e-14
5.129617e-14
2.207743e-14
6.784918e-15
6.291050e-15
-1.179065e-14
-4.379073e-14
-6.826532e-14
-1.027602e-13
-1.190646e-13
-1.609251e-13
-1.640133e-13
-1.751834e-13
-1.904640e-13
-2.055698e-13
-2.448431e-13
-2.705750e-13
-3.039567e-13
-3.339844e-13
-3.456648e-13
-3.636905e-13
-3.832744e-13
-4.105501e-13
-4.255324e-13
-4.610646e-13
-4.929687e-13
-5.363950e-13
-5.693544e-13
-5.865675e-13
-6.429534e-13
-7.213851e-13
-8.139562e-13
-8.670318e-13
-8.957007e-13
-9.749721e-13
-1.169153e-12
-1.348023e-12
-1.362645e-12
-1.425763e-12
-1.502667e-12
-1.855800e-12
-2.134667e-12
-2.790711e-12
-2.954964e-12
-3.167578e-12
-3.674830e-12
-4.273683e-12
-4.757460e-12
-5.296409e-12
-6.209199e-12
-6.754470e-12
-6.841027e-12
-7.264132e-12
-1.797655e-11
